jake:1.6931471805599454
rambler.eng.sun.com:1.0
jason:1.0
cockroft:1.0
subject:1.0
give:1.6931471805599454
blood:1.6931471805599454
tee:1.0
shirts:1.6931471805599454
believe:1.0
bob:1.0
probert:1.0
line:1.0
clothes:1.0
whole:1.0
shirt:1.0
says:1.0
fight:1.0
probie:1.0
cool:1.0
sound:1.0
like:1.0
cult:1.0
classic:1.0
someone:1.0
post:1.0
address:1.0
phone:1.0
store:1.0
sells:1.0
thanks:1.0
