ching:1.6931471805599454
coyote.wpi.edu:1.0
jay:1.0
heminger:1.0
subject:1.0
ncaa:1.0
finals:1.0
winner:1.0
maine:1.0
beat:1.0
lssu:1.0
5-4:1.0
logistician:1.0
reigns:1.0
supreme:1.0
go:2.6094379124341005
blue:1.0
tigers:1.0
pistons:1.0
lions:1.0
red:1.0
wings:1.0
wpi.wpi.edu:1.0
