u16028:1.6931471805599454
uicvm.uic.edu:1.6931471805599454
subject:1.0
coloured:1.0
puck:2.386294361119891
changes:1.0
noted:1.0
yet:1.0
article:1.0
1993apr5.171006.22196:1.0
bnr.ca:1.0
dwarf:1.0
bcarh601.bnr.ca:1.0
w:1.0
jim:1.0
jordan:1.0
says:1.0
precedent:1.0
set:1.0
wha:1.6931471805599454
first:1.0
season:2.09861228866811
used:1.6931471805599454
red:1.0
exhibition:1.0
games:1.0
blue:2.09861228866811
one:1.6931471805599454
regular:1.0
thankfully:1.0
abandoned:1.6931471805599454
favour:1.0
black:1.0
next:1.0
began:1.0
reason:1.0
fact:1.0
crumbled:1.0
quickly:1.0
play:1.0
dye:1.0
somehow:1.0
affected:1.0
vulcanized:1.0
rubber:1.0
decreasing:1.0
cohesiveness:1.0
terry:1.0
