subject:1.0
nhl:1.0
summary:1.0
parse:1.0
results:1.0
games:1.0
played:1.0
sun:1.0
april:1.0
4:3.995732273553991
1993:1.0
c5ff:1.0
jupiter.sun.csd.unb.ca:1.0
cook:1.0
charlie:1.0
ny:2.791759469228055
rangers:2.791759469228055
3:4.178053830347945
1:5.90527477843843
0:5.382026634673881
washington:1.6931471805599454
first:2.9459101490553135
period:4.044522437723423
graves:1.6931471805599454
33:1.6931471805599454
turcotte:1.6931471805599454
lowe:1.6931471805599454
9:13:1.0
2:4.850147601710058
gartner:1.6931471805599454
44:2.09861228866811
messier:2.09861228866811
11:21:1.0
olczyk:1.6931471805599454
21:2.386294361119891
amonte:1.6931471805599454
14:57:1.0
second:2.9459101490553135
beukeboom:1.6931471805599454
unassisted:1.6931471805599454
3:30:1.0
third:2.9459101490553135
scoring:3.0794415416798357
power:3.6390573296152584
play:3.6390573296152584
4-0:1.0
scorer:3.302585092994046
g:3.302585092994046
pts:3.302585092994046
3-0:1.0
boston:2.6094379124341005
buffalo:1.6931471805599454
leach:1.6931471805599454
24:1.6931471805599454
wesley:1.6931471805599454
oates:2.09861228866811
pp:3.772588722239781
1:03:1.0
douris:2.09861228866811
poulin:1.6931471805599454
9:00:1.0
bourque:1.6931471805599454
sh:2.386294361119891
0:55:1.0
5-1:2.09861228866811
special:1.6931471805599454
goals:1.6931471805599454
total:1.6931471805599454
6-0:1.6931471805599454
pittsburgh:2.9459101490553135
5:3.1972245773362196
new:2.386294361119891
jersey:2.386294361119891
francis:2.6094379124341005
23:1.6931471805599454
lemieux:2.791759469228055
tocchet:2.386294361119891
13:25:1.0
murphy:2.6094379124341005
mullen:1.6931471805599454
0:38:1.0
7:14:1.0
jagr:2.09861228866811
15:22:1.0
zelepukin:1.6931471805599454
17:1.6931471805599454
driver:1.6931471805599454
19:07:1.0
6:2.386294361119891
maclean:1.6931471805599454
nicholls:1.6931471805599454
stevens:1.6931471805599454
6:45:1.0
7:2.386294361119891
62:1.0
en:1.6931471805599454
19:51:1.0
9-3:1.0
9-1:1.0
toronto:1.6931471805599454
philadelphia:2.791759469228055
dineen:2.09861228866811
31:1.0
beranek:1.6931471805599454
hawgood:2.09861228866811
8:10:1.0
mcgill:1.6931471805599454
lindros:2.09861228866811
recchi:2.09861228866811
19:55:1.0
38:1.0
galley:2.09861228866811
7:55:1.0
32:1.0
18:39:1.0
4-1:1.6931471805599454
vancouver:2.6094379124341005
ottawa:1.6931471805599454
plavsic:2.09861228866811
craven:1.6931471805599454
13:05:1.0
momesso:1.6931471805599454
nedved:1.6931471805599454
15:52:1.0
bure:1.6931471805599454
57:1.0
13:27:1.0
5-0:1.0
st:2.791759469228055
louis:2.791759469228055
chicago:2.9459101490553135
sutter:2.09861228866811
18:1.0
chelios:2.6094379124341005
1:08:1.0
janney:2.6094379124341005
20:1.0
shanahan:2.386294361119891
j.brown:1.0
6:49:1.0
roenick:2.09861228866811
smith:1.6931471805599454
8:20:1.0
45:1.0
13:14:1.0
graham:1.6931471805599454
19:1.6931471805599454
gilbert:1.6931471805599454
ruuttu:1.6931471805599454
13:42:1.0
crossman:1.6931471805599454
19:38:1.0
belfour:1.6931471805599454
0:20:1.0
8:1.0
miller:2.09861228866811
hull:1.6931471805599454
7:04:1.0
9:1.6931471805599454
22:1.0
19:32:1.0
8-3:1.0
4-2:1.0
brown:1.0
j:1.0
calgary:2.791759469228055
san:2.6094379124341005
jose:2.6094379124341005
otto:2.09861228866811
yawney:1.6931471805599454
ashton:2.09861228866811
5:29:1.0
odgers:2.386294361119891
10:1.0
pederson:2.09861228866811
wilkinson:1.6931471805599454
18:33:1.0
nieuwendyk:1.6931471805599454
34:1.0
johansson:1.6931471805599454
reese:1.6931471805599454
2:03:1.0
reichel:1.6931471805599454
35:1.0
skrudland:1.6931471805599454
berube:1.6931471805599454
12:22:1.0
fleury:1.6931471805599454
1:30:1.0
evason:2.09861228866811
2:24:1.0
11:1.0
gaudreau:1.6931471805599454
19:30:1.0
