dscy:1.0
eng.cam.ac.uk:1.0
d.s.c:1.0
yap:1.0
subject:1.0
years:1.0
biggest:2.09861228866811
worst:1.0
opinion:1.0
smale:1.6931471805599454
healthy.uwaterloo.ca:1.0
bryan:1.0
writes:1.0
team:1.6931471805599454
mvp:1.0
surprise:1.0
disappointment:1.0
washington:1.0
capitals:1.0
hatcher:1.0
bondra/cote:1.0
elynuik:1.0
winnipeg:1.0
jets:1.0
selanne:1.6931471805599454
druce:1.0
werent:1.0
two:1.0
traded:1.0
poetic:1.0
justice:1.0
