umturne4:1.6931471805599454
ccu.umanitoba.ca:1.6931471805599454
daryl:1.6931471805599454
turner:1.6931471805599454
subject:1.0
years:1.0
biggest:2.09861228866811
worst:1.0
opinion:1.0
article:1.0
1993apr5.212018.25066:1.0
eng.cam.ac.uk:1.6931471805599454
dscy:1.0
d.s.c:1.0
yap:1.0
writes:1.6931471805599454
smale:1.6931471805599454
healthy.uwaterloo.ca:1.0
bryan:1.0
team:1.6931471805599454
mvp:1.0
surprise:1.0
disappointment:1.0
washington:1.6931471805599454
capitals:1.0
hatcher:1.0
bondra/cote:1.0
elynuik:1.0
winnipeg:1.6931471805599454
jets:2.386294361119891
selanne:1.6931471805599454
druce:1.6931471805599454
werent:1.0
two:1.0
traded:1.0
poetic:1.0
justice:1.0
even:1.0
might:1.0
consider:1.0
patty:1.0
bust:1.6931471805599454
id:1.0
rework:1.0
trade:1.0
minute:1.0
complete:1.0
utter:1.0
5:1.0
goals:1.0
r.s.h:1.0
contact:1.0
internet:1.0
fidonet:1.0
1:348/701:1.0
1:348/4:1.0
please:1.0
route:1.0
348/700:1.0
tkachuk:1.0
zhamnov:1.0
sel:1.6931471805599454
nne:1.6931471805599454
shoots:1.0
scores:1.0
win:1.6931471805599454
cup:1.6931471805599454
essensa:1.0
vezina:1.0
housley:1.0
norris:1.0
calder:1.0
