seth:1.0
cbnewsh.cb.att.com:1.0
peter.r.clark..jr:1.0
subject:1.0
adams:1.6931471805599454
division:1.6931471805599454
race:1.6931471805599454
article:1.0
1993apr2.175052.22810:1.0
thunder.mcrcim.mcgill.edu:1.0
breton:2.09861228866811
mcrcim.mcgill.edu:1.0
pierre:2.09861228866811
writes:1.0
certainly:1.0
interesting:1.0
year:1.0
important:1.0
data:1.0
keep:1.0
mind:1.0
eventuality:1.0
tie:1.6931471805599454
given:1.0
standing:1.0
position:1.0
head:1.6931471805599454
games:2.09861228866811
quebec:2.386294361119891
wins:1.0
montreal:2.09861228866811
4-3-0:1.0
boston:2.386294361119891
leads:1.0
3-1-1:1.0
two:1.0
remaining:2.09861228866811
tied:1.0
4-4-0:1.0
one:1.6931471805599454
game:1.6931471805599454
aka:1.0
fluide:1.0
glacial:1.0
purposes:1.0
breaker:1.0
count:1.0
first:1.0
three:1.0
city:1.0
therefore:1.0
possibly:1.0
ahead:1.0
4-3:1.0
theres:1.0
probably:1.6931471805599454
counts:1.0
means:1.0
already:1.0
pete:1.0
clark:1.0
rsh:1.0
flyers:1.0
contact:1.0
