drbombay:1.6931471805599454
netlink.cts.com:1.6931471805599454
walter:1.6931471805599454
ladwig:1.6931471805599454
subject:1.0
doubters:1.0
hmm:1.0
blackhawks:1.0
shall:1.0
triumph:1.0
weather:1.0
cuckoo:1.0
likes:1.0
net:1.0
link:1.0
armored:1.0
division:1.0
submissive:1.0
vernacular:1.0
world:1.0
gambling:1.0
birdhouse:1.0
velocity:1.0
cut-ups:1.0
