shadow:1.6931471805599454
r-node.hub.org:1.0
jay:1.0
chu:1.0
subject:1.0
lindros:1.6931471805599454
traded:1.0
true:1.0
rumor:1.0
fact:1.0
big:1.0
three:1.0
way:1.0
deal:1.0
eric:1.0
going:1.0
ottawa:1.0
senators:2.09861228866811
get:1.0
15mill:1.0
montreal:1.6931471805599454
gets:1.6931471805599454
alexander:1.0
daigle:1.0
first:1.0
round:1.0
pick:1.6931471805599454
philly:1.0
damphousse:1.0
bellow:1.0
patrick:1.0
roy:1.0
draft:1.0
r-node.gts.org:1.0
see:2.09861228866811
real:1.0
cant:1.6931471805599454
transparent:1.0
erased:1.0
