maynard:2.386294361119891
ramsey.cs.laurentian.ca:1.6931471805599454
roger:1.6931471805599454
subject:1.0
many:1.0
europeans:1.0
nhl:1.0
rauser.734062608:1.0
sfu.ca:1.0
rauser:2.09861228866811
fraser.sfu.ca:1.0
richard:1.6931471805599454
racist:1.6931471805599454
writes:1.0
kinds:1.0
unacceptably:1.0
drivel:1.0
deleted:1.0
find:1.0
man:1.6931471805599454
absolutely:1.0
nothing:1.0
say:1.0
j:1.0
dishonourable:1.0
little:1.0
caustically:1.0
necessary:1.0
rm:1.0
