c5ff:1.0
jupiter.sun.csd.unb.ca:1.0
cook:1.0
charlie:1.0
subject:1.0
nhl:1.0
summary:1.0
parse:1.0
results:1.0
games:1.0
played:1.0
mon:1.0
april:1.0
5:2.6094379124341005
1993:1.0
hartford:2.9459101490553135
1:4.49650756146648
3:1.6931471805599454
ny:2.791759469228055
rangers:2.791759469228055
2:3.5649493574615367
4:2.09861228866811
first:1.0
period:2.09861228866811
cunneyworth:1.6931471805599454
janssens:1.6931471805599454
greig:1.6931471805599454
12:21:1.0
graves:2.09861228866811
34:1.0
turcotte:2.09861228866811
zubov:1.6931471805599454
18:39:1.0
second:1.0
kovalev:1.6931471805599454
19:1.0
2:12:1.0
sanderson:2.09861228866811
44:1.0
cassels:2.09861228866811
pp:2.09861228866811
4:54:1.0
amonte:2.09861228866811
30:1.0
andersson:2.09861228866811
vanbiesbrouck:1.6931471805599454
19:13:1.0
third:1.0
6:1.6931471805599454
m.messier:1.0
25:1.0
2:26:1.0
7:1.0
45:1.0
sh:1.6931471805599454
5:23:1.0
8:1.0
nylander:1.6931471805599454
ladouceur:1.6931471805599454
8:35:1.0
9:1.0
verbeek:1.6931471805599454
36:1.0
zalapski:1.6931471805599454
17:43:1.0
power:1.6931471805599454
play:1.6931471805599454
4-1:1.6931471805599454
special:1.0
goals:1.0
total:1.0
scorer:1.6931471805599454
g:1.6931471805599454
pts:1.6931471805599454
0:3.70805020110221
messier:1.0
