golchowy:1.0
alchemy.chem.utoronto.ca:1.0
gerald:1.6931471805599454
olchowy:1.0
subject:1.0
lindros:1.6931471805599454
traded:1.0
article:1.0
1993apr5.163209.576:1.0
r-node.hub.org:1.6931471805599454
shadow:1.0
jay:1.0
chu:1.0
writes:1.0
true:1.0
rumor:1.0
fact:1.0
big:1.0
three:1.0
way:1.0
deal:1.0
eric:1.0
going:1.0
ottawa:1.0
senators:2.09861228866811
get:1.0
15mill:1.0
montreal:1.6931471805599454
gets:1.6931471805599454
alexander:1.0
daigle:1.0
first:1.0
round:1.0
pick:1.6931471805599454
philly:1.0
damphousse:1.0
bellow:1.0
patrick:1.0
roy:1.0
draft:1.0
another:1.0
person:1.0
incapable:1.0
rational:1.0
thought:1.0
