westerhold:1.6931471805599454
batgirl.rtp.dg.com:1.0
subject:1.0
wanted:1.0
mail:1.6931471805599454
order:1.6931471805599454
hockey:1.6931471805599454
equipment:1.6931471805599454
could:1.0
anyone:1.0
recommend:1.0
distributor:1.0
thanks:1.0
advance:1.0
wayne:1.6931471805599454
e:1.0
wester:1.0
dg-rtp.dg.com:1.0
data:1.0
general:1.0
corporation:1.0
research:1.0
triangle:1.0
park:1.0
nc:1.0
