patchman:1.6931471805599454
lion.wpi.edu:1.0
peter:1.0
bruce:1.0
harper:1.6931471805599454
subject:1.0
personal:1.0
ulf:1.6931471805599454
samuellsson:1.0
dear:1.0
would:1.0
possibly:1.0
consider:1.0
helpimontreal:1.0
canadiens:1.0
fans:1.0
everywhere:1.0
throwing:1.0
knee-check:1.0
direction:1.0
denis:1.0
savard:1.0
upcoming:1.0
game:1.0
montreal:1.0
cant:1.6931471805599454
seem:1.0
win:1.0
thanx:1.0
alot:1.0
pete:1.6931471805599454
h:1.0
baby:1.6931471805599454
dont:1.0
hesitate:1.0
cause:1.0
wait:1.0
wpi.wpi.edu:1.0
lady:1.0
get:1.0
knees:1.0
please:1.0
u_harper:1.0
jake.wpi.edu:1.0
come:1.6931471805599454
love:1.6931471805599454
skid:1.0
row:1.0
