golchowy:1.6931471805599454
alchemy.chem.utoronto.ca:2.09861228866811
gerald:2.09861228866811
olchowy:1.6931471805599454
subject:1.0
many:1.0
europeans:1.0
nhl:1.0
article:1.6931471805599454
1993apr6.155743.18798:1.0
adobe.com:1.6931471805599454
snichols:1.0
sherri:1.0
nichols:1.0
writes:1.6931471805599454
1993apr6.141557.8864:1.0
anyways:1.0
crawl:1.0
back:1.0
hole:1.0
crawled:1.0
nba:1.0
doesnt:1.6931471805599454
care:1.0
get:1.6931471805599454
basketball:1.0
players:2.6094379124341005
major:2.09861228866811
league:2.09861228866811
baseball:2.09861228866811
give:1.0
damn:1.0
except:1.0
cuba:1.6931471805599454
mlb:1.0
perfectly:1.0
willing:1.0
take:1.0
defect:1.6931471805599454
first:1.0
sort:1.0
like:1.0
situation:1.6931471805599454
used:1.0
russian/czech/etc:1.0
hockey:1.0
political:1.0
countries:1.0
changed:1.0
told:1.6931471805599454
blue:2.09861228866811
jays:2.09861228866811
expos:2.09861228866811
sign:1.0
oscar:1.0
linares:1.0
think:1.0
name:1.0
canada:1.6931471805599454
restrictions:1.0
cubans:1.6931471805599454
us:1.0
teams:1.6931471805599454
canadian:1.0
would:2.09861228866811
unhappy:1.0
play:1.6931471805599454
could:1.0
81:1.0
home:1.0
games:1.0
without:1.0
trouble:1.0
