subject:1.0
jets:1.0
fans:1.0
hrivnak:2.6094379124341005
tabaracci:1.0
gtd597a:1.6931471805599454
prism.gatech.edu:1.6931471805599454
article:1.0
1993apr6.172313.29469:1.0
wam.umd.edu:1.0
giant:1.0
next14pg2.wam.umd.edu:1.0
thundarr:1.0
writes:1.0
seeing:1.0
tabarraci:1.0
play:1.0
would:1.0
prefer:1.0
tyler:1.0
larter:1.0
ever:1.0
happened:1.0
know:1.0
answer:1.0
choice:1.0
obvious:1.0
go:2.386294361119891
skins:1.0
next:1.0
question:1.0
emotional:1.0
music:1.0
quite:1.0
braves:1.0
effect:1.0
mike:1.6931471805599454
patton:1.0
faith:1.0
hornets:1.0
capitals:1.0
friedman:1.0
fan:1.0
internet:1.0
