snichols:1.6931471805599454
adobe.com:1.6931471805599454
sherri:1.6931471805599454
nichols:1.6931471805599454
subject:1.0
many:1.0
europeans:1.0
nhl:1.0
article:1.0
1993apr6.141557.8864:1.0
alchemy.chem.utoronto.ca:1.6931471805599454
golchowy:1.0
gerald:1.0
olchowy:1.0
writes:1.0
anyways:1.0
crawl:1.0
back:1.0
hole:1.0
crawled:1.0
nba:1.0
doesnt:1.6931471805599454
care:1.0
get:1.6931471805599454
basketball:1.0
players:2.386294361119891
major:1.0
league:1.0
baseball:1.6931471805599454
give:1.0
damn:1.0
except:1.0
cuba:1.6931471805599454
mlb:1.0
perfectly:1.0
willing:1.0
take:1.0
defect:1.0
first:1.0
sort:1.0
like:1.0
situation:1.6931471805599454
used:1.0
russian/czech/etc:1.0
hockey:1.0
political:1.0
countries:1.0
changed:1.0
