raj:1.0
ramnarace:1.0
acps6992:1.0
ryevm.ryerson.ca:1.0
subject:1.0
maple:1.0
leafs:1.0
update:1.0
leaf:1.0
fans:1.0
concerned:1.0
following:1.0
players:1.6931471805599454
slated:1.0
return:1.6931471805599454
thursdays:1.0
winnipeg-toronto:1.0
game:1.6931471805599454
peter:1.0
zezel:1.0
john:1.0
cullen:1.0
mark:1.0
osborne:1.0
dave:1.0
ellett:1.0
questionable:1.0
thursday:1.0
regular:1.0
injured:1.0
including:1.0
dimitri:1.0
mironov:1.0
back:1.0
saturdays:1.0
home:1.0
flyers:1.0
