j056600:1.0
lmsc5.is.lmsc.lockheed.com:1.0
subject:1.0
faq:2.386294361119891
crash:1.6931471805599454
newsreader:1.6931471805599454
r.s.h:1.0
sheet:1.0
never:1.0
fails:1.0
way:1.0
avoid:1.6931471805599454
crashing:1.0
restarting:1.0
machine:1.0
look:1.0
headers:1.0
reading:1.6931471805599454
anyone:1.0
else:1.0
problems:1.0
tim:1.0
irvin:1.0
season:1.0
near:1.0
merciful:1.0
end:1.0
