gtd597a:1.6931471805599454
prism.gatech.edu:1.6931471805599454
hrivnak:1.6931471805599454
subject:1.0
miamis:1.0
name:1.6931471805599454
article:1.0
1993apr6.160042.4953:1.0
vax.cns.muskingum.edu:1.6931471805599454
da_tinker1:1.0
writes:1.0
new:1.0
miami:1.0
franchise:1.0
team:1.0
announce:1.0
curious:1.0
south:1.0
florida:1.0
colons:1.0
go:2.386294361119891
skins:1.0
next:1.0
question:1.0
emotional:1.0
music:1.0
quite:1.0
braves:1.0
effect:1.0
mike:1.6931471805599454
patton:1.0
faith:1.0
hornets:1.0
capitals:1.0
friedman:1.0
fan:1.0
internet:1.0
