pbarone:1.6931471805599454
x102a.ess.harris.com:1.6931471805599454
barone:1.6931471805599454
philip:1.0
00309:1.0
subject:1.0
usenet:1.6931471805599454
playoff:1.6931471805599454
pool:1.6931471805599454
saw:1.0
previous:1.0
request:1.0
rules:1.0
instructions:1.0
havent:1.0
seen:1.0
responce:1.0
anybody:1.0
info:1.0
post:1.0
away:1.0
could:1.0
mail:1.0
thanks:1.0
advance:1.0
phil:1.0
internet:1.0
harris:1.0
corporation:1.0
gisd:1.0
cape:1.0
canaveral:1.0
a.f.s:1.0
407-853-8169:1.0
