gld:2.386294361119891
cunixb.cc.columbia.edu:1.0
gary:1.6931471805599454
l:1.6931471805599454
dare:1.6931471805599454
subject:1.0
many:1.0
europeans:1.0
nhl:1.0
youre:1.0
right:1.0
im:1.0
sick:1.0
seeing:1.0
white:1.0
guys:1.0
skates:1.0
vancouver:1.0
canucks:1.0
half:1.0
women:1.0
overall:1.0
one-third:1.0
oriental:1.0
x0c:1.0
ill:1.0
gladly:1.0
volunteer:1.0
overage:1.0
draft:1.0
je:1.0
souviens:1.0
columbia.edu:1.0
go:1.6931471805599454
winnipeg:1.0
jets:1.0
cunixc.bitnetselanne:1.0
domi:1.0
stanley:1.0
