mlindroos:1.0
finabo.abo.fi:1.0
marcus:1.0
lindroos:1.0
inf:1.0
subject:1.0
sweden-finland:1.0
april:1.6931471805599454
14:2.09861228866811
1993apr15.063253.17375:1.0
ericsson.se:1.0
etxonss:1.6931471805599454
ufsa.ericsson.se:1.6931471805599454
writes:1.0
played:1.0
stockholm:2.09861228866811
globe:1.0
arena:1.0
1993:1.0
sweden:2.09861228866811
finland:1.6931471805599454
4-3:2.09861228866811
2-0,0-2,2-1:1.0
1st:1.0
swe:2.386294361119891
1-0:1.0
jan:1.0
larsson:1.0
stefan:1.6931471805599454
nilsson:1.6931471805599454
patrik:1.6931471805599454
juhlin:1.6931471805599454
3:15:1.0
2-0:1.0
peter:1.0
popovic:1.0
mikael:1.6931471805599454
renberg:1.6931471805599454
thomas:1.0
rundqvist:1.0
16:20:1.0
2nd:1.0
fin:2.09861228866811
2-1:1.0
mika:1.6931471805599454
nieminen:1.0
ville:1.0
siren:1.0
mikko:1.0
haapakoski:1.0
0:40:1.0
2-2:1.0
timo:1.0
saarikoski:1.0
vesa:1.0
viitakoski:1.0
harri:1.0
laurila:1.0
17:48:1.0
sh:1.0
3rd:1.0
3-2:1.0
fredrik:1.0
stillman:1.0
7:35:1.0
pp:1.0
4-2:1.0
8:40:1.0
saku:1.0
koivu:1.0
alatalo:1.0
13:17:1.0
shots:1.0
goal:1.0
penalties:1.0
attendance:1.0
referee:1.0
12:1.6931471805599454
15:1.0
41:1.0
4*2min:1.0
12,470:1.0
borje:1.0
johansson:1.0
9:1.6931471805599454
30:1.0
9*2min:1.0
well:1.0
things:1.0
different:1.0
way:1.0
headline:1.0
would:1.6931471805599454
nhl:1.0
european:1.0
division:1.0
regular:1.6931471805599454
season:1.6931471805599454
game:1.0
storm:1.0
vs:1.0
helsinki:1.6931471805599454
tornado:1.0
two:1.0
games:1.6931471805599454
every:1.0
north:1.0
american-based:1.0
team:1.0
46:1.0
might:1.0
ninth:1.0
final:1.0
encounter:1.0
remaining:1.0
27:1.0
involve:1.0
paris:1.0
dortmund:1.0
milan:1.0
nice:1.0
dream:1.0
marcu:1.0
staffan:1.0
axelsson:1.0
r.s.h:1.0
contact:1.0
swedish:1.0
hockey:1.0
