c5ff:1.0
jupiter.sun.csd.unb.ca:1.0
cook:1.0
charlie:1.0
subject:1.0
nhl:1.0
summary:1.0
parse:1.0
results:1.0
games:1.0
played:1.0
wed:1.0
april:1.0
14:1.6931471805599454
1993:1.0
boston:2.791759469228055
2:4.713572066704308
0:5.060443010546419
4:3.0794415416798357
ottawa:2.386294361119891
1:5.59511985013459
first:2.386294361119891
period:3.4849066497880004
roberts:1.6931471805599454
5:3.1972245773362196
juneau:2.386294361119891
7:19:1.0
wiemer:1.6931471805599454
oates:1.6931471805599454
17:47:1.0
second:2.386294361119891
3:3.4849066497880004
neely:1.6931471805599454
11:1.6931471805599454
murphy:2.386294361119891
6:10:1.0
hughes:1.6931471805599454
richer:2.386294361119891
kimble:1.6931471805599454
7:55:1.0
archibald:1.6931471805599454
9:2.386294361119891
rumble:1.6931471805599454
lamb:1.6931471805599454
11:37:1.0
third:2.386294361119891
6:2.9459101490553135
boschman:1.6931471805599454
kudelski:1.6931471805599454
5:10:1.0
power:3.0794415416798357
play:3.0794415416798357
2-0:1.6931471805599454
scorer:2.9459101490553135
g:2.9459101490553135
pts:2.9459101490553135
4-0:1.0
washington:2.386294361119891
ny:3.0794415416798357
rangers:1.6931471805599454
scoring:2.386294361119891
bondra:2.09861228866811
36:1.6931471805599454
pivonka:2.09861228866811
cavallini:1.6931471805599454
6:54:1.0
37:1.6931471805599454
cote:1.6931471805599454
10:10:1.0
1-0:1.0
islanders:2.791759469228055
hartford:2.9459101490553135
ferraro:2.09861228866811
13:1.0
malakhov:2.09861228866811
king:2.09861228866811
1:29:1.0
hogue:2.09861228866811
32:1.0
thomas:2.09861228866811
turgeon:1.6931471805599454
1:57:1.0
yake:2.09861228866811
21:1.0
poulin:2.386294361119891
4:15:1.0
22:1.6931471805599454
nylander:1.6931471805599454
16:44:1.0
verbeek:1.6931471805599454
39:1.0
cassels:2.09861228866811
weinrich:1.6931471805599454
pp:2.09861228866811
2:43:1.0
35:1.0
7:58:1.0
7:1.6931471805599454
burt:1.6931471805599454
sanderson:1.6931471805599454
13:41:1.0
8:1.6931471805599454
17:45:1.0
overtime:1.6931471805599454
janssens:1.6931471805599454
12:2.09861228866811
1:08:1.0
3-1:1.0
3-0:1.6931471805599454
pittsburgh:3.0794415416798357
new:3.0794415416798357
jersey:3.0794415416798357
daniels:1.6931471805599454
needham:1.6931471805599454
tippett:1.6931471805599454
4:14:1.0
lemieux:3.0794415416798357
29:1.0
semak:2.386294361119891
driver:2.09861228866811
10:19:1.0
stevens:2.6094379124341005
55:1.0
tocchet:2.09861228866811
12:40:1.6931471805599454
zelepukin:2.386294361119891
niedermayer:1.6931471805599454
17:26:1.0
68:1.0
1:42:1.0
2:27:1.0
mceachern:1.6931471805599454
28:1.0
jagr:2.09861228866811
barrasso:1.6931471805599454
4:24:1.0
guerin:1.6931471805599454
pellerin:1.6931471805599454
5:45:1.0
69:1.0
unassisted:1.0
sh:1.6931471805599454
10:1.0
nicholls:1.6931471805599454
15:53:1.0
30:1.0
17:40:1.0
mullen:1.6931471805599454
33:1.0
18:54:1.0
5-1:1.0
special:1.0
goals:1.0
total:1.0
