lli:1.0
cs.cmu.edu:1.0
lori:1.6931471805599454
iannamico:1.0
subject:1.0
giveaways:1.0
article:1.0
1993apr14.173826.29856:1.0
philabs.philips.com:1.6931471805599454
jpc:1.0
john:1.0
p:1.0
curcio:1.0
writes:1.0
thats:1.0
probably:1.0
couldnt:1.0
find:1.0
anyone:1.0
sponser:1.6931471805599454
maybe:1.6931471805599454
uss:1.0
could:1.0
pittsburgh:1.6931471805599454
penguins/us:1.0
steel:2.09861228866811
rod:1.0
night:2.09861228866811
close:1.0
enough:1.0
60s:1.0
dead:1.0
industry:1.0
pgh:1.6931471805599454
giveaway:1.0
90s:1.0
would:1.0
baboon:1.0
liver:1.0
sponored:1.0
zoo:1.0
