gtd597a:2.09861228866811
prism.gatech.edu:2.09861228866811
hrivnak:1.6931471805599454
subject:1.0
goalie:1.6931471805599454
masks:1.6931471805599454
im:1.0
starting:1.0
informal:1.0
poll:1.0
id:1.0
like:1.6931471805599454
know:1.0
whos:1.0
mask:1.0
think:1.0
looks:1.0
best:1.6931471805599454
ive:1.0
always:1.0
curtis:1.0
josephs:1.0
blues:1.0
anyway:1.0
send:1.0
nominations:1.0
post:1.0
vote:1.0
r.s.h:1.0
e-mail:1.0
adress:1.0
thanks:1.0
time:1.0
go:2.386294361119891
skins:1.0
next:1.0
question:1.0
emotional:1.0
music:1.0
quite:1.0
braves:1.0
effect:1.0
mike:1.6931471805599454
patton:1.0
faith:1.0
hornets:1.0
capitals:1.0
friedman:1.0
fan:1.0
internet:1.0
