s4lawren:1.6931471805599454
sms.business.uwo.ca:1.6931471805599454
stephen:1.6931471805599454
lawrence:1.6931471805599454
subject:1.0
playoff:1.6931471805599454
predictions:1.6931471805599454
smithw:1.0
col.hp.com:1.0
walter:1.6931471805599454
smith:1.0
writes:1.0
ok:1.0
ill:1.0
join:1.0
fun:1.0
give:1.0
1st:1.0
round:2.09861228866811
pitt:3.0794415416798357
vs:3.70805020110221
nyi:1.0
4:2.09861228866811
wash:2.09861228866811
njd:1.0
6:2.6094379124341005
bos:2.6094379124341005
buf:1.0
5:2.9459101490553135
que:1.0
mon:2.09861228866811
7:2.09861228866811
chi:3.0794415416798357
stl:1.0
det:2.09861228866811
tor:1.0
van:1.0
win:2.09861228866811
cal:2.9459101490553135
la:1.0
2nd:1.0
3rd:1.0
finals:1.0
bad:1.0
got:1.0
2:1.0
wrong:1.0
pit:1.0
take:1.0
sc:1.0
western:1.0
business:1.0
school:1.0
london:1.0
ontario:1.0
