gjp:2.386294361119891
sei.cmu.edu:2.386294361119891
george:2.386294361119891
pandelios:1.6931471805599454
subject:1.0
patrick:1.0
playoffs:1.6931471805599454
look:1.0
like:1.0
article:1.6931471805599454
bson.93apr14154548:1.0
hal.gnu.ai.mit.edu:1.0
bson:1.6931471805599454
gnu.ai.mit.edu:1.6931471805599454
jan:1.6931471805599454
brittenson:1.6931471805599454
writes:1.6931471805599454
1993apr13.132133.16224:1.0
pens:3.772588722239781
wont:1.0
playing:1.6931471805599454
montreal:1.6931471805599454
boston:3.3978952727983707
win:2.6094379124341005
adams:2.09861228866811
divisional:1.0
play:1.6931471805599454
buffalo:1.6931471805599454
quebec:1.6931471805599454
make:1.6931471805599454
decent:1.0
showings:1.0
sheer:1.0
determination:1.0
game:2.6094379124341005
heart:1.0
many:1.6931471805599454
big:2.09861228866811
guns:1.6931471805599454
ways:1.0
indeed:1.6931471805599454
nothing:1.0
certain:1.6931471805599454
gets:1.0
think:2.09861228866811
youll:1.0
find:1.0
different:1.6931471805599454
team:2.6094379124341005
year:2.09861228866811
use:1.0
every:1.0
trick:1.0
book:1.0
shut:1.6931471805599454
offense:1.6931471805599454
something:1.0
didnt:1.0
even:1.6931471805599454
try:1.0
last:1.6931471805599454
weak:1.6931471805599454
spot:1.6931471805599454
defense:2.6094379124341005
goaltending:2.09861228866811
first:2.09861228866811
enjoyed:1.0
reading:1.0
post:1.0
second:1.6931471805599454
disagree:1.0
couple:1.0
reasons:1.0
barrasso:1.0
spectacular:1.0
slow:1.0
start:1.0
consistently:1.0
sharp:1.0
gaa:1.0
3.0:1.0
leads:1.0
league:1.0
wins:1.0
tommy:1.0
deserves:1.0
vezina:1.0
given:1.0
lack:1.0
respect:1.0
commands:1.0
though:1.0
doubt:1.0
reason:1.0
concerns:1.0
hovering:1.0
around:1.0
3rd:1.0
4th:1.0
fewest:1.0
goals:1.0
allowed:1.0
improvement:1.0
indicates:1.0
better:1.6931471805599454
get:2.09861228866811
early:1.0
goal:1.6931471805599454
real:1.6931471805599454
score:1.0
practically:1.0
dont:1.0
discipline:1.6931471805599454
stick:1.0
theyre:1.0
held:1.0
scoreless:1.0
5:1.6931471805599454
minutes:1.0
doesnt:2.09861228866811
still:1.6931471805599454
put:1.0
puck:1.0
net:1.6931471805599454
remember:1.0
run-and-gun:1.6931471805599454
patrick-style:1.0
although:1.0
played:1.0
hockey:1.0
part:1.0
regular:1.0
season:1.0
neely:1.0
backchecks:1.0
way:1.0
behind:1.0
necessary:1.0
penalty-killing:1.0
factor:1.0
believe:1.0
2:1.6931471805599454
40-something:1.0
short-handed:1.0
situations:1.0
meaning:1.0
scored:1.0
4:1.0
shg:1.0
giving:1.0
ppg:1.0
one:1.0
lackluster:1.0
ottawa:1.0
id:2.09861228866811
say:1.0
series:1.6931471805599454
go:1.6931471805599454
6:1.0
im:1.0
much:1.0
less:1.0
whether:1.6931471805599454
favor:1.0
bs:2.09861228866811
styles:1.0
going:1.0
predictable:1.0
place:1.0
bets:1.0
prediction:1.0
four:1.0
games:1.0
theyll:1.0
take:1.0
otherwise:1.0
rather:1.0
wait:1.0
see:1.6931471805599454
actually:1.0
begin:1.0
arent:1.0
exactly:1.0
planning:1.0
call:1.0
home:1.0
well:1.0
itll:1.0
fun:1.0
j:1.0
pandeliosinternet:1.0
software:1.6931471805599454
engineering:1.6931471805599454
instituteusenet:1.0
sei:1.0
4500:1.0
fifth:1.0
avenuevoice:1.0
412:1.6931471805599454
268-7186:1.0
pittsburgh:1.0
pa:1.0
15213fax:1.0
268-5758:1.0
disclaimer:1.0
opinions:1.6931471805599454
reflect:1.0
institute:1.0
sponsors:1.0
customers:1.0
clients:1.0
affiliates:1.0
carnegie:1.0
mellon:1.0
university:1.0
fact:1.0
resemblence:1.0
individual:1.0
living:1.0
dead:1.0
fictional:1.0
purely:1.0
coincidental:1.0
