gballent:1.6931471805599454
hudson.uvic.ca:1.0
greg:1.6931471805599454
ballentine:1.6931471805599454
subject:1.0
plus:1.0
minus:1.0
stat:1.0
article:1.6931471805599454
1676:1.0
mala.bc.ca:1.6931471805599454
apland:1.6931471805599454
ron:1.0
writes:1.6931471805599454
1993apr14.174139.6604:1.0
sol.uvic.ca:1.0
vancouver.uvic.ca:1.0
adjust:1.0
1:1.6931471805599454
first:1.0
calculate:1.6931471805599454
teams:2.09861228866811
goals:2.386294361119891
scored:1.6931471805599454
pp:1.6931471805599454
allowed:1.6931471805599454
penalty:1.0
killing:1.0
2:1.0
divide:2.09861228866811
number:1.6931471805599454
5:1.6931471805599454
take:1.0
account:1.0
fact:1.0
players:2.9459101490553135
ice:1.0
1/5:1.0
responsible:1.0
team:3.302585092994046
3:1.0
adjusted:1.6931471805599454
raw:1.0
adjustment:1.6931471805599454
btw:1.0
anyone:1.0
could:1.0
post:1.6931471805599454
ratings:1.0
would:1.0
greatly:1.0
appreciated:1.0
might:1.0
find:1.0
time:1.0
dont:1.6931471805599454
count:1.0
database:1.0
filter:1.0
set:1.0
player:2.6094379124341005
stats:2.09861228866811
posted:1.0
end:1.0
season:1.6931471805599454
ill:1.6931471805599454
repost:1.0
averages:1.0
need:1.6931471805599454
go:1.6931471805599454
complicated:1.0
using:1.0
average:1.6931471805599454
summing:1.0
individual:1.6931471805599454
total:1.6931471805599454
little:1.0
distorted:1.0
traded:1.0
recently:1.0
come:1.0
scores:1.0
based:1.0
original:1.6931471805599454
shouldnt:1.6931471805599454
distort:1.0
bad:1.0
though:1.6931471805599454
want:1.0
look:1.0
perspective:1.0
ahead:1.0
youll:1.0
require:1.0
question:1.0
uses:1.0
40:1.6931471805599454
merely:1.0
plays:1.6931471805599454
game:1.0
considered:1.0
equally:1.0
valuable:1.0
another:1.0
way:1.0
looking:1.0
thing:1.0
compare:1.0
deviation:2.386294361119891
mean:1.0
standard:2.09861228866811
since:1.0
different:1.0
unsure:1.0
transferable:1.0
league:1.0
used:1.0
interested:1.0
seeing:1.0
method:1.0
still:1.0
think:1.0
mine:1.0
best:1.0
reason:1.0
familiarity:1.0
gregmeister:1.0
