lli:1.6931471805599454
cs.cmu.edu:1.6931471805599454
lori:1.6931471805599454
iannamico:1.0
subject:1.0
pens:1.0
box:1.0
score:1.0
4/14:1.0
pens-6:1.0
nj:2.9459101490553135
devils-6:1.0
first:1.0
period:2.09861228866811
scoring:2.6094379124341005
1:1.0
pittsburgh:2.9459101490553135
daniels:1.0
needham:1.0
tippett:1.0
4:14:1.0
2:1.0
devils:2.791759469228055
c:1.0
lemieux:3.1972245773362196
semak:1.6931471805599454
driver:1.6931471805599454
10:19:1.0
3:1.0
stevens:2.9459101490553135
tocchet:2.09861228866811
murphy:1.6931471805599454
12:40ppg:1.0
4:1.0
zelepukin:2.6094379124341005
niedermayer:1.0
17:26:1.0
penalties:2.6094379124341005
pgh:3.3978952727983707
roughing:3.3978952727983707
1:30:1.6931471805599454
njd:3.6390573296152584
pellerin-double:1.0
minor:1.6931471805599454
cross-checking:1.0
tripping:2.09861228866811
7:21:1.0
stasny:1.0
holding:1.0
11:15:1.0
taglianetti:1.0
13:51:1.6931471805599454
jagr:2.09861228866811
15:23:1.0
second:1.0
5:1.0
1:42:1.0
6:1.0
2:27:1.0
7:1.0
mceachern:1.6931471805599454
barrasso:1.6931471805599454
4:24:1.0
8:1.0
guerin:1.0
pellerin:1.0
5:45:1.0
9:1.0
unassisted:1.0
12:40shg:1.0
10:1.0
richer:1.0
nicholls:1.0
15:53:1.0
11:1.0
17:40:1.0
3:06:1.6931471805599454
mckay:1.0
mullen:1.6931471805599454
hooking:1.0
10:42:1.0
12:06:1.6931471805599454
slashing:1.0
unsportsmanlike:1.0
conduct:1.0
12:40:1.0
u:1.0
samuelsson:1.0
cross:1.6931471805599454
checking:1.6931471805599454
20:00:2.386294361119891
barrasso-double:1.0
spearing:1.0
served:1.0
holik:1.6931471805599454
third:1.0
12:1.0
18:54:1.0
daneyko:1.6931471805599454
interference:1.0
3:37:1.0
9:18:1.6931471805599454
match:1.0
penalty-game:1.0
misconduct,9:50:1.0
12:01:1.0
18:41:1.6931471805599454
overtime:1.0
shots:2.09861228866811
goal:1.0
9-11-8-2=30:1.0
12-15-9-3=39:1.0
goalies:1.0
39:1.0
33:1.0
saves:1.6931471805599454
43-14-5:1.0
billington:1.0
30:1.0
24:1.0
ref:1.0
devorski:1.0
linesmen:1.0
gauthier:1.0
vines:1.0
contact:1.0
penguins:1.0
