cr292:1.0
cleveland.freenet.edu:1.0
jim:1.0
schenk:1.0
subject:1.0
hawks:2.386294361119891
return:1.0
finals:1.0
norris:1.6931471805599454
div:1.0
sealed:1.0
fate:1.0
bad:1.0
luck:1.0
win:1.0
sweep:1.0
blues:1.6931471805599454
dreams:1.0
lose:1.0
6:1.6931471805599454
reality:1.0
predict:1.0
game:1.0
belfour:1.0
go:1.0
knees:1.0
7000:1.0
time:1.6931471805599454
spend:1.0
rest:1.0
looking:1.0
behind:1.0
self:1.0
butcher:1.0
pound:1.0
roenick:1.0
warthawks:1.0
one:1.0
tough:1.0
enough:1.0
prevent:1.0
bye:1.6931471805599454
wart:1.0
