35002_2765:1.6931471805599454
uwovax.uwo.ca:1.6931471805599454
subject:1.0
stop:1.6931471805599454
predicting:1.0
article:1.0
1993apr16.060010.10012:1.0
ncsu.edu:1.0
cdkaupan:1.0
eos.ncsu.edu:1.0
carl:1.0
david:1.0
kaupang:1.0
writes:1.0
really:1.6931471805599454
annoying:1.0
see:1.0
predictions:1.6931471805599454
net:1.0
cares:1.0
think:1.0
win:1.6931471805599454
please:1.6931471805599454
know:1.0
caps:1.0
going:1.0
cup:1.0
let:1.0
go:1.6931471805599454
words:1.0
doktor:1.0
kultur:1.0
ottawa:1.0
citizen:1.0
remember:1.0
unhook:1.0
nitrous:1.0
oxide:1.0
leave:1.0
dentist:1.0
chair:1.0
8:1.0
jets:1.0
playoffs:1.0
beg:1.0
paul:1.0
badertscher:1.0
