cbn7g:1.0
virginia.edu:1.0
christopher:1.0
bass:1.0
nystrom:1.0
subject:1.0
espn:1.6931471805599454
tonight:1.6931471805599454
swartzjh:1.0
rosevc.rose-hulman.edu:1.0
writes:1.0
anyone:1.6931471805599454
heard:1.6931471805599454
game:2.6094379124341005
showing:1.0
said:1.0
show:1.0
whatever:1.0
means:1.0
playoff-wise:1.0
would:1.6931471805599454
assume:1.0
blues-tampa:1.0
minnesota-red:1.0
wings:1.6931471805599454
sure:1.0
jeff:1.0
swartz:1.0
going:1.0
stars:1.0
