grogers:1.0
slacvx.slac.stanford.edu:1.0
greg:1.6931471805599454
rogers:1.0
subject:1.0
hockey:1.6931471805599454
tv:1.0
bay:1.6931471805599454
area:1.0
hi:1.0
dont:1.0
get:1.0
sports:1.6931471805599454
channel:1.0
im:1.6931471805599454
desparate:1.0
playoff:1.0
action:1.0
especially:1.0
cannucks:1.0
anyone:1.0
know:1.0
bar:1.0
peninsula:1.0
showing:1.0
games:1.0
looking:1.0
something:1.0
redwood:1.0
city:1.0
mountain:1.0
view:1.0
thanks:1.0
lot:1.0
