kkeller:1.6931471805599454
mail.sas.upenn.edu:1.0
keith:1.6931471805599454
keller:1.0
subject:1.0
goalie:1.0
masks:1.0
vote:1.0
goes:1.0
john:1.0
vanbiesbrouck:1.0
mask:1.0
skyline:1.0
new:1.0
york:1.0
city:1.0
sides:1.0
bunch:1.0
bees:1.0
beezer:1.0
looks:1.0
really:1.0
sharp:1.0
kellerlets:1.0
go:1.6931471805599454
rangers:1.0
lets:1.0
quakers:1.0
mail.sas.upenn.eduivy:1.0
league:1.0
champs:1.0
want:1.0
opinion:1.0
ill:1.0
give:1.0
