sclark:1.0
epas.utoronto.ca:1.0
susan:1.6931471805599454
clark:1.0
subject:1.0
picks:1.0
first:1.6931471805599454
according:1.0
fan:1.0
t.o:1.0
ottawa:1.6931471805599454
daigle:1.0
e:1.0
sweepstakes:1.0
didnt:1.0
mention:1.0
san:1.0
jose:1.0
goals:1.0
sen-sens:1.0
hunch:1.0
would:1.0
pick:1.0
