downec:1.6931471805599454
crockett1a.its.rpi.edu:1.0
christopher:1.0
stevan:1.0
downey:1.0
subject:1.0
years:2.386294361119891
vs:1.0
next:2.09861228866811
playoffs:1.6931471805599454
lets:1.0
fill:1.0
winners:1.0
well:1.0
since:1.0
someone:1.0
probably:1.0
wanted:1.0
know:1.0
heres:1.0
playoff:1.0
matchups:2.09861228866811
left:1.0
would:1.0
year:1.0
new:1.0
alignment:1.0
playoff-matchup:1.0
rules:1.6931471805599454
16:1.0
teams:1.0
make:1.0
three:1.0
first:1.0
round:1.0
que-mtl:1.0
chi-stl:1.0
van-win:1.0
pit:2.09861228866811
chi:2.09861228866811
nj:1.6931471805599454
stl:1.6931471805599454
buf:1.6931471805599454
nyi:2.386294361119891
det:2.6094379124341005
que:2.09861228866811
tor:1.6931471805599454
bos:2.6094379124341005
mtl:1.6931471805599454
cal:2.09861228866811
van:2.386294361119891
win:1.6931471805599454
la:1.6931471805599454
thoughts:1.0
chris:1.0
rpi.edu:1.0
