james:1.0
j:1.0
murawski:1.6931471805599454
jjm:1.6931471805599454
andrew.cmu.edu:1.6931471805599454
subject:1.0
years:2.386294361119891
vs:1.0
next:2.09861228866811
playoffs:1.6931471805599454
well:1.0
since:1.0
someone:1.0
probably:1.0
wanted:1.0
know:1.0
heres:1.0
playoff:1.0
matchups:2.09861228866811
left:1.0
would:1.0
year:1.0
new:1.0
alignment:1.0
playoff-matchup:1.0
rules:1.6931471805599454
16:1.0
teams:1.0
make:1.0
three:1.0
first:1.0
round:1.0
que-mtl:1.0
chi-stl:1.0
van-win:1.0
pit:1.6931471805599454
chi:1.6931471805599454
nj:1.6931471805599454
stl:1.6931471805599454
buf:1.6931471805599454
det:1.6931471805599454
que:1.6931471805599454
tor:1.6931471805599454
nyi:1.6931471805599454
mtl:1.6931471805599454
cal:1.6931471805599454
bos:1.6931471805599454
van:1.6931471805599454
win:1.6931471805599454
la:1.6931471805599454
jim:1.0
sr:1.0
software:1.0
engineer:1.0
412:1.6931471805599454
268-2650:1.0
office:2.09861228866811
administrative:1.0
computing:1.0
268-6868:1.0
fax:1.0
information:1.0
services:1.0
carnegie:1.0
mellon:1.0
university:1.0
ucc:1.0
155:1.0
4910:1.0
forbes:1.0
avenue:1.0
pittsburgh:1.0
pa:1.0
15213-3890:1.0
le:1.6931471805599454
mieux:1.0
magnifique:1.0
soixante:1.0
six:1.0
claude:1.0
non:1.0
1374:1.0
days:1.0
clinton:1.0
clinocchio:1.0
leaves:1.0
1373:1.0
many:1.0
