apland:1.6931471805599454
mala.bc.ca:1.0
ron:1.6931471805599454
subject:1.0
plus:1.0
minus:1.0
stat:1.6931471805599454
article:1.0
1993apr16.222846.17764:1.0
alchemy.chem.utoronto.ca:1.6931471805599454
golchowy:1.0
gerald:1.0
olchowy:1.0
writes:1.0
meaningless:2.09861228866811
compare:2.09861228866811
one:2.09861228866811
players:2.09861228866811
plus/minus:1.6931471805599454
statistic:1.0
another:1.6931471805599454
context:1.0
role:1.6931471805599454
playing:1.6931471805599454
time:1.0
involved:1.0
goals:1.6931471805599454
assists:1.6931471805599454
pim:1.0
think:1.0
player:2.09861228866811
asked:1.0
take:1.0
unique:1.0
team:1.6931471805599454
contexts:1.0
never:1.0
different:1.0
teams:1.0
yet:1.6931471805599454
awards:1.0
given:1.0
promotions:1.0
received:1.0
based:1.0
part:1.6931471805599454
stats:1.6931471805599454
operative:1.0
words:1.0
must:1.0
interpreted:1.0
tempered:1.0
information:1.0
jagrs:1.6931471805599454
franciss:1.6931471805599454
ridiculous:2.09861228866811
absurd:2.09861228866811
comparing:1.6931471805599454
points:1.6931471805599454
selanne:1.0
lindros:1.0
juneau:1.0
potvin:1.0
rookies:1.0
league:1.0
looking:1.0
enjoy:1.0
game:1.0
