downec:1.6931471805599454
crockett1a.its.rpi.edu:1.0
christopher:1.0
stevan:1.0
downey:1.0
subject:1.0
predictions:1.6931471805599454
classic:2.09861228866811
playoff:1.6931471805599454
year:1.6931471805599454
article:1.0
1993apr17.152611.12934:1.0
ac.dal.ca:1.6931471805599454
06paul:1.0
writes:1.0
yet:1.6931471805599454
another:1.6931471805599454
prediction:1.0
great:2.386294361119891
playoffs:1.6931471805599454
may:1.6931471805599454
laugh:1.0
convenience:1.0
adams:1.0
division:2.386294361119891
hate:1.0
ne:1.0
name:1.0
divisoin:1.0
bos:2.09861228866811
vs:3.772588722239781
buf:1.0
5:2.09861228866811
bs:1.0
hot:1.0
lately:1.6931471805599454
mon:2.6094379124341005
que:1.6931471805599454
7:2.386294361119891
series:2.9459101490553135
watch:2.09861228866811
first:1.6931471805599454
round:1.0
bit:1.0
biased:1.0
feel:1.0
canadiens:2.09861228866811
smarten:1.0
start:1.0
playing:1.0
played:1.0
two:1.0
months:1.0
ago:1.0
i.e:1.0
bench:1.0
savard:1.6931471805599454
patrick:1.0
pit:2.09861228866811
njd:1.0
6:2.791759469228055
wont:1.0
complete:1.0
cake:1.6931471805599454
walk:1.0
lumps:1.0
batter:1.0
nyi:1.6931471805599454
exciting:1.6931471805599454
series..imo:1.0
pitt:1.0
4:1.0
washington:1.0
tired:1.0
norris:1.0
chi:2.09861228866811
stl:1.6931471805599454
get:1.6931471805599454
lucky:1.0
game:2.386294361119891
tor:2.386294361119891
det:1.0
like:1.0
intense:1.0
potvin:2.09861228866811
settling:1.0
nicely:1.0
point:1.0
smythe:1.0
van:2.6094379124341005
win:1.0
teemu:1.0
vancouver:1.6931471805599454
better:1.0
team:1.6931471805599454
cal:2.09861228866811
lak:1.0
gretzky:1.0
calgary:1.0
fire:1.0
sorry:1.0
pun:1.0
um:1.0
proven:1.0
lie:1.0
beat:1.0
wales:1.0
conference:1.6931471805599454
finals:2.09861228866811
pittsburgh:1.6931471805599454
montreal:2.6094379124341005
imho:1.0
chance:1.0
campbell:1.0
torontotoronto:1.0
mvp:1.6931471805599454
stanley:2.09861228866811
cup:2.09861228866811
toronto:1.0
maple:1.0
leafs:1.6931471805599454
final:1.0
matchup:1.0
also:1.0
dream:1.6931471805599454
come:1.6931471805599454
true:1.6931471805599454
wins:1.0
7th:1.0
1:1.0
0:1.0
double:1.0
overtime:1.0
roy:1.0
spectacular:1.0
throughout:1.0
share:1.0
possible:1.0
vincent:1.0
damphouse:1.0
nets:1.0
winner:1.0
brilliant:1.0
pass:1.0
brian:1.0
bellows:1.0
star:1.0
denis:1.0
watched:1.0
buddies:1.0
play:1.0
owners:1.0
box:1.0
nursing:1.0
splinter:1.0
thumb:1.0
left:1.0
disabled:1.0
list:1.0
since:1.0
awww:1.0
shucks:1.0
yee:1.0
haa:1.0
poof:1.0
wake:1.0
well:1.0
hope:1.0
stop:1.0
laughing:1.0
anytime:1.0
paul:1.0
die:1.6931471805599454
hard:1.6931471805599454
habs:1.0
fan:1.6931471805599454
living:1.0
3:1.0
fans:1.0
one:1.0
comment:1.0
call:1.0
dont:1.0
include:1.0
chicago-detroit:1.6931471805599454
cmon:1.0
im:1.0
boston:1.0
even:1.0
realize:1.0
games:1.6931471805599454
chris:1.0
rpi.edu:1.0
