kerney:1.6931471805599454
ecn.purdue.edu:1.0
john:1.6931471805599454
subject:1.0
flyers:1.6931471805599454
notes:1.0
4/17:1.0
could:1.0
someone:1.0
post:1.0
record:1.0
without:1.0
eric:1.6931471805599454
lindros:1.0
lineup:1.0
guy:1.0
trying:1.0
compare:1.0
quebec/flyers:1.0
trade:1.6931471805599454
dallas/minnesota:1.0
nfl:1.0
hershel:1.0
walker:1.0
need:1.0
stat:1.0
back:1.0
point:1.0
one:1.0
next:1.0
great:1.0
players:1.0
thanks:1.0
