kkeller:1.6931471805599454
mail.sas.upenn.edu:1.0
keith:1.6931471805599454
keller:1.0
subject:1.0
playoff:1.0
pool:1.0
well:1.0
looked:1.0
scoring:1.6931471805599454
plan:1.0
decided:1.6931471805599454
modify:1.0
new:1.0
finalized:1.0
pick:3.6390573296152584
1st:1.0
round:1.6931471805599454
winner:2.09861228866811
way:2.386294361119891
games:2:1.0
within:2.386294361119891
one:2.386294361119891
game:3:1.0
exact:2.386294361119891
games:4:1.6931471805599454
2nd:1.0
game:5:1.0
games:7:1.6931471805599454
conference:1.0
champ:1.0
game:10:1.0
games:13:1.6931471805599454
stanley:1.0
cup:1.0
game:17:1.0
games:20:1.0
loser:1.6931471805599454
7:2.09861228866811
series:1.0
goes:1.0
7:2:1.0
game:1.0
ot:4:1.0
final:1.0
anyone:1.0
needing:1.0
copy:1.0
entry:1.0
sheet:1.0
email:1.0
address:1.0
kellerlets:1.0
go:1.6931471805599454
rangers:1.0
lets:1.0
quakers:1.0
mail.sas.upenn.eduivy:1.0
league:1.0
champs:1.0
want:1.0
opinion:1.0
ill:1.0
give:1.0
