mmb:1.6931471805599454
lamar.colostate.edu:1.6931471805599454
michael:1.0
burger:1.6931471805599454
subject:1.0
team:1.6931471805599454
pool:1.6931471805599454
tabulations:1.0
thanks:1.0
41:1.6931471805599454
people:1.6931471805599454
entered:1.0
years:1.0
summary:1.0
picked:1.6931471805599454
1st:1.0
round:2.09861228866811
pittsburgh:2.386294361119891
new:2.386294361119891
jersey:1.6931471805599454
0:1.0
chicago:2.386294361119891
40:1.6931471805599454
st:1.0
louis:1.0
1:2.9459101490553135
boston:2.386294361119891
buffalo:1.0
vancouver:2.09861228866811
30:1.0
winnipeg:1.6931471805599454
11:1.6931471805599454
calgary:2.09861228866811
27:1.0
los:2.386294361119891
angeles:2.386294361119891
14:1.6931471805599454
detroit:2.386294361119891
26:1.6931471805599454
toronto:2.386294361119891
15:2.09861228866811
washington:2.09861228866811
24:1.0
york:1.6931471805599454
islanders:1.6931471805599454
2:2.9459101490553135
quebec:2.6094379124341005
23:1.0
montreal:1.6931471805599454
18:2.09861228866811
2nd:1.0
38:1.0
31:1.6931471805599454
6:1.0
4:1.6931471805599454
21:1.0
5:2.09861228866811
8:1.0
3rd:1.0
7:1.0
3:1.0
finals:1.0
good:1.0
luck:1.0
mike:1.0
canada:1.0
includes:1.0
ontario:1.0
maritimes:1.0
prairies:1.0
florida:1.0
beginning:1.0
computing:1.0
ta:1.0
stud:1.0
four:1.0
months:1.0
year:1.0
500:1.0
students:1.0
served:1.0
royal:1.0
canadian:1.0
air:1.0
farce:1.0
university:1.6931471805599454
michigan:1.0
1990:1.0
colorado:1.0
state:1.0
199:1.0
