nittmo:1.0
camelot.bradley.edu:1.0
christopher:1.0
taylor:1.0
subject:1.0
anyone:1.6931471805599454
official:1.0
shorthanded:1.6931471805599454
goal:1.6931471805599454
totals:1.6931471805599454
nhl:1.0
players:1.0
season:1.0
trying:1.0
finish:1.0
rotisserie:1.0
stats:1.0
need:1.0
shg:1.0
make:1.0
complete:1.0
