dmoney:1.6931471805599454
magnus.acs.ohio-state.edu:1.6931471805599454
dean:1.6931471805599454
r:1.0
money:1.6931471805599454
subject:1.6931471805599454
difficult:1.6931471805599454
get:1.6931471805599454
penguin:1.0
tickets:2.09861228866811
line:1.0
says:1.0
terribly:1.0
penguins:1.0
games:1.0
especially:1.0
playoffs:1.0
would:1.0
easy:1.0
find:1.0
scalpers:1.0
outside:1.0
igloo:1.0
selling:1.0
