umfu0009:1.0
ccu.umanitoba.ca:1.0
j:1.0
k:1.0
fu:1.0
subject:1.0
tie:2.6094379124341005
breaker:2.6094379124341005
isles:1.0
devils:2.09861228866811
lrw509f:1.0
rpi.edu:1.0
wangr:1.0
vccsouth22.its.rpi.edu:1.0
rex:1.0
wang:1.0
writes:1.0
people:2.386294361119891
stupid:1.0
cause:1.0
record:2.386294361119891
sooooo:1.0
stuppid:1.0
put:1.6931471805599454
win:1.6931471805599454
first:1.6931471805599454
list:1.0
different:1.6931471805599454
man:1.6931471805599454
thought:1.0
net:1.0
good:1.0
hockey:1.0
might:1.0
great:1.0
math:1.0
tell:1.0
two:1.0
teams:1.0
ahve:1.0
points:2.09861228866811
retard:1.0
cant:1.0
believe:1.6931471805599454
actually:1.0
islanders:1.6931471805599454
got:1.0
87:1.0
say:1.0
example:1.0
another:1.0
team:1.0
20-37-47:1.0
20*2+47*1+37*0=87:1.0
total:1.0
records:1.0
40-37-7:1.0
simple:1.0
arithmetics:1.0
involve:1.0
calculus:1.0
john:1.0
computer:1.0
science:1.0
graduate:1.0
pretends:1.0
mathematican:1.0
