jca2:1.6931471805599454
cec1.wustl.edu:1.6931471805599454
joseph:1.0
charles:1.0
achkar:1.0
subject:1.0
numerical:1.0
nothingness:1.0
article:1.0
1993apr18.140401.18439:1.0
freenet.carleton.ca:2.09861228866811
ad684:1.6931471805599454
bob:1.6931471805599454
wilson:1.6931471805599454
writes:1.0
mario:2.09861228866811
averaged:1.6931471805599454
2.66666666666666666666666666666666666666666666:1.0
points:2.6094379124341005
per:1.0
game:1.0
antigretz:1.0
gretzky:1.0
2.69:1.0
pts/game:1.0
projected:1.6931471805599454
80:2.09861228866811
games:2.791759469228055
213:1.0
beats:1.0
waynes:1.0
record:2.386294361119891
1:1.0
check:1.0
information:1.0
posting:1.0
gretzkys:1.6931471805599454
215:1.0
pts:1.6931471805599454
84:2.09861228866811
97:1.0
g:1.0
127:1.0
224:1.0
total:1.0
226:1.0
pitts:1.0
winning:1.6931471805599454
percentage:2.386294361119891
45-10-5:1.0
133:1.0
would:1.0
know:1.0
mtl:1.0
132:1.6931471805599454
one:1.0
year:1.0
76-77:1.0
canadiens:1.6931471805599454
825:1.0
60-8-12:1.0
29-30:1.0
bruins:1.0
875:1.0
also:1.0
77-78:1.0
806:1.0
59-10-11:1.0
l:2.386294361119891
e:2.09861228866811
z:1.0
b:1.0
u:1.0
joe:1.0
ashkar:1.0
contact:1.0
blues:1.6931471805599454
saint:1.0
louis:1.0
