mmilitzo:1.6931471805599454
scott.skidmore.edu:1.0
matthew:1.0
militzok:1.0
subject:1.6931471805599454
nhl:1.0
playoff:1.6931471805599454
stats:2.09861228866811
scores:1.6931471805599454
updated:1.0
updates:1.0
summaries:1.0
e-mail:1.0
skidmore.edu:1.0
