boora:1.0
kits.sfu.ca:1.0
godfather:1.6931471805599454
subject:1.0
la:1.0
abc:2.791759469228055
canada:1.0
coverage:2.386294361119891
kings/flames:1.0
game:1.6931471805599454
supposed:1.0
way:1.0
shown:1.0
bc:1.0
cbc:2.09861228866811
overriding:1.0
flipped:1.0
commentators:1.0
commercials:1.0
even:1.0
question:1.0
real:1.0
black:1.0
comment:1.0
great:1.0
chance:1.0
double:1.0
headers:1.0
toronto/detroit:1.0
vancouver/winnipeg:1.0
today:1.0
said:1.0
east:1.0
gets:1.0
leafs:1.0
west:1.0
get:1.0
vancouver:1.0
thought:1.0
would:1.0
show:1.0
