kkeller:1.6931471805599454
mail.sas.upenn.edu:1.0
keith:1.6931471805599454
keller:1.0
subject:1.0
tie:2.9459101490553135
breaker:2.6094379124341005
isles:1.0
devils:1.0
article:1.0
lrw509f:1.0
rpi.edu:1.6931471805599454
wangr:1.0
writes:1.0
people:2.791759469228055
stupid:1.6931471805599454
cause:1.0
record:2.791759469228055
sooooo:1.0
stuppid:1.0
put:1.6931471805599454
win:2.6094379124341005
first:2.386294361119891
list:1.0
different:2.09861228866811
man:1.6931471805599454
thought:1.0
net:1.0
good:1.0
hockey:1.6931471805599454
might:1.0
great:1.0
math:1.0
tell:1.0
two:2.09861228866811
teams:2.09861228866811
ahve:1.0
points:2.791759469228055
retard:1.0
cant:1.0
believe:1.0
actually:1.0
golly:1.0
love:1.0
listen:1.0
rex:2.09861228866811
nhl:1.6931471805599454
precise:1.0
exist:1.0
things:1.6931471805599454
called:1.6931471805599454
ties:2.09861228866811
occurs:1.0
game:1.0
ends:1.0
score:1.6931471805599454
team:3.1972245773362196
equal:1.0
gets:1.6931471805599454
one:1.6931471805599454
point:1.0
also:1.0
exits:1.0
wins:2.6094379124341005
higher:1.0
opponent:1.6931471805599454
oh:1.0
yeah:1.0
play:1.0
time:1.0
say:1.6931471805599454
lets:1.6931471805599454
38:1.6931471805599454
36:1.0
losses:1.6931471805599454
10:1.6931471805599454
another:1.0
40:1.0
6:1.6931471805599454
38*2:1.0
86:1.6931471805599454
second:1.6931471805599454
40*2:1.0
wow:1.0
number:2.09861228866811
thats:1.6931471805599454
amazing:1.0
talk:1.0
tiebreaker:1.6931471805599454
well:1.0
means:1.0
example:1.0
would:1.0
therefore:1.0
better:1.0
even:1.0
though:1.0
didnt:1.0
understand:1.0
post:1.0
maybe:1.0
go:2.09861228866811
back:1.0
read:1.0
slowly:1.0
kellerlets:1.0
rangers:1.0
quakers:1.0
mail.sas.upenn.eduivy:1.0
league:1.0
champs:1.0
want:1.0
opinion:1.0
ill:1.0
give:1.0
