martin:1.0
hill:1.0
32gfkkh:1.0
cmuvm.csv.cmich.edu:1.0
subject:1.0
college:1.6931471805599454
hockey:1.6931471805599454
all-star:1.6931471805599454
game:2.09861228866811
anybody:1.0
know:1.0
details:1.0
shriners:1.0
featured:1.0
best:1.0
seniors:1.0
orono:1.0
maine:1.0
please:1.0
reply:1.0
