rrmadiso:1.6931471805599454
undergrad.math.uwaterloo.ca:1.0
chuck:1.0
subject:1.0
corrections:1.6931471805599454
playoff:1.0
predictions:1.6931471805599454
everyone:1.0
read:1.0
already:1.0
sent:1.0
please:1.6931471805599454
correct:1.6931471805599454
patrick:1.6931471805599454
division:1.6931471805599454
would:1.0
like:1.0
midnight:1.0
monday:1.0
time:1.0
may:1.0
need:1.0
games:1.0
3:1.0
pittsburgh:1.0
vs:1.6931471805599454
new:1.6931471805599454
jersey:1.0
4:1.6931471805599454
york:1.0
islanders:1.0
washington:1.0
10:1.0
winner:2.09861228866811
13:1.0
wales:1.0
conference:1.0
15:1.0
stanley:1.0
cup:1.0
forward:1.0
richard:1.0
madison:1.0
napier.uwaterloo.ca:1.0
1st:1.0
rd:1.0
pens:1.6931471805599454
isles:1.0
devils:1.6931471805599454
caps:1.0
6:1.0
2nd:1.0
7:1.0
