kkeller:1.6931471805599454
mail.sas.upenn.edu:1.0
keith:2.09861228866811
keller:1.6931471805599454
subject:1.0
playoff:1.0
pool:1.6931471805599454
update:1.0
well:1.6931471805599454
compiled:1.0
statistics:1.0
entries:1.0
unofficially:1.0
52:1.0
entrants:1.0
stats:1.0
teams:1.0
picked:2.09861228866811
win:1.0
pittsburgh:34:1.0
1:2.9459101490553135
sweep:1.0
14:1.0
5:2.386294361119891
15:1.0
6:3.0794415416798357
4:1.6931471805599454
7:2.6094379124341005
boston:6:1.0
detroit:4:1.0
3:1.0
montreal:2:1.0
toronto:2:1.0
wasnt:1.0
roger:1.0
calgary:1:1.0
quebec:1:1.0
vancouver:1:1.0
washington:1:1.0
hell:1.0
hasnt:1.0
anybody:1.0
chicago:2.09861228866811
nobody:1.0
quebec:1.0
got:1.6931471805599454
pick:1.0
detroit:2.09861228866811
absolutely:1.0
odd:1.0
losers:1.0
detroit:20:1.0
chicago:16:1.0
pittsburgh:6:1.0
vancouver:4:1.0
boston:2:1.0
calgary:2:1.0
los:1.6931471805599454
angeles:1what:1.0
toronto:1:1.0
angeles:1.0
mind:1.0
good:1.0
luck:2.09861228866811
youll:1.0
need:1.0
pittsburgh:1.6931471805599454
consensus:1.0
winner:1.0
stanley:1.0
cup:1.0
theyll:1.0
statistically:1.0
beat:1.0
games:1.0
haha:1.0
thats:1.0
happening:1.0
said:1.0
every:1.0
one:1.0
picks:1.0
come:1.0
true:1.0
lose:1.0
finals:1.0
tough:1.6931471805599454
picket:1.0
ya:1.0
genius:1.0
kellerlets:1.0
go:1.6931471805599454
rangers:1.0
lets:1.0
quakers:1.0
mail.sas.upenn.eduivy:1.0
league:1.0
champs:1.0
cow:1.0
vegetarian:1.0
dish:1.0
1993:1.0
