jold:1.6931471805599454
vma.cc.nd.edu:1.6931471805599454
subject:1.0
octopus:2.386294361119891
detroit:2.09861228866811
symbol:1.6931471805599454
old:1.6931471805599454
days:1.0
league:1.0
era:1.0
original:1.0
6:1.0
four:1.0
teams:1.0
made:1.0
playoffs:1.0
win:2.09861228866811
cup:1.6931471805599454
team:1.0
two:1.0
seven-game:1.0
series:1.0
words:1.0
took:1.0
8:1.6931471805599454
playoff:1.6931471805599454
wins:1.0
legs:1.0
become:1.0
common:1.0
every:1.0
year:1.0
around:1.0
time:1.0
people:1.0
start:1.0
sneaking:1.0
octopi:1.0
joe:1.0
louis:1.0
arena:1.0
throwing:1.0
onto:1.0
ice:1.0
j:1.0
e-mail:1.0
