rrmadiso:1.6931471805599454
undergrad.math.uwaterloo.ca:1.0
chuck:1.0
subject:1.0
playoff:1.0
predictions:1.6931471805599454
try:1.0
laugh:1.6931471805599454
hysterically:1.0
somebody:1.6931471805599454
save:1.0
win:1.0
pool:1.0
dont:1.0
prizes:1.0
love:1.0
bragging:1.0
rights:1.0
winner:1.0
takes:1.0
also:1.0
sort:1.0
scoring:1.0
system:1.0
let:1.0
know:1.0
thinking:1.0
1:1.6931471805599454
1st:1.0
round:1.0
victories:1.0
2:1.6931471805599454
second:1.0
3:1.6931471805599454
3rd:1.0
4:1.6931471805599454
4th:1.0
may:1.0
get:1.0
alot:1.0
ties:1.0
ideas:1.0
buffalo:1.0
montreal:2.09861228866811
pittsburgh:1.0
washington:1.0
5:1.0
chicago:1.0
6:1.0
toronto:1.0
7:1.0
winnipeg:1.0
8:1.0
los:1.0
angeles:1.0
9:1.0
10.pittsburgh:1.0
11.chicago:1.0
12.winnipeg:1.0
13.montreal:1.0
14.chicago:1.0
15:1.0
richard:1.0
madison:1.0
napier.uwaterloo.ca:1.0
