ryan:1.6931471805599454
j:1.0
thieme:1.0
33cwdtr:1.0
cmuvm.csv.cmich.edu:1.0
subject:1.0
beat:1.6931471805599454
pittsburgh:1.0
penguins:1.0
crash:1.0
team:1.0
plane:1.0
