golchowy:1.0
alchemy.chem.utoronto.ca:1.0
gerald:1.6931471805599454
olchowy:1.0
subject:1.0
rangers:2.09861228866811
give:1.0
nhl:1.6931471805599454
another:1.6931471805599454
blackeye:1.0
news:1.0
reports:1.0
toronto:1.0
say:1.0
insisting:1.0
kovalev:1.0
zubov:1.0
andersson:1.0
play:1.6931471805599454
binghampton:1.0
calder:1.0
cup:1.0
playoffs:1.0
rather:1.0
return:1.0
home:1.0
countries:1.0
world:1.0
championships:1.0
shame:1.0
black:1.0
eye:1.0
europe:1.0
