swartzjh:1.0
rosevc.rose-hulman.edu:1.0
subject:1.0
espn:1.6931471805599454
tonight:1.6931471805599454
anyone:1.6931471805599454
heard:1.6931471805599454
game:2.386294361119891
showing:1.0
said:1.0
show:1.0
whatever:1.0
means:1.0
playoff-wise:1.0
would:1.6931471805599454
assume:1.0
blues-tampa:1.0
minnesota-red:1.0
wings:1.0
sure:1.0
jeff:1.0
swartz:1.0
