desperate:1.6931471805599454
fan:1.6931471805599454
subject:1.0
help:1.0
wc:1.0
coverage:1.0
europe:1.0
vielen:1.0
dank:1.0
ps:1.0
sweden:1.0
vs:1.0
finland:1.0
finished:1.0
6-6:1.0
gothenburg:1.0
15th:1.0
apr:1.0
