kkeller:1.6931471805599454
mail.sas.upenn.edu:1.0
keith:1.6931471805599454
keller:1.0
subject:1.0
playoff:1.0
pool:1.0
rules:1.6931471805599454
entry:2.09861228866811
form:1.6931471805599454
well:1.6931471805599454
tentative:1.6931471805599454
anyway:1.6931471805599454
course:1.0
since:1.0
season:1.6931471805599454
entirely:1.0
cares:1.0
real:1.0
hockey:1.0
starting:1.0
heres:1.0
deal:1.0
email:1.0
preferably:1.0
post:2.09861228866811
predictions:1.0
number:1.0
games:3.1972245773362196
think:1.0
series:2.09861228866811
go:2.09861228866811
round:2.9459101490553135
weighted:1.0
stanley:2.6094379124341005
cup:2.6094379124341005
finals:1.0
important:2.09861228866811
early:1.0
rounds:1.0
still:1.0
scoring:1.6931471805599454
pick:3.8903717578961645
1st:2.09861228866811
winner:2.791759469228055
way:2.386294361119891
2:1.6931471805599454
points:3.70805020110221
within:2.386294361119891
one:2.386294361119891
game:2.6094379124341005
3:1.6931471805599454
5:1.6931471805599454
2nd:2.09861228866811
4:1.6931471805599454
6:1.6931471805599454
conference:2.09861228866811
champ:2.791759469228055
9:1.0
8:1.0
10:1.0
14:1.0
loser:1.6931471805599454
7:2.386294361119891
goes:1.0
decided:1.0
ot:1.0
last:1.0
two:1.0
sympathy:1.0
probably:2.09861228866811
wont:1.0
happen:1.0
obviously:1.0
picking:1.0
champion:1.0
tests:1.0
see:1.6931471805599454
format:1.0
fair:1.0
lazy:1.0
modify:1.0
like:1.0
forms:1.0
getting:1.0
long:1.0
next:1.0
kellerlets:1.0
rangers:1.0
lets:1.0
quakers:1.0
mail.sas.upenn.eduivy:1.0
league:1.0
champs:1.0
want:1.0
opinion:1.0
ill:1.0
give:1.0
