slacelle:1.0
gandalf.ca:1.0
stephane:1.6931471805599454
lacelle:1.6931471805599454
subject:1.0
bridgman:1.6931471805599454
ottwawa:1.0
senators:1.0
fired:1.0
mel:1.0
1:00:1.0
pm:1.0
today:1.0
randy:1.0
sexton:1.0
gon:1.0
na:1.0
replace:1.0
s/w:1.0
engineer:1.0
insert:1.0
sig:1.0
gandalf:1.0
data:1.0
ltd:1.0
