gballent:1.0
hudson.uvic.ca:1.0
greg:1.0
ballentine:1.0
subject:1.0
plus:1.0
minus:1.0
stat:1.0
article:1.0
1443:1.0
ramsey.cs.laurentian.ca:1.6931471805599454
maynard:1.6931471805599454
roger:1.0
writes:1.0
certainly:1.0
pluggers:1.0
integral:1.0
part:1.0
team:2.09861228866811
simply:1.0
enough:1.0
solid:1.0
two-way:1.0
players:1.6931471805599454
go:1.0
around:1.0
would:2.386294361119891
rather:1.0
checking:2.09861228866811
centre:1.0
doug:1.6931471805599454
gilmour:1.6931471805599454
jarvis:1.6931471805599454
matter:1.0
take:1.0
either:1.0
gretzky:2.6094379124341005
mario:1.0
centres:1.6931471805599454
think:1.0
could:1.6931471805599454
cover:1.0
bob:2.09861228866811
gainey:2.386294361119891
lemieux:2.09861228866811
etc:1.6931471805599454
play:2.09861228866811
role:1.6931471805599454
centreman:1.0
offensive:2.09861228866811
opposed:1.0
defensive:3.0794415416798357
one:1.0
used:1.0
waste:1.6931471805599454
abilities:1.0
compare:1.0
et:1.0
al:1.0
comparing:1.0
apples:1.0
oranges:1.0
like:1.0
telling:1.0
felix:1.0
potvin:1.0
isnt:1.0
good:1.0
better:2.09861228866811
instead:1.0
sure:1.0
player:2.386294361119891
different:1.0
type:1.0
successful:1.0
need:1.0
types:1.0
includes:1.0
forwards:1.6931471805599454
compared:1.0
greatest:1.0
forward:2.386294361119891
ever:1.6931471805599454
whos:1.0
talents:1.6931471805599454
best:1.6931471805599454
suited:1.0
completely:1.0
dominated:1.0
game:1.0
played:1.6931471805599454
maybe:1.0
talented:1.0
decided:1.0
defensively:1.0
wasnt:1.0
hockey:1.0
gregmeister:1.0
