filinuk:2.09861228866811
staff.dccs.upenn.edu:1.0
geoff:1.6931471805599454
subject:1.0
get:1.0
real:1.0
caps:1.6931471805599454
chance:1.0
anyone:1.0
really:1.0
believes:1.0
beat:1.0
pens:1.6931471805599454
kidding:1.0
may:1.0
loose:1.0
one:1.0
game:1.0
playoffs:1.0
flyers:1.0
fan:1.0
