max:1.6931471805599454
maxim.rinaco.msk.su:1.0
subject:1.0
test:1.6931471805599454
message:1.6931471805599454
