farenebt:1.0
logic.camp.clarkson.edu:1.0
droopy:1.0
subject:1.0
ahl:2.791759469228055
news:1.0
dallas:2.09861228866811
helps:1.0
hawks:2.09861228866811
stay:1.0
moncton:2.386294361119891
announcing:1.0
would:2.6094379124341005
pull:1.0
affiliation:1.0
winnipeg:1.0
jets:1.6931471805599454
changed:1.0
mind:1.0
announced:2.09861228866811
move:1.6931471805599454
said:1.0
slashing:1.0
minor:1.0
league:1.0
roster:1.0
20-something:1.0
around:1.0
dozen:1.6931471805599454
wanted:1.0
share:1.0
existing:1.0
ihl:1.0
franchise:1.6931471805599454
enter:1.0
lone:1.0
stars:1.0
agreed:1.0
supply:1.6931471805599454
remaining:1.0
6:1.0
8:1.0
players:1.6931471805599454
thus:1.0
keeping:1.0
new:1.0
brunswick:1.0
city:1.6931471805599454
deal:2.09861228866811
one:1.0
year:1.6931471805599454
extended:1.0
three:1.0
years:1.0
season:1.0
ticket:1.0
base:1.0
increases:1.0
3000:1.0
sold:1.0
1400:1.0
saint:2.09861228866811
john:2.09861228866811
flames:2.386294361119891
official:1.0
calgary:1.0
officially:1.0
signed:1.0
nb:1.0
blue:1.0
play:1.0
6200:1.0
exhibition:1.0
center:1.0
still:1.0
apply:1.0
expansion:1.0
frnachise:1.0
expected:1.0
trouble:1.0
caps:2.09861228866811
follow:2.09861228866811
jacks:1.0
maine:2.09861228866811
despite:1.0
rumors:1.0
contrary:1.0
capitals:1.0
baltimore:1.6931471805599454
skipjacks:1.6931471805599454
current:1.0
farm:1.6931471805599454
team:2.09861228866811
become:1.6931471805599454
portland:1.6931471805599454
pirates:1.0
much:1.0
doubt:1.0
limited:1.6931471805599454
including:1.0
2:1.0
goalies:1.0
third:1.0
announce:1.0
along:1.0
capital:1.0
district:1.0
islanders:1.0
bri:1.0
farenellfarenebt:1.0
craft.camp.clarkson.edu:1.0
ecac:1.6931471805599454
contact:1.0
rec.sport.hockeygo:1.0
usa:1.0
hockey:2.09861228866811
adirondack:1.0
red:1.0
wings:1.0
calder:1.0
cup:1.0
champs:2.09861228866811
81:1.0
86:1.0
89:1.0
92:1.0
clarkson:1.0
tournament:1.0
66:1.0
91:1.6931471805599454
93:1.0
glens:1.0
falls:1.0
high:1.0
ny:1.0
division:2.09861228866811
ii:1.0
state:1.0
90:1.0
fans:1.0
join:1.0
mailing:1.0
list:1.0
ahl-news-request:1.0
andrew.cmu.edu:1.0
congrats:1.0
boston:1.0
bruins:1.0
1992-93:1.6931471805599454
adams:1.0
champions:1.6931471805599454
phoenix:1.0
suns:1.0
pacific:1.0
