monack:2.386294361119891
helium.gas.uug.arizona.edu:1.0
david:1.6931471805599454
n:1.0
subject:1.0
espn:1.6931471805599454
tonight:1.6931471805599454
1qkj1kinn3g1:1.0
master.cs.rose-hulman.edu:1.0
swartzjh:1.0
rosevc.rose-hulman.edu:1.0
writes:1.0
anyone:1.6931471805599454
heard:2.09861228866811
game:2.6094379124341005
showing:1.0
said:1.0
show:1.0
whatever:1.0
means:1.0
playoff-wise:1.0
would:1.6931471805599454
assume:1.0
blues-tampa:1.0
minnesota-red:1.0
wings:1.0
sure:1.0
jeff:1.0
swartz:1.0
minnesota-detroit:1.0
dont:1.0
know:1.0
time:1.0
though:1.0
dave:1.0
e-mail:1.0
gas.uug.arizona.edu:1.0
love:1.0
delusion:1.0
one:1.0
woman:1.0
differs:1.0
another:1.0
h.l:1.0
mencken:1.0
