fmsalvat:1.6931471805599454
eos.ncsu.edu:1.6931471805599454
frank:1.6931471805599454
michae:1.0
salvatore:1.6931471805599454
subject:1.0
get:1.0
real:1.0
caps:2.09861228866811
chance:1.0
article:1.0
1993apr15.162719:1.0
staff.dccs.upenn.edu:1.6931471805599454
filinuk:1.6931471805599454
geoff:1.0
writes:1.0
anyone:1.0
really:1.0
believes:1.0
beat:1.0
pens:2.09861228866811
kidding:1.0
may:1.6931471805599454
loose:1.6931471805599454
one:2.09861228866811
game:2.09861228866811
playoffs:1.0
lets:1.0
honest:1.0
put:1.0
definitely:1.0
lose:1.0
remember:1.0
regular:1.0
season:1.0
doesnt:1.0
mean:1.0
much:1.0
comes:1.0
playoff:1.0
time:1.0
shot:1.0
least:1.0
flyers:1.0
sure:1.0
dont:1.0
