cdkaupan:1.6931471805599454
eos.ncsu.edu:1.6931471805599454
carl:1.0
david:1.6931471805599454
kaupang:1.6931471805599454
subject:1.0
stop:1.6931471805599454
predicting:1.0
really:1.6931471805599454
annoying:1.0
see:1.0
predictions:1.6931471805599454
net:1.0
cares:1.0
think:1.0
win:1.6931471805599454
please:1.0
know:1.0
caps:1.0
going:1.0
cup:1.0
let:1.0
go:1.0
