montana:2.386294361119891
pinetree.org:2.09861228866811
david:1.6931471805599454
wong:1.6931471805599454
subject:1.6931471805599454
hockey:2.386294361119891
playoff:2.09861228866811
pool:2.791759469228055
last:1.6931471805599454
chance:1.0
post:1.0
promotion:1.0
update:1.0
try:1.6931471805599454
every:2.09861228866811
wednesday:1.0
please:1.6931471805599454
join:1.0
deadline:1.0
midnight:1.6931471805599454
saturday:1.6931471805599454
rules:1.6931471805599454
read:1.0
cost:1.0
none:1.6931471805599454
prizes:1.0
send:1.6931471805599454
replies:1.0
note:1.6931471805599454
entries:1.0
accepted:1.0
include:1.0
name:1.0
acme:1.0
critierias:1.0
pick:2.791759469228055
9:1.0
forwards:2.09861228866811
long:1.0
lw=rw=c:1.0
okay:1.0
6:1.0
defensemen:1.6931471805599454
arrange:1.0
lines:1.0
3:2.09861228866811
two:1.0
defense:1.0
1:3.6390573296152584
line:3.302585092994046
arranged:1.0
order:1.0
players:2.09861228866811
would:1.0
play:1.0
first:1.0
plays:1.0
second:1.0
designated:3.0794415416798357
playmaker:2.386294361119891
positions:1.6931471805599454
scorer:2.386294361119891
goal-tender:1.0
team:1.6931471805599454
one:1.0
think:1.0
may:1.0
win:1.6931471805599454
cup:1.6931471805599454
chosen:1.0
ie:1.0
sakic:1.0
forward:1.0
passer:1.0
calculation:1.6931471805599454
points:2.6094379124341005
except:1.0
assist:1.0
pt:2.386294361119891
ixi:1.0
goal:2.386294361119891
ii:1.0
totals:1.6931471805599454
2:2.6094379124341005
pts:2.791759469228055
1.5:1.0
goalies:1.0
wins:1.0
10:1.0
follows:1.0
scored:1.0
0.5:1.6931471805599454
assists:1.6931471805599454
event:1.0
tie:1.6931471805599454
broken:1.0
unmodified:1.0
game:1.0
winning:1.0
goals:1.0
sample:1.0
eg:1.0
jeremy:1.0
roenick:1.0
actual:1.6931471805599454
g=12:1.0
a=10:1.0
pts=22:1.0
modified:1.6931471805599454
g:2.09861228866811
12*3:1.0
10*0.5:1.0
41:1.0
steve:1.0
smith:1.0
g=1:1.0
a=11:1.0
pts=12:1.0
1*0.5:1.0
11*2:1.0
22.5:1.0
j:1.0
murphy:1.0
24:1.0
courtnall:1.0
14:1.6931471805599454
messier:1.0
dave:1.0
manson:1.0
12:1.0
iafrate:1.0
7:1.0
total:1.0
142:1.0
internet:1.0
uucp:1.0
pinetree:1.6931471805599454
gordons:1.0
ottawa:1.0
canada:1.0
613:1.0
526:1.0
0702:1.0
v.32bis/v.42bis:1.0
