subject:1.0
picks:1.0
first:2.09861228866811
caldwell8102:1.0
mtroyal.ab.ca:1.0
article:1.0
1993apr17.181421.14349:1.0
epas.toronto.edu:1.0
sclark:1.0
epas.utoronto.ca:1.0
susan:1.0
clark:1.0
writes:1.0
according:1.0
fan:1.0
t.o:1.0
ottawa:2.09861228866811
daigle:1.0
e:1.0
sweepstakes:1.0
didnt:1.0
mention:1.0
san:1.6931471805599454
jose:1.6931471805599454
goals:1.0
sen-sens:1.0
hunch:1.0
would:1.0
pick:1.0
im:1.0
mistaken:1.0
wins:1.6931471805599454
tiebreaker:1.0
nhl:1.0
always:1.0
alan:1.0
