arsenaul:1.0
ere.umontreal.ca:1.0
arsenault:1.6931471805599454
michel:1.6931471805599454
subject:1.0
looking:1.6931471805599454
boxscores:1.6931471805599454
84:1.0
nhl:1.0
team:1.0
personal:1.0
research:1.0
someone:1.0
help:1.0
