steveg:1.0
cadkey.com:1.0
steve:1.0
gallichio:1.0
subject:1.0
possible:1.0
canadian:1.6931471805599454
wc:1.0
team:2.09861228866811
all-point:1.0
nhlers:1.0
playoff:1.0
bound:1.0
centers:1.0
geoff:1.0
sanderson:2.09861228866811
hartford:1.0
canada:1.0
hed:1.0
position:1.0
center:1.6931471805599454
although:1.0
drafted:1.0
played:1.0
rookie:1.0
scored:1.0
46:1.0
goals:1.0
season:1.0
left:1.0
wing:1.0
sg:1.0
