c5ff:1.0
jupiter.sun.csd.unb.ca:1.0
cook:1.0
charlie:1.0
subject:1.0
nhl:1.0
summary:1.0
parse:1.0
results:1.0
games:1.0
played:1.0
mon:1.0
april:1.0
19:1.0
1993:1.0
toronto:2.6094379124341005
1:5.418840607796598
3:2.6094379124341005
detroit:3.0794415416798357
4:2.6094379124341005
6:2.386294361119891
first:1.6931471805599454
period:2.791759469228055
yzerman:2.09861228866811
gallant:1.6931471805599454
ciccarelli:1.6931471805599454
4:48:1.0
2:3.9444389791664403
cullen:2.09861228866811
clark:1.6931471805599454
gill:1.6931471805599454
10:44:1.0
second:1.6931471805599454
sheppard:1.6931471805599454
probert:1.6931471805599454
coffey:2.09861228866811
pp:2.6094379124341005
5:04:1.0
burr:1.6931471805599454
racine:2.09861228866811
sh:1.6931471805599454
6:42:1.0
5:1.6931471805599454
chiasson:1.6931471805599454
pp,11:00:1.0
howe:1.6931471805599454
drake:2.09861228866811
14:46:1.0
7:1.0
gilmour:1.6931471805599454
borschevsky:1.6931471805599454
ellett:1.6931471805599454
19:59:1.0
third:1.6931471805599454
8:1.0
primeau:1.6931471805599454
5:10:1.0
9:1.0
lefebvre:1.6931471805599454
pearson:1.6931471805599454
7:45:1.0
power:2.386294361119891
play:2.386294361119891
6-2:1.0
special:1.0
goals:1.0
total:1.0
scorer:2.386294361119891
g:2.386294361119891
pts:2.386294361119891
0:4.433987204485146
5-1:1.0
winnipeg:2.386294361119891
vancouver:2.791759469228055
adams:1.6931471805599454
linden:2.09861228866811
bure:2.09861228866811
1:23:1.0
craven:1.6931471805599454
murzyn:1.6931471805599454
9:56:1.0
steen:1.6931471805599454
shannon:1.6931471805599454
housley:1.6931471805599454
17:53:1.0
scoring:1.0
king:1.6931471805599454
barnes:1.6931471805599454
3:43:1.0
courtnall:2.09861228866811
mclean:1.6931471805599454
12:16:1.0
ronning:1.6931471805599454
18:31:1.0
6-1:1.0
3-1:1.0
