steveg:1.0
cadkey.com:1.0
steve:1.0
gallichio:1.0
subject:1.0
average:2.386294361119891
player:2.09861228866811
nhl:2.6094379124341005
interrupt:1.0
regularly:1.6931471805599454
scheduled:1.6931471805599454
news:1.0
reading:1.0
bring:1.0
another:1.0
message:1.0
sponsored:1.0
department:1.0
really:1.6931471805599454
mundane:1.0
statistics:1.0
passed:2.09861228866811
final:1.0
individual:1.0
stats:1.0
posted:1.0
day:1.0
filter:1.0
games:1.6931471805599454
goals:1.6931471805599454
assists:1.6931471805599454
points:1.6931471805599454
penalty:1.0
minutes:1.0
mythical:1.0
pro:1.0
played:1.0
league:1.0
season:1.0
monday:1.0
didnt:1.0
feel:1.0
like:1.0
writing:1.0
real:1.0
code:1.0
anyway:1.0
wiped:1.0
60-odd:1.0
goalies:1.6931471805599454
list:2.09861228866811
came:1.6931471805599454
average:55:1.0
gp:3.0794415416798357
11:2.6094379124341005
g:3.0794415416798357
19:1.0
30:1.6931471805599454
pts:3.0794415416798357
69:1.0
pim:3.1972245773362196
second:1.0
time:1.0
come:1.0
players:1.0
smallest:1.0
percentage:1.0
difference:1.0
categories:1.0
marty:1.0
mcinnis:1.0
nyi:1.0
56:1.0
1:2.09861228866811
10:2.9459101490553135
9:2.6094379124341005
20:1.0
5:1.0
0:2.9459101490553135
24:1.6931471805599454
65:2.09861228866811
igor:1.6931471805599454
kravchuk:2.09861228866811
edm:1.6931471805599454
55:1.6931471805599454
17:2.6094379124341005
27:2.6094379124341005
53:1.0
two:1.0
close:1.0
far:1.0
leaves:1.0
bobby:1.6931471805599454
carpenter:2.09861228866811
18:1.0
28:1.6931471805599454
6:1.0
63:1.6931471805599454
8:1.0
honor:1.0
also:1.0
still:1.6931471805599454
included:1.0
top:1.0
three:1.0
rob:1.6931471805599454
dimaio:1.6931471805599454
flying:1.0
behind:1.0
take:1.0
title:1.0
average:53:1.0
64:1.0
3:2.09861228866811
50:1.0
22:1.0
tb:1.0
54:1.0
15:1.0
62:1.0
kind:1.0
underwhelming:1.0
think:1.0
sg:1.0
back:1.0
programming:1.0
