chuck:1.6931471805599454
mks.com:1.0
lownie:1.0
subject:1.0
tie:2.791759469228055
breaker:2.6094379124341005
isles:1.0
devils:1.0
article:1.0
lrw509f:1.0
rpi.edu:1.6931471805599454
wangr:1.0
writes:1.0
people:2.386294361119891
stupid:1.0
cause:1.0
record:2.09861228866811
sooooo:1.0
stuppid:1.0
put:1.6931471805599454
win:1.6931471805599454
first:1.6931471805599454
list:1.0
different:1.6931471805599454
man:1.6931471805599454
thought:1.0
net:1.0
good:1.0
hockey:1.0
might:1.0
great:1.0
math:1.0
tell:1.0
two:1.6931471805599454
teams:1.6931471805599454
ahve:1.0
points:1.6931471805599454
retard:1.0
cant:1.0
believe:1.0
actually:1.0
didnt:1.0
see:1.0
smilies:1.0
message:1.0
w:1.0
l:1.0
pts:1.0
team:1.6931471805599454
50:1.0
30:1.0
4:1.0
104:1.6931471805599454
b:1.0
52:1.0
32:1.0
0:1.0
go:1.0
without:1.0
identical:1.0
records:1.0
