bks2:1.0
cbnewsi.cb.att.com:1.0
bryan.k.strouse:1.0
subject:1.0
nhl:1.6931471805599454
playoff:1.6931471805599454
results:1.6931471805599454
games:1.0
played:1.0
4-19-93:1.0
4/19/93:1.0
conference:1.0
semi-finals:1.0
best:1.0
seven:1.0
patrick:1.0
adams:1.6931471805599454
norris:1.0
smythe:1.0
nj:1.0
buf:1.0
leads:3.302585092994046
1-0:3.4849066497880004
stl:1.0
win:2.09861228866811
pit:1.0
bos:1.0
chi:1.0
van:2.6094379124341005
nyi:1.0
mon:1.0
tor:2.386294361119891
la:1.0
que:1.0
det:2.9459101490553135
cal:1.0
toronto:1.6931471805599454
maple:1.6931471805599454
leafs:2.386294361119891
1:4.218875824868201
3:1.6931471805599454
detroit:1.6931471805599454
red:2.386294361119891
wings:2.386294361119891
series:1.6931471805599454
4:1.6931471805599454
6:2.386294361119891
1st:1.6931471805599454
period:2.791759469228055
yzerman:1.6931471805599454
gallant:1.0
ciccarelli:1.0
4:48:1.0
cullen:1.6931471805599454
clark:1.0
gill:1.0
10:44:1.0
2nd:1.6931471805599454
sheppard:1.0
probert:1.0
coffey:1.6931471805599454
pp:2.6094379124341005
5:04:1.0
burr:1.0
racine:1.6931471805599454
sh:1.0
42:1.0
chiasson:1.0
11:00:1.0
howe:1.0
drake:1.6931471805599454
14:1.0
46:1.0
gilmour:1.0
borschevsky:1.0
ellett:1.0
19:59:1.0
3rd:1.6931471805599454
primeau:1.0
5:10:1.0
lefebvre:1.0
pearson:1.0
7:45:1.0
powerplay:1.6931471805599454
opportunities-maple:1.0
5:2.09861228866811
2:2.386294361119891
shots:2.791759469228055
goal-maple:1.0
9:2.09861228866811
23:1.6931471805599454
13:1.0
8:1.0
12:2.09861228866811
33:2.386294361119891
potvin:1.0
0-1:1.6931471805599454
27:1.0
saves:2.386294361119891
cheveldae:1.0
20:1.6931471805599454
att-19,875:1.0
winnipeg:1.6931471805599454
jets:1.6931471805599454
0:1.6931471805599454
vancouver:1.6931471805599454
canucks:2.386294361119891
linden:1.6931471805599454
bure:1.6931471805599454
1:23:1.0
craven:1.0
murzyn:1.0
9:56:1.0
steen:1.0
shannon:1.0
housley:1.0
17:53:1.0
none:1.0
king:1.0
barnes:1.0
3:43:1.0
courtnall:1.6931471805599454
mclean:1.6931471805599454
12:16:1.0
ronning:1.0
18:31:1.0
opportunities-jets:1.0
goal-jets:1.0
7:1.0
10:1.0
22:1.6931471805599454
essensa:1.0
29:1.0
att-15,918:1.0
spike:1.0
