gballent:1.6931471805599454
hudson.uvic.ca:1.6931471805599454
greg:1.6931471805599454
ballentine:1.6931471805599454
subject:1.0
wings:3.1972245773362196
win:2.386294361119891
article:1.6931471805599454
735307970:1.0
vela.acs.oakland.edu:2.386294361119891
ragraca:1.6931471805599454
randy:1.6931471805599454
graca:1.6931471805599454
writes:2.09861228866811
735249453:1.0
also:2.09861228866811
think:2.09861228866811
hard:2.09861228866811
time:2.6094379124341005
pittsburgh:1.6931471805599454
face:1.0
finals:2.386294361119891
detroit:1.0
sportswriters:1.0
predicting:1.0
although:1.0
bryan:1.6931471805599454
murray:3.1972245773362196
probably:1.6931471805599454
best:1.6931471805599454
gm:3.302585092994046
ever:1.0
seen:1.0
hockey:2.386294361119891
figure:1.0
took:1.0
pretty:2.09861228866811
good:2.791759469228055
team:3.302585092994046
contending:1.6931471805599454
stanley:2.386294361119891
cup:2.6094379124341005
looked:1.0
unlikely:1.6931471805599454
looks:1.0
truly:1.0
great:2.09861228866811
would:2.09861228866811
able:1.0
make:1.0
moves:1.0
push:2.09861228866811
upper:1.0
echelon:1.0
nhl:1.6931471805599454
maybe:1.0
like:2.09861228866811
maintain:1.0
teams:2.09861228866811
success:1.6931471805599454
cant:1.0
next:1.6931471805599454
level:1.6931471805599454
jacques:1.0
demers:1.6931471805599454
brought:1.6931471805599454
conference:1.6931471805599454
twice:1.0
years:1.6931471805599454
back:1.0
everyone:1.0
giving:1.0
100:2.09861228866811
percent:1.6931471805599454
little:1.0
talent:2.6094379124341005
yzerman:1.6931471805599454
bob:1.0
probert:1.6931471805599454
drinking:1.0
problems:1.0
couple:1.6931471805599454
decent:1.0
goaltenders:1.0
hanlon:1.0
stefan:1.0
got:1.6931471805599454
hot:1.0
thats:1.6931471805599454
name:1.6931471805599454
one:2.09861228866811
player:1.0
earlier:1.0
even:1.6931471805599454
deserved:1.0
all-star:1.0
game:1.0
much:1.0
less:1.0
actually:1.0
petr:1.0
klima:1.0
give:1.6931471805599454
break:1.0
faced:1.6931471805599454
edmonton:1.0
played:1.0
clear:1.0
simply:1.0
superior:1.0
could:1.0
get:1.6931471805599454
norris:1.0
division:1.6931471805599454
still:1.0
weakest:1.0
getting:1.0
past:1.0
chicago:1.0
toronto:1.0
impressive:1.0
today:1.0
scoring:1.0
ago:1.0
devellano:1.0
coach:2.9459101490553135
ysebaert:1.0
kozlov:1.0
paul:1.0
coffey:1.0
made:2.09861228866811
definite:1.0
positive:1.0
impact:1.0
power:1.0
play:1.0
especially:1.0
built:1.0
talented:1.0
present:1.0
possible:1.0
exception:1.0
penguins:1.0
least:1.0
five:1.0
30:1.0
goal:1.0
scorers:1.0
defenseman:1.0
games:1.0
worth:1.0
playoff:1.0
experience:1.0
murrays:1.0
failing:1.0
unlike:1.0
gms:1.0
mentioned:1.0
definitely:1.0
dont:1.0
wrong:1.0
found:1.0
strong:1.0
motivate:1.6931471805599454
go:1.0
full:1.0
60:1.0
minutes:1.0
every:1.0
night:1.0
last:1.6931471805599454
run:1.6931471805599454
wins:1.0
loses:1.6931471805599454
reflection:1.0
point:1.0
original:1.0
post:1.0
outmatches:1.0
opponent:1.0
terms:1.0
anyway:1.6931471805599454
case:1.6931471805599454
year:1.0
struggled:1.0
indicates:1.6931471805599454
done:1.0
job:1.0
building:1.0
failed:1.0
playoffs:1.0
came:1.0
gave:1.0
opponents:1.0
beaten:1.0
easily:1.0
coaching:1.0
making:1.0
lack:1.0
fine:1.0
never:1.0
said:1.6931471805599454
bad:1.0
merely:1.0
isnt:1.0
contender:1.0
honor:1.0
claim:2.09861228866811
poor:1.0
intelligent:1.0
enough:1.0
hire:1.0
average:1.0
unspectacular:1.0
none:1.0
true:1.0
gregmeister:1.0
