au021:1.0
cleveland.freenet.edu:1.0
roland:2.09861228866811
behunin:2.386294361119891
subject:1.0
anybody:1.6931471805599454
schedule:2.09861228866811
games:2.6094379124341005
sunday:2.386294361119891
25:1.6931471805599454
apr:1.6931471805599454
93:1.0
hello:1.0
hockey:2.09861228866811
fans:1.0
bonjour:1.0
tout:1.0
le:1.0
monde:1.0
well:1.0
salt:1.0
lake:1.0
city:1.0
past:1.0
local:1.0
abc:1.6931471805599454
station:1.0
decided:1.0
televise:1.0
la:2.09861228866811
directrous:1.0
de:1.6931471805599454
programme:1.0
est:1.0
tete:1.0
merde:1.0
anyway:1.0
satellite:1.0
dish:1.6931471805599454
friends:1.0
invited:1.0
watch:1.0
coming:1.6931471805599454
find:1.0
correct:1.0
game:1.6931471805599454
times:1.6931471805599454
calgary:1.0
showing:1.0
everything:1.0
11:00:1.6931471805599454
mdt:2.09861228866811
5:00:1.0
pm:2.09861228866811
even:1.0
sure:1.6931471805599454
going:1.0
played:1.0
mucked:1.0
think:1.0
able:1.0
pull:1.0
three:1.0
2:00:1.0
5:30:1.0
pleas:1.0
emial:1.0
see:1.0
telent:1.0
get:1.6931471805599454
rec.sport.hockey:1.0
sometimes:1.0
difficult:1.0
link:1.0
thanks:1.0
advance:1.0
merci:1.0
davance:1.0
p.s:1.0
anglais:1.0
ou:1.0
francais:1.0
daccord:1.0
oodis01.af.mil:1.0
oodis01.hill.af.mil:1.0
