kerryy:1.0
bnr.ca:1.0
kerry:1.0
yackoboski:1.0
subject:1.0
goalie:1.6931471805599454
masks:1.0
article:1.0
1993apr15.184750.12889:1.0
ac.dal.ca:1.6931471805599454
brifre1:1.0
writes:1.0
saw:1.0
mask:2.09861228866811
drawings:1.0
band-aids:1.0
presumably:1.0
every:1.0
puck:1.0
stopped:1.0
face/head:1.0
cant:1.0
remember:1.0
even:1.0
nhl:1.0
see:1.0
quite:1.0
ahl:1.0
games:1.0
gerry:1.0
cheevers:1.0
used:1.0
stitches:1.0
painted:1.0
ken:1.0
drydens:1.0
classic:1.0
archetype:1.0
time:1.0
