caj:1.0
sei.cmu.edu:1.0
carol:1.6931471805599454
jarosz:1.0
subject:1.0
radio:1.0
stations:1.0
article:1.0
ragraca.735252641:1.0
vela.acs.oakland.edu:1.6931471805599454
ragraca:1.0
randy:1.6931471805599454
graca:1.0
writes:1.0
pittsburgh:1.0
penguins:1.0
games:1.0
used:1.0
broadcast:1.6931471805599454
kdka:1.0
1020:1.0
dont:1.0
know:1.0
whether:1.0
pre-empted:1.0
baseball:1.6931471805599454
moved:1.0
another:1.0
station:1.0
try:1.0
local:1.0
teams:1.0
arent:1.0
playing:1.0
time:1.0
anyway:1.0
pens:1.0
102.5:1.0
wdve:1.0
