gp2011:1.0
andy.bgsu.edu:1.0
george:1.6931471805599454
pavlic:1.0
subject:1.0
matt:1.6931471805599454
militzok:1.0
please:1.6931471805599454
read:1.0
sorry:1.0
everyone:1.0
wasting:1.0
space:1.0
day:1.0
posted:1.0
mailing:1.0
list:1.6931471805599454
playoff:1.0
stats:1.0
lost:1.0
address:1.0
put:1.0
thanks:1.0
