cal2d:1.0
csissun11.ee.virginia.edu:1.0
craig:1.6931471805599454
allen:1.0
lorie:1.0
subject:1.0
thumbs:1.0
espn:2.09861228866811
everyone:1.0
bitching:1.0
hockey:1.6931471805599454
coverage:1.0
almost:1.0
like:1.0
detroit-toronto:1.0
game:1.6931471805599454
televised:1.6931471805599454
last:1.0
nite:1.0
thankful:1.0
see:1.0
night:1.0
wasnt:1.0
supposed:1.0
carried:1.0
thanks:1.0
matter:1.0
