lee139:1.6931471805599454
gaul.csd.uwo.ca:1.0
steve:2.09861228866811
lee:1.6931471805599454
subject:1.0
list:1.0
tee:1.0
times:1.0
metropolitan:1.0
toronto:1.0
golf:1.0
courses:1.0
monday:1.0
article:1.0
c5spec.euc:1.0
noose.ecn.purdue.edu:1.0
stamber:2.09861228866811
rainbow.ecn.purdue.edu:1.0
kevin:1.6931471805599454
l:1.6931471805599454
writes:1.0
purdue:1.0
university:1.6931471805599454
phil:1.0
kirzyc:1.0
kielbasa:1.0
kid:1.0
roam:1.0
arena:1.0
interviews:1.0
woops:1.0
rec.sport.hockey:1.0
rec.sport.golf:1.0
hope:1.0
check:1.0
newsgroup:1.0
header:1.0
next:1.0
time:1.0
posting:1.0
western:1.0
ontario:1.0
london:1.0
canada:1.0
obelix.gaul.csd.uwo.ca:1.0
