stamber:2.09861228866811
rainbow.ecn.purdue.edu:1.0
kevin:1.6931471805599454
l:1.6931471805599454
subject:1.0
list:1.0
tee:1.0
times:1.0
metropolitan:1.0
toronto:1.0
golf:1.0
courses:1.0
monday:1.0
purdue:1.0
university:1.0
phil:1.0
kirzyc:1.0
kielbasa:1.0
kid:1.0
roam:1.0
arena:1.0
interviews:1.0
