filipows:1.0
spk.hp.com:1.0
dennis:1.0
filipowski:1.0
subject:1.0
octopus:1.6931471805599454
detroit:1.0
game:1.0
mon:1.0
night:1.0
thrown:1.0
ice:1.6931471805599454
meaning:1.0
symbolism:1.0
used:1.0
throw:1.0
fish:1.0
spokane:1.0
afew:1.0
years:1.0
ago:1.0
never:1.0
knew:1.0
came:1.0
