slegge:1.6931471805599454
kean.ucs.mun.ca:1.6931471805599454
subject:1.6931471805599454
nhl:1.0
team:1.6931471805599454
captains:1.0
nj:2.09861228866811
captain:2.09861228866811
ever:1.0
traded:1.6931471805599454
resigned:1.0
striped:1.0
title:1.0
season:1.0
trivia:1.0
would:1.0
appreciated:1.0
mike:1.0
foligno:1.0
buffalo:1.0
sabres:1.0
toronto:1.0
stephen:1.0
legge:1.0
