subject:1.0
nhlpa:1.0
poll:1.0
partial:1.0
stats/results:1.0
caldwell8102:1.0
mtroyal.ab.ca:1.0
article:1.0
ofnmao_00iv1a6kyd2:1.0
andrew.cmu.edu:1.6931471805599454
young-soo:1.0
che:1.0
yc25:1.0
writes:1.0
people:1.0
send:1.0
polls:1.0
take:1.0
closer:1.0
look:1.0
njd:1.0
deep:1.0
team:1.0
two:1.0
capable:1.0
goalies:1.0
excellent:1.0
forwards:1.0
defensemen:1.0
shooter:1.0
richer:1.0
around:1.0
todd:1.6931471805599454
chef:1.0
stasny-master:1.0
thousand:1.0
dishes:1.0
power:1.0
play:1.0
kevin:1.0
oiler:1.0
one:1.0
months:1.0
closely:1.0
follow:1.0
devils:1.0
anyway:1.0
jeez:1.0
alan:1.0
