subject:1.0
tie:2.9459101490553135
breaker:2.6094379124341005
isles:1.0
devils:1.0
caldwell8102:1.0
mtroyal.ab.ca:1.0
article:1.0
lrw509f:1.0
rpi.edu:1.0
wangr:1.0
vccsouth22.its.rpi.edu:1.0
rex:1.6931471805599454
wang:1.0
writes:1.0
people:2.386294361119891
stupid:1.0
cause:1.0
record:2.09861228866811
sooooo:1.0
stuppid:1.0
put:1.6931471805599454
win:2.386294361119891
first:1.6931471805599454
list:1.0
different:2.09861228866811
man:1.6931471805599454
thought:1.0
net:1.0
good:1.6931471805599454
hockey:1.6931471805599454
might:1.0
great:1.0
math:1.6931471805599454
tell:1.0
two:2.9459101490553135
teams:1.0
ahve:1.0
points:2.386294361119891
retard:1.0
cant:1.0
believe:1.0
actually:1.0
allow:1.0
enlighten:1.0
see:1.0
theres:1.0
thing:1.0
called:1.0
worth:1.6931471805599454
one:2.386294361119891
point:1.0
know:1.6931471805599454
youre:1.0
bear:1.0
getting:1.6931471805599454
ties:1.0
team:1.6931471805599454
played:1.6931471805599454
games:1.6931471805599454
lost:1.0
youd:1.0
tied:1.6931471805599454
wed:1.6931471805599454
also:1.0
standings:1.0
even:1.0
though:1.0
records:1.0
perhaps:1.0
learn:1.0
something:1.0
posting:1.0
starting:1.0
sound:1.0
like:1.0
roger:1.0
alan:1.0
