plarsen:1.6931471805599454
sanjuan:1.0
p:1.6931471805599454
allen:1.6931471805599454
larsen:1.6931471805599454
subject:1.0
canada:1.6931471805599454
3:1.0
sweden:1.6931471805599454
1:1.0
world:2.09861228866811
champioships:1.0
article:1.0
20apr199319243244:1.0
venus.cc.hollandc.pe.ca:2.09861228866811
white:2.09861228866811
take:1.0
baby:1.0
writes:1.0
today:1.0
championships:1.0
munich:1.0
scored:1.6931471805599454
impressive:1.0
3-1:1.0
victory:1.0
defending:1.0
champs:1.0
believe:1.0
4-1:1.0
rod:1.0
brind-amour:1.0
19.59:1.0
third:1.0
kevin:1.0
university:1.0
victoria:1.0
sanjuan.uvic.ca:1.0
