gp2011:2.09861228866811
andy.bgsu.edu:1.6931471805599454
george:2.09861228866811
pavlic:1.6931471805599454
subject:1.0
matt:1.6931471805599454
militzok:1.0
please:1.6931471805599454
read:1.0
article:1.0
gp2011-200493132808:1.0
m248-68.bgsu.edu:1.0
wrote:1.0
sorry:1.6931471805599454
everyone:1.0
wasting:1.0
space:1.0
day:1.0
posted:1.0
mailing:1.0
list:1.6931471805599454
playoff:1.0
stats:1.0
lost:1.0
address:1.6931471805599454
put:1.0
thanks:1.0
guess:1.0
need:1.0
mailserver.bgsu.edu:1.0
