ching:1.6931471805599454
bigwpi.wpi.edu:1.0
logistician:1.6931471805599454
subject:1.0
77s:1.0
need:1.0
players:1.0
wearing:1.0
77:1.0
nhl:1.0
know:1.0
one:1.0
ray:1.0
borque:1.0
bruins:1.0
help:1.0
would:1.0
greatly:1.0
appreciated:1.0
thanx:1.0
reigns:1.0
supreme:1.0
go:2.6094379124341005
blue:1.0
tigers:1.0
pistons:1.0
lions:1.0
red:1.0
wings:1.0
wpi.wpi.edu:1.0
