vergolin:1.0
haydn.lbs.msu.edu:1.0
david:1.0
vergolini:1.0
subject:1.0
probert:2.09861228866811
wendall:1.0
game:2.09861228866811
two:1.6931471805599454
detroit:1.0
toronto:1.6931471805599454
series:1.0
rougher:1.0
believe:1.6931471805599454
clark:1.6931471805599454
coming:1.0
hitting:1.6931471805599454
cylindars:1.0
take:1.0
exception:1.0
fight:1.0
result:1.0
know:1.6931471805599454
sounds:1.0
kind:1.0
ridiculous:1.0
come:1.0
takers:1.0
issue:1.0
