jpc:2.09861228866811
philabs.philips.com:1.6931471805599454
john:1.6931471805599454
p:1.6931471805599454
curcio:1.6931471805599454
subject:1.0
tv:1.6931471805599454
schedule:1.6931471805599454
next:1.0
week:1.0
article:1.0
apr16.043426.69352:1.0
yuma.acns.colostate.edu:1.0
mmb:1.0
lamar.colostate.edu:1.0
michael:1.0
burger:1.0
writes:1.0
united:1.0
states:1.0
april:2.791759469228055
18:2.09861228866811
devils/islanders:1.6931471805599454
pittsburgh:1.6931471805599454
1:1.0
est:1.0
abc:2.09861228866811
eastern:1.0
time:2.09861228866811
zone:1.6931471805599454
st:1.0
louis:1.0
chicago:1.0
12:1.6931471805599454
cdt:1.0
cent/mou:1.0
zones:1.0
los:1.0
angeles:1.0
calgary:1.0
pdt:1.0
pacific:1.0
20:1.0
7:30:2.09861228866811
espn:2.386294361119891
22:1.0
tba:1.6931471805599454
24:1.0
anyone:1.0
know:1.0
alternate:1.0
games:1.0
cities:1.0
local:1.0
broadcast:1.0
rights:1.0
protected:1.0
id:1.0
really:1.0
love:1.0
see:1.6931471805599454
bruins:1.6931471805599454
couple:1.0
times:1.0
pro-patrick:1.0
bias:1.0
shown:1.0
something:1.0
tells:1.0
wait:1.0
conference:1.0
finals:1.0
go:1.0
philips:1.0
laboratories:1.0
345:1.0
scarborough:1.0
road:1.0
914:1.0
945-6442:1.0
briarcliff:1.0
manor:1.0
ny:1.0
10510:1.0
