c5ff:1.0
jupiter.sun.csd.unb.ca:1.0
cook:1.6931471805599454
charlie:2.09861228866811
subject:1.0
ahl:1.6931471805599454
season:1.0
review:1.0
ice:1.0
stuff:1.6931471805599454
article:1.0
1993apr16.001323.10308:1.0
news.clarkson.edu:1.0
farenebt:1.0
craft.camp.clarkson.edu:1.0
droopy:1.0
writes:1.0
senators:2.09861228866811
sold:1.0
deleted:1.0
currently:1.0
serious:1.0
negotiations:1.0
charlottetown:1.6931471805599454
new:1.6931471805599454
brunswick:1.6931471805599454
expected:1.0
move:1.6931471805599454
announced:1.0
franchise:1.0
p.e.i:1.0
prince:1.0
edward:1.0
island:1.0
calvin.cs.unb.ca:1.0
