klaty:1.6931471805599454
atchafalaya.engin.umich.edu:1.0
brad:1.6931471805599454
alan:1.0
subject:1.0
goalies:1.0
ive:1.0
heard:1.0
score:1.0
belfour:1.0
shooting:1.6931471805599454
high:1.6931471805599454
goes:1.0
lot:1.0
potvin:1.0
getting:1.0
rebound:1.0
plays:1.0
deep:1.0
net:1.0
truth:1.0
wings:1.0
fan:1.0
predictions:1.0
