yvon:2.09861228866811
ramsey.cs.laurentian.ca:1.0
lavoie:1.6931471805599454
subject:1.0
hot:2.09861228866811
cold:1.6931471805599454
streaks:1.0
ok:1.0
guys:1.0
need:2.386294361119891
list:1.0
teams:1.0
last:1.0
25:1.0
games:1.0
doesnt:1.0
accurate:1.0
rough:1.0
guess:1.0
im:1.0
enter:1.0
playoff:1.0
pool:1.0
want:1.0
know:1.0
going:1.0
playoffs:1.0
dont:1.0
mention:1.0
pittsburgh:1.0
cant:1.0
get:1.0
hotter:1.0
p.s:1.0
sunday:1.0
