twork:1.6931471805599454
egr.msu.edu:1.0
michael:1.0
subject:1.0
thumbs:1.0
espn:1.0
especially:1.0
wings:1.6931471805599454
player:1.6931471805599454
hit:1.0
rut:1.0
went:1.0
boards:1.0
injuring:1.0
shoulder:1.0
blotted:1.0
injury:1.0
report:1.0
yves:1.0
racine:1.0
returned:1.0
later:1.0
period:1.0
mike:1.0
