gld:2.386294361119891
cunixb.cc.columbia.edu:1.0
gary:1.6931471805599454
l:1.6931471805599454
dare:1.6931471805599454
subject:1.0
pat:1.6931471805599454
burns:1.6931471805599454
mark:1.0
whitten:1.0
347nfet:1.0
cmuvm.csv.cmich.edu:1.0
writes:1.0
id:1.0
throw:1.0
towel:1.0
wings:1.0
dominated:1.0
every:1.0
aspect:1.0
game:1.0
trying:1.0
mix:1.0
lines:1.0
dead:1.0
end:1.0
rangers:1.0
found:1.0
last:1.0
years:1.0
playoffs:1.0
late:1.0
try:1.0
line-juggling:1.0
point:1.0
je:1.0
souviens:1.0
columbia.edu:1.0
go:1.6931471805599454
winnipeg:1.0
jets:1.0
cunixc.bitnetselanne:1.0
domi:1.0
stanley:1.0
