htilney:1.0
vax.clarku.edu:1.0
subject:1.0
bruins:1.6931471805599454
klingon:1.6931471805599454
connection:1.0
wondering:1.0
star:1.0
trek:1.0
tng:1.0
fans:1.0
newsgroup:1.0
knew:1.0
possible:1.0
relationship:1.0
players:1.0
douris:1.0
moog:1.6931471805599454
names:1.0
duras:1.0
worf:1.0
son:1.0
suppose:1.0
coincidence:1.0
curious:1.0
bart:1.0
