umturne4:1.6931471805599454
ccu.umanitoba.ca:1.6931471805599454
daryl:1.6931471805599454
turner:1.6931471805599454
subject:1.0
nhl:1.0
team:1.0
captains:2.09861228866811
article:1.6931471805599454
1993apr20.113953.18879:1.0
jarvis.csri.toronto.edu:1.0
leunggm:1.0
odin.control.utoronto.ca:1.0
gary:1.0
leung:1.0
writes:1.6931471805599454
1993apr20.151818.4319:1.0
samba.oit.unc.edu:1.0
scott.marks:1.0
launchpad.unc.edu:1.0
scott:1.0
marks:1.0
course:1.6931471805599454
mike:1.6931471805599454
ramsey:1.0
one:1.0
time:1.0
captain:2.791759469228055
buffalo:1.0
prior:1.0
traded:2.791759469228055
pittsburgh:1.0
currently:1.0
penguins:1.0
3:1.0
former:1.0
1:1.0
real:1.0
lemieux:1.0
playing:1.0
rotate:1.0
season:1.0
even:1.6931471805599454
c:2.09861228866811
mario:1.0
troy:1.6931471805599454
loney:1.0
worn:1.0
pens:1.0
think:1.6931471805599454
foligno:1.0
sabres:1.0
got:1.6931471805599454
leafs:2.09861228866811
also:1.0
wasnt:1.6931471805599454
rick:1.0
vaive:1.0
chicago:1.0
steve:1.0
thomas:1.0
ed:1.0
olcyzk:1.0
someone:1.0
speaking:1.0
believe:1.0
darryl:1.0
sittler:1.0
hed:1.0
torn:1.0
jersey:1.0
re-claimed:1.0
captaincy:1.0
later:1.0
flyers:1.0
oh:1.0
yeah:1.0
gretzky:1.0
oilers:1.0
dale:1.0
hawerchuk:1.6931471805599454
murray:1.6931471805599454
jets:2.386294361119891
year:1.0
mid-season:1.0
years:1.0
ago:1.0
off-season:1.0
r.s.h:1.0
contact:1.0
winnipeg:1.0
internet:1.0
fidonet:1.0
1:348/701:1.0
1:348/4:1.0
please:1.0
route:1.0
348/700:1.0
tkachuk:1.0
zhamnov:1.0
sel:1.6931471805599454
nne:1.6931471805599454
shoots:1.0
scores:1.0
win:1.6931471805599454
cup:1.6931471805599454
essensa:1.0
vezina:1.0
housley:1.0
norris:1.0
calder:1.0
