patrick:1.6931471805599454
walker:1.6931471805599454
f1hh:1.0
unb.ca:1.0
subject:1.0
guy:1.0
bad-mouthed:1.0
ulf:1.6931471805599454
ditto:1.0
allow:1.0
people:1.6931471805599454
like:1.6931471805599454
continue:1.0
shame:1.0
say:1.6931471805599454
cheap:1.0
shots:1.0
drawing:1.0
penalties:1.0
fake:1.0
ing:1.0
part:1.0
game:1.0
bullsh-t:1.0
ever:1.0
tried:1.0
yzerman:1.0
hed:1.0
would:1.0
deal:1.0
probert:1.0
wouldnt:1.0
isnt:1.0
even:1.0
retaliatory:1.0
theres:1.0
way:1.0
one:1.0
could:1.0
justify:1.0
theyre:1.0
fools:1.0
university:1.0
new:1.0
brunswick:1.0
canada:1.0
detroit:1.0
fan:1.0
extraordinaire:1.0
