umturne4:1.6931471805599454
ccu.umanitoba.ca:1.6931471805599454
daryl:1.6931471805599454
turner:1.6931471805599454
subject:1.0
espn:1.6931471805599454
sucks:1.0
ot:1.0
baseball:1.6931471805599454
guess:1.0
showing:1.0
meaningless:1.0
relatively:1.0
game:1.6931471805599454
overtime:1.0
tied:1.0
less:1.0
3:1.0
seconds:1.0
left:1.0
clock:1.0
gim:1.0
break:1.0
get:1.0
brilliant:1.0
decisions:1.0
r.s.h:1.0
contact:1.0
winnipeg:1.0
jets:2.09861228866811
internet:1.0
fidonet:1.0
1:348/701:1.0
1:348/4:1.0
please:1.0
route:1.0
348/700:1.0
tkachuk:1.0
zhamnov:1.0
sel:1.6931471805599454
nne:1.6931471805599454
shoots:1.0
scores:1.0
win:1.6931471805599454
cup:1.6931471805599454
essensa:1.0
vezina:1.0
housley:1.0
norris:1.0
calder:1.0
