gld:2.386294361119891
cunixb.cc.columbia.edu:1.0
gary:1.6931471805599454
l:1.6931471805599454
dare:1.6931471805599454
subject:1.0
guy:1.0
bad-mouthed:1.0
ulf:1.0
patrick:1.0
walker:1.0
f1hh:1.0
unb.ca:1.0
writes:1.0
ever:1.0
tried:1.0
like:1.0
yzerman:1.0
hed:1.0
would:1.0
deal:1.0
probert:1.0
wouldnt:1.0
realize:1.0
many:1.0
smiles:1.0
crossing:1.0
faces:1.0
wrote:1.0
je:1.0
souviens:1.0
columbia.edu:1.0
go:1.6931471805599454
winnipeg:1.0
jets:1.0
cunixc.bitnetselanne:1.0
domi:1.0
stanley:1.0
