holger.ohlwein:1.6931471805599454
ap.mchp.sni.de:1.6931471805599454
holger:2.09861228866811
ohlwein:1.6931471805599454
subject:1.0
canada:2.386294361119891
3:1.0
sweden:2.09861228866811
1:1.0
world:2.09861228866811
champioships:1.0
article:1.0
20apr199319243244:1.0
venus.cc.hollandc.pe.ca:1.6931471805599454
white:1.0
take:1.0
baby:1.0
writes:1.0
today:1.0
championships:1.0
munich:1.6931471805599454
scored:1.0
impressive:1.0
3-1:1.0
victory:1.0
defending:1.0
champs:1.0
game:1.6931471805599454
seen:1.0
yesterday:1.0
olympiahalle:1.0
4-1:1.0
last:1.0
goal:1.0
19:59:1.0
3rd:1.0
period:1.0
maybe:1.0
shouldnt:1.0
go:1.0
get:1.0
another:1.0
beer:1.0
post:1.0
imaginary:1.0
results:1.0
e:1.6931471805599454
n:1.6931471805599454
ap153:1.0
otto-hahn-ring:1.0
6:1.0
8000:1.0
muenchen:1.0
83:1.0
tel:1.0
49:1.0
89:1.0
636-3746:1.0
email:1.0
x:1.0
r:1.0
f:1.0
never:1.0
put:1.0
till:1.0
tomorrow:1.0
avoid:1.0
together:1.0
