caine:1.6931471805599454
uxa.cso.uiuc.edu:1.0
lord:1.0
vader:1.0
subject:1.0
trivia:1.0
habs:1.6931471805599454
ok:1.0
im:1.0
sure:1.0
asked:1.0
100s:1.0
times:1.0
wondered:1.0
since:1.0
heard:1.0
hell:1.0
nickname:1.0
come:1.0
montreal:1.0
canadiens:1.0
thanks:1.0
advance:1.0
schneider:1.0
