mjr4u:1.0
virginia.edu:1.0
matthew:1.0
j:1.0
rush:1.0
subject:1.0
espn:2.09861228866811
actually:1.0
angry:1.0
went:1.0
away:1.0
pens:1.6931471805599454
game:1.0
fan:1.0
central:1.0
virginia:1.0
kinda:1.0
tough:1.0
get:1.6931471805599454
see:1.0
play:1.0
caps:2.09861228866811
cause:1.0
close:1.0
enough:1.0
dc:1.0
games:1.0
switched:1.0
aaaggghhh:1.0
matt:1.0
