boora:1.0
kits.sfu.ca:1.0
godfather:1.6931471805599454
subject:1.0
abc:1.6931471805599454
real:1.6931471805599454
thing:1.0
ok:1.0
seems:1.0
everyone:1.0
else:1.0
canada:1.0
treated:1.6931471805599454
telecast:1.0
people:1.0
rogers:1.0
tv:1.0
surrey:1.0
bc:1.0
two:1.0
channels:1.0
stink:1.0
commentator:1.0
whitman:1.0
play-by-play:1.0
