filinuk:1.6931471805599454
staff.dccs.upenn.edu:1.0
geoff:1.6931471805599454
subject:1.6931471805599454
flyers:2.09861228866811
without:2.09861228866811
eric:1.6931471805599454
article:1.6931471805599454
1993apr20.211124.23075:1.6931471805599454
btree.uucp:2.386294361119891
terry:2.6094379124341005
whalen:1.6931471805599454
writes:1.6931471805599454
path:1.0
netnews.upenn.edu:1.0
newsserver.jvnc.net:1.0
howland.reston.ans.net:1.0
usc:1.0
news.se:1.0
ervice.uci.edu:1.0
network.ucsd.edu:1.0
btree:1.0
newsgroups:1.0
rec.sport.hockey:1.0
message-id:1.0
date:1.0
20:1.0
apr:1.0
93:1.0
21:11:24:1.0
gmt:1.0
references:1.0
1993apr19.030101.116104:1.6931471805599454
ns1.cc.lehigh.edu:2.09861228866811
organization:1.0
brooktree:1.0
corporation:1.0
lines:1.0
47:1.0
ksc2:1.0
kevin:1.0
carragher:1.0
philadelphia:1.0
inquirer:1.0
posted:1.0
following:1.0
stats:1.0
lindros:2.09861228866811
29-23-9:1.0
goals:2.386294361119891
average:2.386294361119891
3.49:1.0
scored:1.6931471805599454
4.27:1.0
7-14-2:1.0
3.92:1.0
2.52:1.0
think:1.0
difference:1.0
obvious:1.0
hes:1.0
dominant:1.0
player:1.6931471805599454
skip:1.0
yes:1.0
become:1.0
major:1.0
franchise:1.0
bring:1.0
cup:1.0
6:1.0
7:1.0
years:1.0
name:1.0
captain:1.0
next:1.0
year:1.0
recchi:1.0
