mvs1:1.6931471805599454
cec2.wustl.edu:1.6931471805599454
michael:1.6931471805599454
virata:1.0
sy:1.6931471805599454
subject:1.0
red:1.0
wings:1.0
goespel:1.0
dont:1.0
forget:1.0
paul:1.0
ysebaert:1.0
ex-devil:1.0
hes:1.0
good:1.0
team:1.0
player:1.0
new:1.0
jersey:1.0
devils:1.0
