delarocq:2.09861228866811
eos.ncsu.edu:2.09861228866811
derrell:1.0
emery:1.0
larocque:1.0
subject:1.0
buffalo:2.386294361119891
4:1.0
boston:2.6094379124341005
0:1.0
defense:1.0
tonight:1.6931471805599454
sabres:1.0
blanked:1.0
bruins:1.0
4-0:1.0
looks:1.0
like:1.0
hang:1.0
season:1.0
buffalos:1.0
home:1.0
record:1.0
awesome:1.0
great:1.0
fans:1.0
might:1.0
get:1.0
see:1.0
revenge:1.0
last:1.0
year:1.0
1988,1989,1990,1991:1.0
afc:2.09861228866811
east:1.0
division:1.0
champions:1.6931471805599454
1991,1992:1.0
1993:1.0
conference:1.0
squished:1.6931471805599454
fish:1.6931471805599454
monday:1.0
night:1.0
football:1.0
november:1.0
16:1.0
1992:1.6931471805599454
trash:1.0
talking:1.0
championship:1.0
january:1.0
17:1.0
bills:1.0
fan:1.6931471805599454
email:1.0
talk:1.0
games:1.0
insight:1.0
etc:1.0
packers:1.0
let:1.0
know:1.0
interested:1.0
news:1.0
green:1.0
bay:1.0
