icop:1.0
csa.bu.edu:1.0
antonio:1.0
pera:1.0
subject:1.0
request:1.0
list:2.09861228866811
boston:1.0
univ:1.0
players:1.6931471805599454
nhl:2.09861228866811
proud:1.0
bu:1.6931471805599454
alumnus:1.0
id:1.6931471805599454
like:1.0
get:1.0
keep:1.0
eye:1.0
progress:1.0
lot:1.0
terriers:1.0
graduating:1.0
year:1.0
hope:1.0
see:1.0
soon:1.0
somebody:1.0
could:1.0
post:1.0
send:1.0
appreciate:1.0
please:1.0
note:1.0
player:1.0
graduated:1.0
