c5ff:1.0
jupiter.sun.csd.unb.ca:1.0
cook:1.0
charlie:1.0
subject:1.0
nhl:1.0
summary:1.0
parse:1.0
results:1.0
games:1.0
played:1.0
sun:1.0
april:1.0
18:1.0
1993:1.0
new:2.6094379124341005
jersey:2.6094379124341005
1:6.2574953720277815
0:5.442651256490317
2:5.060443010546419
3:4.295836866004329
pittsburgh:3.0794415416798357
6:3.0794415416798357
first:2.791759469228055
period:3.8903717578961645
tocchet:1.6931471805599454
stevens:2.791759469228055
lemieux:2.6094379124341005
pp:3.5649493574615367
1:40:1.0
barr:1.6931471805599454
guerin:1.6931471805599454
holik:1.6931471805599454
6:24:1.0
jagr:2.386294361119891
ramsey:2.09861228866811
9:33:1.0
second:2.791759469228055
4:3.4849066497880004
murphy:1.6931471805599454
4:11:1.0
5:2.9459101490553135
francis:1.6931471805599454
mullen:1.6931471805599454
12:57:1.0
tippett:1.6931471805599454
mceachern:1.6931471805599454
17:13:1.0
third:2.791759469228055
7:2.386294361119891
samuelsson:1.6931471805599454
8:35:1.0
8:2.09861228866811
niedermayer:2.09861228866811
driver:1.6931471805599454
11:48:1.0
9:2.09861228866811
semak:1.6931471805599454
18:56:1.0
power:3.4849066497880004
play:3.4849066497880004
8-3:1.0
scorer:3.4849066497880004
g:3.4849066497880004
pts:3.4849066497880004
8-1:1.0
st:2.791759469228055
louis:2.791759469228055
chicago:2.6094379124341005
noonan:2.386294361119891
larmer:1.6931471805599454
brown:2.791759469228055
8:17:1.0
shanahan:2.09861228866811
emerson:2.09861228866811
3:12:1.0
roenick:1.6931471805599454
chelios:1.6931471805599454
5:40:1.0
matteau:1.6931471805599454
sutter:1.6931471805599454
8:51:1.0
felsner:1.6931471805599454
mcrae:1.6931471805599454
janney:1.6931471805599454
12:49:1.0
hull:2.09861228866811
11:12:1.0
11:29:1.0
4-2:1.0
7-1:1.6931471805599454
los:3.0794415416798357
angeles:3.0794415416798357
calgary:2.6094379124341005
sydor:2.09861228866811
gretzky:1.6931471805599454
sandstrom:2.09861228866811
0:16:1.0
suter:1.6931471805599454
fleury:1.6931471805599454
sh:1.6931471805599454
2:48:1.0
carson:2.09861228866811
shuchuk:1.6931471805599454
3:13:1.0
huddy:1.6931471805599454
taylor:1.6931471805599454
rychel:1.6931471805599454
3:37:1.0
mcsorley:1.6931471805599454
unassisted:2.09861228866811
6:36:1.0
millen:1.6931471805599454
granato:1.6931471805599454
donnelly:1.6931471805599454
1:06:1.0
dahlquist:1.6931471805599454
otto:1.6931471805599454
4:23:1.0
yawney:1.6931471805599454
macinnis:1.6931471805599454
reichel:1.6931471805599454
8:47:1.0
robitaille:1.6931471805599454
10:32:1.0
10-2:1.0
8-0:1.0
special:1.0
goals:1.0
total:1.0
ny:1.6931471805599454
islanders:1.6931471805599454
ferraro:1.6931471805599454
flatley:1.6931471805599454
vaske:1.6931471805599454
5:56:1.0
scoring:1.0
washington:2.386294361119891
hunter:2.09861228866811
elynuik:1.6931471805599454
krygier:1.6931471805599454
3:18:1.0
khristich:2.09861228866811
johansson:2.09861228866811
7:01:1.0
pivonka:1.6931471805599454
15:25:1.0
5-2:1.0
5-0:1.0
buffalo:2.9459101490553135
boston:2.791759469228055
hannan:1.6931471805599454
2:32:1.0
lafontaine:1.6931471805599454
mogilny:2.386294361119891
9:26:1.0
juneau:2.6094379124341005
neely:2.386294361119891
oates:2.386294361119891
7:20:1.0
14:42:1.0
hawerchuk:1.6931471805599454
smehlik:2.09861228866811
19:55:1.0
3:46:1.0
15:44:1.0
heinze:1.6931471805599454
17:00:1.0
overtime:1.6931471805599454
sweeney:1.6931471805599454
khmylev:1.6931471805599454
11:03:1.0
3-0:1.0
montreal:2.386294361119891
quebec:2.6094379124341005
dionne:1.6931471805599454
dipietro:1.6931471805599454
brunet:1.6931471805599454
5:52:1.0
bellows:1.6931471805599454
muller:1.6931471805599454
desjardins:1.6931471805599454
9:58:1.0
rucinsky:1.6931471805599454
lapointe:2.09861228866811
sundin:1.6931471805599454
18:31:1.0
sakic:1.6931471805599454
19:12:1.0
young:1.6931471805599454
ricci:1.6931471805599454
duchesne:1.6931471805599454
16:49:1.0
4-1:1.0
1-0:1.0
