subject:1.0
college:1.6931471805599454
hockey:1.6931471805599454
all-star:1.6931471805599454
roster:1.0
bdhissong:1.0
miavx1.acs.muohio.edu:1.0
could:1.0
someone:1.0
please:1.0
post:1.0
rosters:1.6931471805599454
game:1.0
east:1.0
west:1.0
thanks:1.0
advance:1.0
