filinuk:2.09861228866811
staff.dccs.upenn.edu:1.0
geoff:1.6931471805599454
subject:1.0
selfish:1.0
hockey:2.09861228866811
fans:2.386294361119891
tuesday:1.0
raining:1.0
chicago:1.0
espn:1.0
provided:1.0
bonus:1.0
coverage:1.6931471805599454
seems:1.0
though:1.0
ticked:1.0
ny-wash:1.0
ot:1.0
replaced:1.0
angels:1.0
game:2.09861228866811
people:1.6931471805599454
must:1.0
realize:1.0
baseball:2.09861228866811
instead:1.0
u.s:1.0
scheduled:1.0
air:1.0
advertisers:1.0
money:1.0
paid:1.0
cant:1.0
skip:1.0
dont:1.0
chill:1.0
enjoy:1.0
whatever:1.0
get:1.0
