gibson.bill:2.09861228866811
applelink.apple.com:1.6931471805599454
bill:1.6931471805599454
gibson:1.6931471805599454
subject:1.0
sharks:1.6931471805599454
kingston:1.6931471805599454
fired:1.0
overheard:1.0
san:1.0
jose:1.0
coach:1.0
george:1.0
officially:1.0
terminated:1.0
today:1.0
maybe:1.6931471805599454
good:1.0
news:1.0
bad:1.0
kinda:1.0
liked:1.0
seemed:1.0
lack:1.0
certain:1.0
fire:1.0
chief:1.0
technical:1.0
sponge:1.0
applelink:1.0
apple:1.0
computer:1.0
inc:1.0
say:1.0
