joe13:1.0
pitt.edu:1.0
joseph:1.0
b:1.0
stiehm:1.0
subject:1.0
bruins:2.386294361119891
come:1.0
boston:1.0
hell:1.0
seven:1.0
wins:1.0
row:1.0
choke:1.0
id:1.6931471805599454
much:1.6931471805599454
rather:1.0
see:1.0
wales:1.0
conference:1.0
finals:1.0
vs:1.0
pitt:1.0
buffalo:1.6931471805599454
quebec:1.6931471805599454
would:1.0
interesting:1.0
cant:1.0
put:1.0
good:1.0
fight:1.0
enjoy:1.0
7-0:1.0
pasteing:1.0
devils:1.6931471805599454
feel:1.0
terrerri:1.0
sp:1.0
ah:1.0
well:1.0
maybe:1.6931471805599454
pull:1.0
pens:1.0
lose:1.0
second:1.0
round:1.0
hope:1.0
meet:1.0
