kkeller:1.6931471805599454
mail.sas.upenn.edu:1.0
keith:2.09861228866811
keller:1.6931471805599454
subject:1.0
detroit-toronto:1.0
whats:1.0
deal:1.0
c.s.h:1.0
nothing:1.0
yet:1.0
ot:1.0
want:1.6931471805599454
know:1.6931471805599454
wheres:1.0
roger:1.0
need:1.0
kellerlets:1.0
go:1.6931471805599454
rangers:1.0
lets:1.0
quakers:1.0
mail.sas.upenn.eduivy:1.0
league:1.0
champs:1.0
cow:1.0
vegetarian:1.0
dish:1.0
1993:1.0
