reif:2.386294361119891
sun8.ruf.uni-freiburg.de:1.0
berthold:1.0
benny:2.09861228866811
subject:1.0
wc:1.0
93:1.0
results:1.0
april:1.0
18:1.0
etxonss:1.0
ufsa.ericsson.se:1.0
staffan:1.0
axelsson:1.0
writes:1.0
forwards:1.0
13:1.0
richard:1.0
zemlicka:1.0
season:1.0
92/93:1.0
playing:1.0
ehc:1.0
freiburg/germany:1.0
email:1.0
sun1.ruf.uni-freiburg.de:1.0
i_______________________________________________________i:1.0
i_i:1.6931471805599454
disclaimer:1.0
text:1.0
reflects:1.0
opinion:1.0
