gwittt:1.6931471805599454
alleg.edu:1.6931471805599454
tom:1.6931471805599454
gwitt:1.6931471805599454
subject:1.0
77s:1.0
article:1.0
1r23on:1.0
4p6:1.0
bigboote.wpi.edu:1.0
ching:1.0
bigwpi.wpi.edu:1.0
logistician:1.0
writes:1.0
need:1.0
players:1.0
wearing:1.0
77:1.6931471805599454
nhl:1.0
know:1.0
one:1.0
ray:1.0
borque:1.0
bruins:1.0
help:1.0
would:1.0
greatly:1.0
appreciated:1.0
thanx:1.0
pierre:1.0
turgeon:1.0
formely:1.0
sabres:1.0
isles:1.0
wears:1.0
least:1.0
buffalo:1.0
