ua256:1.6931471805599454
freenet.victoria.bc.ca:1.6931471805599454
tom:1.6931471805599454
moffat:1.6931471805599454
subject:1.0
pwter:1.0
forsberg:1.0
e:1.0
give:1.0
stats:1.0
forsrg:1.0
world:1.0
championships:1.0
sao:1.0
mail:1.0
victoria:1.0
b.c:1.0
canada:1.0
