georgeh:1.0
gjhsun:1.0
george:1.0
h:1.0
subject:1.0
cherry:1.0
help:1.0
lmarsha:1.0
cms.cc.wayne.edu:1.0
laurie:1.0
marshall:1.0
writes:1.0
got:1.0
nickname:1.0
grapes:2.09861228866811
im:1.0
sure:1.0
use:1.0
coach:1.6931471805599454
boston:1.0
bruins:1.6931471805599454
dont:1.0
know:1.6931471805599454
exactly:1.0
could:1.0
someone:1.0
fill:1.0
info:1.0
think:1.0
name:1.0
came:1.0
minors:1.0
used:1.0
chew:1.0
keep:1.0
getting:1.0
dehydrated:1.0
games:1.0
dog:1.0
blue:1.0
may:1.0
named:1.0
cause:1.0
liked:1.0
labatts:1.0
beer:1.0
anyone:1.0
