coulman:2.386294361119891
cs.usask.ca:1.6931471805599454
randy:1.6931471805599454
subject:1.0
whl:2.09861228866811
playoff:2.09861228866811
results:1.0
04/18/93:1.0
monday:1.0
april:3.1972245773362196
12:1.6931471805599454
1993:3.1972245773362196
kamloops:2.9459101490553135
4:1.6931471805599454
spokane:1.6931471805599454
1:2.09861228866811
wins:1.0
3-0:1.0
western:1.0
final:1.0
matchup:1.0
portland:2.386294361119891
tuesday:1.0
13:2.09861228866811
games:2.09861228866811
necessary:1.6931471805599454
wednesday:1.0
14:2.9459101490553135
thursday:1.0
15:2.386294361119891
scheduled:1.0
friday:1.0
16:2.09861228866811
regina:2.09861228866811
2:1.6931471805599454
swift:3.1972245773362196
current:3.1972245773362196
7:2.791759469228055
series:2.386294361119891
0-1:1.6931471805599454
3:1.6931471805599454
6:2.386294361119891
saturday:1.0
17:1.6931471805599454
8:2.9459101490553135
0-2:1.0
sunday:1.0
18:2.09861228866811
5:2.791759469228055
2-0:1.0
scoring:1.0
leaders:1.0
player:1.6931471805599454
gp:1.0
g:1.0
pts:1.0
jamie:1.0
black:1.0
tacoma:1.6931471805599454
22:1.0
andy:1.0
schneider:1.0
20:1.0
valeri:1.0
bure:1.0
9:3.1972245773362196
11:2.386294361119891
allan:1.0
egeland:1.0
dean:1.0
mcammond:1.0
jason:1.0
krywulak:1.0
cam:1.0
danyluk:1.0
medicine:1.0
hat:1.0
10:1.6931471805599454
todd:1.0
holt:1.0
tyler:1.0
wright:1.0
mike:1.0
mathers:1.0
jeff:1.0
friesen:1.0
rick:1.0
girard:1.0
leading:1.0
goaltenders:1.0
minimum:1.0
60:1.0
minutes:1.0
mp:1.0
ga:1.0
gaa:1.0
scott:1.0
langkow:1.0
295:1.0
0:2.09861228866811
2.44:1.0
milan:1.0
hnilicka:1.0
497:1.0
21:1.0
2.54:1.0
trevor:1.0
robins:1.0
brandon:1.0
258:1.0
2.56:1.0
steve:1.0
passmore:1.0
341:1.0
2.82:1.0
mark:1.0
dawkins:1.0
red:1.0
deer:1.0
269:1.0
2.90:1.0
m.sc:1.0
aries:1.0
laboratory:1.0
research:1.0
assistant:1.0
department:1.0
computational:1.0
science:1.0
university:1.0
saskatchewan:1.0
saskatoon:1.0
sk:1.0
s7n:1.0
0w0:1.0
