mmb:1.0
lamar.colostate.edu:1.0
michael:1.0
burger:1.0
subject:1.0
tv:1.0
info:1.0
united:1.0
states:1.0
coverage:1.6931471805599454
sunday:1.6931471805599454
april:2.9459101490553135
18:1.6931471805599454
n.j./n.y.i:1.6931471805599454
pittsburgh:2.09861228866811
1:00:1.0
edt:2.791759469228055
eastern:1.0
time:1.0
zone:1.0
abc:2.09861228866811
gary:1.6931471805599454
thorne:1.6931471805599454
bill:1.6931471805599454
clement:1.6931471805599454
st:1.6931471805599454
louis:1.6931471805599454
chicago:1.6931471805599454
12:00:1.6931471805599454
cdt:1.0
11:00:1.6931471805599454
mdt:1.0
central/mountain:1.0
zones:1.6931471805599454
mike:1.0
emerick:1.0
jim:1.0
schoenfeld:1.0
los:1.0
angeles:1.0
calgary:1.0
pdt:1.0
adt:1.0
pacific/alaskan:1.0
al:1.0
michaels:1.0
john:1.0
davidson:1.0
tuesday:1.6931471805599454
20:1.6931471805599454
7:30:2.386294361119891
nationwide:2.6094379124341005
espn:1.6931471805599454
thursday:1.0
22:1.0
saturday:1.0
24:1.0
announced:1.6931471805599454
canadian:1.0
buffalo:1.0
boston:1.0
tsn:2.09861228866811
n.j.d./n.y:1.0
wednesday:1.0
21:1.0
8:30:1.0
