lmcmasc:1.0
noah.ericsson.se:1.0
mauro:1.6931471805599454
schena:1.0
subject:1.0
stats:1.6931471805599454
anyone:1.0
player:1.0
games:1.0
played:1.0
april:1.0
22,1993:1.0
