gwittt:1.6931471805599454
alleg.edu:1.6931471805599454
tom:1.6931471805599454
gwitt:1.6931471805599454
subject:1.0
buffalo:1.6931471805599454
sabres:2.09861228866811
article:1.0
1r8pc7:1.0
sa5:1.0
msuinfo.cl.msu.edu:1.0
vergolin:1.0
euler.lbs.msu.edu:1.0
david:1.0
vergolini:1.0
writes:1.0
ok:1.0
fans:1.0
red:1.0
wings:1.0
fan:1.0
amazed:1.0
beating:1.0
bruins:1.0
reason:1.0
grant:1.6931471805599454
fuhr:1.6931471805599454
mogilny:1.0
lafontaine:1.0
would:1.0
like:1.0
hear:1.0
since:1.0
know:1.0
much:1.0
two:1.0
words:1.0
