d_jaracz:1.0
oz.plymouth.edu:1.0
david:1.0
r:1.0
jaracz:1.0
subject:1.0
octopus:1.6931471805599454
detroit:1.6931471805599454
article:1.0
93106.092246dlmqc:1.0
cunyvm.bitnet:1.6931471805599454
harold:1.6931471805599454
zazula:1.6931471805599454
dlmqc:1.6931471805599454
writes:1.0
watching:1.0
detroit-minnesota:1.0
game:1.6931471805599454
last:1.0
night:1.0
thought:1.0
saw:1.0
ice:1.6931471805599454
ysebaert:1.0
scored:1.0
tie:1.0
two:1.0
gives:1.0
squid:1.0
keep:1.0
tradition:1.0
alive:1.0
kinda:1.0
like:1.0
fish:1.0
unh:1.0
games:1.0
custom:1.0
throw:1.0
octopuses:1.0
responsible:1.0
dain:1.0
bramaged:1.0
cunyvm.cuny.edu:1.0
hzazula:1.0
alehouse.acc.qc.edu:1.0
