alan:2.09861228866811
lancaster.nsc.com:1.0
hepburn:1.6931471805599454
subject:1.0
hockey:3.3978952727983707
hispanic:1.0
community:1.6931471805599454
article:1.0
saross01.734885336:1.0
starbase.spd.louisville.edu:1.6931471805599454
saross01:1.0
stacey:1.0
ross:1.0
writes:1.6931471805599454
c5i2s2.3bt:1.0
odin.corp.sgi.com:1.0
rickc:1.0
wrigley.corp.sgi.com:1.0
richard:1.0
casares:1.0
youll:1.0
hard:2.09861228866811
time:2.6094379124341005
selling:1.0
sport:1.6931471805599454
cant:1.0
play:2.6094379124341005
account:1.0
availability:1.6931471805599454
financial:1.0
reasons:1.0
pretty:1.0
much:1.0
white:1.6931471805599454
well:1.6931471805599454
yes:1.0
definitely:1.0
season:1.6931471805599454
ticket:1.0
owners:1.0
lowest:1.0
average:1.0
income:1.0
four:1.0
major:1.0
north:1.0
american:1.0
sports:1.0
basis:1.0
claim:1.0
try:1.0
stats:1.0
taken:1.0
playboy:1.0
magazine:1.0
june:1.0
1989:1.0
percentage:3.0794415416798357
pro:3.0794415416798357
football:1.6931471805599454
fans:3.0794415416798357
attended:2.386294361119891
college:2.386294361119891
39.7:1.0
baseball:1.6931471805599454
41.5:1.0
basketball:1.6931471805599454
39.9:1.0
54.6:1.0
earn:1.0
50k:2.386294361119891
34.9:1.0
make:2.09861228866811
22.7:1.0
27.7:1.0
hackey:1.0
44.0:1.0
think:1.6931471805599454
majority:1.0
players:1.0
come:1.0
farm:1.0
boondock:1.6931471805599454
saskatchewan:1.0
weedville:1.6931471805599454
alberta:1.0
biggest:1.6931471805599454
advantage:1.0
kids:1.6931471805599454
ice:3.0794415416798357
san:1.0
jose:1.0
area:1.6931471805599454
population:2.09861228866811
800,000:1.0
served:1.0
2:1.0
arenas:1.6931471805599454
contrast:1.0
kamloops:1.0
british:1.6931471805599454
columbia:1.6931471805599454
50,000:1.0
5:1.0
rinks:2.09861228866811
also:1.0
myriad:1.0
ponds:1.0
pools:1.0
etc:1.6931471805599454
freeze:1.0
winter:1.6931471805599454
find:1.6931471805599454
kid:2.386294361119891
without:1.6931471805599454
bicycle:1.0
pair:1.0
skates:1.6931471805599454
say:1.6931471805599454
know:2.09861228866811
hes:1.0
california:1.0
let:1.0
born:1.0
raised:1.0
trail:1.6931471805599454
town:2.386294361119891
8,000:1.0
lots:1.0
father:1.0
radio:1.0
local:1.0
team:1.6931471805599454
smokeaters:1.0
way:1.6931471805599454
last:1.6931471805599454
canadian:1.0
win:1.0
world:1.0
championship:1.0
back:1.0
1961:1.0
almost:1.0
soon:1.0
could:1.6931471805599454
walk:1.0
playing:1.0
recreational:1.0
35:1.0
years:1.0
saw:1.0
league:1.0
inner:2.386294361119891
city:2.6094379124341005
insurance:2.09861228866811
alone:1.0
big:1.6931471805599454
enough:1.0
barrier:1.6931471805599454
isnt:1.0
place:1.0
poor:1.0
lack:1.0
factor:1.6931471805599454
costs:1.6931471805599454
bigger:1.0
santa:2.09861228866811
clara:1.6931471805599454
valley:1.0
association:1.0
ended:1.0
cost:1.0
75:1.0
per:2.09861228866811
membership:1.0
usa:1.6931471805599454
plus:1.0
750:1.0
club:1.6931471805599454
dues:1.6931471805599454
fees:1.6931471805599454
cover:1.6931471805599454
excess:1.0
medical:1.0
officials:1.0
trophies:1.0
areas:1.6931471805599454
similar:1.0
unless:1.0
government:1.0
subsidises:1.0
stockton:1.0
located:1.0
called:1.0
eastridge:1.0
vallco:1.0
exceptions:1.0
redwood:1.0
citys:1.0
rink:1.6931471805599454
industrial:1.0
bay:1.0
rd:1.0
near:1.6931471805599454
101:1.0
berkeleys:1.0
ashby:1.0
martin:1.0
luther:1.0
king:1.0
stocktons:1.0
oak:1.0
park:1.0
sacramentos:1.0
older:1.6931471805599454
section:1.6931471805599454
downtown:1.0
forget:1.0
name:1.0
street:1.0
fresnos:1.0
edge:1.0
west:1.0
99:1.0
rosas:1.0
nice:1.0
dublins:1.0
outside:1.0
580:1.0
old:1.0
expensive:1.0
run:1.0
huge:1.0
electric:1.0
bills:1.0
premiums:1.0
want:1.0
buy:1.0
expect:1.0
pay:1.0
around:1.0
100:1.0
hour:2.09861228866811
give:1.6931471805599454
60:1.0
minute:1.6931471805599454
money:1.0
others:1.0
50:1.0
include:1.0
resurfacing:1.0
fee:1.0
man:1.0
doesnt:1.6931471805599454
knows:1.6931471805599454
national:1.0
semiconductor:1.0
ca:1.0
berlioz.nsc.com:1.0
thomas:1.0
carlyle:1.0
