enolan:1.0
sharkbite.esd.sgi.com:1.0
ed:1.0
nolan:1.0
subject:1.0
devils:1.6931471805599454
islanders:1.6931471805599454
tiebreaker:1.0
beat:1.0
tonight:1.0
would:1.0
finish:1.0
identical:1.0
records:1.0
whos:1.0
lucky:1.0
team:1.0
gets:1.0
face:1.0
penguins:1.0
opening:1.0
round:1.0
also:1.0
somebody:1.0
list:1.0
rules:1.0
breaking:1.0
ties:1.0
