gak:2.386294361119891
wrs.com:1.6931471805599454
richard:1.6931471805599454
stueven:1.6931471805599454
subject:1.0
octopus:1.0
detroit:1.0
faq:1.0
fun:1.0
aha:1.0
22584:1.0
erected:1.0
multitude:1.0
new:1.0
internet:1.0
go:1.0
offices:1.0
sent:1.0
hither:1.0
swarms:1.0
attmail:1.6931471805599454
gakhaus:1.0
sharx:1.0
officers:1.0
harass:1.0
people:1.0
cow:1.0
palace:1.0
107/h/3-4:1.0
eat:1.0
substance:1.0
