jbrown:1.0
vax.cns.muskingum.edu:1.0
subject:1.0
blackhawks:1.0
win:1.6931471805599454
hawks:2.386294361119891
jermey:1.0
roenick:1.0
scored:1.0
50:1.0
th:1.0
goal:1.0
put:1.0
leafs:1.6931471805599454
place:1.0
losers:1.0
column:1.0
even:1.0
beat:1.0
match:1.0
little:1.0
meaning:1.0
hate:1.0
see:1.0
wings:1.0
oh:1.0
btw:1.0
laugh:1.0
rm:1.0
jerky:1.0
go:1.0
jb:1.0
