huot:2.386294361119891
cray.com:1.6931471805599454
tom:1.6931471805599454
subject:1.0
espn2:2.09861228866811
tell:1.0
us:1.0
geoff:1.0
filinuk:1.6931471805599454
staff.dccs.upenn.edu:1.0
wrote:1.0
comes:1.0
indirectly:1.0
al:1.0
morgani:1.0
works:1.0
studio:1.0
espn:1.6931471805599454
hockey:2.386294361119891
text:1.0
deleted:1.0
contractual:1.0
obligation:1.0
show:1.0
baseball:2.09861228866811
could:1.0
broadcast:1.0
ot:1.0
game:1.0
next:1.0
year:1.0
introduced:1.0
fans:1.6931471805599454
watch:1.6931471805599454
hadnt:1.0
heard:1.0
new:1.6931471805599454
network:1.0
supposed:1.0
start:1.0
sounds:1.0
great:1.0
long:1.0
cable:1.0
co:1.0
offers:1.0
