joe13:1.0
pitt.edu:1.0
joseph:1.6931471805599454
b:1.0
stiehm:1.6931471805599454
subject:1.0
beat:1.6931471805599454
pittsburgh:1.6931471805599454
article:1.0
1993apr15.214902.3372:1.0
guvax.acc.georgetown.edu:1.6931471805599454
apanjabi:1.0
writes:1.0
iii.kevin:1.0
stevens:1.0
a.fighting:1.0
1.call:1.0
bob:1.0
probert:1.0
2.call:1.0
tie:1.0
domi:1.0
3.call:1.0
grandmother:1.0
shed:1.0
kick:1.0
ass:1.0
yeah:1.0
ive:1.0
seen:1.0
youre:1.0
grand:1.0
mother:1.0
bet:1.0
could:1.0
