golchowy:1.0
alchemy.chem.utoronto.ca:1.0
gerald:1.6931471805599454
olchowy:1.0
subject:1.0
hockey:1.0
guest:1.0
spots:1.0
article:1.0
22apr93.25499311.0068:1.0
vm1.mcgill.ca:1.0
jbe5:1.6931471805599454
musicb.mcgill.ca:1.0
writes:1.0
manon:1.0
rheaume:1.0
letterman:1.6931471805599454
sept:1.0
1992:1.0
english:1.0
terrible:1.0
took:1.0
cheap:1.0
shots:1.6931471805599454
although:1.0
funny:1.0
uncalled:1.0
well:1.0
contrary:1.0
thought:1.0
dave:1.0
rather:1.0
taken:1.0
accent:1.0
h:1.0
ockey:1.0
passion:1.0
