vallille:1.0
emr1.emr.ca:1.0
roy:1.6931471805599454
vallillee:1.0
subject:1.0
sabre:2.09861228866811
fans:1.6931471805599454
yes:1.6931471805599454
see:1.0
finally:1.0
taking:1.0
sweaters:1.0
moth:1.6931471805599454
balls:1.6931471805599454
proudly:1.0
wearing:1.0
9:1.0
years:1.0
playoff:1.0
frustration:1.0
3:1.0
games:1.0
nil:1.0
guess:1.0
pretty:1.0
good:1.0
bet:1.0
team:1.0
come:1.0
back:1.0
0-3:1.0
deficit:1.0
since:1.0
1975:1.0
could:1.0
year:1.0
dont:1.0
throw:1.0
yet:1.0
