duncan:2.386294361119891
x08x08:1.0
nicholas:1.0
subject:1.0
wheres:1.0
roger:1.0
really:1.0
feel:1.0
need:1.0
knowledgable:1.0
hockey:1.0
observer:1.0
explain:1.0
years:1.0
playoffs:1.0
mean:1.0
obviously:1.0
superior:1.0
toronto:1.0
team:1.0
best:1.6931471805599454
center:1.0
goalie:1.0
league:1.0
keeps:1.0
losing:1.0
gives:1.0
stand:1.0
misstatements:1.0
ive:1.0
made:1.0
vice:1.0
president:1.0
dan:1.0
quayle:1.0
sam:1.0
donaldson:1.0
8/17/89:1.0
nick:1.0
mprgate.mpr.ca:1.0
