bks2:1.0
cbnewsi.cb.att.com:1.0
bryan.k.strouse:1.0
subject:1.0
nhl:1.6931471805599454
playoff:1.6931471805599454
results:1.6931471805599454
games:1.0
played:1.0
4-22-93:1.0
4/22/93:1.0
conference:1.0
semi-finals:1.0
best:1.0
seven:1.0
patrick:1.0
adams:1.0
norris:1.0
smythe:1.0
nj:1.0
buf:2.6094379124341005
leads:3.3978952727983707
3-0:2.791759469228055
stl:1.0
2-0:2.09861228866811
win:1.0
pit:2.6094379124341005
bos:2.386294361119891
chi:1.0
van:1.0
nyi:2.6094379124341005
2-1:2.791759469228055
mon:2.09861228866811
tor:1.0
la:1.0
tied:1.0
1-1:1.0
que:1.6931471805599454
det:1.0
cal:1.0
quebec:1.6931471805599454
nordiques:1.6931471805599454
series:2.386294361119891
1:4.610917912644224
0:3.772588722239781
montreal:1.6931471805599454
canadiens:2.386294361119891
2:3.302585092994046
1st:2.386294361119891
period:3.4849066497880004
sundin:1.0
gusarov:1.0
1:17:1.0
2nd:2.386294361119891
muller:1.0
damphousse:1.6931471805599454
bellows:1.6931471805599454
pp:2.791759469228055
1:30:1.0
3rd:2.386294361119891
none:1.6931471805599454
overtime:2.09861228866811
desjardins:1.0
10:30:1.0
powerplay:2.386294361119891
opportunities-nordiques:1.0
4:3.1972245773362196
6:2.386294361119891
shots:3.4849066497880004
goal-nordiques:1.0
12:2.386294361119891
14:1.6931471805599454
5:2.386294361119891
35:2.386294361119891
11:2.386294361119891
13:1.0
50:1.6931471805599454
hextall:1.0
48:1.0
saves:3.0794415416798357
roy:1.0
1-2:1.6931471805599454
34:2.6094379124341005
att-17,679:1.0
pittsburgh:1.6931471805599454
penguins:1.6931471805599454
3:3.1972245773362196
new:2.386294361119891
jersey:1.6931471805599454
devils:2.386294361119891
njd:2.09861228866811
guerin:1.0
1:03:1.0
mceachern:1.0
straka:1.0
9:36:1.0
holik:1.0
s.stevens:1.0
16:32:1.0
m.lemieux:1.0
murphy:1.6931471805599454
ramsey:1.0
1:07:1.0
taglianetti:1.0
loney:1.0
tippett:1.0
7:05:1.0
francis:1.0
tocchet:1.0
9:31:1.0
semak:1.0
zelepukin:1.0
9:44:1.0
opportunities-penguins:1.0
goal-penguins:1.0
7:1.6931471805599454
16:1.6931471805599454
32:1.6931471805599454
barrasso:1.0
29:1.0
billington:1.0
0-1:1.6931471805599454
31:1.6931471805599454
att-14,974:1.0
boston:1.6931471805599454
bruins:1.6931471805599454
buffalo:1.6931471805599454
sabres:2.386294361119891
mogilny:1.0
lafontaine:1.6931471805599454
hawerchuk:1.6931471805599454
1:33:1.0
khmylev:2.09861228866811
smehlik:1.0
hannan:1.0
4:42:1.0
bourque:1.0
oates:2.09861228866811
donato:1.0
17:1.0
33:1.0
smolinski:1.0
13:28:1.0
b.sweeney:1.0
carney:1.0
14:56:1.0
neely:1.0
shaw:1.0
15:57:1.0
1:05:1.0
opportunities-bruins:1.0
goal-bruins:1.0
8:2.386294361119891
15:1.0
blue:1.0
30:2.09861228866811
fuhr:1.0
att-16,325:1.0
washington:1.6931471805599454
capitals:1.6931471805599454
york:1.6931471805599454
islanders:2.386294361119891
thomas:2.09861228866811
16:37:1.0
burridge:1.0
may:1.0
cavallini:1.0
18:58:1.0
carpenter:1.6931471805599454
ridley:1.6931471805599454
bondra:1.0
6:18:1.0
elynuik:1.0
6:15:1.0
turgeon:1.6931471805599454
king:1.0
11:11:1.0
hogue:1.6931471805599454
19:17:1.0
ferraro:1.0
flatley:1.0
4:46:1.0
opportunities-capitals:1.0
goal-capitals:1.0
10:1.6931471805599454
25:1.6931471805599454
tabaracci:1.0
21:1.0
healy:1.0
27:1.0
att-14,180:1.0
spike:1.0
