gballent:1.6931471805599454
hudson.uvic.ca:1.0
greg:1.6931471805599454
ballentine:1.6931471805599454
subject:1.0
wings:1.6931471805599454
win:1.6931471805599454
article:1.0
735571987:1.0
vela.acs.oakland.edu:1.6931471805599454
ragraca:1.0
randy:1.6931471805599454
graca:1.6931471805599454
writes:1.6931471805599454
vancouver.uvic.ca:1.0
lots:1.0
debate:1.0
virtues:1.0
bryan:1.0
murray:2.6094379124341005
vs:1.0
pat:1.0
quinn:2.791759469228055
gm:2.386294361119891
deleted:1.0
seems:1.0
think:1.6931471805599454
best:1.0
league:1.0
one:1.6931471805599454
several:1.6931471805599454
better:1.6931471805599454
plus:1.0
team:2.386294361119891
quinns:1.0
improved:2.386294361119891
much:1.0
greater:1.0
amount:1.0
detroit:2.09861228866811
since:1.6931471805599454
took:2.09861228866811
figure:1.0
vancouver:2.386294361119891
thing:1.0
last:1.6931471805599454
year:2.09861228866811
division:1.6931471805599454
close:1.0
number:1.0
points:1.6931471805599454
went:1.0
3-1:1.0
first:1.0
round:1.6931471805599454
playoffs:2.09861228866811
finally:1.0
escaping:1.0
7:1.0
games:1.0
got:1.0
knocked:1.0
second:1.0
teams:1.6931471805599454
able:1.0
beat:1.0
less:1.0
talent:1.0
specifically:1.0
remember:1.0
correctly:1.0
third:1.0
place:1.0
make:1.0
im:1.0
mistaken:1.0
end:1.0
season:1.0
albeit:1.0
many:1.0
years:1.0
ago:1.0
regularily:1.0
missed:1.6931471805599454
cant:1.0
recall:1.0
hiring:1.0
probably:1.0
non-playoff:1.0
calibre:1.0
serious:1.0
contender:2.09861228866811
500:1.0
norris:1.0
possibly:1.0
even:1.0
stanley:1.0
cup:1.0
taking:1.0
example:1.0
gregmeister:1.0
