sad:1.0
sei.cmu.edu:1.0
susan:1.6931471805599454
dart:1.6931471805599454
subject:1.0
espn:1.6931471805599454
pisses:1.0
call:1.0
respond:1.0
calls:1.6931471805599454
last:1.0
night:1.0
called:1.0
said:1.0
cutting:1.6931471805599454
baseball:1.0
couldnt:1.0
see:1.0
sudden-death:1.0
overtime:1.6931471805599454
buffalo:1.0
game:1.0
apparently:1.0
received:1.0
enough:1.0
waited:1.0
finish:1.0
away:1.0
phone:1.0
number:1.0
203-585-2000:1.0
