msanfrat:1.0
cs.ucsd.edu:1.0
mike:1.6931471805599454
sanfratello:1.0
subject:1.0
sabres-bruins:1.0
article:1.0
lte5tcinn7vr:1.0
appserv.eng.sun.com:1.0
mre:1.0
teal.eng.sun.com:1.0
eisler:1.0
writes:1.0
im:1.0
buffalo:1.0
fan:1.0
could:1.0
get:1.0
bandwagon:1.0
win:1.0
3:1.0
welcome:1.0
aboard:1.0
since:1.0
havent:1.0
seen:1.0
yet:1.0
year:1.0
preceding:1.0
years:1.0
let:1.0
say:1.0
h:1.6931471805599454
c:1.0
u:1.0
l:1.0
b:1.0
e:1.6931471805599454
r:1.0
