subject:1.0
wings:2.09861228866811
news:1.0
playoff:1.0
thoughts:1.0
kwolfer:1.0
eagle.wesleyan.edu:1.0
article:1.0
1r8u6v:1.0
prv:1.0
msuinfo.cl.msu.edu:1.0
twork:1.6931471805599454
egr.msu.edu:1.0
michael:1.0
writes:1.0
roots:1.0
detroit:1.0
would:1.6931471805599454
valuable:1.0
asset:1.0
perhaps:1.0
rangers:1.0
could:1.0
get:1.0
zombo:1.6931471805599454
return:1.0
wake:1.0
smell:1.0
norris:1.0
rick:1.0
traded:1.0
blues:1.0
vince:1.0
riendo:1.0
sp:1.0
last:1.0
season:1.0
mike:1.6931471805599454
sorry:1.0
defensemen:1.0
willing:1.0
give:1.0
beezer:1.0
