ragraca:1.6931471805599454
vela.acs.oakland.edu:2.09861228866811
randy:2.09861228866811
graca:1.6931471805599454
subject:1.0
wings:1.6931471805599454
win:1.6931471805599454
gballent:1.6931471805599454
hudson.uvic.ca:1.0
greg:1.6931471805599454
ballentine:1.6931471805599454
writes:2.09861228866811
article:1.0
735571987:1.0
vancouver.uvic.ca:1.0
stuff:1.0
deleted:1.0
quinn:2.9459101490553135
took:2.6094379124341005
vancouver:2.386294361119891
several:1.0
years:2.386294361119891
ago:1.0
last:2.6094379124341005
year:2.791759469228055
regularily:1.0
missed:1.6931471805599454
playoffs:2.6094379124341005
cant:1.0
recall:1.0
hiring:1.0
probably:1.0
improved:2.09861228866811
team:2.9459101490553135
non-playoff:1.0
calibre:1.0
serious:1.0
contender:2.6094379124341005
murray:3.0794415416798357
detroit:2.386294361119891
500:1.0
norris:2.6094379124341005
division:2.6094379124341005
possibly:1.0
even:2.386294361119891
stanley:2.09861228866811
cup:2.09861228866811
bryan:1.6931471805599454
make:2.386294361119891
considered:1.0
possible:1.6931471805599454
jacques:1.0
demers:1.6931471805599454
first:2.09861228866811
arrived:1.0
two:1.0
respectively:1.0
embarrassed:1.0
round:1.0
chicago:1.0
failed:1.0
time:1.6931471805599454
might:1.0
add:1.0
five:1.0
teams:1.0
true:1.0
many:1.0
came:1.6931471805599454
smythe:1.6931471805599454
lot:2.09861228866811
mean:1.0
tougher:1.0
also:1.0
known:1.0
snorris:1.0
play:1.6931471805599454
edmonton:1.6931471805599454
calgary:1.0
legitimate:1.0
contenders:1.0
eight:1.0
times:1.0
got:2.09861228866811
powerhouses:1.0
toronto:1.0
minnesota:1.0
hardly:1.0
force:1.0
league:1.0
mighty:1.0
san:1.0
jose:1.0
sharks:1.0
period:1.0
improving:1.0
everybody:1.0
except:1.0
st:1.0
louis:1.0
improve:1.6931471805599454
keep:1.0
competition:1.6931471805599454
get:1.6931471805599454
better:2.386294361119891
inherited:1.0
little:1.0
talent:1.0
really:1.6931471805599454
good:1.6931471805599454
players:1.0
yzerman:1.6931471805599454
burr:1.6931471805599454
probert:1.6931471805599454
doubt:1.0
dispute:1.0
whether:1.0
rest:1.0
either:1.0
green:1.0
rookies:1.0
washed:1.0
veterans:1.0
reason:1.0
far:1.0
due:1.0
coaching:1.6931471805599454
least:1.0
every:1.0
ounce:1.0
effort:1.0
began:1.0
degrade:1.0
since:1.0
taking:1.0
gm:1.6931471805599454
one:1.6931471805599454
example:1.0
number:1.0
reasons:1.0
wasnt:1.0
bad:1.0
shape:1.0
standings:1.0
wise:1.0
vanc:1.0
outlined:1.0
personnel:1.0
work:1.0
outset:1.0
exception:1.0
player:1.0
alone:1.0
im:1.0
sure:1.0
everyone:1.0
reading:1.0
agree:1.0
well:1.0
able:1.0
see:1.0
face:1.0
conference:1.0
final:1.0
assuming:1.0
dont:1.0
knocked:1.0
like:1.0
gregmeister:1.0
