aubin:1.6931471805599454
ccu.umanitoba.ca:1.0
jean:1.0
paul:1.0
subject:1.0
stats:1.6931471805599454
hello:1.0
could:1.6931471805599454
someone:1.0
tell:1.0
find:1.0
faceoff:1.0
91/92:1.0
season:1.0
later:1.0
92/93:1.0
think:1.0
early:1.0
get:1.0
thanks:1.0
lot:1.0
jp:1.0
