kkeller:1.6931471805599454
mail.sas.upenn.edu:1.0
keith:1.6931471805599454
keller:1.0
subject:1.0
potvin:2.386294361119891
stick:2.09861228866811
article:1.6931471805599454
2346575ps380.9.0:1.0
sscl.uwo.ca:1.6931471805599454
2346575ps380:1.0
writes:1.6931471805599454
1r68fs:1.0
fhc:1.0
msuinfo.cl.msu.edu:1.0
hallg:1.6931471805599454
yangtze.egr.msu.edu:1.6931471805599454
terminator:1.6931471805599454
felix:2.09861228866811
deserves:1.0
sh:1.0
kicked:1.0
anyone:1.0
hitting:1.0
pussy:1.0
defensemen:1.0
cant:1.0
seem:1.0
move:1.6931471805599454
big:1.6931471805599454
dino:1.6931471805599454
ciccerelli:1.6931471805599454
510:1.0
180:1.0
lbs:1.0
front:2.09861228866811
net:2.09861228866811
obviously:1.0
toronto:1.0
realized:1.0
overmatched:1.0
wings:1.6931471805599454
must:1.0
rely:1.0
trying:1.0
antagonize:1.0
superior:1.0
red:1.0
cheap:1.0
shots:1.6931471805599454
prefer:1.0
watch:1.0
hockey:2.09861228866811
seeing:1.0
slashing:1.0
spearing:1.0
standing:1.0
every:1.6931471805599454
right:1.6931471805599454
stand:1.0
crease:1.6931471805599454
yes:1.6931471805599454
goalie:2.09861228866811
sure:1.6931471805599454
hell:1.6931471805599454
doesnt:1.0
want:1.0
played:1.0
roller:1.6931471805599454
boy:1.0
miss:1.0
days:1.0
would:1.0
scream:1.0
defense:1.0
clear:1.6931471805599454
guys:1.0
slot:1.6931471805599454
dont:1.0
care:1.0
hes:1.6931471805599454
get:1.0
away:1.0
see:1.6931471805599454
ball:1.0
remember:1.0
nobody:1.0
around:1.0
id:1.0
pushing:1.0
offending:1.0
player:1.6931471805599454
hard:1.0
hate:1.0
people:1.6931471805599454
way:1.6931471805599454
im:1.0
say:1.0
didnt:1.0
incident:1.0
really:1.0
swung:1.0
time:1.0
thats:1.0
ice:1.0
know:1.0
kellerlets:1.0
go:1.6931471805599454
rangers:1.0
mail.sas.upenn.eduivy:1.0
league:1.0
champs:1.0
cornerlets:1.0
quakers:1.0
weighing:1.0
almost:1.0
weight:1.0
imaginable:1.0
life:1.0
surrounds:1.0
blues:1.0
traveler:1.0
1993:1.0
