c5ff:1.0
jupiter.sun.csd.unb.ca:1.0
cook:1.0
charlie:1.0
subject:1.0
nhl:1.0
summary:1.0
parse:1.0
results:1.0
games:1.0
played:1.0
tue:1.0
april:1.0
20:1.0
1993:1.0
ny:2.9459101490553135
islanders:2.9459101490553135
1:5.61512051684126
2:4.688879454113936
0:5.04305126783455
5:2.791759469228055
washington:2.791759469228055
4:3.6390573296152584
first:2.6094379124341005
period:3.4849066497880004
turgeon:2.09861228866811
king:1.6931471805599454
thomas:2.09861228866811
13:14:1.0
second:2.6094379124341005
hunter:2.386294361119891
3:3.70805020110221
johansson:2.386294361119891
miller:1.6931471805599454
6:33:1.0
vaske:1.6931471805599454
12:36:1.0
carpenter:1.6931471805599454
pp:3.1972245773362196
16:51:1.0
third:2.386294361119891
hogue:2.09861228866811
unassisted:1.6931471805599454
3:31:1.0
6:1.6931471805599454
khristich:2.09861228866811
cavallini:1.6931471805599454
bondra:1.6931471805599454
7:16:1.0
7:2.386294361119891
ferraro:2.09861228866811
flatley:2.09861228866811
14:50:1.6931471805599454
8:1.0
19:57:1.0
overtime:1.6931471805599454
scoring:2.386294361119891
9:1.0
mullen:2.6094379124341005
power:3.0794415416798357
play:3.0794415416798357
5-0:2.09861228866811
scorer:2.791759469228055
g:2.791759469228055
pts:2.791759469228055
5-2:1.0
montreal:2.09861228866811
quebec:2.791759469228055
leschyshyn:1.6931471805599454
kamensky:1.6931471805599454
sakic:1.6931471805599454
4:19:1.0
young:2.09861228866811
lapointe:2.386294361119891
11:41:1.0
duchesne:1.6931471805599454
13:56:1.0
bellows:1.6931471805599454
odelein:1.6931471805599454
11:05:1.0
ricci:1.6931471805599454
en:1.6931471805599454
19:23:1.0
2-1:1.0
special:2.09861228866811
goals:2.09861228866811
total:2.09861228866811
1-0:1.0
new:1.6931471805599454
jersey:1.6931471805599454
pittsburgh:3.1972245773362196
mceachern:2.09861228866811
francis:2.6094379124341005
taglianetti:1.6931471805599454
15:09:1.0
lemieux:1.6931471805599454
samuelsson:2.09861228866811
barrasso:2.09861228866811
sh:2.386294361119891
17:41:1.0
tocchet:1.6931471805599454
stevens:2.09861228866811
3:48:1.0
jagr:1.6931471805599454
ramsey:1.6931471805599454
12:39:1.0
murphy:1.6931471805599454
15:43:1.0
daniels:1.6931471805599454
16:56:1.0
17:42:1.0
4-1:1.0
buffalo:2.791759469228055
boston:1.6931471805599454
presley:1.6931471805599454
4:27:1.0
wood:1.6931471805599454
moller:1.6931471805599454
sweeney:1.6931471805599454
8:07:1.0
mogilny:1.6931471805599454
lafontaine:1.6931471805599454
5:03:1.0
hawerchuk:1.6931471805599454
carney:1.6931471805599454
smehlik:1.6931471805599454
14:48:1.0
4-2:1.0
