ee152fcs:1.0
sdcc15.ucsd.edu:1.0
bjorn:1.0
karlsson:1.0
subject:1.0
wc:1.6931471805599454
93:1.0
results:1.0
april:1.0
20:1.0
article:1.0
1993apr21.073134.5117:1.0
ericsson.se:1.0
etxonss:1.0
ufsa.ericsson.se:1.0
staffan:1.0
axelsson:1.0
writes:1.0
1993:1.0
world:1.0
championships:1.0
germany:1.0
games:1.0
shown:1.0
us:1.0
thanks:1.0
mc:1.0
