lmarsha:1.0
cms.cc.wayne.edu:1.0
laurie:1.6931471805599454
marshall:1.6931471805599454
subject:1.0
red:1.0
wings:1.6931471805599454
goespel:1.0
article:1.0
1993apr21.040956.12823:1.0
wuecl.wustl.edu:1.0
mvs1:1.0
cec2.wustl.edu:1.0
michael:1.0
virata:1.0
sy:1.0
writes:1.0
dont:1.0
forget:1.0
paul:1.0
ysebaert:1.0
ex-devil:1.0
hes:1.0
good:1.0
team:1.0
player:1.0
dino:1.0
ciccarelli:1.0
ray:1.0
sheppard:1.0
wayne:1.0
state:1.0
university:1.0
detroit:1.0
michigan:1.0
go:1.0
