lmarsha:1.0
cms.cc.wayne.edu:1.0
laurie:1.6931471805599454
marshall:1.6931471805599454
subject:1.0
trivia:1.0
habs:1.6931471805599454
article:1.0
c5ti1c.9sy:1.0
news.cso.uiuc.edu:1.0
caine:1.6931471805599454
uxa.cso.uiuc.edu:1.0
lord:1.0
vader:1.0
writes:1.0
ok:1.0
im:1.0
sure:1.0
asked:1.0
100s:1.0
times:1.0
wondered:1.0
since:1.0
heard:1.0
hell:1.0
nickname:1.0
come:1.0
montreal:1.0
canadiens:1.0
thanks:1.0
advance:1.0
schneider:1.0
answer:1.0
faq:1.0
group:1.0
nough:1.0
said:1.0
wayne:1.0
state:1.0
university:1.0
detroit:1.0
michigan:1.0
go:1.0
wings:1.0
