nhmas:1.0
gauss.med.harvard.edu:1.0
mark:1.6931471805599454
shneyder:1.0
432-4219:1.0
subject:1.0
schedule:1.0
article:1.0
lt8dl1inn2u2:1.0
appserv.eng.sun.com:1.0
mre:1.0
teal.eng.sun.com:1.0
mike:1.0
eisler:1.0
writes:1.0
ny:1.0
nj:1.0
philadelphia:1.0
chicago:1.0
everywhere:1.0
else:1.0
reason:1.0
sportschannel:1.0
available:1.0
local:2.09861228866811
baseball:2.09861228866811
broadcasts:1.0
pre-empted:1.0
nhl:1.6931471805599454
playoffs:1.0
thus:1.0
far:1.0
good:1.0
point:1.0
nba:1.0
basketball:1.0
games:1.0
took:1.0
precedence:1.0
scas:1.0
playoff:1.0
coverage:1.0
ppv:1.0
