leventhal:1.6931471805599454
cs.bgsu.edu:1.0
laura:1.6931471805599454
subject:1.0
info:1.0
world:1.6931471805599454
hockey:1.6931471805599454
championships:1.6931471805599454
anyone:1.0
information:1.0
specifically:1.0
us:1.6931471805599454
team:1.0
game:1.0
summaries:1.0
and/or:1.0
stats:1.0
would:1.0
greatly:1.0
appreciated:1.0
usa:1.0
today:1.0
reported:1.0
beat:1.0
czech:1.0
republic:1.0
limit:1.0
story:1.0
thanks:1.0
