etxonss:1.6931471805599454
ufsa.ericsson.se:1.6931471805599454
staffan:2.09861228866811
axelsson:1.6931471805599454
subject:1.0
hockeytipset:1.6931471805599454
93:1.0
avgjort:1.0
hockey-tipset:1.6931471805599454
v:2.386294361119891
ren:1.0
1993:1.6931471805599454
vinnare:2.09861228866811
av:2.09861228866811
per:2.386294361119891
bengtson:1.6931471805599454
grattis:1.0
slutst:1.0
llning:1:1.0
bengtson15:1.0
2:3.0794415416798357
lars:1.6931471805599454
andersson13:1.0
3:2.386294361119891
anders:1.6931471805599454
engwall11:1.0
4:3.0794415416798357
axelsson10:1.0
patrik:1.0
sander10:1.0
6:2.791759469228055
hannu:1.0
l:1.6931471805599454
hietanen:1.0
9:2.6094379124341005
ingvar:1.0
khan:1.0
8:2.791759469228055
noran:1.0
cs.tut.fi:1.0
jan:1.0
stein:1.0
roger:1.0
wennstr|m:1.0
11.lars:1.0
thore:1.0
aarhus:1.0
7:2.791759469228055
fredrik:1.0
nissen:1.0
marek:1.0
repinski:1.0
wiklund:1.0
15.lennart:1.0
hedenstr|m:1.0
och:1.6931471805599454
lycklig:1.0
gare:1.0
en:1.0
fbk-mugg:1.0
r:2.09861228866811
allts:1.0
kometen:1.0
som:2.09861228866811
ledde:1.0
92:1.0
vid:1.0
halvtid:1.0
men:1.6931471805599454
sedan:1.0
fick:1.0
ge:1.0
vika:1.0
f|r:1.0
engwall:1.0
slutspurten:1.0
de:2.09861228866811
tre:1.0
f|rsta:1.0
lyckades:1.0
pricka:1.0
den:2.09861228866811
viktiga:1.0
fr:1.0
ga:1.0
1.4:1.6931471805599454
sm-guld:1.0
till:2.09861228866811
bryn:2.791759469228055
kanske:1.0
var:1.0
det:1.6931471805599454
sv:1.0
rt:1.0
att:1.6931471805599454
tippa:1.6931471805599454
slutspelet:1.0
ocks:1.0
man:1.0
ser:1.0
om:1.0
j:1.0
mna:1.0
finalen:1.0
mellan:1.0
lule:2.6094379124341005
ist:1.0
llet:1.0
hade:2.09861228866811
slutat:1.0
f|rdel:1.0
varit:1.0
samma:1.0
alla:1.0
fall:1.0
h:1.0
f|ljer:1.0
korrekta:1.0
svaren:1.0
siffran:1.0
inom:1.0
parentes:1.0
anger:1.6931471805599454
hur:1.0
nga:1.0
tippat:1.0
detta:1.0
bengtsons:1.0
vinnande:1.0
rad:1.0
1:2.386294361119891
elitserien:1.0
1.1:1.0
slutgiltiga:1.0
tabellen:1.0
ster:1.0
malm:1.6931471805599454
f:1.0
rjestad:1.0
5:2.6094379124341005
modo:1.0
leksand:1.0
djurg:1.6931471805599454
rden:1.6931471805599454
hv:1.0
71:1.0
11:1.6931471805599454
10:1.6931471805599454
r|gle:1.0
12:1.0
1.2:1.0
vilka:2.09861228866811
kvartsfinalisterna:1.0
g:1.6931471805599454
vidare:1.0
semifinal:1.0
13:1.0
1.3:1.0
lag:1.0
m|ts:1.0
final:1.0
blir:1.0
svenska:1.0
stare:1.0
92/93:1.0
3p:1.0
allsvenskan:1.0
stra:1.0
fr|lunda:1.0
huddinge:1.0
bj|rkl|ven:1.0
aik:1.0
team:1.0
vle:1.0
boden:1.0
0:1.0
r.s.h:1.0
contact:1.0
swedish:1.0
hockey:1.0
