golchowy:1.0
alchemy.chem.utoronto.ca:1.0
gerald:1.6931471805599454
olchowy:1.0
subject:1.0
bruins:1.0
article:1.0
1993apr21.124053.29722:1.0
exu.ericsson.se:1.0
lmcmasc:1.0
noah.ericsson.se:1.0
writes:1.0
could:1.0
anyone:1.0
post:1.0
game:1.6931471805599454
summary:1.0
sabres-bruins:1.0
grant:1.0
fuhr:1.0
rules:1.0
