huot:2.386294361119891
cray.com:1.6931471805599454
tom:1.6931471805599454
subject:1.0
ulf:1.6931471805599454
crushes:1.0
valeri:1.6931471805599454
zelepukin:1.0
bill:1.0
clare:1.6931471805599454
726-9419:1.0
ssd.kodak.com:1.0
wrote:1.0
less:1.0
says:1.0
flicked:1.0
penguins:1.0
game:2.09861228866811
briefly:1.0
saw:1.0
cross-check:1.0
face:1.0
wondering:1.0
cherry:1.0
going:1.0
go:1.0
coachs:1.0
corner:1.0
infraction:1.0
type:1.0
come:1.0
wake:1.0
geez:1.0
hes:1.0
player:1.0
sort:1.0
thing:1.0
think:1.0
kind:1.0
lucky:1.0
really:1.0
chippy:1.0
considering:1.0
state:1.0
nj:1.0
