rick:2.6094379124341005
emma.tfbbs.wimsey.bc.ca:1.6931471805599454
younie:1.0
subject:1.0
stats:2.09861228866811
hockey:1.6931471805599454
pool:1.6931471805599454
im:2.09861228866811
keeper:1.0
family:1.0
looking:1.0
daily/weekly:1.0
email:1.6931471805599454
servers:1.6931471805599454
playoff:1.0
ive:1.0
connected:1.0
j.militzok:1.0
skidmore.edu:1.0
wilson:1.0
cs.ucf.edu:1.0
still:1.0
sorting:1.0
two:1.0
others:1.0
please:1.0
site:1.0
doesnt:1.0
get:1.0
group:1.0
thanks:1.0
emma.panam.wimsey.bc.ca:1.0
