malinich:2.09861228866811
bucknell.edu:1.6931471805599454
tom:1.0
subject:1.0
montreal:1.6931471805599454
canadiens:1.6931471805599454
fans:1.0
let:1.0
radio:1.6931471805599454
station:1.0
playing:1.0
playoff:1.0
series:1.0
including:1.0
short:1.0
wave:1.0
frequencies:1.0
lewisburg:1.0
pa:1.0
home:1.0
bucknell:1.0
university:1.0
definitely:1.0
hockey:1.0
town:1.0
please:1.0
send:1.0
responses:1.0
thanks:1.0
