bks2:1.0
cbnewsi.cb.att.com:1.0
bryan.k.strouse:1.0
subject:1.0
nhl:1.6931471805599454
playoffs:1.0
results:1.6931471805599454
games:1.0
played:1.0
4-20-93:1.0
playoff:1.0
4/20/93:1.0
conference:1.0
semi-finals:1.0
best:1.0
seven:1.0
patrick:1.0
adams:1.0
norris:1.0
smythe:1.0
nj:1.0
buf:2.6094379124341005
leads:3.302585092994046
2-0:3.1972245773362196
stl:1.0
1-0:2.386294361119891
win:1.0
pit:3.0794415416798357
bos:1.0
chi:1.0
van:1.0
nyi:2.791759469228055
tied:1.6931471805599454
1-1:2.386294361119891
mon:1.6931471805599454
tor:1.0
la:1.0
que:2.6094379124341005
det:1.0
cal:1.0
new:2.386294361119891
jersey:1.6931471805599454
devils:1.6931471805599454
0:3.9444389791664403
pittsburgh:1.6931471805599454
penguins:2.386294361119891
series:2.386294361119891
2:3.833213344056216
4:3.1972245773362196
1:4.178053830347945
7:1.6931471805599454
1st:2.386294361119891
period:3.4849066497880004
mceachern:1.6931471805599454
francis:2.386294361119891
taglianetti:1.0
15:09:1.0
m.lemieux:1.0
3:2.791759469228055
u.samuelsson:1.6931471805599454
barrasso:2.09861228866811
sh:1.6931471805599454
17:41:1.0
2nd:2.386294361119891
tocchet:1.0
k.stevens:1.6931471805599454
3:48:1.0
jagr:1.0
ramsey:1.0
12:39:1.0
murphy:1.0
pp:2.791759469228055
15:43:1.0
daniels:1.0
mullen:2.09861228866811
16:46:1.0
3rd:2.386294361119891
17:42:1.0
powerplay:2.386294361119891
opportunities-devils:1.0
5:2.9459101490553135
shots:3.6390573296152584
goal-devils:1.0
12:1.6931471805599454
11:1.6931471805599454
13:2.09861228866811
36:2.09861228866811
10:2.09861228866811
27:1.0
terreri:1.0
0-2:2.09861228866811
23:1.0
17:1.6931471805599454
saves:3.302585092994046
billington:1.0
0:00:1.0
third:1.0
att-16,164:1.0
york:1.6931471805599454
islanders:1.6931471805599454
washington:1.6931471805599454
capitals:2.386294361119891
turgeon:1.6931471805599454
king:1.0
thomas:1.6931471805599454
13:14:1.0
hunter:2.09861228866811
johansson:2.09861228866811
miller:1.0
6:33:1.0
vaske:1.0
12:36:1.0
carpenter:1.0
16:51:1.0
hogue:1.6931471805599454
3:31:1.0
khristich:1.6931471805599454
cavallini:1.0
bondra:1.0
7:16:1.0
ferraro:1.6931471805599454
flatley:1.6931471805599454
14:50:1.0
19:57:1.0
overtime:1.6931471805599454
none:1.6931471805599454
14:15:1.0
opportunities-islanders:1.0
goal-islanders:1.0
14:2.6094379124341005
8:2.6094379124341005
9:2.09861228866811
61:1.6931471805599454
6:1.6931471805599454
45:1.6931471805599454
healy:1.0
41:1.0
tabaracci:1.0
56:1.0
att-15,421:1.0
montreal:1.6931471805599454
canadiens:1.6931471805599454
quebec:1.6931471805599454
nordiques:2.386294361119891
leschyshyn:1.0
kamensky:1.0
sakic:1.0
4:19:1.0
young:1.6931471805599454
lapointe:2.09861228866811
11:41:1.0
duchesne:1.0
13:56:1.0
bellows:1.0
odelein:1.0
11:05:1.0
ricci:1.0
en:1.0
19:23:1.0
opportunities-canadiens:1.0
goal-canadiens:1.0
15:1.6931471805599454
33:1.6931471805599454
18:1.0
38:1.0
roy:1.0
37:1.0
34:2.386294361119891
hextall:1.0
32:1.0
att-15,399:1.0
buffalo:1.6931471805599454
sabres:1.6931471805599454
boston:1.6931471805599454
bruins:2.386294361119891
presley:1.0
4:27:1.0
wood:1.0
houlder:1.0
b.sweeney:1.0
8:07:1.0
mogilny:1.0
lafontaine:1.0
5:03:1.6931471805599454
hawerchuk:1.0
carney:1.0
smehlik:1.0
14:48:1.0
opportunities-sabres:1.0
goal-sabres:1.0
25:1.0
fuhr:1.0
moog:1.0
blue:1.0
second:1.0
att-14,448:1.0
spike:1.0
