ccohen:1.0
pitt.edu:1.0
caleb:1.0
n:1.0
cohen:1.0
subject:1.0
espn:1.6931471805599454
sucks:1.0
ot:1.0
baseball:2.09861228866811
guess:1.0
article:1.0
c5tc87.aty:1.0
ccu.umanitoba.ca:1.6931471805599454
umturne4:1.0
writes:1.0
showing:1.0
meaningless:1.0
relatively:1.0
game:2.6094379124341005
overtime:1.0
tied:1.0
less:1.0
3:1.0
seconds:1.0
left:1.0
clock:1.0
actually:1.6931471805599454
happened:1.0
pens:1.0
turned:1.6931471805599454
nearly:1.0
end:1.0
regular:1.0
phone:1.0
rang:1.0
turened:1.0
tv:1.0
later:1.6931471805599454
back:1.0
indians:1.0
little:1.0
hockey:1.6931471805599454
games:1.0
matters:1.0
deed:1.0
