gtd597a:1.6931471805599454
prism.gatech.edu:1.6931471805599454
hrivnak:1.6931471805599454
subject:1.0
goodbye:1.6931471805599454
good:1.0
riddance:1.0
get:1.0
lost:1.0
stars:1.0
article:1.0
dt642b1w165w:1.0
sms.business.uwo.ca:1.6931471805599454
s4lawren:1.0
stephen:1.0
lawrence:1.0
writes:1.0
minnesota:1.0
never:1.0
earned:1.0
right:1.0
nhl:1.0
franchise:1.0
first:1.0
place:1.0
whatta:1.6931471805599454
weird:1.0
town:1.0
ass:1.0
go:2.386294361119891
skins:1.0
next:1.0
question:1.0
emotional:1.0
music:1.0
quite:1.0
braves:1.0
effect:1.0
mike:1.6931471805599454
patton:1.0
faith:1.0
hornets:1.0
capitals:1.0
friedman:1.0
fan:1.0
internet:1.0
