icop:1.0
csa.bu.edu:1.0
antonio:1.0
pera:1.0
subject:1.0
wjr:1.6931471805599454
boston:1.6931471805599454
area:1.0
hear:1.0
rangers:1.0
wfan:1.0
devils:1.0
wabc:1.0
whalers:1.0
wtic:1.0
red:1.0
wings:1.0
course:1.0
addition:1.0
bruins:1.6931471805599454
currently:1.0
weei:1.6931471805599454
may:1.0
move:1.0
whdh:1.0
fools:1.0
owned:1.0
celtics:1.0
thus:1.0
show:1.0
every:1.0
time:1.0
conflict:1.0
also:1.0
get:1.0
wbal:1.0
baltimore:1.0
dont:1.0
think:1.0
hockey:1.0
btw:1.0
got:1.0
station:1.0
indiana:1.0
fort:1.0
wayne:1.0
comets:1.0
games:1.0
