mark:1.6931471805599454
whitten:1.0
347nfet:1.0
cmuvm.csv.cmich.edu:1.0
subject:1.0
pat:1.6931471805599454
burns:1.6931471805599454
id:1.0
throw:1.0
towel:1.0
wings:2.09861228866811
dominated:1.0
every:1.0
aspect:1.0
game:1.0
trying:1.0
mix:1.0
lines:1.0
dead:1.0
end:1.0
murray:1.0
many:1.0
combinations:1.0
counter:1.0
prediction:1.0
5:1.0
lets:1.0
go:1.0
