kfrank:1.0
magnus.acs.ohio-state.edu:1.6931471805599454
kevin:1.6931471805599454
frank:1.0
subject:1.0
area-code:1.0
edmonton:1.6931471805599454
alberta:1.6931471805599454
canada:1.0
believe:1.0
phone:1.0
books:1.0
current:1.0
information:1.0
include:1.0
area:1.0
code:1.0
would:1.6931471805599454
hostile:1.0
towards:1.0
others:1.0
asking:1.0
simple:1.0
questions:1.0
rather:1.0
appear:1.0
stupid:1.0
open:1.0
moutha:1.0
nd:1.0
remove:1.0
doubt:1.0
mark:1.0
twain:1.0
assult:1.0
someone:1.0
get:1.0
5:1.6931471805599454
years:1.0
hockey:1.0
minutes:1.0
great:1.0
sport:1.0
frankkfrank:1.0
