bhullar:1.6931471805599454
bldg_hsc_campus:1.0
raj:1.0
subject:1.0
buffalo:1.6931471805599454
sabres:2.386294361119891
win:1.0
two:1.0
games:1.6931471805599454
bruins:1.6931471805599454
think:1.0
game:1.6931471805599454
three:1.0
important:1.0
series:1.6931471805599454
lose:1.0
party:1.0
hello:1.0
next:1.0
year:1.0
key:1.0
remaining:1.0
whether:1.0
fuhr:1.0
keep:1.0
brillliant:1.0
goaltending:1.0
mogilny:1.0
continue:1.0
skate:1.0
shown:1.6931471805599454
demonstrated:1.0
excellent:1.0
speed:1.0
finally:1.0
appear:1.0
post:1.0
season:1.0
sabres/bills:1.0
fan:1.0
