slegge:1.6931471805599454
kean.ucs.mun.ca:1.6931471805599454
subject:1.0
nhl:1.0
team:1.0
captains:1.0
st:2.6094379124341005
captain:2.09861228866811
trivia:1.0
next:1.0
edmonton:1.0
catain:1.0
lee:1.0
fogilin:1.0
later:1.0
traded:2.6094379124341005
buffalo:1.0
sabres:1.0
wayne:1.0
gretzky:1.0
w:1.0
l:1.0
came:1.0
kevin:1.6931471805599454
low:1.0
nly:1.0
year:1.0
n:1.0
rangers:1.0
wasnt:1.0
mark:1.0
messier:1.0
oilers:1.6931471805599454
lowe:1.0
course:1.0
well:1.0
point:1.0
every:1.0
still:1.0
true:1.0
stephen:1.0
legge:1.0
