subject:1.0
camera:1.6931471805599454
work:1.6931471805599454
televised:1.0
games:1.6931471805599454
yecx:1.0
vax5.cit.cornell.edu:1.0
really:1.0
sad:1.0
cant:1.0
remember:1.0
many:1.0
times:1.0
penguins-devils:1.0
game:1.6931471805599454
showed:1.0
guy:1.0
without:1.0
puck:1.6931471805599454
checked:1.0
corner:2.09861228866811
fired:1.0
goal:1.6931471805599454
fact:1.0
think:1.0
even:1.0
missed:1.0
one:1.0
completely:1.0
showing:1.0
two:1.0
guys:1.0
holding:1.0
last:1.0
time:1.0
watched:1.0
football:1.0
didnt:1.0
show:1.0
lineman:1.0
going:1.0
running:1.0
back:1.0
turned:1.0
touchdown:1.0
greg:1.0
