neath:2.386294361119891
brazil.psych.purdue.edu:1.0
ian:1.6931471805599454
subject:1.0
final:1.0
regular:1.0
season:1.0
individual:1.0
goalie:1.0
stats:1.0
including:1.0
points:1.0
probably:1.0
goals:1.0
least:1.0
opponents:1.0
several:1.0
assists:1.0
given:1.0
four:1.0
kinds:1.0
people:1.0
world:1.0
psych.purdue.edu:1.0
cretins:1.0
fools:1.0
morons:1.0
lunatics:1.0
u:1.0
eco:1.0
