mashumka:1.0
fish.princeton.edu:1.0
mark:1.6931471805599454
andrew:1.0
shumka:1.0
subject:1.0
canucks:1.0
score:1.6931471805599454
help:1.0
im:1.0
stuck:1.0
computer:1.0
new:1.0
jersey:1.0
access:1.0
radio:1.0
tv:1.0
could:1.0
someone:1.0
kindly:1.0
post:1.0
canucks-jets:1.0
game:1.0
thanks:1.0
advance:1.0
