huot:2.386294361119891
cray.com:1.6931471805599454
tom:1.6931471805599454
subject:1.0
bruins-pens:1.0
ulf-neeley:1.0
fight:1.0
oh:1.0
excuse:1.0
wasting:1.0
bandwidth:1.0
referring:1.0
original:1.0
incident:1.0
recent:1.0
skirmish:1.0
occurred:1.0
past:1.0
month:1.0
