huot:2.386294361119891
cray.com:1.6931471805599454
tom:1.6931471805599454
subject:1.0
plus:1.0
minus:1.0
stat:1.0
gerald:1.6931471805599454
olchowy:1.0
golchowy:1.0
alchemy.chem.utoronto.ca:1.0
wrote:1.0
meaningless:1.0
compare:1.6931471805599454
one:1.0
players:2.09861228866811
plus/minus:1.6931471805599454
statistic:1.0
another:1.0
context:1.0
role:1.0
playing:1.0
time:1.0
involved:1.0
jagrs:1.0
franciss:1.0
ridiculous:1.0
absurd:1.0
thank:1.0
putting:1.0
perspective:1.0
