jpc:2.09861228866811
philabs.philips.com:1.6931471805599454
john:1.6931471805599454
p:1.6931471805599454
curcio:1.6931471805599454
subject:1.0
nhl:1.6931471805599454
playoff:2.09861228866811
results:1.6931471805599454
games:1.6931471805599454
played:1.6931471805599454
23:1.6931471805599454
april:2.386294361119891
1993:2.386294361119891
conference:1.0
semi-finals:1.0
best:1.0
seven:1.0
patrick:1.0
adams:1.6931471805599454
norris:1.0
smythe:1.0
nj:1.0
buf:1.0
leads:3.6390573296152584
3-0:3.1972245773362196
stl:1.0
win:1.6931471805599454
pit:1.0
bos:1.0
chi:1.0
van:1.0
2-1:3.70805020110221
nyi:1.0
mon:1.0
tor:1.0
la:1.0
que:1.0
det:1.0
cal:1.0
tied:1.0
detroit:3.0794415416798357
red:1.6931471805599454
wings:1.0
lead:3.0794415416798357
series:3.6390573296152584
0:3.1972245773362196
1:4.258096538021482
2:3.8903717578961645
toronto:3.302585092994046
maple:1.6931471805599454
leafs:1.6931471805599454
4:2.6094379124341005
dave:1.0
andreychuk:2.09861228866811
scored:2.386294361119891
first:2.6094379124341005
two:1.0
goals:1.0
felix:1.0
potvin:1.6931471805599454
stopped:1.0
34:1.6931471805599454
36:1.6931471805599454
wing:1.0
shots:2.386294361119891
period:3.1972245773362196
foligno:1.0
gilmour:2.09861228866811
4:21:1.0
7:37:1.0
second:2.386294361119891
3:3.1972245773362196
fedorov:1.6931471805599454
coffey:1.0
sheppard:1.0
1:20:1.0
pp:2.791759469228055
third:2.09861228866811
clark:1.6931471805599454
mironov:1.0
4:44:1.0
5:2.6094379124341005
pearson:1.0
cullen:1.0
9:32:1.0
6:2.09861228866811
chiasson:1.0
konstantinov:1.0
14:14:1.0
goal:2.6094379124341005
9-19-8:1.0
13-8-12:1.0
33:1.6931471805599454
power-play:2.09861228866811
opportunities:2.09861228866811
8:2.09861228866811
goalies:2.09861228866811
cheveldae:1.0
shots-29:1.0
saves:2.09861228866811
1-2:1.6931471805599454
36-34:1.0
15,720:1.0
referee:2.09861228866811
mark:1.0
faucette:1.0
linesmen:2.09861228866811
kevin:1.0
collins:1.0
brian:1.6931471805599454
murphy:1.0
chicago:2.791759469228055
blackhawks:1.6931471805599454
st:3.1972245773362196
louis:3.1972245773362196
blues:1.6931471805599454
curtis:1.0
joseph:1.6931471805599454
blanked:1.0
straight:1.0
game:1.6931471805599454
brett:1.0
hull:2.09861228866811
added:1.0
assist:1.0
hasnt:1.0
131:09:1.0
play:1.0
since:1.0
noonans:1.0
hat-trick:1.0
janney:1.0
brown:1.0
16:53:1.0
miller:1.0
12:31:1.0
emerson:1.0
felsner:1.0
shanahan:1.0
16:44:1.0
9-12-13:1.0
7-13-4:1.0
24:2.09861228866811
7:1.6931471805599454
belfour:1.0
0-3:1.0
shots-21:1.0
34-34:1.0
17,985:1.0
dan:1.6931471805599454
marouelli:1.0
randy:1.0
mitton:1.0
shane:1.0
heyer:1.0
vancouver:3.302585092994046
canucks:1.6931471805599454
winnipeg:3.302585092994046
jets:1.6931471805599454
teemu:1.0
selanne:2.386294361119891
broke:1.0
mini-slump:1.0
hat:1.0
trick:1.0
including:1.0
game-winner:1.0
5-4:1.0
victory:1.0
trevor:1.0
linden:2.09861228866811
pavel:1.0
bure:2.09861228866811
twice:1.0
losing:1.0
tkachuk:1.0
housley:2.09861228866811
3:52:1.0
shannon:2.09861228866811
7:01:1.0
18:29:1.0
19:57:1.0
ronning:1.0
lumme:1.0
14:1.0
slegr:1.0
59:1.0
borsato:1.0
steen:1.0
2:53:1.0
sh:1.0
9:35:1.0
9:1.0
babych:1.0
lidster:1.0
15:52:1.0
18-9-10:1.0
37:1.0
13-8-8:1.0
29:1.6931471805599454
mclean:1.0
shots-24:1.0
essensa:1.0
37-33:1.0
15,569:1.0
kerry:1.0
fraser:1.0
gord:1.0
broseker:1.0
schachte:1.0
calgary:2.09861228866811
flames:1.0
los:1.6931471805599454
angeles:1.6931471805599454
kings:1.0
boxscore:1.0
tomorrow:1.0
saturday:1.0
washington:1.0
ny:2.09861228866811
islanders:1.6931471805599454
7:40pm:1.6931471805599454
est:3.0794415416798357
boston:1.0
buffalo:1.6931471805599454
quebec:1.6931471805599454
montreal:1.0
8:10pm:1.0
sunday:1.0
25:1.0
pittsburgh:1.6931471805599454
new:1.0
jersey:1.0
1:10pm:1.6931471805599454
3:10pm:1.0
7:10pm:1.0
9:10pm:1.0
go:1.0
bruins:1.0
philips:1.0
laboratories:1.0
345:1.0
scarborough:1.0
road:1.0
914:1.0
945-6442:1.0
briarcliff:1.0
manor:1.0
10510:1.0
