rzuback:1.0
alumni.lakeheadu.ca:1.0
subject:1.0
leafs:1.6931471805599454
revenge:1.0
tonight:1.0
see:1.0
toronto:1.6931471805599454
maple:1.0
guessed:1.0
come:1.0
hitting:1.0
buds:1.0
grind:1.0
detroit:1.0
ground:1.0
walk:1.0
away:1.0
home:1.0
ice:1.0
advantage:1.0
remainder:1.0
series:1.0
given:1.0
shift:1.0
last:1.0
long:1.0
keep:1.0
mind:1.0
predicition:1.0
wendall:1.0
get:1.0
game:1.0
however:1.0
otherwise:1.0
probert:1.0
dominate:1.0
physical:1.0
front:1.0
