schock:1.6931471805599454
flip.cpsc.ucalgary.ca:1.0
craig-richard:1.0
subject:1.6931471805599454
nhl:1.0
team:1.6931471805599454
captains:2.09861228866811
article:1.0
1993apr22.121035.3394:1.0
mtroyal.ab.ca:1.0
writes:1.0
captain:2.09861228866811
ever:1.0
traded:2.386294361119891
resigned:1.0
striped:1.0
title:1.0
season:1.6931471805599454
trivia:1.0
would:1.0
appreciated:1.0
brad:1.6931471805599454
mccrimmon:1.0
flames:1.6931471805599454
detroit:1.0
following:1.0
1989-90:1.0
off-season:1.0
though:1.0
theres:1.0
countless:1.0
examples:1.0
im:1.0
sure:1.0
yeah:1.0
think:1.0
flyers:1.0
mel:1.0
bridgeman:1.0
marsh:1.0
craig:1.0
