jpc:2.386294361119891
philabs.philips.com:2.386294361119891
john:2.09861228866811
p:2.09861228866811
curcio:2.09861228866811
subject:1.0
nhl:1.6931471805599454
playoff:1.6931471805599454
results:1.6931471805599454
games:1.6931471805599454
played:1.6931471805599454
23:1.6931471805599454
april:1.6931471805599454
1993:1.6931471805599454
article:1.0
1993apr24.131127.17461:1.0
writes:1.0
conference:1.0
semi-finals:1.0
best:1.0
seven:1.0
patrick:1.0
adams:1.0
norris:1.0
smythe:1.0
nyi:1.0
leads:2.386294361119891
2-1:2.6094379124341005
mon:1.0
tor:1.0
la:1.0
que:1.0
det:1.0
cal:1.0
tied:1.6931471805599454
o.k:1.0
people:1.0
meant:1.0
shoot:1.0
must:1.0
go:1.0
bruins:1.0
philips:1.0
laboratories:1.0
345:1.0
scarborough:1.0
road:1.0
914:1.0
945-6442:1.0
briarcliff:1.0
manor:1.0
ny:1.0
10510:1.0
