ua256:1.0
freenet.victoria.bc.ca:1.0
tom:2.09861228866811
moffat:1.6931471805599454
subject:1.0
interview:1.0
guests:1.0
ever:1.0
noticed:1.0
hockey:1.0
player:1.0
interviewed:1.0
periods:1.0
tv:1.0
game:1.0
usually:1.6931471805599454
get:1.0
goal:1.0
assist:1.0
explain:1.0
talk:1.0
stars:1.0
regular:1.0
players:1.0
explains:1.0
hight:1.0
percentage:1.0
results:1.0
wondering:1.0
everybody:1.0
else:1.0
thinks:1.0
dont:1.0
care:1.0
trivial:1.0
nonsense:1.0
ttyl:1.0
victoria:1.0
b.c:1.0
canada:1.0
