kkeller:1.6931471805599454
mail.sas.upenn.edu:1.0
keith:1.6931471805599454
keller:1.0
subject:1.0
playoff:1.6931471805599454
pool:1.6931471805599454
rule:1.0
revision:1.0
well:1.0
change:1.0
scoring:1.6931471805599454
unfortunately:1.0
dont:1.0
time:1.0
right:1.0
certainly:1.0
post:1.0
new:1.0
rules:1.0
tomorrow:1.0
matter:1.0
youll:1.0
enter:1.0
anyway:1.0
good:1.0
kellerlets:1.0
go:1.6931471805599454
rangers:1.0
lets:1.0
quakers:1.0
mail.sas.upenn.eduivy:1.0
league:1.0
champs:1.0
want:1.0
opinion:1.0
ill:1.0
give:1.0
