randolin:1.6931471805599454
polisci.umn.edu:1.6931471805599454
robert:1.0
andolina:1.6931471805599454
subject:1.0
sabres-bruins:1.0
buffalo:2.09861228866811
fans:1.0
people:1.0
discussion:1.0
group:1.0
well:1.6931471805599454
commentator:1.0
al:1.0
espn:1.0
believe:1.0
game:2.6094379124341005
3:2.386294361119891
critical:1.6931471805599454
sabres:2.386294361119891
helloooo:1.0
ahead:1.6931471805599454
2:1.6931471805599454
games:2.386294361119891
0:1.0
behind:1.0
life-long:1.0
fan:1.0
aware:1.0
ability:1.0
choke:1.0
lets:1.0
exaggerate:1.0
long:1.0
win:1.0
one:1.0
next:1.0
4:1.0
still:1.0
good:1.0
shape:1.0
1:1.0
6:1.0
played:1.0
lose:1.0
three:1.0
four:1.0
start:1.0
worrying:1.0
boston:1.0
rob:1.0
