formeza:2.386294361119891
panix.com:2.09861228866811
owl:2.09861228866811
subject:1.0
hockey:2.386294361119891
cards:3.3978952727983707
sale:2.09861228866811
c5h92x.dtw:1.0
writes:1.6931471805599454
case:1.0
anyone:1.0
missed:1.0
im:2.6094379124341005
reposting:1.0
also:2.09861228866811
selling:1.0
stuff:1.0
would:2.386294361119891
like:1.6931471805599454
sell:2.386294361119891
sets:2.386294361119891
1990-91:1.0
upperdeck:2.386294361119891
low:1.6931471805599454
45:2.386294361119891
first:1.6931471805599454
set:2.9459101490553135
made:1.0
important:1.0
rookie:2.386294361119891
mogilny:1.0
roenick:1.0
belfour:1.0
recchi:1.0
stevens:1.0
jagr:1.0
nolan:1.0
nedved:1.0
ricci:1.0
sundin:1.0
modano:1.0
richter:1.0
others:1.0
beckett:1.6931471805599454
price:1.6931471805599454
42:1.0
charging:1.0
cover:1.0
shipping:1.0
packaging:1.6931471805599454
ive:1.0
sold:1.0
one:1.6931471805599454
still:1.0
2:2.09861228866811
left:1.0
realize:1.0
alot:2.09861228866811
money:1.6931471805599454
especially:1.0
dont:2.09861228866811
normally:1.0
collect:1.0
enough:1.0
people:2.09861228866811
interested:1.6931471805599454
ill:1.6931471805599454
break:1.0
team:1.0
sure:1.0
much:1.0
nice:1.6931471805599454
3:1.6931471805599454
get:2.09861228866811
whalers:1.0
devils:1.0
note:1.6931471805599454
bagging:1.0
teams:1.0
good:1.0
subsidizing:1.0
want:1.6931471805599454
chicago:1.0
pittsburgh:1.0
make:1.0
varialble:1.0
pricing:1.0
dollars:1.0
1991-92:1.6931471805599454
score:1.0
pinnacle:1.0
candian:1.0
premium:1.0
quality:1.0
second:1.6931471805599454
year:1.6931471805599454
players:1.0
plus:1.0
bure:1.6931471805599454
potvin:1.0
falloon:1.0
lindros:1.0
15:1.6931471805599454
value:1.0
following:1.0
lidstrom:1.0
kamensky:1.0
zelepukin:1.0
roussel:1.0
konstantinov:1.0
50:1.0
czechoslovakian:1.0
60:1.0
100:1.0
card:1.0
92:1.0
world:1.0
junior:1.0
tournament:1.0
meant:1.0
czechoslovakia:1.0
didnt:1.0
well:1.0
filtere:1.0
back:1.0
us:1.6931471805599454
bilingual:1.0
lachance:1.0
kovalev:1.0
straka:1.0
rookies:1.0
please:1.0
e-mail:1.6931471805599454
thanks:1.6931471805599454
ok:1.0
someone:1.0
asked:1.0
hes:1.0
canada:1.0
funds:1.0
person:1.0
alternate:1.0
pavel:1.0
ud:1.0
mentioned:1.0
16:1.0
book:1.0
1:1.0
goes:1.0
postage:1.0
insurance:1.0
something:1.0
see:1.0
may:1.6931471805599454
able:1.0
ted:1.0
sun.panix.com:1.0
