msanfrat:1.0
cs.ucsd.edu:1.0
mike:1.6931471805599454
sanfratello:1.0
subject:1.0
espn:1.6931471805599454
thumbs:1.0
article:1.0
1993apr20.214505.6925:1.0
wkuvx1.bitnet:1.6931471805599454
kozloce:1.0
writes:1.0
aaaaaaaaaaaaaaaaaaaaaaaaaaaaaaauuuuuuuuuuuuuuuuuuuuuuuuuuuuuuuugggggggggggggggg:1.0
oh:1.0
guess:1.6931471805599454
score:1.0
7-0:1.0
penguins:1.0
switch:1.0
games:1.0
game:1.0
showing:1.0
area:1.0
thursday:1.0
yep:1.0
pens-devils:1.0
many:1.0
interesting:1.0
series:1.0
cares:1.0
mario:1.0
