sclark:1.0
epas.utoronto.ca:1.0
susan:1.6931471805599454
clark:1.0
subject:1.0
pat:1.0
burns:1.0
borchevsky:1.6931471805599454
59:1.0
gilmour:1.6931471805599454
511:1.6931471805599454
think:1.6931471805599454
slightly:1.0
outweighs:1.0
andreychuk:1.0
also:1.0
teeheehee:1.0
oops:1.0
