cobra:1.6931471805599454
chopin.udel.edu:1.0
king:1.0
subject:1.0
espn:2.386294361119891
article:1.0
randolin.3.735424986:1.0
polisci.umn.edu:2.09861228866811
randolin:1.6931471805599454
robert:1.6931471805599454
andolina:1.6931471805599454
writes:1.0
thing:1.0
confuses:1.0
decided:1.0
show:2.6094379124341005
penguins:1.0
devils:1.0
thursday:1.0
night:1.0
first:2.09861228866811
two:2.09861228866811
games:2.791759469228055
dominated:1.0
pitt:1.0
would:1.6931471805599454
think:1.0
different:1.0
game:2.09861228866811
addition:1.0
fact:1.0
sake:1.0
fair:1.0
exposure:1.0
also:1.6931471805599454
know:1.6931471805599454
far:1.0
tell:1.0
going:1.6931471805599454
campbell:1.6931471805599454
conference:1.0
regularly:1.0
rounds:1.6931471805599454
believe:1.0
series:1.0
wear:1.0
6:1.6931471805599454
7:1.6931471805599454
perhaps:1.0
5:1.0
anyone:1.0
info:1.0
abc:1.0
coverage:1.0
sunday:1.0
4/25:1.0
advertise:1.0
pens/devils:1.0
4:1.0
dont:1.0
hell:1.0
trying:1.0
especially:1.0
nfl:1.0
draft:1.0
well:1.0
guess:1.0
goes:1.0
nhl:1.0
ratings:1.0
sundays:1.0
