anthonyp:1.0
sco.com:1.0
anthony:1.0
picilaidis:1.0
subject:1.0
nhl:1.6931471805599454
draft:1.6931471805599454
believe:1.0
june:1.0
18th:1.0
weekend:1.0
