atwoodc:1.6931471805599454
csugrad.cs.vt.edu:1.6931471805599454
charles:1.0
atwood:1.6931471805599454
subject:1.0
espn:2.09861228866811
bashing:1.0
agree:1.0
thouroughly:1.0
screw:1.0
damn:1.0
contractual:1.0
agreements:1.0
show:1.0
exciting:1.0
hockey:1.0
game:1.0
lose:1.0
fans:1.0
one:1.0
quite:1.0
quickly:1.0
decisions:1.0
like:1.0
02:1.0
chuck:1.0
f***ed:1.0
time:1.0
virginia:1.0
tech:1.0
computer:1.0
science:1.0
department:1.0
