rrhammer:1.0
vm.cmp.ilstu.edu:1.0
subject:1.0
pierre:1.0
turgeon:1.6931471805599454
stud:1.6931471805599454
blues:1.6931471805599454
fan:1.0
dont:1.6931471805599454
get:2.09861228866811
see:1.6931471805599454
much:1.0
else:1.0
around:1.0
league:1.0
exception:1.0
hockey:1.0
night:1.6931471805599454
espn:1.0
cant:1.0
games:1.0
go:1.0
school:1.0
thus:1.0
whole:1.0
lot:1.0
teams:1.0
play:1.0
except:1.0
hawks:1.0
last:1.0
got:1.0
catch:1.0
glimpse:1.0
caps/isles:1.6931471805599454
game:1.6931471805599454
occurred:1.0
skates:1.0
moves:1.0
quick:1.0
brilliant:1.0
ny:1.0
fans:1.0
proud:1.0
p.s:1.0
peace:1.0
hammer:1.0
