mmb:1.6931471805599454
lamar.colostate.edu:1.6931471805599454
michael:1.0
burger:1.6931471805599454
subject:1.0
team:1.6931471805599454
pool:1.0
standings:1.0
o.k:1.0
one:1.0
series:1.0
done:1.0
need:1.0
post:1.0
something:1.0
way:1.0
islanders:1.0
scored:1.0
rank:1.0
name:1.0
points:1.0
final:1.0
4:1.0
1:1.0
roland_behunin:1.0
5:1.0
cal-6:1.0
que-7:2.386294361119891
2:1.0
milton_keynes_kings:1.0
0:4.688879454113936
det-6:3.5649493574615367
pit-5:4.13549421592915
barfly:1.0
tor-6:2.6094379124341005
bos-7:2.09861228866811
deans:1.0
det-5:2.386294361119891
pit-7:2.386294361119891
oz:1.0
lak-6:1.6931471805599454
bos-6:2.791759469228055
garry:1.0
bos-4:1.0
brian_bergman:1.0
pit-6:4.258096538021482
mopar_muscle_men:1.0
chi-5:2.09861228866811
bhs_last_place_picks:1.0
dave_wessels:1.0
van-7:1.6931471805599454
sam:1.0
his_dogs:1.0
ye_ding:1.0
tampere_stars:1.0
chi-6:3.1972245773362196
the_mighty_hedgehogs_of_myllyp:1.0
homesick_hawaiian:1.0
killer_kings:1.0
was-6:1.0
puggy_greybeards:1.0
ottawa_bearcats:1.0
tor-5:1.0
andrew_kirk:1.0
muller_n_walker:1.0
excalibur:1.0
pit-4:2.386294361119891
rednecks_from_hockey_hell:1.0
det-7:2.6094379124341005
bos-5:1.6931471805599454
rangers_of_1940:1.0
jeff_phelps:1.0
arctic_circles:1.0
sludge:1.0
the_logistician:1.0
hillside_raiders:1.0
danielle:1.0
stanias_stars:1.0
bloodhook:1.0
gilles_carmel:1.0
pasi_fr:1.0
nti:1.0
lak-7:1.0
evan_pritchard:1.0
van-6:1.0
skriko_wolves:1.0
rangers_blow:1.0
cal-7:1.0
sean:1.0
schott_shooters:1.0
gary_shiff:1.0
tor-4:1.0
mike_burger:1.0
darse:1.0
mike:1.0
canada:1.0
includes:1.0
quebec:1.0
ontario:1.0
maritimes:1.0
prairies:1.0
florida:1.0
beginning:1.0
computing:1.0
ta:1.0
stud:1.0
four:1.0
months:1.0
year:1.0
500:1.0
students:1.0
served:1.0
royal:1.0
canadian:1.0
air:1.0
farce:1.0
university:1.6931471805599454
michigan:1.0
1990:1.0
colorado:1.0
state:1.0
199:1.0
