jsmilla:1.0
emory.edu:1.0
joshua:1.0
millard:1.0
subject:1.0
islanders:1.0
win:1.6931471805599454
third:1.6931471805599454
ot:2.09861228866811
dont:1.0
know:1.6931471805599454
scored:1.6931471805599454
isles:2.09861228866811
28-7:1.0
franchise:1.0
record:1.0
playoff:1.0
games:1.0
took:1.0
game:1.0
four:1.0
score:1.0
4-3:1.0
consecutive:1.0
capitals:1.0
tonight:1.0
uniondale:1.6931471805599454
please:1.0
post:1.0
fan:1.0
living:1.0
atlanta:1.0
hockey:1.0
hell:1.0
lord:1.0
stans:1.0
man:1.0
go:1.0
jsm:1.0
