ketolain:1.0
messi.uku.fi:1.0
jarkko:1.6931471805599454
ketolainen:1.0
subject:1.0
wc/finland:1.0
disaster:1.0
finland:2.09861228866811
beaten:1.0
czech:1.6931471805599454
1-3:1.0
0-0,1-1,0-2:1.0
4th:1.0
pool:1.0
b:1.0
certainly:1.0
meet:1.0
canada:1.0
quarter:1.0
final:1.0
wednesday:1.0
28th:1.0
lack:1.0
scoring:1.0
skills:1.0
major:1.0
problem:1.0
team:2.09861228866811
throughout:1.0
tournament:1.0
briza:1.0
goalie:1.0
mvp:1.6931471805599454
tikkanen:1.0
finnish:1.0
14:1.0
