fmsalvat:1.6931471805599454
eos.ncsu.edu:1.6931471805599454
frank:1.6931471805599454
michae:1.0
salvatore:1.6931471805599454
subject:1.0
nc:1.0
caps/isles:1.6931471805599454
fans:1.6931471805599454
anyone:1.0
interested:1.0
catching:1.0
games:1.6931471805599454
nassau:1.0
coliseum:1.0
hopefully:1.0
another:1.0
catch:1.6931471805599454
game:1.0
north:1.0
carolinas:1.0
original:1.0
sports:1.0
bar:1.0
chapel:1.0
hill:1.0
im:1.0
pretty:1.0
sure:1.0
carry:1.0
hts:1.0
well:1.0
three:1.0
time:1.0
last:1.0
night:1.0
place:1.0
know:1.0
stanley:1.0
cup:1.0
action:1.0
