gtd597a:1.6931471805599454
prism.gatech.edu:1.6931471805599454
hrivnak:1.6931471805599454
subject:1.0
goalie:1.6931471805599454
mask:1.0
poll:1.6931471805599454
update:1.0
4/22/93:1.0
curtis:1.6931471805599454
joseph:1.6931471805599454
ray:1.6931471805599454
leblanc:1.6931471805599454
made:1.0
big:1.0
moves:1.0
recently:1.6931471805599454
hextall:1.6931471805599454
shown:1.0
strong:1.0
movement:1.0
well:1.0
kirk:1.6931471805599454
mclean:1.6931471805599454
tom:1.6931471805599454
barrasso:1.6931471805599454
cant:1.0
see:1.0
added:1.0
list:1.0
keep:1.0
sending:1.0
votes:2.09861228866811
current:1.0
favorite:1.0
masks:1.0
3pts:1.0
1st:1.0
2pts:1.0
2nd:1.0
1pt:1.0
3rd:1.0
player:1.0
team:1.0
pts:1.0
1:1.0
ed:1.0
belfour:1.0
chicago:1.0
32:1.6931471805599454
15:1.0
st:1.0
louis:1.0
13:1.6931471805599454
3:2.09861228866811
andy:1.0
moog:1.0
boston:1.6931471805599454
30:1.0
4:2.386294361119891
brian:1.0
hayward:1.0
san:1.0
jose:1.0
26:1.0
10:2.09861228866811
5:2.09861228866811
ron:1.0
quebec:1.0
16:1.0
8:1.6931471805599454
6:2.09861228866811
grant:1.6931471805599454
fuhr:1.6931471805599454
buffalo:1.0
12:1.6931471805599454
7:1.6931471805599454
gerry:1.0
cheevers:1.0
retired:1.6931471805599454
11:1.6931471805599454
john:1.0
vanbeisbrouck:1.0
ny:1.6931471805599454
rangers:1.6931471805599454
9:1.0
usa:1.0
olympic:1.0
mike:2.386294361119891
richter:1.0
manon:1.0
rheaume:1.0
atlanta:1.0
ihl:1.6931471805599454
2:2.09861228866811
beaupre:1.0
washington:1.0
ken:1.0
dryden:1.0
montreal:1.0
others:1.0
receiving:1.0
less:1.0
4pts:1.0
vernon:1.0
cal:1.0
clint:1.0
malarchuk:1.0
buf/sd:1.0
tommy:1.0
soderstrom:1.0
phil:1.0
pit:1.0
artus:1.0
irbe:1.0
sj:1.0
tim:1.0
cheveldae:1.0
det:1.0
sean:1.0
burke:1.0
nj:1.0
rick:1.0
wamsley:1.0
tor:2.09861228866811
ret:1.0
jon:1.0
casey:1.0
minn:1.0
bob:1.0
essensa:1.0
win:1.6931471805599454
glenn:1.0
healy:1.0
nyi:2.09861228866811
tony:1.0
espo:1.0
chi:1.0
gilles:1.0
gratton:1.0
bos:1.0
rod:1.0
stauber:1.0
la:1.0
gump:1.0
worsley:1.0
mtl/nyr:1.0
pat:1.0
jablonski:1.0
tb:1.0
felix:1.0
potvin:1.0
stephane:1.0
beauregard:1.0
mark:1.0
fitzpatrick:1.0
chico:1.0
resch:1.0
van:1.0
go:2.386294361119891
skins:1.0
next:1.0
question:1.0
emotional:1.0
music:1.0
quite:1.0
braves:1.0
effect:1.0
patton:1.0
faith:1.0
hornets:1.0
capitals:1.0
friedman:1.0
fan:1.0
internet:1.0
