jca2:1.6931471805599454
cec1.wustl.edu:1.6931471805599454
joseph:1.0
charles:1.0
achkar:1.0
subject:1.0
playoffs:1.0
stats:1.6931471805599454
sunday:1.6931471805599454
4/25:1.0
stanley:1.0
cup:1.0
playoff:1.0
games:1.0
played:1.0
april:1.0
25:2.09861228866811
1993:1.0
top:3.0794415416798357
20:2.791759469228055
point:2.09861228866811
scorers:2.9459101490553135
rnk:3.1972245773362196
pts:3.1972245773362196
g:3.1972245773362196
pg:3.1972245773362196
sg:3.1972245773362196
gw:3.1972245773362196
en:3.1972245773362196
pim:3.1972245773362196
cty:3.1972245773362196
tm:3.1972245773362196
ps:3.1972245773362196
player:3.1972245773362196
1:5.700480365792417
9:3.772588722239781
0:6.627621113690637
4:5.290459441148391
bos:2.9459101490553135
c:4.526360524616162
12:2.9459101490553135
adam:1.6931471805599454
oates:1.6931471805599454
2:5.23410650459726
8:3.0794415416798357
5:4.737669618283368
3:4.891820298110627
usa:3.8903717578961645
stl:3.3978952727983707
rw:4.091042453358316
16:3.0794415416798357
brett:2.386294361119891
hull:2.386294361119891
7:3.772588722239781
6:4.871201010907891
rus:3.1972245773362196
buf:3.302585092994046
89:2.09861228866811
alexander:2.09861228866811
mogilny:2.09861228866811
pit:2.9459101490553135
66:2.09861228866811
mario:2.09861228866811
lemieux:2.09861228866811
19:3.0794415416798357
cal:3.1972245773362196
14:3.0794415416798357
theoren:2.09861228866811
fleury:2.09861228866811
tor:2.6094379124341005
93:1.6931471805599454
doug:1.6931471805599454
gilmour:1.6931471805599454
det:2.9459101490553135
77:2.09861228866811
paul:2.09861228866811
coffey:2.09861228866811
pat:1.6931471805599454
lafontaine:1.6931471805599454
nyi:2.386294361119891
ray:2.09861228866811
ferraro:2.09861228866811
van:2.386294361119891
10:3.4849066497880004
pavel:1.6931471805599454
bure:1.6931471805599454
lw:3.1972245773362196
13:2.386294361119891
yuri:1.6931471805599454
khmylev:1.6931471805599454
trevor:1.6931471805599454
linden:1.6931471805599454
dale:2.386294361119891
hawerchuk:1.0
15:2.09861228866811
craig:1.6931471805599454
janney:1.6931471805599454
49:2.09861228866811
joe:2.6094379124341005
juneau:2.09861228866811
nieuwendyk:1.0
21:2.6094379124341005
jeff:2.09861228866811
brown:2.09861228866811
ron:2.09861228866811
francis:2.09861228866811
goal:2.386294361119891
32:2.09861228866811
hunter:2.09861228866811
dave:2.386294361119891
andreychuk:1.6931471805599454
cam:1.0
neely:1.0
la:1.6931471805599454
jimmy:1.6931471805599454
carson:1.6931471805599454
que:1.6931471805599454
48:1.6931471805599454
scott:1.6931471805599454
young:1.6931471805599454
assist:1.0
win:2.791759469228055
phil:1.6931471805599454
housley:1.6931471805599454
swe:1.6931471805599454
calle:1.6931471805599454
johansson:1.6931471805599454
al:1.6931471805599454
macinnis:1.6931471805599454
power-play:1.0
brendan:1.0
shanahan:1.0
tch:1.6931471805599454
26:1.6931471805599454
robert:1.0
reichel:1.0
fin:1.6931471805599454
teemu:1.6931471805599454
selanne:1.6931471805599454
mon:1.0
vincent:1.0
damphousse:1.0
short-handed:1.0
29:1.0
joel:1.0
otto:1.0
gary:1.0
suter:1.0
23:1.6931471805599454
91:1.6931471805599454
sergei:1.6931471805599454
fedorov:1.6931471805599454
poulin:1.0
38:1.0
luciano:1.0
borsato:1.0
11:1.0
shawn:1.6931471805599454
burr:1.0
lowry:1.0
18:1.0
wayne:1.0
presley:1.0
game-winning:1.0
scoring:1.0
defensemen:1.0
rookie:1.0
33:2.09861228866811
mceachern:1.0
42:1.0
richard:1.6931471805599454
smehlik:1.0
penalty:1.0
minute:1.0
leaders:1.0
55:1.0
keith:1.0
primeau:1.0
22:1.0
47:1.0
pilon:1.0
rob:1.0
pearson:1.0
tie:1.0
domi:1.0
l:2.386294361119891
e:2.09861228866811
z:1.0
b:1.0
u:1.0
ashkar:1.0
contact:1.0
blues:1.6931471805599454
saint:1.0
louis:1.0
