jca2:1.6931471805599454
cec1.wustl.edu:1.6931471805599454
joseph:2.09861228866811
charles:1.0
achkar:1.0
subject:1.0
blues:2.386294361119891
playoff:1.6931471805599454
stats:1.0
first:1.0
round:1.0
scoring:1.0
end:1.0
norris:1.0
semifinals:1.0
ps:1.0
name:1.0
gp:1.6931471805599454
g:2.09861228866811
pts:1.0
pim:1.0
pp:1.0
sh:1.0
gw:1.0
en:1.6931471805599454
rw:2.6094379124341005
16:1.0
brett:1.0
hull:1.0
4:4.401197381662156
5:2.6094379124341005
3:2.386294361119891
8:2.09861228866811
2:4.044522437723423
0:6.231108616854587
c:2.6094379124341005
15:1.0
craig:1.0
janney:1.0
6:3.0794415416798357
1:4.258096538021482
21:1.0
jeff:1.0
brown:1.0
lw:2.6094379124341005
19:1.0
brendan:1.0
shanahan:1.0
7:1.0
nelson:1.0
emerson:1.0
9:1.0
denny:1.0
felsner:1.0
10:1.6931471805599454
dave:1.0
lowry:1.0
17:1.0
basil:1.0
mcrae:1.0
14:1.0
kevin:1.0
miller:1.0
23:1.0
rich:1.0
sutter:1.6931471805599454
28:1.0
bob:1.0
bassen:1.0
36:1.0
philippe:1.0
bozon:1.0
18:1.0
ron:1.6931471805599454
wilson:1.0
garth:1.0
butcher:1.0
33:1.0
stephane:1.0
quintal:1.0
44:1.0
bret:1.0
hedican:1.0
34:1.0
murray:1.0
baron:1.0
rick:1.0
zombo:1.0
31:1.6931471805599454
curtis:1.6931471805599454
doug:1.0
crossman:1.0
22:1.0
38:1.0
igor:1.0
korolev:1.0
39:1.0
kelly:1.0
chase:1.0
curt:1.0
giles:1.0
29:1.6931471805599454
guy:1.6931471805599454
hebert:1.6931471805599454
rookie:1.0
goaltending:1.0
min:1.0
ga:1.0
avg:1.0
w:1.0
l:2.6094379124341005
sa:1.6931471805599454
save:1.0
251:1.6931471805599454
1.43:1.6931471805599454
140:2.09861228866811
957:1.6931471805599454
00:1.6931471805599454
0.00:1.0
team:1.0
totals:1.0
shutouts:1.0
shots:1.6931471805599454
goals:2.386294361119891
13:1.0
1st:1.0
period:2.09861228866811
2nd:1.0
3rd:1.0
overtime:1.0
power-play:1.0
7/29:1.0
1/24:1.0
short-handed:1.0
empty-net:1.0
97:1.0
e:2.09861228866811
z:1.0
b:1.0
u:1.0
joe:1.0
ashkar:1.0
contact:1.0
saint:1.0
louis:1.0
