ketolain:1.0
messi.uku.fi:1.0
jarkko:1.6931471805599454
ketolainen:1.0
subject:1.0
question/goalies:1.0
equipment:1.6931471805599454
rules:1.0
goalies:2.09861228866811
changed:1.0
seems:1.0
e.g:1.0
glove:1.0
become:1.6931471805599454
bigger:2.09861228866811
time:1.0
pads:1.0
wearing:1.0
size:1.0
jerseys:1.0
dreaming:1.0
watch:1.0
old:1.0
photos:1.0
films:1.0
let:1.6931471805599454
say:1.0
ten:1.0
years:1.0
back:1.0
think:1.0
difference:1.0
quite:1.0
obvious:1.0
expert:1.0
please:1.0
know:1.0
14:1.0
trouble:1.0
scoring:1.0
