bbeagan:1.0
cmsa.gmr.com:1.0
brian:1.0
beagan:1.0
subject:1.0
wings:2.09861228866811
ogrodnick:1.6931471805599454
article:1.0
qfpfqak00vot4bpedd:1.0
andrew.cmu.edu:1.6931471805599454
mike:1.6931471805599454
molloy:1.0
mmaq:1.0
writes:1.0
havent:1.0
seen:1.0
mention:1.0
yet:1.0
box:1.0
scores:1.0
anyone:1.0
know:1.0
hes:1.6931471805599454
playing:1.0
isnt:1.0
injured:1.0
played:1.6931471805599454
well:1.6931471805599454
put:1.0
lineup:1.0
end:1.0
season:1.0
murray:1.6931471805599454
sit:1.0
somebody:1.0
though:1.0
red:1.0
hadnt:1.0
first:1.0
game:1.0
may:1.0
second:1.0
juggle:1.0
players:1.0
dominating:1.0
toronto:1.0
like:1.0
