bks2:1.0
cbnewsi.cb.att.com:1.0
bryan.k.strouse:1.0
subject:1.0
nhl:1.6931471805599454
playoff:1.6931471805599454
results:1.6931471805599454
games:1.0
played:1.0
4-21-93:1.0
4/21/93:1.0
conference:1.0
semi-finals:1.0
best:1.0
seven:1.0
patrick:1.0
adams:1.6931471805599454
norris:1.0
smythe:1.0
nj:1.0
buf:1.0
leads:3.1972245773362196
2-0:3.4849066497880004
stl:2.09861228866811
win:2.09861228866811
pit:1.0
bos:1.0
chi:1.0
van:2.386294361119891
nyi:1.0
tied:2.09861228866811
1-1:2.6094379124341005
mon:1.0
tor:2.09861228866811
la:1.0
que:1.0
det:2.9459101490553135
cal:3.302585092994046
toronto:1.6931471805599454
maple:1.6931471805599454
leafs:2.386294361119891
0:3.4849066497880004
1:4.401197381662156
2:3.6390573296152584
detroit:1.6931471805599454
red:2.386294361119891
wings:2.386294361119891
series:2.386294361119891
3:3.1972245773362196
6:2.6094379124341005
1st:2.386294361119891
period:3.4849066497880004
lidstrom:1.0
yzerman:2.09861228866811
coffey:2.09861228866811
pp:3.0794415416798357
4:06:1.0
2nd:2.386294361119891
fedorov:1.0
sh:2.09861228866811
0:43:1.0
chiasson:1.0
8:06:1.0
sheppard:1.0
17:40:1.0
mironov:1.0
gill:1.0
gilmour:1.6931471805599454
19:10:1.0
3rd:2.386294361119891
anderson:1.0
4:32:1.0
ysebaert:1.0
kozlov:1.6931471805599454
5:51:1.0
drake:1.0
kennedy:1.0
18:33:1.0
powerplay:2.386294361119891
opportunities-maple:1.0
8:1.6931471805599454
7:2.09861228866811
shots:3.4849066497880004
goal-maple:1.0
10:1.6931471805599454
13:1.0
30:2.386294361119891
16:2.09861228866811
11:1.0
potvin:1.0
0-2:2.09861228866811
24:1.0
saves:3.0794415416798357
cheveldae:1.0
28:1.0
att-19,875:1.0
st:1.6931471805599454
louis:1.6931471805599454
blues:1.6931471805599454
chicago:1.6931471805599454
blackhawks:2.386294361119891
hull:1.0
brown:1.0
janney:1.0
7:38:1.0
lowry:1.0
13:53:1.0
none:1.6931471805599454
opportunities-blues:1.0
5:2.09861228866811
goal-blues:1.0
9:2.791759469228055
17:1.6931471805599454
19:1.0
12:1.0
47:1.6931471805599454
joseph:1.0
45:1.0
belfour:1.0
15:1.6931471805599454
att-17,339:1.0
los:1.6931471805599454
angeles:1.6931471805599454
kings:1.6931471805599454
4:2.386294361119891
calgary:1.6931471805599454
flames:2.386294361119891
lak:2.386294361119891
carson:1.6931471805599454
1:11:1.0
otto:1.6931471805599454
roberts:2.09861228866811
macinnis:2.09861228866811
5:02:1.0
yawney:1.0
dahlquist:1.0
ranheim:1.0
8:02:1.0
reichel:1.6931471805599454
fleury:2.09861228866811
10:52:1.0
nieuwendyk:2.09861228866811
musil:1.0
13:47:1.0
dahl:1.0
19:37:1.0
granato:1.0
shuchuk:1.0
5:34:1.0
7:23:1.0
paslawski:1.0
8:14:1.0
10:37:1.0
rychel:1.0
blake:1.0
11:56:1.0
kurri:1.0
gretzky:1.0
zhitnik:1.0
15:22:1.0
suter:1.0
skrudland:1.0
berube:1.0
19:15:1.0
opportunities-kings:1.0
goal-kings:1.0
14:1.6931471805599454
31:2.09861228866811
40:1.6931471805599454
hrudey:1.0
vernon:1.0
27:1.0
att-19,477:1.0
winnipeg:1.6931471805599454
jets:1.6931471805599454
vancouver:1.6931471805599454
canucks:2.386294361119891
ronning:1.0
courtnall:1.6931471805599454
linden:1.0
11:37:1.0
6:05:1.0
domi:1.0
king:1.0
barnes:1.0
6:48:1.0
numminen:1.0
housley:1.0
selanne:1.0
0:30:1.0
bure:1.0
craven:1.0
4:01:1.0
opportunities-jets:1.0
goal-jets:1.0
22:1.6931471805599454
32:1.6931471805599454
essensa:1.0
29:1.0
mclean:1.0
20:1.0
att-15,729:1.0
spike:1.0
