etxonss:1.6931471805599454
ufsa.ericsson.se:1.6931471805599454
staffan:2.09861228866811
axelsson:1.6931471805599454
subject:1.0
sharks:2.09861228866811
review:1.0
part:1.0
7:1.0
trades:1.0
nlu:1.0
xenon.stanford.edu:1.0
nelson:1.0
lu:1.0
writes:1.0
acquired:1.0
c:1.0
marcus:2.09861228866811
thuresson:2.386294361119891
n:1.0
islanders:1.6931471805599454
rw:1.0
brian:1.0
mullen:1.6931471805599454
grade:1.0
b-/c:1.0
known:1.0
yet:1.6931471805599454
impact:1.0
overall:1.0
trade:1.6931471805599454
would:1.0
contract:1.0
appear:2.09861228866811
ready:1.0
become:1.0
anytime:1.0
soon:1.0
meanwhile:1.0
productive:1.0
somewhat:1.0
season:2.09861228866811
however:1.0
big:1.0
scorer:1.0
memory:1.0
right:1.0
2:1.0
points:1.6931471805599454
11:1.0
games:1.6931471805599454
swedish:2.09861228866811
elite:1.6931471805599454
league:1.6931471805599454
91-92:1.0
didnt:1.6931471805599454
notice:1.0
name:1.0
frequently:1.0
staffans:1.0
reports:1.0
make:1.0
national:1.0
team:1.0
either:1.0
good:1.0
sign:1.0
6:1.0
goals:1.0
10:1.0
assists:1.0
16:1.0
22:1.0
pim:1.0
31:1.6931471805599454
leksand:1.6931471805599454
10th:1.0
point:1.0
scoring:1.0
born:1.0
may:1.6931471805599454
1971:1.0
ht:1.0
185:1.0
cm:1.0
wt:1.0
85:1.0
kg:1.0
relatively:1.0
young:1.0
might:1.0
still:1.0
start:1.0
producing:1.0
think:1.0
done:1.0
bad:1.0
r.s.h:1.0
contact:1.0
hockey:1.0
