au021:1.0
cleveland.freenet.edu:1.0
roland:2.09861228866811
behunin:1.0
subject:1.0
espn:1.0
wanted:1.0
show:1.0
good:1.0
game:1.6931471805599454
could:1.0
put:1.0
quebec-montreal:1.0
talk:1.0
bout:1.0
areivalry:1.0
opps:1.0
rivalry:1.0
