jake:1.6931471805599454
rambler.eng.sun.com:1.0
jason:1.0
cockroft:1.0
subject:1.0
pens:1.6931471805599454
fans:1.0
reactions:1.0
im:1.0
really:1.0
impressed:1.0
bowmans:1.0
coaching:1.0
tactics:1.0
hes:1.0
answer:1.0
every:1.0
move:1.0
brooks:1.0
thrown:1.0
susan:1.0
dart:1.0
