subject:1.0
binghampton:1.6931471805599454
rangers:1.6931471805599454
playoff:1.6931471805599454
games:1.6931471805599454
kwolfer:1.0
eagle.wesleyan.edu:1.0
anyone:1.0
know:1.0
msg:1.0
televise:1.0
even:1.0
taped:1.0
replays:1.0
would:1.0
nice:1.0
