sesrock:1.0
andy.bgsu.edu:1.0
stuart:1.6931471805599454
esrock:1.6931471805599454
subject:1.0
bruins:1.0
joe13:1.0
pitt.edu:1.0
joseph:1.0
b:1.0
stiehm:1.0
writes:1.0
come:1.0
boston:1.0
hell:1.0
seven:1.0
wins:1.0
row:1.0
choke:1.0
ah:1.0
well:1.0
another:1.0
brian:1.0
sutter:1.6931471805599454
team:1.6931471805599454
ground:1.0
dirt:1.0
intensity:1.0
regular:1.6931471805599454
season:1.6931471805599454
burned:1.0
playoff:1.0
time:1.0
yah:1.0
fuhr:1.0
awesome:1.0
far:1.6931471805599454
really:1.0
youd:1.0
think:1.0
would:1.0
learned:1.0
lesson:1.0
pushing:1.0
bowling:1.0
green:1.0
state:1.0
u:1.0
bout:1.0
blues:1.0
