ncjlog:1.0
atmos.washington.edu:1.0
neal:1.0
johnson:1.0
subject:1.0
belfour:1.6931471805599454
roenick:1.6931471805599454
playoff:1.0
houdinis:1.0
done:1.0
another:1.0
disappearing:1.0
act:1.0
chips:1.0
time:1.0
saw:1.0
looked:1.0
like:1.6931471805599454
blackhawks:1.0
defense:1.0
might:1.0
carry:1.0
along:1.0
way:1.0
playoffs:1.0
well:1.0
held:1.0
st:1.0
louis:1.0
17:1.0
shots:1.0
game:1.0
2:1.0
lost:1.0
looks:1.0
maybe:1.0
keenan:1.0
insight:1.0
