leunggm:1.0
odin.control.utoronto.ca:1.0
gary:1.6931471805599454
leung:1.0
subject:1.0
fuhr:3.4849066497880004
deserves:2.09861228866811
credit:2.09861228866811
sabres:3.5649493574615367
sweep:1.0
fuhrs:2.09861228866811
role:1.0
article:1.6931471805599454
1revcrinneij:1.0
shelley.u.washington.edu:1.0
lzuo:1.0
byron.u.washington.edu:1.0
joseph:1.0
writes:1.6931471805599454
randolin.6.735770247:1.0
polisci.umn.edu:1.6931471805599454
randolin:1.0
robert:1.6931471805599454
andolina:1.0
many:2.09861228866811
people:1.6931471805599454
suggested:1.0
play:1.0
reason:1.0
beat:1.0
bruins:2.386294361119891
critical:1.6931471805599454
factor:1.6931471805599454
would:1.6931471805599454
overlook:1.0
fact:1.0
finally:1.0
got:1.0
scoring:1.0
mogilny:2.6094379124341005
lafontaine:2.09861228866811
khmylev:1.6931471805599454
sweeney:1.6931471805599454
hawerchuck:1.0
etc:1.0
indeed:1.0
played:2.6094379124341005
hurt:1.0
didnt:1.0
score:2.386294361119891
goals:2.09861228866811
also:1.6931471805599454
team:2.09861228866811
better:1.6931471805599454
defense:2.09861228866811
although:1.0
great:1.6931471805599454
regular:1.6931471805599454
season:1.0
lot:1.0
agree:1.0
think:2.09861228866811
contribution:1.0
sabress:1.6931471805599454
win:2.386294361119891
palyers:1.0
six:1.0
four:1.0
games:2.09861228866811
including:1.6931471805599454
two:1.0
comeback:1.0
final:1.0
left:1.0
key:1.0
boston:1.0
whole:1.0
teams:1.0
strong:1.0
commitment:1.0
underdog:1.0
talent:1.0
players:1.0
grant:1.6931471805599454
true:1.0
entire:1.0
well:1.6931471805599454
still:1.0
believe:1.0
wasnt:1.0
series:2.09861228866811
tied:1.6931471805599454
2-2:1.6931471805599454
virtually:1.0
stole:1.0
1:1.0
3:1.6931471805599454
stood:1.0
head:1.0
give:1.0
chance:1.0
especially:1.0
game:2.386294361119891
made:1.0
huge:1.0
stops:1.0
third:1.6931471805599454
period:1.6931471805599454
even:1.0
2:1.0
4-0:1.0
seemed:1.0
indicate:1.0
dominated:1.0
however:1.6931471805599454
hadnt:1.0
wouldnt:1.6931471805599454
2-0:1.0
2nd:1.0
open:1.0
thereby:1.0
allowing:1.0
goal:1.0
breakaway:1.0
salt:1.0
away:1.0
doubt:1.0
mind:1.0
victory:1.0
opinion:1.0
neely:1.0
oates:1.0
juneau:1.0
hawerchuk:1.0
get:1.0
extraordinary:1.0
efforts:1.0
hannan:1.0
wood:1.0
compared:1.0
checkers:1.0
imo:1.0
ken:1.0
sutton:1.0
playing:1.0
shift:1.0
afterall:1.0
difference:1.0
outplayed:1.0
andy:1.0
moog:1.0
go:1.0
