b_hart:1.6931471805599454
odin.dev.macsch.com:1.0
bill:1.6931471805599454
hart:1.0
subject:1.0
oilers:1.6931471805599454
go:1.0
hamilton:2.09861228866811
article:1.0
1993apr26.023650.16749:1.0
spang.camosun.bc.ca:1.0
ua256:1.0
freenet.victoria.bc.ca:1.0
tom:1.6931471805599454
moffat:1.6931471805599454
writes:1.0
move:1.0
division:1.0
play:1.0
victoria:1.0
b.c:1.0
canada:1.0
guess:1.0
would:1.0
put:1.0
midwest:1.0
either:1.0
winnipeg:1.0
dallas:1.0
moving:1.0
pacific:1.0
macsch.com:1.0
