chuck:2.386294361119891
mks.com:2.09861228866811
lownie:1.6931471805599454
subject:1.0
leafs:2.791759469228055
vs:1.0
wings:2.791759469228055
article:1.6931471805599454
16bb89b12.lmarsha:1.0
cms.cc.wayne.edu:1.6931471805599454
lmarsha:1.0
laurie:1.6931471805599454
marshall:1.6931471805599454
writes:1.6931471805599454
1993apr22.133739.11317:1.0
last:1.6931471805599454
nights:1.6931471805599454
game:2.386294361119891
toronto:1.0
received:1.0
five:1.0
penalties:2.9459101490553135
detroit:2.386294361119891
none:2.09861228866811
watching:1.0
didnt:1.6931471805599454
see:1.0
third:1.6931471805599454
period:2.6094379124341005
2:1.6931471805599454
called:1.6931471805599454
delayed:1.0
penalty:1.0
man:1.6931471805599454
advantage:1.6931471805599454
minute:1.6931471805599454
1:1.0
another:1.0
two:1.0
still:1.0
couldnt:1.0
score:1.0
wonder:1.0
scored:1.0
powerplay:1.6931471805599454
goal:1.0
according:1.0
never:1.0
paper:1.0
today:1.0
said:1.0
40:1.0
youre:1.0
saying:1.0
im:1.0
guessing:1.0
watched:1.0
first:1.6931471805599454
admitt:1.0
get:1.6931471805599454
alot:1.0
many:1.0
havent:1.0
looked:1.0
box:1.0
scores:1.0
yet:1.0
ref:1.6931471805599454
made:1.0
wayne:1.0
state:1.0
university:1.0
michigan:1.0
go:1.0
apologies:1.0
typo:1.0
meant:1.0
5:1.0
power:1.0
plays:1.0
well:1.0
point:1.0
isnt:1.0
refs:1.0
biased:1.0
calling:1.6931471805599454
lot:1.6931471805599454
works:1.0
benefit:1.0
call:1.0
whole:1.0
bunch:1.6931471805599454
one:1.0
team:1.0
make:1.0
takes:1.0
away:1.0
could:1.0
great:1.0
