mmilitzo:1.6931471805599454
scott.skidmore.edu:1.0
matthew:1.0
militzok:1.0
subject:1.6931471805599454
1992:1.0
1993:1.0
final:1.6931471805599454
nhl:1.6931471805599454
player:1.6931471805599454
stats:2.386294361119891
interested:1.0
receiving:1.0
1992-1993:1.0
season:1.0
well:1.0
playoff:1.0
box:1.0
scores:1.0
scores/updates:1.0
e-mail:1.0
stat:1.0
server:1.0
skidmore.edu:1.0
message:1.0
must:1.0
