jake:1.6931471805599454
rambler.eng.sun.com:1.0
jason:1.0
cockroft:1.0
subject:1.0
leafs:2.386294361119891
happened:1.0
turn:1.6931471805599454
around:1.0
couldnt:1.0
get:1.6931471805599454
leaf:2.09861228866811
games:1.0
weekend:1.0
ca:1.0
defense:1.0
wise:1.0
overnight:1.0
slot:1.0
fluke:1.0
goals:1.0
goalie:1.0
duel:1.0
wings:1.0
jets:1.0
muscle:1.0
gives:1.0
caught:1.0
game:1.0
1:1.0
satellite:1.0
figured:1.0
washed:1.0
major:1.0
turnaround:1.0
predicted:1.0
happen:1.0
wing:1.0
perspectives:1.0
welcomed:1.0
