rskirsky:1.6931471805599454
athena.qualcomm.com:1.0
ray:1.6931471805599454
skirsky:1.6931471805599454
subject:1.6931471805599454
wheres:1.0
roger:2.09861228866811
speaking:1.0
ilk:1.0
whatever:1.0
happened:1.0
good:1.0
ol:1.0
gln:1.6931471805599454
kill:1.6931471805599454
file:1.0
since:1.0
last:1.0
years:1.0
playoffs:1.0
ive:1.0
moved:1.0
new:1.0
news:1.0
reader:1.0
doesnt:1.6931471805599454
files:1.0
find:1.0
hes:1.0
gone:1.0
must:1.0
admit:1.0
however:1.0
unlike:1.0
seems:1.0
know:1.0
something:1.0
game:1.0
long:1.0
touch:1.0
leafs:1.0
qualcomm.com:1.0
