lor:2.09861228866811
cbnewsk.cb.att.com:1.0
edward.lor:1.0
subject:1.0
caps:3.3978952727983707
postseason:1.0
fortunes:1.0
article:1.0
1rhddoinn4l9:1.0
jhunix.hcf.jhu.edu:1.6931471805599454
admiral:1.6931471805599454
steve:1.0
c:1.0
liu:1.0
writes:1.0
okay:1.0
break:1.0
golf:1.0
clubs:1.0
anyone:1.0
history:1.6931471805599454
washington:1.0
capitals:1.0
futility:1.0
record:1.0
playoffs:1.0
remember:1.6931471805599454
terrys:1.0
first:2.09861228866811
year:2.6094379124341005
finally:1.0
made:1.0
third:1.0
round:2.09861228866811
brian:1.0
noticed:1.0
every:1.0
got:1.0
second:1.0
years:1.0
didnt:1.0
make:1.0
past:1.0
trend:1.6931471805599454
continuning:1.0
done:1.6931471805599454
goneso:1.0
five:1.6931471805599454
games:2.386294361119891
saves:1.0
us:1.0
fans:1.0
lot:1.0
pain:1.0
mean:1.0
would:1.0
painful:1.0
3-1:2.09861228866811
watching:1.0
tumbled:1.0
need:1.0
one:1.0
win:1.6931471805599454
clinch:1.6931471805599454
series:3.302585092994046
many:1.0
times:1.0
1985:1.6931471805599454
2-0:1.0
game:3.3978952727983707
isles:2.6094379124341005
lost:2.791759469228055
3:3.1972245773362196
straight:2.09861228866811
1987:1.0
1992:1.6931471805599454
pens:1.6931471805599454
words:1.0
go:1.0
pitiful:1.0
2-9:1.0
lone:1.0
wins:1.0
1:1.6931471805599454
sweep:1.0
philly:1.0
1984:1.0
2:2.791759469228055
1990:1.0
rangers:1.6931471805599454
patrick:1.0
finals:1.0
time:1.0
managed:1.0
get:1.0
division:1.0
actually:1.0
saturdays:1.0
blown:1.0
lead:2.386294361119891
wasnt:1.0
anything:1.0
new:1.0
know:1.0
famous:1.0
blowers:1.0
crucial:1.6931471805599454
playoff:1.0
examples:1.0
4:2.791759469228055
led:2.9459101490553135
4-2:1.0
two:1.0
2-1:2.09861228866811
gave:1.0
goals:1.0
3rd:1.6931471805599454
period:2.386294361119891
including:1.0
winning:1.0
goal:1.6931471805599454
last:1.0
minute:1.0
bobby:1.0
carpenter:1.0
botched:1.0
penalty:1.0
shot:1.0
tied:1.6931471805599454
2-2:1.0
5:1.6931471805599454
days:1.0
later:1.0
1986:1.0
blew:2.6094379124341005
ot:1.6931471805599454
three:1.0
consecutive:1.0
6:1.0
pittsurgh:1.0
3-2:1.0
2nd:1.6931471805599454
1993:1.6931471805599454
1-1:1.0
trailed:1.0
leading:1.0
said:1.0
momemtum:1.0
islanders:2.386294361119891
believe:1.0
come:1.0
back:1.0
matter:1.0
score:1.0
still:2.386294361119891
waiting:1.0
cap:1.0
goalie:1.0
carry:1.0
team:1.0
completely:1.0
shut:1.0
opposition:1.0
hanging:1.0
dear:1.0
lives:1.0
hopeless:1.0
fan:1.0
p.s:1.0
loss:1.0
aurggghhhhhhhhh:1.0
well:2.09861228866811
teams:1.6931471805599454
dont:1.0
frustrated:1.0
thinking:1.0
wait:1.0
potvin/bossy/trottier/smith:1.0
retire:1.0
retired:1.0
even:1.0
though:1.0
trottier:1.0
able:1.0
haunt:1.0
uniform:1.0
yet:1.0
another:1.0
generation:1.0
thing:1.0
guess:1.0
nothing:1.0
players:1.0
edward:1.0
cbnewsk.att.com:1.0
