vergolin:1.6931471805599454
euler.lbs.msu.edu:1.6931471805599454
david:1.0
vergolini:1.6931471805599454
subject:1.0
montreal:2.6094379124341005
versue:1.0
quebec:1.6931471805599454
anyone:1.0
see:1.0
game:1.0
yesterday:1.0
tight:1.0
right:1.0
last:1.0
second:1.6931471805599454
third:1.0
period:1.0
overtime:2.09861228866811
roy:1.0
hextall:1.0
played:1.0
like:1.0
gods:1.0
ok:1.0
deserved:1.0
getting:1.0
first:1.0
goal:1.6931471805599454
waved:1.0
puck:1.6931471805599454
hit:1.0
high:1.0
stick:1.6931471805599454
also:1.0
replayed:1.0
could:1.0
tell:1.0
player:1.0
kicked:1.0
definitely:1.0
directed:1.0
anyways:1.0
back:1.0
series:1.0
dave:1.0
michigan:1.0
state:1.0
university:1.0
