dpapp:2.09861228866811
muskwa.ucs.ualberta.ca:2.09861228866811
papp:2.6094379124341005
denis:2.6094379124341005
subject:1.0
regular:1.6931471805599454
season:1.6931471805599454
93/94:1.0
pool:2.6094379124341005
1993-1994:1.0
nhl:1.0
hockey:1.0
chris:2.09861228866811
stoochnoff:2.09861228866811
rules:1.0
pick:1.6931471805599454
17:1.6931471805599454
players:2.6094379124341005
3:2.6094379124341005
lw:1.0
c:1.0
rw:1.0
ld:1.0
rd:1.0
2:2.09861228866811
goalies:1.6931471805599454
may:1.0
team:2.09861228866811
points:2.6094379124341005
follows:1.6931471805599454
1:2.791759469228055
point:2.791759469228055
per:3.1972245773362196
goal:1.6931471805599454
assist:1.6931471805599454
10:1.0
pim:1.6931471805599454
win:1.0
tie:1.0
5:1.0
shutout:1.0
100:1.0
entries:2.386294361119891
sent:1.0
mail:1.0
ascii:1.0
text:1.0
file:1.0
hard:2.09861228866811
wired:2.09861228866811
bbs:2.09861228866811
434-7996:1.6931471805599454
due:1.0
date:1.0
first:1.0
day:1.0
play:1.0
accepted:1.0
unless:1.0
slightly:1.0
late:1.0
case:1.0
small:1.0
penalty:1.0
applied:1.0
internet:1.6931471805599454
users:1.6931471805599454
send:1.6931471805599454
email:2.09861228866811
prizes:1.6931471805599454
yet:1.0
considered:1.0
could:1.0
range:1.0
nothing:1.6931471805599454
free:2.09861228866811
time:1.6931471805599454
even:1.0
something:1.0
else:1.0
suggestions:1.0
please:1.6931471805599454
feel:1.6931471805599454
put:1.0
two:1.0
cents:1.0
worth:1.0
one:1.0
idea:1.0
get:1.0
whoever:1.0
willing:1.0
submit:1.6931471805599454
equal:1.0
amount:1.0
money:2.386294361119891
go:1.6931471805599454
prize:2.09861228866811
top:1.0
submitted:1.0
list:1.0
people:1.0
posted:1.0
well:1.6931471805599454
didnt:1.0
done:1.0
way:1.0
cost:1.6931471805599454
absolutely:1.6931471805599454
fee:1.0
note:1.0
questions:1.0
positions:1.0
ie:1.0
brett:1.0
hull:1.0
right:1.0
wing:1.0
decided:1.0
year:1.0
book:1.0
using:1.0
know:1.0
certain:1.0
position:1.6931471805599454
completely:1.0
sure:1.0
plays:1.0
ask:1.0
ill:1.0
tell:1.0
great:1.0
call:1.0
403:1.0
location:1.0
standings:1.6931471805599454
displayed:1.0
contact:1.0
distributed:1.0
