vergolin:1.6931471805599454
euler.lbs.msu.edu:1.6931471805599454
david:1.0
vergolini:1.6931471805599454
subject:1.0
buffalo:1.6931471805599454
sabres:2.09861228866811
ok:1.0
fans:1.0
red:1.0
wings:1.0
fan:1.0
amazed:1.0
beating:1.0
bruins:1.0
reason:1.0
grant:1.0
fuhr:1.0
mogilny:1.0
lafontaine:1.0
would:1.0
like:1.0
hear:1.0
since:1.0
know:1.0
much:1.0
dave:1.0
michigan:1.0
state:1.0
university:1.0
