ballb:1.0
carr113.alleg.edu:1.0
brett:1.6931471805599454
ball:1.6931471805599454
subject:1.0
nhl:1.6931471805599454
letter:1.6931471805599454
wanted:1.0
send:1.6931471805599454
would:1.0
e:1.0
