umward10:1.6931471805599454
news.cc.umanitoba.ca:1.0
derek:1.0
ward:1.0
subject:1.0
winnipeg:1.0
vs:1.0
vancouver:1.0
david:1.0
downie:1.0
dave:1.0
downie.commerce.ubc.ca:1.0
wrote:1.0
speaking:1.0
paddock:1.6931471805599454
whats:1.0
slagging:1.0
sandlak:1.6931471805599454
puts:1.0
mind:1.0
physical:1.0
presence:1.0
waking:1.0
might:1.0
real:1.0
mistake:1.0
isnt:1.0
sandbag:1.0
injury:1.0
anyways:1.0
perhaps:1.0
meant:1.0
say:1.0
momesso:1.0
cheap:1.0
short:1.0
artist:1.0
would:1.0
make:1.0
sense:1.0
wpg:1.0
93:1.0
ccu.umanitoba.ca:1.0
computer:1.0
science:1.0
u:1.0
manitoba:1.0
