gtd597a:1.6931471805599454
prism.gatech.edu:1.6931471805599454
hrivnak:1.6931471805599454
subject:1.0
nhl:1.0
letter:1.0
quite:1.6931471805599454
long:1.0
obnoxious:1.0
name-calling:1.0
deleted:1.0
ok:1.0
wants:1.0
rm:1.0
say:1.0
get:1.0
net:1.0
privleges:1.0
revoked:1.0
seconds:1.0
go:2.386294361119891
skins:1.0
next:1.0
question:1.0
emotional:1.0
music:1.0
braves:1.0
effect:1.0
mike:1.6931471805599454
patton:1.0
faith:1.0
hornets:1.0
capitals:1.0
friedman:1.0
fan:1.0
internet:1.0
