jgold:1.0
chopin.udel.edu:1.0
jonathan:1.0
goldstein:1.0
subject:1.0
amazin:1.0
isles:1.6931471805599454
watch:1.0
pitsburgh:1.6931471805599454
come:1.0
said:1.6931471805599454
wouldnt:1.0
make:1.0
playoffs:1.0
came:1.0
third:1.0
caps:1.0
would:1.0
beat:1.0
us:1.0
theyre:1.0
going:1.0
say:1.0
1:1:1.0
ratio:1.0
winning:1.0
cup:1.0
well:1.0
prove:1.0
wrong:1.0
l:1.6931471805599454
e:1.6931471805599454
g:1.0
n:1.0
r:1.0
bring:1.0
back:1.0
home:1.0
