gtd597a:1.6931471805599454
prism.gatech.edu:1.6931471805599454
hrivnak:1.6931471805599454
subject:1.0
nhl:1.0
letter:1.0
quite:1.6931471805599454
long:1.0
roger:1.0
shut:1.0
thank:1.0
go:2.386294361119891
skins:1.0
next:1.0
question:1.0
emotional:1.0
music:1.0
braves:1.0
effect:1.0
mike:1.6931471805599454
patton:1.0
faith:1.0
hornets:1.0
capitals:1.0
friedman:1.0
fan:1.0
internet:1.0
