mike:1.6931471805599454
damico:1.6931471805599454
miked77:1.0
bnr.ca:1.0
subject:1.0
senators:2.09861228866811
sign:1.0
top:1.0
draft:1.0
picks:1.0
reports:1.0
ottawa:1.6931471805599454
today:1.0
say:1.0
come:1.0
verbal:1.0
agreement:1.0
last:1.0
seasons:1.0
first:1.0
pick:1.6931471805599454
2nd:1.0
overall:1.0
choice:1.0
alexei:1.0
yashin:1.0
5:1.0
year:1.0
deal:1.0
well:1.0
signed:1.0
second:1.0
round:1.0
chad:1.0
penney:1.0
currently:1.0
playing:1.0
sault:1.0
ste:1.0
marie:1.0
greyhounds:1.0
ontario:1.6931471805599454
junior:1.0
league:1.0
playoffs:1.0
bnr:1.0
