andy:1.0
2893684:1.0
qucdn.queensu.ca:1.0
subject:1.0
oilers:2.09861228866811
go:1.0
hamilton:2.386294361119891
article:1.0
1993apr26.023650.16749:1.0
spang.camosun.bc.ca:1.0
ua256:1.0
freenet.victoria.bc.ca:1.0
tom:1.0
moffat:1.0
says:1.0
move:1.0
division:1.0
play:1.0
wont:1.0
change:1.0
name:1.0
steelers:1.0
something:1.0
significant:1.0
deposits:1.0
oil:1.0
around:1.0
caused:1.0
tire:1.0
fire:1.0
years:1.0
back:1.0
nba:1.0
utah:1.0
jazz:1.0
l.a:1.6931471805599454
lakers:1.0
think:1.0
lakes:1.0
guess:1.0
nhl:1.0
