fswbl:1.0
aurora.alaska.edu:1.0
subject:1.0
regular:1.6931471805599454
season:1.6931471805599454
93/94:1.0
pool:1.0
came:1.0
using:1.0
final:1.0
stats:1.0
92/93:1.0
find:1.0
april:1.0
22:1.0
1993:1.0
edition:1.0
usa:1.0
today:1.0
try:1.0
see:1.0
come:1.0
1:1.0
adam:1.6931471805599454
oates:1.6931471805599454
c:2.09861228866811
bruins:1.6931471805599454
145:1.0
pts:3.8903717578961645
2:1.0
teemu:1.6931471805599454
selanne:1.6931471805599454
rw:2.09861228866811
jets:1.6931471805599454
136:1.0
3:1.0
alexander:1.0
mogilny:1.0
sabres:2.09861228866811
131:1.0
4:1.0
pavel:1.0
bure:1.0
canucks:1.0
116:1.0
5:1.0
vincent:1.6931471805599454
damphousse:1.6931471805599454
lw:2.09861228866811
canadians:2.09861228866811
106:1.0
6:1.0
dave:1.0
andreychuk:1.0
mapleleafs:1.0
104:1.0
7:1.0
phil:1.6931471805599454
housley:1.6931471805599454
rd:2.09861228866811
103:1.0
8:1.0
paul:1.0
coffey:1.0
redwings:1.6931471805599454
94:1.6931471805599454
9:1.0
sergei:1.0
fedorov:1.0
10:1.0
andy:1.0
moog:1.0
g:1.6931471805599454
86:1.0
11:1.0
al:1.6931471805599454
infrate:1.0
capitials:1.0
82:1.0
12:1.0
patrick:1.6931471805599454
roy:1.6931471805599454
76:1.0
13:1.0
macinnis:1.0
ld:2.09861228866811
flames:1.0
60:1.0
14:1.0
dennis:1.0
savard:1.0
59:1.0
15:1.0
calle:1.0
johansson:1.0
capitals:1.0
50:1.0
16:1.0
yuri:1.0
khmylev:1.0
41:1.0
17:1.0
richard:1.0
smehlik:1.0
36:1.0
total:1.0
points:1.0
1519:1.0
valuable:1.0
player:1.6931471805599454
rookie:1.0
year:2.09861228866811
improved:1.0
defenseman:1.0
goalie:1.0
