boylan:2.791759469228055
sltg04.ljo.dec.com:1.6931471805599454
steve:2.09861228866811
subject:1.0
christian:1.0
daemons:1.0
biblical:1.0
demons:1.0
update:1.0
article:1.0
1993apr1.024850.20111:1.0
sradzy.uucp:2.09861228866811
radzy:2.386294361119891
t.o:1.6931471805599454
radzykewycz:1.6931471805599454
writes:2.386294361119891
swaim:1.6931471805599454
owlnet.rice.edu:1.0
michael:1.0
parks:1.0
666:1.0
file:2.09861228866811
permission:2.09861228866811
beast:3.3978952727983707
sorry:1.0
600:1.0
home:1.0
directory:1.0
700:1.6931471805599454
hey:1.0
must:1.0
depend:1.0
systems:1.0
access:1.0
policy:1.0
get:1.0
ls:1.0
lg:1.0
usr/users:1.0
total:1.0
3:1.0
drwxrwxrwx:1.0
22:1.0
system:1.0
1536:1.0
jan:1.0
01:1.0
1970:1.0
drwxr-x:1.0
x:1.0
32:1.0
users:1.6931471805599454
2048:1.0
mar:1.0
31:1.0
09:08:1.0
drwxr-xr-x:1.0
2:1.0
guest:1.6931471805599454
512:1.0
sep:1.0
18:1.0
1992:1.0
su:1.6931471805599454
password:1.0
root:1.6931471805599454
umask:1.6931471805599454
111:1.0
minute:1.0
grep:1.0
etc/passwd:1.0
k5tuk76rauogq:497:0:1.0
walt:1.0
disney:1.0
usr/users/beast:1.6931471805599454
mv:2.386294361119891
usr/users/beast/.profile:3.1972245773362196
echo:1.6931471805599454
077:1.0
cat:1.6931471805599454
chmod:1.6931471805599454
mailrc:2.386294361119891
logged:1.0
mail:1.6931471805599454
sradzy:1.0
jack.sns.com:1.0
777:1.0
waits:1.0
finally:1.0
gets:1.0
think:1.0
made:1.0
mistake:1.0
check:1.0
see:1.0
youre:1.0
running:1.0
ultrix:1.0
dont:1.0
miss:1.0
49th:1.0
new:1.0
england:1.0
folk:1.0
festival:1.0
april:1.0
23-25:1.0
1993:1.0
natick:1.0
massachusetts:1.0
