subject:1.0
christian:2.6094379124341005
devil:2.6094379124341005
revealed:1.0
pharvey:1.0
quack.kfu.com:1.0
paul:1.0
harvey:1.0
puzzled:1.0
concept:1.0
adam:1.0
eve:1.0
coming:1.0
know:2.09861228866811
good:3.0794415416798357
evil:2.386294361119891
resolved:1.0
within:1.6931471805599454
gods:1.6931471805599454
universe:1.0
action:1.0
evokes:1.0
equal:1.0
opposite:1.6931471805599454
reaction:1.0
without:1.0
issue:1.0
give:1.0
allegiance:1.0
even:1.6931471805599454
sinful:1.6931471805599454
state:1.0
perform:1.6931471805599454
act:1.6931471805599454
submitted:1.0
god:1.0
place:1.6931471805599454
account:1.0
rom:1.6931471805599454
4:8:1.0
vein:1.0
deeds:1.0
book:1.0
life:2.09861228866811
control:1.0
still:1.0
sinning:1.0
see:2.386294361119891
14:23:1.0
take:2.09861228866811
look:1.0
tell:1.6931471805599454
man:2.6094379124341005
real:1.6931471805599454
virus:1.0
meme:1.0
infecting:1.0
possessing:1.0
people:2.6094379124341005
keep:2.09861228866811
em:1.0
becoming:1.0
human:1.0
beings:1.0
emphasis:1.0
matter:2.09861228866811
vexed:1.0
cant:1.6931471805599454
burn:1.0
lynch:1.0
rape:1.0
wise:1.0
let:1.6931471805599454
rise:1.0
else:1.0
explain:1.0
five:1.0
hundred:1.0
years:1.0
history:1.0
explained:1.0
christians:1.0
invoke:1.0
knocking:1.0
come:1.0
got:2.09861228866811
understand:1.0
youve:1.0
living:1.0
sin:1.0
walk:1.0
right:1.6931471805599454
sit:1.0
ill:1.6931471805599454
loving:1.0
play:1.0
clown:1.0
bend:1.0
low:1.0
yah:1.6931471805599454
ive:1.6931471805599454
buked:1.0
brothers:1.0
stoned:1.0
woe:2.9459101490553135
im:1.0
hung:1.0
tree:1.0
ganging:1.0
doesnt:1.6931471805599454
lives:1.0
loves:1.6931471805599454
honest:1.0
want:2.791759469228055
somewhere:2.09861228866811
hallelujah:1.6931471805599454
lay:1.0
head:1.0
ska:1.0
beat:1.0
eaven:1.0
stiff:1.6931471805599454
necked:1.6931471805599454
fools:2.09861228866811
think:1.6931471805599454
youre:2.09861228866811
cool:1.6931471805599454
deny:1.6931471805599454
simplicity:1.6931471805599454
yes:2.6094379124341005
gone:1.0
long:1.0
love:2.09861228866811
vanity:1.6931471805599454
wrong:1.6931471805599454
interpretation:1.6931471805599454
mixed:1.6931471805599454
vain:2.09861228866811
imagination:1.6931471805599454
jah:3.0794415416798357
sun:1.6931471805599454
moon:1.6931471805599454
rain:1.6931471805599454
stars:1.6931471805599454
forever:1.6931471805599454
erase:1.6931471805599454
fantasy:1.6931471805599454
yeah:1.6931471805599454
lips:1.0
righteous:1.6931471805599454
teach:1.0
many:1.0
die:1.0
wisdom:1.0
rich:1.0
mans:1.0
wealth:1.6931471805599454
city:1.0
holy:1.0
destruction:1.6931471805599454
poor:1.0
poverty:1.0
soul:1.0
dont:2.09861228866811
rule:1.0
ya:2.09861228866811
fool:1.0
school:1.0
things:1.0
might:1.0
never:1.0
oh:1.0
move:1.0
rhythm:1.0
dancing:1.0
gives:1.0
great:1.0
joy:1.0
feel:1.0
sweet:1.0
togetherness:1.0
everyones:1.0
theyre:1.0
best:1.0
remind:1.0
days:1.6931471805599454
jericho:1.6931471805599454
trodden:1.0
wall:1.0
well:1.0
trod:1.6931471805599454
true:1.0
babylon:2.09861228866811
gon:1.0
na:1.0
fall:1.0
saw:1.0
angel:1.0
seven:1.0
seals:1.0
saying:1.0
throne:1.0
going:1.0
weeping:1.0
wailing:1.0
tonight:1.0
