joslin:1.6931471805599454
pogo.isp.pitt.edu:1.0
david:1.0
subject:1.0
food:1.0
thought:1.0
tyre:1.0
af664:1.0
yfn.ysu.edu:1.0
frank:1.0
decenso:1.0
jr:1.0
writes:1.0
pps:1.0
giving:1.0
many:1.6931471805599454
clues:1.6931471805599454
enough:1.0
substance:1.0
ask:1.0
lot:1.0
good:1.0
questions:1.6931471805599454
though:1.0
worried:1.0
im:1.0
inerrantist:1.0
let:1.0
know:1.0
ready:1.0
get:1.0
serious:1.0
dj:1.0
