thyagi:2.09861228866811
cup.portal.com:1.0
morgoth:1.0
nagasiva:1.0
subject:1.0
david:1.6931471805599454
koresh:1.6931471805599454
messianic:1.6931471805599454
cult:1.6931471805599454
hello:1.0
read:1.6931471805599454
first:1.0
newspaper:1.0
noticed:1.0
article:1.0
leader:1.0
named:1.0
id:1.0
like:1.0
know:1.0
going:1.0
please:1.0
email:1.0
dont:1.0
normally:1.0
newsgroup:1.0
thanks:1.0
houseofkaos.abyss.com:1.0
