bobsarv:1.6931471805599454
microsoft.com:2.09861228866811
bob:1.6931471805599454
sarver:1.6931471805599454
subject:1.0
question:1.0
popular:1.0
morality:2.09861228866811
article:1.0
1993apr03.044958.15500:1.0
writes:1.0
understand:1.0
words:1.0
mean:1.0
someone:1.6931471805599454
inflicts:1.6931471805599454
pain:1.6931471805599454
enjoy:1.6931471805599454
masochist:1.0
nothing:1.6931471805599454
wrong:2.386294361119891
may:2.09861228866811
think:2.09861228866811
gross:1.0
bizarre:1.0
might:1.0
agree:1.0
my/your:1.0
disgust:1.0
equal:1.0
morally:1.6931471805599454
hudson:2.9459101490553135
whether:1.6931471805599454
hurting:1.0
permanently:1.6931471805599454
damaging:1.6931471805599454
body:1.0
true:1.6931471805599454
also:2.791759469228055
none:1.0
business:1.0
people:3.3978952727983707
reason:1.6931471805599454
reading:1.0
bible:1.6931471805599454
xtian:1.0
brain:1.0
logic:1.6931471805599454
would:1.6931471805599454
ok:1.0
come:1.6931471805599454
home:1.0
take:1.0
away:1.0
send:1.0
re-education:1.0
camps:1.0
save:1.0
mind:1.0
ruin:1.0
ready:1.0
say:2.386294361119891
gave:1.6931471805599454
authority:2.09861228866811
set:2.791759469228055
standard:2.6094379124341005
living:1.0
thinking:2.09861228866811
person:1.0
able:1.6931471805599454
make:2.6094379124341005
choices:1.6931471805599454
need:1.0
show:1.0
way:1.6931471805599454
observed:1.0
many:1.0
errors:1.0
already:1.0
trust:2.09861228866811
rules:1.6931471805599454
permit:1.0
try:1.0
force:1.0
accept:1.0
simply:1.0
dont:2.09861228866811
like:3.0794415416798357
doesnt:1.0
give:1.0
right:2.6094379124341005
stop:1.0
aware:1.0
everyone:1.0
however:1.6931471805599454
obnoxious:1.0
arrogant:1.0
i-know-im-morally-right-so-i-can-force-it-on-you:1.0
bullshit:1.0
brought:1.0
us:1.0
religious:1.0
wars:1.0
pogroms:1.0
jews:1.0
gay-bashing:1.0
atrocities:1.0
knew:1.0
know:1.6931471805599454
better:1.0
want:2.09861228866811
tell:2.386294361119891
died:1.0
made:1.0
god:1.6931471805599454
cant:1.0
thing:1.0
arent:2.09861228866811
indicating:1.0
telling:1.0
moral:2.386294361119891
presenting:1.0
key:1.0
getting:1.0
along:1.0
life:2.09861228866811
point:1.0
respect:1.6931471805599454
intelligent:1.0
enough:1.0
expect:1.0
returned:1.0
hand:1.0
choice:1.0
avoid:1.0
inconsistency:1.0
believe:1.0
standards:1.6931471805599454
others:1.6931471805599454
interfere:1.6931471805599454
lives:1.0
must:1.0
admit:1.0
interference:1.6931471805599454
yes:1.0
religion:1.6931471805599454
correct:1.0
tells:1.0
agents:1.0
acting:1.6931471805599454
behalf:1.0
misinterpreted:1.0
word:1.0
actual:1.0
believers:1.0
goes:1.0
actually:1.6931471805599454
surprised:1.0
follow:1.0
rats:1.0
pied:1.0
piper:1.0
basic:1.0
form:1.0
going:1.0
let:1.6931471805599454
necessary:1.0
beat:1.0
bloody:1.0
pulp:1.0
humane:1.0
level:1.0
recognize:1.6931471805599454
sentient:1.0
beings:1.0
possessed:1.0
intelligence:1.0
capable:1.0
appreciate:1.0
treated:1.0
allowed:1.0
decisions:1.0
