hudson:1.6931471805599454
athena.cs.uga.edu:1.0
paul:1.0
jr:1.0
subject:1.0
question:1.0
popular:1.0
morality:1.6931471805599454
article:1.0
1993apr5.165709.4347:1.0
midway.uchicago.edu:1.6931471805599454
dsoconne:1.0
writes:1.0
base:1.6931471805599454
true:1.0
absolute:1.0
stand:1.6931471805599454
note:1.0
majority:1.0
people:1.0
remain:1.0
unconvinced:1.0
idea:1.0
probably:1.0
isnt:1.0
worth:1.0
much:1.0
pragmatic:1.0
sense:1.0
maybe:1.0
precious:1.0
link:1.0
