psyrobtw:1.0
ubvmsb.cc.buffalo.edu:1.0
robert:1.0
weiss:1.0
subject:1.0
6:1.0
apr:1.0
93:1.0
gods:1.0
promise:1.0
john:1.6931471805599454
16:24:1.6931471805599454
hitherto:1.0
ye:1.6931471805599454
asked:1.0
nothing:1.0
name:1.0
ask:1.0
shall:1.0
receive:1.0
joy:1.0
may:1.0
full:1.0
