ad354:1.6931471805599454
freenet.carleton.ca:1.6931471805599454
james:1.6931471805599454
owens:1.6931471805599454
subject:1.0
666:1.6931471805599454
number:1.0
beast:1.0
viewer:1.0
discretion:1.0
advised:1.0
un:1.0
resolution:1.0
guarantees:1.0
humanitarian:1.0
aid:1.6931471805599454
get:1.0
irag:1.0
gulf:1.0
war:2.09861228866811
getting:1.0
still:1.0
trying:1.0
smoke:1.0
saddam:1.0
middle:1.0
east:1.0
talking:1.0
religious:1.0
ranting:1.0
ottawa:1.0
ontario:1.0
canada:1.0
