system:1.6931471805599454
kalki33.lakes.trenton.sc.us:1.6931471805599454
kalki:1.0
dasa:1.0
subject:1.0
bhagavad-gita:1.6931471805599454
2.44:1.0
text:1.0
44:1.0
bhogaisvarya-prasaktanam:1.0
tayapahrta-cetasam:1.0
vyavasayatmika:1.0
buddhih:1.6931471805599454
samadhau:1.6931471805599454
na:1.6931471805599454
vidhiyate:1.6931471805599454
bhoga:1.0
material:2.386294361119891
enjoyment:2.09861228866811
aisvarya:1.0
opulence:1.6931471805599454
prasaktanam:1.0
attached:1.6931471805599454
taya:1.0
things:2.09861228866811
apahrta-cetasam:1.0
bewildered:2.09861228866811
mind:2.386294361119891
vyavasaya-atmika:1.0
fixed:2.09861228866811
determination:1.6931471805599454
devotional:1.6931471805599454
service:1.6931471805599454
lord:1.6931471805599454
controlled:1.0
never:1.6931471805599454
take:1.6931471805599454
place:1.6931471805599454
translation:1.0
minds:1.0
sense:1.6931471805599454
resolute:1.0
supreme:1.0
purport:1.0
samadhi:2.09861228866811
means:1.0
vedic:1.0
dictionary:1.0
nirukti:1.0
says:1.0
samyag:1.0
adhiyate:1.0
sminn:1.0
atma-tattva-yathatmyam:1.0
understanding:1.0
self:1.0
said:1.0
possible:1.0
persons:1.0
interested:1.0
temporary:1.0
less:1.0
condemned:1.0
process:1.0
energy:1.0
books:1.0
a.c:1.0
bhaktivedanta:1.0
swami:1.0
dont:1.0
forget:1.0
chant:1.0
hare:3.0794415416798357
krishna:2.386294361119891
rama:2.386294361119891
kalkis:1.0
infoline:1.0
bbs:1.0
aiken:1.0
south:1.0
carolina:1.0
usa:1.0
