psyrobtw:1.0
ubvmsb.cc.buffalo.edu:1.0
robert:1.0
weiss:1.0
subject:1.0
15:1.0
apr:1.0
93:1.0
gods:1.0
promise:1.0
john:1.6931471805599454
1:12:1.6931471805599454
many:1.0
received:1.0
gave:1.0
power:1.0
become:1.0
sons:1.0
god:1.0
even:1.0
believe:1.0
name:1.0
