jmeritt:1.0
mental.mitre.org:1.0
jim:1.0
meritt:1.0
system:1.0
admin:1.0
subject:1.0
invisible:1.0
god:2.6094379124341005
seen:2.6094379124341005
take:1.0
away:1.0
hand:1.0
thou:1.6931471805599454
shalt:1.0
see:2.386294361119891
backparts:1.0
ex:2.09861228866811
33:23:1.0
lord:1.0
spake:1.0
moses:1.0
face:2.6094379124341005
man:2.386294361119891
speaketh:1.0
friend:1.0
33:11:1.0
life:1.0
preserved:1.0
gen:1.0
32:30:1.0
hath:1.6931471805599454
time:1.0
john:1.0
1:18:1.0
said:1.0
canst:1.0
shall:1.0
live:1.0
33:20:1.0
1:1.0
tim:1.0
6:16:1.0
pick:1.0
want:1.0
