kmr4:1.0
po.cwru.edu:1.0
keith:1.0
ryan:1.0
subject:1.0
2000:1.0
years:1.0
say:1.0
christian:1.0
morality:1.0
article:1.0
1993apr17.162105.3303:1.0
scic.intel.com:1.6931471805599454
sbradley:1.0
seth:1.0
j:1.0
bradley:1.0
writes:1.0
ifone:1.0
simply:1.0
says:1.0
god:1.6931471805599454
falsifiable:1.0
unless:1.0
admits:1.0
didnt:1.0
id:1.0
cheat:1.0
hillary:1.0
john:1.0
laws:1.0
local:1.0
gop:1.0
reprehensitive:1.0
extolling:1.0
traditional:1.0
family:1.0
values:1.0
