mathew:2.09861228866811
mantis.co.uk:1.0
subject:1.0
2000:1.0
years:1.0
say:1.0
christian:1.6931471805599454
morality:2.09861228866811
frank:1.6931471805599454
d012s658.uucp:1.0
odwyer:1.0
writes:1.0
b:1.0
neither:1.0
theist:1.0
believe:1.0
objective:1.6931471805599454
preference:1.0
relativist:1.0
soup:1.0
gobbledegook:1.0
well:1.0
two:1.0
approaches:1.0
take:1.0
one:1.0
ask:1.6931471805599454
assuming:1.0
secret:1.0
think:1.0
wrong:1.0
relativism:1.0
correct:1.0
misconceptions:1.0
