ch981:1.0
cleveland.freenet.edu:1.0
tony:1.6931471805599454
alicea:1.0
subject:1.0
rosicrucian:2.09861228866811
order:1.0
kent:1.0
say:1.0
4-10:1.0
competing:2.09861228866811
orders:1.6931471805599454
existing:1.0
today:1.0
spin-offs:1.6931471805599454
oto:1.0
organizations:1.6931471805599454
19th:1.0
century:1.0
france/germany:1.0
maybe:1.0
write:1.0
article:1.0
please:1.0
dont:1.0
spent:1.6931471805599454
time:1.6931471805599454
investigating:1.0
conceptual:1.0
world:1.0
view:1.0
systems:1.0
name:1.0
three:1.0
really:1.0
probably:1.0
none:1.0
o.t.o:1.0
opposite:1.0
may:1.0
case:1.0
study:1.0
harder:1.0
