pharvey:1.0
quack.kfu.com:1.0
paul:1.0
harvey:1.0
subject:1.0
ignorance:2.386294361119891
bliss:1.6931471805599454
good:1.0
jesus:1.0
died:1.0
article:1.0
sandvik-170493104859:1.0
sandvik-kent.apple.com:1.0
sandvik:1.6931471805599454
newton.apple.com:1.0
kent:1.0
writes:1.0
strength:1.0
help:1.0
spread:1.0
truth:1.0
