dickeney:1.0
access.digex.com:1.0
dick:1.0
eney:1.0
subject:1.0
swastika:1.0
hitler:1.0
pagan:1.0
christian:1.0
red:1.6931471805599454
wwhite:1.0
black:1.6931471805599454
colors:1.6931471805599454
imperial:1.0
german:1.0
war-flag:1.0
go:1.0
back:1.0
still:1.0
xviii:1.0
prussian:1.0
drinking:1.0
songs:1.0
celebrating:1.0
white:1.0
fletcher:1.0
pratt:1.0
points:1.0
blood:1.0
iron:1.0
diccon:1.0
frankborn:1.0
