ch981:1.0
cleveland.freenet.edu:1.0
tony:1.0
alicea:1.0
subject:1.0
rosicrucian:1.0
order:1.0
previous:1.0
article:1.0
alamut:1.0
netcom.com:1.0
max:1.0
delysid:1.0
says:1.0
assume:1.0
statement:1.0
unequivocally:1.0
saying:1.0
amorc:1.6931471805599454
spin:1.6931471805599454
oto:1.6931471805599454
absolutely:1.0
lewis:1.6931471805599454
didnt:1.0
care:1.0
1921:1.0
o.t.o:1.0
charter:1.0
reuss:1.0
mind:1.0
something:1.0
completely:1.0
diferent:1.0
crowley:1.0
different:1.0
persons:1.0
probably:1.0
know:1.0
fact:1.0
may:1.0
well:1.0
overstatement:1.0
sorry:1.0
study:1.6931471805599454
harder:1.6931471805599454
smarter:1.0
always:1.0
