house:2.386294361119891
helios.usq.edu.au:1.6931471805599454
ron:1.6931471805599454
subject:1.0
2000:1.0
years:1.0
say:1.0
christian:1.0
morality:1.0
judi:1.0
wam.umd.edu:1.0
jay:1.0
stein:1.0
objectively:1.0
subjective:1.6931471805599454
writes:1.0
question:1.0
effective:1.0
difference:1.0
objective:2.09861228866811
values:2.6094379124341005
exist:1.0
disagreement:1.0
dont:1.0
see:1.0
first:1.6931471805599454
means:1.6931471805599454
aspect:1.0
reality:1.0
contains:1.0
second:1.0
reference:1.0
preference:1.0
individual:1.0
case:1.0
possible:1.0
future:1.0
discovery:1.0
might:1.0
invalidate:1.0
certain:1.0
views:1.0
usq:1.0
toowoomba:1.0
australia:1.0
