ba:1.0
mrcnext.cso.uiuc.edu:1.0
b.a:1.0
davis-howe:1.0
subject:1.6931471805599454
rosicrucian:2.09861228866811
order:2.386294361119891
many:1.0
competing:1.0
rc:1.0
orders:1.0
let:1.0
point:1.0
golden:1.0
dawn:1.0
outer:1.0
tradition:1.0
inner:1.0
roseae:1.0
rubeae:1.0
et:1.0
aurae:1.0
crucis:1.0
thats:1.0
ruby:1.0
rose:1.0
gold:1.0
cross:1.0
rough:1.0
translation:1.0
g..d:1.0
derivative:1.0
groups:1.0
course:1.0
real:1.0
rosicrucians:1.0
never:1.0
admit:1.0
enjoy:1.0
journey:1.0
branarthur:1.0
queer:1.0
peculiar:1.0
wyrd:1.0
closed:1.0
minds:1.0
dont:1.0
want:1.0
know:1.0
jjobermark:1.0
