rkwmo:1.0
pukrs3.puk.ac.za:1.0
mnr:1.0
oosthuysen:1.0
subject:1.0
kind:2.09861228866811
loving:2.09861228866811
god:1.6931471805599454
article:1.0
9304141620.aa01443:1.0
dangermouse.mitre.org:1.0
jmeritt:1.0
mental.mitre.org:1.0
writes:1.0
leviticus:1.0
21:9:1.0
daughter:1.0
priest:1.0
profane:1.0
playing:1.0
whore:1.0
profaneth:1.0
father:1.0
shall:2.9459101490553135
burnt:1.0
fire:1.0
deuteronomy:2.386294361119891
22:20-21:1.0
tokens:1.0
virginity:1.0
found:1.6931471805599454
damsel:2.386294361119891
bring:1.6931471805599454
door:1.0
fathers:1.0
house:1.0
men:1.6931471805599454
city:2.09861228866811
stone:1.6931471805599454
stones:1.6931471805599454
die:2.386294361119891
22:22:1.0
man:2.791759469228055
lying:1.0
woman:1.0
married:1.0
husband:1.6931471805599454
22:23-24:1.0
virgin:1.0
betrothed:1.6931471805599454
unto:1.6931471805599454
find:1.6931471805599454
lie:1.6931471805599454
ye:1.6931471805599454
gate:1.0
22:25:1.0
field:1.0
force:1.0
lay:1.0
werent:1.0
sin:1.6931471805599454
none:1.0
killing:1.0
would:1.0
necesarry:1.0
also:1.6931471805599454
righteous:1.0
must:1.0
punished:1.0
jesus:1.6931471805599454
take:1.0
sins:1.0
died:1.0
took:1.0
upon:1.0
forgiving:1.0
wouldnt:1.0
people:1.0
left:1.0
