slhw4:1.6931471805599454
cc.usu.edu:1.6931471805599454
jason:1.6931471805599454
hunsaker:1.6931471805599454
subject:1.0
christian:1.0
owned:1.0
organization:1.0
list:1.6931471805599454
article:1.0
47749:1.0
sdcc12.ucsd.edu:1.0
shopper:1.0
ucsd.edu:1.0
writes:1.0
anyone:1.0
know:1.6931471805599454
find:1.0
christian-owned:1.0
corporations:1.0
companies:1.0
one:1.0
wordperfect:1.6931471805599454
naw:1.0
owners:1.0
mormons:1.6931471805599454
tony:1.0
roses:1.0
robert:1.0
weiss:1.0
standards:1.0
arent:1.0
christians:1.0
internet:1.0
logan:1.0
utah:1.0
