mlee:1.0
post.royalroads.ca:1.0
malcolm:1.6931471805599454
lee:1.6931471805599454
subject:1.0
kind:1.0
loving:1.0
god:2.791759469228055
article:1.0
9304141620.aa01443:1.0
dangermouse.mitre.org:1.0
jmeritt:1.0
mental.mitre.org:1.0
writes:1.0
leviticus:1.0
21:9:1.0
daughter:1.0
priest:1.0
profane:1.0
playing:1.0
whore:1.0
profaneth:1.0
father:1.0
shall:2.9459101490553135
burnt:1.0
fire:1.0
deuteronomy:2.386294361119891
22:20-21:1.0
tokens:1.0
virginity:1.0
found:1.6931471805599454
damsel:2.386294361119891
bring:1.6931471805599454
door:1.0
fathers:1.0
house:1.0
men:1.0
city:2.09861228866811
stone:1.6931471805599454
stones:1.6931471805599454
die:2.386294361119891
22:22:1.0
man:2.6094379124341005
lying:1.0
woman:1.0
married:1.0
husband:1.6931471805599454
22:23-24:1.0
virgin:1.0
betrothed:1.6931471805599454
unto:1.6931471805599454
find:1.6931471805599454
lie:1.6931471805599454
ye:1.6931471805599454
gate:1.0
22:25:1.0
field:1.0
force:1.0
lay:1.0
laws:1.6931471805599454
written:1.6931471805599454
israelites:1.6931471805599454
gods:2.09861228866811
chosen:2.09861228866811
people:2.09861228866811
expressly:1.0
set:1.0
apart:1.0
rest:1.0
world:1.0
direct:1.0
witness:1.0
existence:1.0
disobey:1.0
knowing:1.0
real:1.0
would:1.0
outright:1.0
denial:1.0
therefore:1.0
immediately:1.6931471805599454
punishable:1.6931471805599454
remember:1.0
different:1.0
time:1.0
applied:1.0
jesus:1.6931471805599454
changed:1.0
living:1.0
age:1.0
grace:1.0
sin:1.0
longer:1.0
death:1.0
repentance:1.0
salvation:1.6931471805599454
lord:1.0
christ:1.0
available:1.0
everyone:1.0
jew:1.0
gentile:1.0
alike:1.0
