rich.bellacera:1.0
amail.amdahl.com:1.0
subject:1.0
walter:1.6931471805599454
tried:1.0
several:1.0
times:1.0
past:1.0
communicate:1.0
susan:1.0
ignored:1.0
dont:1.0
honestly:1.0
believe:1.0
letters:1.0
mean:1.0
rather:1.0
thought:1.0
thoughtful:1.0
compassionate:1.0
see:1.0
seen:1.0
call:1.0
naive:1.0
give:1.0
group:1.6931471805599454
lord:1.0
advised:1.0
unwelcome:1.0
city:1.0
brush:1.0
dust:1.0
feet:1.0
go:1.0
anyone:1.0
cares:1.0
topic:1.0
write:1.0
direct:1.0
well:1.6931471805599454
may:1.0
god:1.0
bless:1.0
bye:1.0
pax:1.0
