sandvik:2.09861228866811
newton.apple.com:1.6931471805599454
kent:1.6931471805599454
subject:1.0
14:1.0
apr:1.0
93:1.0
gods:1.6931471805599454
promise:1.0
1:1.6931471805599454
john:2.09861228866811
7:1.0
article:1.0
1993apr15.202729.6649:1.0
organpipe.uug.arizona.edu:1.0
brian:1.6931471805599454
lpl.arizona.edu:1.0
ceccarelli:1.0
602/621-9615:1.0
wrote:1.0
jesus:2.09861228866811
gives:1.0
reasons:1.0
16:7:1.0
one:1.6931471805599454
obvious:2.09861228866811
reason:1.0
died:1.0
everything:1.0
else:1.0
nothing:1.0
punishment:1.0
could:1.0
rise:1.6931471805599454
life:1.0
would:2.09861228866811
stop:1.0
doubting:1.0
believe:1.0
21:27:1.0
fact:1.0
rose:1.0
dead:1.6931471805599454
hope:1.6931471805599454
point:1.6931471805599454
overlook:1.0
without:1.0
faith:1.0
vanity:1.0
glad:1.0
hear:1.0
note:1.0
osiris:1.6931471805599454
mithras:1.0
many:1.0
cult:1.0
resurrected:1.0
well:1.0
theres:1.0
good:1.0
chance:1.0
us:1.0
maybe:1.0
end:1.0
virtual:1.6931471805599454
reality:1.6931471805599454
simulator:1.0
live:1.0
forever:1.0
hurrah:1.0
sorry:1.0
joke:1.0
sort:1.0
anyway:1.0
im:1.0
first:1.0
connected:1.0
personality:1.0
database:1.0
time:1.0
write:1.0
book:1.0
cheers:1.0
alink:1.0
ksand:1.0
private:1.0
activities:1.0
net:1.0
