starowl:1.6931471805599454
rahul.net:1.0
michael:1.6931471805599454
adams:1.6931471805599454
subject:1.0
14:1.0
apr:1.6931471805599454
93:1.0
gods:1.0
promise:1.0
1:1.6931471805599454
john:1.0
7:1.0
15:1.0
1993:1.0
22:34:40:1.0
gmt:1.0
eric:1.0
sieferman:1.0
observed:1.0
christian:1.0
washed:2.09861228866811
blood:2.09861228866811
lamb:1.6931471805599454
mithraist:1.0
bull:1.6931471805599454
anyone:1.0
netland:1.0
process:1.0
devising:1.0
new:1.0
religion:1.0
use:1.0
already:1.0
reserved:1.0
please:1.0
choose:1.0
another:1.0
animal:1.0
preferably:1.0
one:1.0
endangered:1.0
species:1.0
list:1.0
barney:1.0
dinosaur:1.0
a2i.rahul.net:1.0
