psyrobtw:1.0
ubvmsd.cc.buffalo.edu:1.0
robert:1.0
weiss:1.0
subject:1.0
16:1.0
apr:1.0
93:1.0
gods:1.0
promise:1.0
psalm:1.6931471805599454
32:8:1.6931471805599454
instruct:1.0
thee:2.09861228866811
teach:1.0
way:1.0
thou:1.0
shalt:1.0
go:1.0
guide:1.0
mine:1.0
eye:1.0
