asiivo:1.0
cs.joensuu.fi:1.0
antti:1.0
siivonen:1.0
subject:1.0
part:1.6931471805599454
1:1.0
2:1.0
homosexuality:1.0
long:1.0
time:1.0
see:1.0
andreas:1.6931471805599454
siperian:1.0
sirri:1.0
siberian:1.0
stint:1.0
itu:1.0
love:1.0
evolution:1.0
tuusniemi:1.0
siis:1.0
imein:1.0
suut:1.0
