ch981:1.0
cleveland.freenet.edu:1.0
tony:1.0
alicea:1.0
subject:1.0
rosicrucian:1.0
order:1.0
previous:1.0
article:1.0
cdcolvin:1.0
rahul.net:1.0
christopher:1.0
colvin:1.0
says:1.0
worked:1.0
amorc:1.6931471805599454
hs:1.6931471805599454
ok:1.0
naive:1.0
teen:1.0
lewis:1.0
dates:1.0
back:1.0
20s:1.0
wrong:1.0
1915:1.0
homework:1.0
1909:1.0
born:1.0
last:1.0
century:1.0
1883:1.0
right:1.0
embroiled:1.0
internal:1.0
political:1.0
turmoil:1.0
isnt:1.0
