rosst:1.0
pogo.wv.tek.com:1.0
ross:1.0
taylor:1.0
subject:1.0
davidians:1.6931471805599454
compassion:1.0
evidence:1.0
independent:1.0
fbi:1.0
indicates:1.0
branch:1.0
set:1.0
fire:1.0
survivors:1.0
said:1.0
press:1.0
see:1.0
anything:1.0
unfortunately:1.0
precedent:1.6931471805599454
u.s:1.0
government:1.6931471805599454
saving:1.0
children:1.0
roasting:1.0
alive:1.0
religious:1.0
self-imolation:1.0
well:1.0
still:1.0
wonder:1.0
couldnt:1.0
leave:1.0
alone:1.0
