rana:2.09861228866811
rintintin.colorado.edu:1.6931471805599454
nabeel:1.6931471805599454
ahmad:1.0
subject:1.6931471805599454
new:1.0
newsgroup:1.6931471805599454
soc.religion.islam.ahmadiyya:1.0
mr:1.6931471805599454
esam:1.6931471805599454
abdel-rahem:1.0
writes:1.6931471805599454
urge:1.0
vote:1.0
formation:1.0
news:1.0
group:2.09861228866811
ahmadya.islam:1.0
want:1.6931471805599454
word:1.6931471805599454
islam:2.6094379124341005
shouldnot:1.0
attached:1.0
name:2.09861228866811
dont:2.791759469228055
consider:2.791759469228055
muslims:3.3978952727983707
dr:1.6931471805599454
tahir:1.6931471805599454
ijaz:1.0
comments:1.6931471805599454
abdel-rahems:1.0
statement:2.6094379124341005
problem:2.386294361119891
ourself:1.0
even:1.6931471805599454
though:1.0
luckily:1.0
faith:1.6931471805599454
determined:1.0
one:1.6931471805599454
believes:1.0
personal:1.6931471805599454
matter:1.6931471805599454
declare:1.6931471805599454
someone:1.0
else:1.6931471805599454
jawad:1.6931471805599454
ali:1.6931471805599454
ijazs:1.6931471805599454
considering:1.0
consequences:1.0
argument:1.6931471805599454
converse:1.6931471805599454
would:2.09861228866811
ahmadies:1.6931471805599454
considers:1.0
ones:1.0
co-believer:1.0
also:1.0
wrong:1.6931471805599454
tell:1.0
included:1.0
self-defination:1.0
funny:1.0
light:1.0
corrected:1.0
non-ahmadi:1.0
ahmadi-muslims:1.0
get:1.0
solved:1.0
humans:1.6931471805599454
decide:1.0
may:1.0
others:1.6931471805599454
faiths:1.6931471805599454
simple:1.0
understand:1.0
mere:1.0
use:1.6931471805599454
becomming:1.0
big:1.0
issue:1.0
seen:1.6931471805599454
numorous:1.0
postings:1.0
net:1.0
say:1.6931471805599454
havent:1.0
single:1.6931471805599454
posting:1.0
stating:1.0
right:1.0
declaring:1.0
gives:1.0
authority:1.0
quran:1.0
hadith:1.0
something:1.0
know:1.0
small:1.0
reminder:1.0
muslim:2.386294361119891
brothers:1.6931471805599454
ever:1.0
holy:1.6931471805599454
prophet:2.09861228866811
muhammad:2.09861228866811
pbuh:1.6931471805599454
anyone:2.09861228866811
called:1.0
never:1.6931471805599454
challenge:1.0
produce:1.0
evidence:1.0
history:1.0
hence:1.0
could:1.6931471805599454
mullahs:1.0
governments:1.0
today:1.0
sincerely:1.0
note:1.0
love:1.0
views:1.0
abeel:1.0
ana:1.0
hatred:1.0
none:1.0
e-mail:1.0
mine:1.0
