ch981:1.0
cleveland.freenet.edu:1.0
tony:1.6931471805599454
alicea:1.0
subject:1.0
oto:1.0
ancient:1.0
order:1.0
oriental:1.0
templars:1.0
previous:1.0
article:1.0
shades:1.0
sorinc.cutler.com:1.0
darrin:1.0
hyrup:1.0
says:1.0
thelema:1.0
lodge:1.0
dont:1.0
internet:1.0
address:1.6931471805599454
cis:1.0
reached:1.0
via:1.0
uucp/internet:1.0
72105,1351:1.0
guess:1.0
would:1.0
72105.1351:1.0
cis.com:1.0
something:1.0
like:1.0
compuserve.com:1.0
