jmeritt:1.0
mental.mitre.org:1.0
jim:1.0
meritt:1.0
system:1.0
admin:1.0
subject:1.0
identity:1.0
crisis:1.0
god:1.0
satan:1.6931471805599454
ii:1.0
samuel:1.0
24:1.0
anger:1.0
lord:1.0
kindled:1.0
israel:1.6931471805599454
moved:1.0
david:1.6931471805599454
say:1.0
go:1.0
number:1.6931471805599454
isreal:1.6931471805599454
judah:1.0
chronicles:1.0
21:1.0
stood:1.0
provoked:1.0
