m23364:1.6931471805599454
mwunix.mitre.org:1.6931471805599454
james:1.6931471805599454
meritt:2.09861228866811
subject:1.0
see:1.0
apology:1.6931471805599454
jim:2.6094379124341005
silence:1.0
concurance:1.0
article:1.0
9473:1.0
blue.cis.pitt.edu:1.6931471805599454
joslin:1.6931471805599454
pogo.isp.pitt.edu:1.0
david:1.0
writes:1.6931471805599454
stop:1.0
dodging:1.0
question:1.0
hypocritical:1.0
criticizing:1.0
bad:1.0
arguments:1.0
given:1.6931471805599454
agree:1.0
conclusion:1.6931471805599454
disagree:1.0
one:1.0
claimed:1.6931471805599454
possess:1.0
fruits:1.0
precognition:2.09861228866811
telepathy:2.386294361119891
telempathy:1.6931471805599454
divine:1.0
another:1.0
dodge:1.0
oh:1.0
well:1.0
im:1.6931471805599454
match:1.0
amazing:1.0
repertoire:1.0
red:1.6931471805599454
herrings:1.6931471805599454
smoke:1.6931471805599454
screens:1.6931471805599454
asked:1.0
going:1.0
apologize:1.0
pointing:1.6931471805599454
straw-man:1.6931471805599454
argument:1.6931471805599454
saying:1.0
list:1.0
bible:1.0
contradictions:1.0
shows:1.0
low:1.0
standards:1.0
scholarship:1.0
embarrassment:1.6931471805599454
anti-inerrantists:1.0
josh:1.0
mcdowell:1.0
fundies:1.0
objecting:1.0
various:1.0
times:1.0
taking:1.0
quotes:1.0
context:1.0
excuse:1.0
calling:1.0
following:1.0
inaccurate:1.0
unsubstantiated:2.09861228866811
accusations:1.0
8257:1.0
threatening:1.6931471805599454
threat:2.386294361119891
produced:1.6931471805599454
realized:1.0
display:1.0
quote:1.6931471805599454
spite:2.09861228866811
forecast:1.0
ever:1.0
happening:1.6931471805599454
responding:1.0
jims:1.0
never:1.6931471805599454
preparing:1.0
still:1.6931471805599454
mystified:1.0
untrue:1.0
maybe:1.0
scandalized:1.0
seems:1.0
habit:1.0
trouble:1.0
reality:1.0
appears:1.0
get:1.0
bothered:1.0
facts:1.0
appear:1.0
products:1.0
paranatural:1.0
divination:1.0
methods:1.0
yawn:1.0
