brian:1.6931471805599454
lpl.arizona.edu:1.0
ceccarelli:1.0
602/621-9615:1.0
subject:1.0
biblical:1.6931471805599454
backing:1.6931471805599454
koreshs:1.0
3-02:1.0
tape:1.6931471805599454
cites:1.6931471805599454
enclosed:1.6931471805599454
article:1.0
20apr199301460499:1.0
utarlg.uta.edu:1.6931471805599454
b645zaw:1.0
stephen:1.0
writes:1.0
think:1.0
david:1.6931471805599454
koresh:1.6931471805599454
didnt:1.0
solid:1.0
structure:1.0
sound:1.0
hour:1.0
long:1.0
broadcast:1.0
ive:1.0
partial:1.0
list:1.0
sources:1.0
quotes:1.0
exactly:1.0
used:1.0
christian:1.0
sermon:1.0
pretty:1.0
good:1.0
inspired:1.0
born:1.0
bethlehem:1.0
ehh:1.0
