xcpslf:1.0
oryx.com:1.0
stephen:1.0
l:1.0
favor:1.0
subject:1.0
biblical:1.0
backing:1.0
koreshs:1.0
3-02:1.0
tape:1.0
cites:1.0
enclosed:1.0
seems:1.0
koresh:1.6931471805599454
yet:1.0
another:1.0
messenger:1.6931471805599454
got:1.0
killed:1.6931471805599454
message:1.0
carried:1.0
says:1.0
nothing:1.0
character:1.0
reckon:1.0
well:1.0
find:1.0
rest:1.0
hard:1.0
way:1.0
wanted:1.0
lots:1.0
illegal:1.0
guns:1.0
