jmeritt:1.0
mental.mitre.org:1.0
jim:1.0
meritt:1.0
system:1.0
admin:1.0
subject:1.0
keep:1.0
firm:1.0
foundations:1.6931471805599454
job:1.6931471805599454
26:7:1.0
stretcheth:1.0
north:1.0
empty:1.0
place:1.0
hangeth:1.0
earth:1.6931471805599454
upon:1.0
nothing:1.0
38:4:1.0
wast:1.0
thou:1.6931471805599454
laid:1.0
declare:1.0
hast:1.0
understanding:1.0
