jburrill:1.6931471805599454
boi.hp.com:1.6931471805599454
jim:1.6931471805599454
burrill:1.6931471805599454
subject:1.0
question:2.09861228866811
islamic:2.09861228866811
view:2.09861228866811
regarding:1.0
towards:1.6931471805599454
homosexuality:1.6931471805599454
came:1.0
discussion:1.0
group:1.0
participate:1.0
id:1.0
like:1.0
ask:1.0
