subject:1.6931471805599454
lds:1.6931471805599454
ricks:1.0
reply:1.6931471805599454
librba:1.6931471805599454
byuvm.bitnet:1.6931471805599454
article:1.0
c5kdzk.497:1.0
acsu.buffalo.edu:1.0
psyrobtw:1.6931471805599454
ubvmsd.cc.buffalo.edu:1.0
robert:2.6094379124341005
weiss:1.6931471805599454
says:2.386294361119891
briefly:1.0
something:2.09861228866811
mentioned:1.6931471805599454
passing:1.0
refer:1.6931471805599454
differing:1.6931471805599454
interpretations:1.0
create:1.6931471805599454
say:2.09861228866811
many:1.6931471805599454
christians:1.0
may:1.6931471805599454
agree:1.6931471805599454
really:2.386294361119891
irrelevant:1.0
base:1.0
faith:1.0
people:2.09861228866811
think:1.6931471805599454
one:2.9459101490553135
way:1.0
another:1.0
bottom:1.0
line:1.0
truth:1.0
regardless:1.0
popularity:1.0
opinions:1.0
im:1.0
sorry:1.0
thought:1.0
discussing:1.0
heresy:1.6931471805599454
assumed:1.0
meant:1.0
departure:1.0
orthodoxy:1.0
case:1.6931471805599454
generally:1.0
accepted:1.0
belief:3.3978952727983707
indeed:1.0
important:1.6931471805599454
issue:3.0794415416798357
definition:1.0
word:2.09861228866811
great:1.6931471805599454
importance:1.6931471805599454
since:1.0
creation:2.09861228866811
discussed:1.0
also:1.6931471805599454
find:1.6931471805599454
rather:2.386294361119891
strange:1.0
trying:1.6931471805599454
persuade:1.0
created:2.09861228866811
eternally:1.6931471805599454
existent:1.6931471805599454
equivalent:1.0
granted:1.0
mormon:3.302585092994046
cant:1.0
grant:1.6931471805599454
conclusion:1.6931471805599454
expect:1.0
point:2.6094379124341005
addressed:1.6931471805599454
order:1.0
address:2.09861228866811
answer:1.0
raised:1.6931471805599454
jump:1.0
said:1.0
given:1.0
disagree:1.0
function:1.0
organization:1.0
substance:1.0
ex:1.0
nihilo:1.0
bible:3.5649493574615367
states:1.6931471805599454
lucifer:2.09861228866811
jesus:2.6094379124341005
creator:1.0
contradiction:1.0
correction:1.0
interpret:1.0
mean:1.0
specific:1.0
terms:1.0
children:1.6931471805599454
god:2.386294361119891
literally:1.0
nothing:1.0
symbolic:1.6931471805599454
however:1.0
contradicts:1.0
teaches:2.791759469228055
everyone:1.0
child:1.0
always:1.0
cracks:1.0
anti-mormons:1.0
presume:1.0
tell:1.0
mormons:2.09861228866811
believe:2.386294361119891
fact:2.09861228866811
including:1.0
christ:1.0
sense:1.6931471805599454
organized:1.0
whatever:1.0
offspring:1.0
applied:1.0
spiritually:1.0
born:1.0
thus:1.0
used:1.0
convey:1.0
different:1.0
meanings:1.0
language:1.0
works:1.0
making:1.0
someone:1.0
offender:1.0
dangerous:1.0
red:1.6931471805599454
herring:1.6931471805599454
doesnt:1.6931471805599454
seeks:1.0
obfuscate:1.0
groups:1.6931471805599454
try:1.0
read:1.0
change:1.0
first:1.0
look:2.09861228866811
see:2.386294361119891
discount:1.0
even:1.0
views:2.09861228866811
self-defeating:1.0
contrary:1.6931471805599454
show:1.0
rely:1.0
wholly:1.0
seem:1.0
must:1.0
simply:1.0
centuries:1.0
sho0wn:1.0
sure:1.0
understands:1.0
scriptures:1.0
curious:1.6931471805599454
needed:1.6931471805599454
saved:2.09861228866811
put:1.0
forward:1.0
quotes:1.0
late:1.0
apostle:1.0
bruce:2.09861228866811
mcconkie:2.09861228866811
part:1.0
needing:1.0
rick:2.09861228866811
comes:1.0
closest:1.0
conclusions:1.0
addressing:1.0
let:1.0
clarify:1.0
time:1.0
mcconkies:2.386294361119891
keep:1.6931471805599454
source:1.0
doctrine:1.6931471805599454
ignoring:1.0
replies:1.0
instead:1.0
hop-scotched:1.0
whether:2.09861228866811
official:1.0
dont:1.0
matters:1.0
canon:2.09861228866811
writings:1.0
indicative:1.0
real:1.0
indication:1.0
certainly:1.0
quoting:1.0
words:1.0
question:1.0
indicate:1.0
general:1.0
would:1.0
ascertainable:1.0
interviewing:1.0
large:1.0
number:1.0
ubvms.cc.buffalo.edu:1.0
anderson:1.0
