ins559n:1.0
aurora.cc.monash.edu.au:1.0
andrew:1.6931471805599454
bulhak:1.6931471805599454
subject:1.0
666:1.6931471805599454
mark:1.0
beast:1.0
need:1.0
info:1.0
u28698:1.0
uicvm.uic.edu:1.0
wrote:1.0
marian:1.0
catholic:1.0
high:1.0
school:1.0
outside:1.0
chicago:1.0
south:1.0
ashland:1.0
avenue:1.0
actually:1.0
satanism:1.0
technically:1.0
inverted:1.0
catholicism:1.0
plonk:1.0
n:1.0
sound:1.0
richard:1.0
depew:1.0
acb:1.0
yoyo.cc.monash.edu.au:1.0
hitting:1.0
ground:1.0
monash:1.0
uni:1.0
clayton:1.0
defenestrated:1.0
posse:1.0
angry:1.0
usenet:1.0
victoria:1.0
australia:1.0
posters:1.0
