joslin:1.6931471805599454
pogo.isp.pitt.edu:1.0
david:1.0
subject:1.6931471805599454
silence:2.09861228866811
concurance:1.0
missing:1.0
context:3.302585092994046
thrilling:1.0
discussion:1.0
jim:3.833213344056216
wrote:1.0
following:1.6931471805599454
e-mail:1.0
pointed:1.6931471805599454
taken:1.0
quote:2.386294361119891
t.r.m:2.386294361119891
robert:2.09861228866811
weiss:2.791759469228055
writes:1.6931471805599454
promise:1.0
psalm:1.0
9:10:1.0
gee:1.0
since:1.6931471805599454
wouldnt:1.0
hypocritical:1.0
must:1.6931471805599454
really:1.0
busy:1.0
arguing:1.0
out-of-context:1.0
extracted:1.0
translations:1.0
directed:1.0
similar:1.0
accusation:1.0
hypocrisy:1.0
based:1.0
lack:1.0
response:1.6931471805599454
article:2.386294361119891
toward:1.0
stephen:1.0
fact:1.0
agree:1.0
meritt:2.09861228866811
took:1.0
quotes:2.386294361119891
hence:1.0
find:2.09861228866811
difficult:1.0
understand:1.0
thinks:1.6931471805599454
hypocrite:2.09861228866811
needless:1.0
say:1.0
dont:1.6931471805599454
time:1.6931471805599454
reply:1.6931471805599454
every:2.09861228866811
takes:1.6931471805599454
asked:1.0
according:1.0
way:1.0
criticize:1.0
one:1.6931471805599454
person:1.6931471805599454
taking:2.6094379124341005
without:1.0
post:1.0
replied:1.0
saying:1.0
either:1.0
ask:1.0
assert:1.0
today:1.6931471805599454
four:1.0
articles:2.791759469228055
concurrence:1.6931471805599454
m23364:1.0
mwunix.mitre.org:1.0
james:1.0
case:1.0
eyes:1.0
law:1.0
someone:1.0
aware:1.0
something:1.0
capability:1.0
action:1.6931471805599454
individual:2.09861228866811
may:1.0
held:1.0
responsible:1.0
course:1.0
complete:1.0
red:1.6931471805599454
herring:1.0
isnt:1.0
crime:1.0
read:2.09861228866811
im:1.0
certainly:1.0
obligation:1.0
imply:1.0
didnt:1.6931471805599454
respond:1.0
condone:1.0
doesnt:1.0
want:1.0
give:1.0
direct:1.0
answer:1.0
question:1.6931471805599454
written:1.6931471805599454
decide:1.0
back:1.0
conversation:1.0
jims:1.0
next:1.0
gambit:1.0
claim:1.0
using:1.0
inductive:1.6931471805599454
logic:2.09861228866811
concluded:1.0
challenged:1.0
provide:1.0
details:1.0
led:1.0
incorrect:1.0
conclusion:1.0
another:1.0
obscure:1.0
posting:1.0
twice:1.0
help:1.6931471805599454
make:1.0
clear:1.0
titled:1.0
scenario:1.0
white:2.6094379124341005
goose:2.386294361119891
waddles:2.386294361119891
past:2.386294361119891
door:2.386294361119891
repeat:1.0
uncountably:2.09861228866811
large:2.09861228866811
number:1.6931471805599454
times:1.0
black:2.09861228866811
hits:1.0
axe:1.0
1:1.0
given:1.0
population:1.0
geese:2.386294361119891
size:1.0
confidence:1.0
interval:1.0
decision:1.6931471805599454
undetermined:1.0
conditions:1.0
could:2.09861228866811
upon:1.0
behavior:1.6931471805599454
towards:1.0
made:1.0
2:1.0
observed:1.0
axed:1.6931471805599454
valid:1.0
concerned:1.0
different:1.0
herrings:1.0
mean:1.6931471805599454
wants:1.0
conclude:1.0
inductively:1.0
well:1.0
cant:1.0
see:2.09861228866811
going:1.0
induction:1.6931471805599454
ive:1.0
roughly:1.0
80:1.0
january:1.0
vast:1.0
majority:1.0
discussions:1.6931471805599454
frank:1.0
decenso:1.0
inerrantists:1.0
take:1.6931471805599454
position:1.6931471805599454
making:1.6931471805599454
bad:1.6931471805599454
arguments:1.6931471805599454
straw:1.0
man:1.0
argument:1.0
earlier:1.0
recently:1.0
think:1.6931471805599454
hard:1.0
pattern:1.0
harder:1.0
run:1.0
engine:1.0
pops:1.0
dj:1.0
