psyrobtw:1.0
ubvmsb.cc.buffalo.edu:1.0
robert:1.0
weiss:1.0
subject:1.0
21:1.0
apr:1.0
93:1.0
gods:1.0
promise:1.0
2:1.6931471805599454
chronicles:1.6931471805599454
15:2:1.6931471805599454
went:1.0
meet:1.0
asa:1.6931471805599454
said:1.0
unto:1.0
hear:1.0
ye:2.386294361119891
judah:1.0
benjamin:1.0
lord:1.0
seek:1.0
found:1.0
forsake:1.6931471805599454
