brian:3.995732273553991
lpl.arizona.edu:1.0
ceccarelli:1.0
602/621-9615:1.0
subject:1.0
rob:2.791759469228055
lanphier:1.0
dear:1.0
read:2.09861228866811
k.s:1.0
postings:1.0
find:1.0
someone:1.0
honestly:1.0
seeking:1.0
truth:1.0
response:1.0
see:3.1972245773362196
condescension:1.0
reply:1.6931471805599454
post:2.09861228866811
quote:1.0
statement:1.0
undermines:1.0
good:1.0
points:1.0
might:1.0
enough:1.0
make:1.0
stop:1.6931471805599454
reading:1.0
sometimes:1.6931471805599454
come:2.09861228866811
across:2.386294361119891
condesending:1.6931471805599454
sorry:1.0
way:2.09861228866811
times:1.6931471805599454
thank:1.6931471805599454
reproach:1.6931471805599454
really:2.6094379124341005
appreciate:1.6931471805599454
ill:1.0
try:1.6931471805599454
get:2.09861228866811
better:1.6931471805599454
time:1.6931471805599454
also:1.0
learned:1.0
people:2.09861228866811
respond:1.6931471805599454
gentle:1.0
approach:1.6931471805599454
others:1.0
harsh:1.0
rebuke:1.0
k:2.791759469228055
far:2.09861228866811
responds:1.6931471805599454
latter:1.0
glad:1.0
cases:1.0
intention:1.0
loving:1.0
making:1.0
excuse:1.6931471805599454
coming:1.6931471805599454
apologize:1.0
comes:1.0
honest:2.09861228866811
know:2.09861228866811
vasillates:1.0
back:1.0
forth:1.0
one:1.6931471805599454
looks:1.0
next:1.0
wants:1.6931471805599454
explain:1.6931471805599454
universe:1.0
50:1.0
words:1.0
less:1.0
think:1.0
kendig:2.09861228866811
trying:1.0
comfortable:1.0
set:1.0
excuses:1.6931471805599454
want:2.386294361119891
ask:1.0
questions:1.0
asserting:1.0
irrelevant:1.0
nothing:2.09861228866811
god:1.6931471805599454
wish:1.6931471805599454
would:1.0
bible:1.0
decisions:1.0
without:1.0
sidetracked:1.0
temptation:1.0
mock:1.0
perspective:1.0
look:3.1972245773362196
man:1.0
standing:1.0
middle:1.6931471805599454
highway:1.6931471805599454
distance:1.6931471805599454
mack:1.0
truck:2.9459101490553135
heading:1.0
right:1.0
faced:1.0
away:1.0
oncoming:1.6931471805599454
doesnt:1.0
heres:1.0
dialog:1.0
please:1.0
step:1.6931471805599454
aside:1.0
run:2.09861228866811
bk:2.6094379124341005
turn:2.09861228866811
around:2.09861228866811
healthier:1.0
take:1.0
trucks:1.0
exist:1.0
wont:1.0
like:1.0
hiking:1.0
tomorrow:1.0
tuesday:1.0
blind:1.0
fool:1.0
choose:1.6931471805599454
ignorance:1.0
lose:2.09861228866811
certainly:1.6931471805599454
life:1.6931471805599454
squashed:1.0
road:1.0
rather:1.0
besides:1.0
running:1.0
harm:1.0
open:1.0
mind:1.6931471805599454
motivation:1.0
belittle:1.0
love:1.0
best:1.0
single:1.0
millions:1.0
billions:1.0
fall:1.6931471805599454
category:1.6931471805599454
perhaps:1.0
fallen:1.0
lives:1.0
behind:1.0
hope:1.6931471805599454
ramifications:1.0
towards:1.0
fear:1.0
though:1.0
instead:1.0
glue:1.0
chooses:1.6931471805599454
beyond:1.0
change:1.0
choice:1.0
moment:1.0
hasnt:1.0
gotten:1.0
even:1.0
still:1.0
point:1.0
sure:1.0
moves:1.0
eyeball:1.0
appease:1.0
head:1.0
entire:1.0
picture:1.0
satisfied:1.0
glimpse:1.0
mountains:1.0
wife:1.0
tells:1.0
thing:1.0
