uphrrmk:1.0
gemini.oscs.montana.edu:1.0
jack:1.0
coyote:1.0
subject:1.0
rfd:1.0
misc.taoism:1.0
sunlight:1.0
shining:1.0
ocean:1.0
aleph:2.09861228866811
null:2.09861228866811
bottles:2.09861228866811
beer:2.09861228866811
wall:1.6931471805599454
take:1.0
one:1.0
pass:1.0
around:1.0
