tom:2.09861228866811
tredysvr.tredydev.unisys.com:1.0
albrecht:1.6931471805599454
subject:1.0
whos:1.0
next:1.0
mormons:1.0
jews:1.0
article:1.0
1993apr20.220340.2585:1.0
ra.royalroads.ca:1.0
mlee:1.0
post.royalroads.ca:1.0
malcolm:1.0
lee:1.0
writes:1.0
armed:1.0
teeth:1.0
christian:1.6931471805599454
rely:1.6931471805599454
physical:1.0
weapons:1.0
defend:1.0
faith:1.6931471805599454
intelligence:1.6931471805599454
tell:1.0
druggie:1.0
breaks:1.0
house:1.0
night:1.0
knife:1.0
kill:1.0
2:1.0
wallet:1.0
357:1.0
considerably:1.0
persuasive:1.0
devotions:1.0
