wmoore:1.6931471805599454
ads.com:1.6931471805599454
william:1.6931471805599454
moore:1.6931471805599454
subject:1.0
on-line:1.0
copy:1.0
book:1.6931471805599454
mormon:1.6931471805599454
anyone:1.0
provide:1.0
ftp:1.0
site:1.0
obtain:1.0
online:1.0
version:1.0
please:1.0
email:1.0
internet:1.0
address:1.0
possible:1.0
h:1.0
advanced:1.0
decision:1.0
systems:1.0
division:1.0
booz:1.0
allen:1.0
hamilton:1.0
software:1.0
engineer:1.0
1500:1.0
plymouth:1.0
street:1.0
net:1.0
mountain:1.0
view:1.0
ca:1.0
94043-1230:1.0
415:1.0
960-7553:1.0
