ss:1.0
apmaths.uwo.ca:1.0
sultan:1.0
sial:1.0
subject:1.0
merlin:1.0
mithras:2.09861228866811
magick:1.0
article:1.0
93111.195217a54si:1.0
cunyvm.bitnet:1.6931471805599454
a54si:1.0
writes:1.0
stuff:1.0
deleted:1.0
oh:1.0
b-day:1.0
25:1.0
dec:1.0
ahem:1.0
thought:1.0
saturnalia:1.0
celebrated:1.0
romans:1.0
time:1.0
connected:1.0
