brian:1.6931471805599454
lpl.arizona.edu:1.0
ceccarelli:1.0
602/621-9615:1.0
subject:1.0
rw:1.0
robert:2.09861228866811
weiss:2.09861228866811
orthodox:1.0
christian:1.0
rick:1.6931471805599454
anderson:1.0
writes:1.0
simply:1.0
assume:1.0
referring:1.0
one:1.0
really:1.0
understands:1.0
biblical:1.0
scriptures:1.0
also:1.0
understand:1.0
read:1.6931471805599454
bible:1.6931471805599454
cover:1.6931471805599454
examining:1.0
book:1.0
within:1.0
cross-comparing:1.0
etc:1.0
come:1.0
conclusions:1.0
written:1.0
plain:1.0
english:1.0
decide:1.0
