jmk:1.6931471805599454
cbnews.cb.att.com:1.0
joseph.m.knapp:1.0
subject:1.0
biblical:1.0
backing:1.0
koreshs:1.0
3-02:1.0
tape:1.0
cites:1.0
enclosed:1.0
cotera:1.0
woods.ulowell.edu:1.0
writes:1.0
david:1.0
thibedeau:1.0
sp:1.0
one:1.6931471805599454
cult:1.0
members:1.0
said:1.0
fire:1.0
started:1.0
tanks:1.0
spraying:1.0
tear:1.0
gas:1.0
facilities:1.0
knocked:1.0
lantern:1.0
sort:1.0
mrs:1.0
olearys:1.0
tank:1.0
theory:1.0
moooo:1.0
joe:1.0
knapp:1.0
cbvox.att.com:1.0
