psyrobtw:1.0
ubvmsb.cc.buffalo.edu:1.0
robert:1.0
weiss:1.0
subject:1.0
24:1.0
apr:1.0
93:1.0
gods:1.0
promise:1.0
proverbs:1.6931471805599454
15:4:1.6931471805599454
tongue:1.6931471805599454
brings:1.0
healing:1.0
tree:1.0
life:1.0
deceitful:1.0
crushes:1.0
spirit:1.0
niv:1.0
