ch981:1.0
cleveland.freenet.edu:1.0
tony:1.6931471805599454
alicea:1.0
subject:1.0
rosicrucian:1.0
order:1.0
previous:1.0
article:1.0
sandvik:1.6931471805599454
newton.apple.com:1.0
kent:1.6931471805599454
says:1.0
well:1.0
depends:1.0
look:1.0
interested:1.0
might:1.0
find:1.0
latest:1.0
status:1.0
legal:1.0
battle:1.0
please:1.0
dont:1.6931471805599454
want:1.0
post:1.0
email:1.0
know:1.0
discussion:1.0
appreciated:1.0
hate:1.0
invading:1.0
newsgroups:1.0
themes:1.0
limited:1.0
interest:1.0
