jvp4u:1.0
virginia.edu:1.0
jeffery:1.0
vernon:1.0
parks:1.0
subject:1.0
info:1.0
new:1.6931471805599454
age:1.6931471805599454
suggestion:1.0
try:1.0
exposing:1.0
douglas:1.0
groothuis:1.0
