brian:3.1972245773362196
lpl.arizona.edu:1.0
ceccarelli:1.6931471805599454
602/621-9615:1.0
subject:1.0
14:1.0
apr:1.0
93:1.0
gods:1.6931471805599454
promise:1.0
1:1.6931471805599454
john:2.09861228866811
7:1.0
article:1.0
bskendigc5ku3c.6dx:1.0
netcom.com:1.6931471805599454
bskendig:1.0
kendig:1.0
writes:1.0
ive:2.6094379124341005
asked:2.09861228866811
god:3.6390573296152584
several:1.0
times:1.0
heart:1.6931471805599454
come:2.386294361119891
really:1.0
wish:1.0
could:2.386294361119891
believe:2.791759469228055
cos:1.0
matter:2.09861228866811
much:1.6931471805599454
confidence:1.0
build:1.0
universe:1.0
big:1.0
place:1.0
would:2.386294361119891
nice:1.0
know:1.6931471805599454
someone:1.0
watching:1.0
k:1.0
pleased:1.0
honesty:1.0
honest:1.0
well:1.0
say:1.6931471805599454
things:1.0
write:1.6931471805599454
net:1.0
manner:1.0
show:1.0
made:1.0
attempting:1.0
pass:1.0
real:1.6931471805599454
thing:1.6931471805599454
got:1.6931471805599454
news:1.6931471805599454
doesnt:2.09861228866811
sound:1.0
like:2.386294361119891
mine:1.0
exist:1.0
gone:1.0
open:2.386294361119891
mind:2.09861228866811
layed:1.0
beliefs:1.0
aside:1.6931471805599454
time:1.6931471805599454
doubt:1.0
prayed:1.0
see:2.9459101490553135
good:2.386294361119891
dont:1.0
short:1.0
deciding:1.0
reason:2.09861228866811
decide:1.0
zeus:2.386294361119891
seems:1.6931471805599454
pretty:1.0
cool:1.0
candidate:1.0
sorry:1.0
read:1.6931471805599454
postings:1.0
misunderstanding:1.0
lack:1.0
knowledge:1.6931471805599454
arrogance:1.0
mockery:1.6931471805599454
please:1.0
tell:1.0
still:1.0
remaining:1.0
true:1.6931471805599454
end:1.0
gain:2.09861228866811
put:1.6931471805599454
presumptions:1.0
bible:2.09861228866811
truly:1.0
everything:1.0
exists:1.0
love:1.0
depth:1.0
goes:1.0
beyond:1.6931471805599454
shallow:1.0
worldly:1.0
experience:1.0
person:1.6931471805599454
commits:1.0
seeking:1.0
find:2.386294361119891
jesus:2.9459101490553135
stands:1.0
door:1.0
knocks:1.0
half-heartedly:1.0
opens:1.6931471805599454
purpose:1.0
something:1.0
mock:1.0
learn:1.0
nothing:1.6931471805599454
one:2.791759469228055
attitude:1.0
folly:1.0
careful:1.6931471805599454
jump:1.0
gun:1.0
first:1.6931471805599454
glance:1.0
many:1.0
passages:1.0
seem:1.6931471805599454
bizarre:1.0
absurd:1.0
assured:1.6931471805599454
even:1.6931471805599454
though:1.0
alien:1.0
confident:1.0
present:1.0
comprehension:1.0
lies:1.0
deep:1.0
reasons:1.0
indeed:1.6931471805599454
satisfied:1.0
personally:1.0
guarantee:1.0
never:1.0
thirsty:1.0
cup:1.0
flow:1.0
king:1.0
solomon:1.0
970:1.0
b.c:1.6931471805599454
930:1.0
glory:1.6931471805599454
conceal:1.0
search:1.0
kings:1.0
says:1.0
6:44:1.0
55:1.0
unless:1.0
father:1.6931471805599454
sent:1.0
draws:1.0
3:16:1.0
loved:1.0
world:1.0
gave:1.0
son:1.0
whosoever:1.6931471805599454
believes:1.0
shall:1.0
perish:1.0
eternal:1.6931471805599454
life:1.6931471805599454
included:1.0
also:1.6931471805599454
pray:1.0
drawing:1.0
else:1.0
wouldnt:1.0
posting:1.0
talk.religion.misc:1.0
remember:1.0
st:1.0
paul:2.6094379124341005
making:1.0
mocked:1.0
christians:1.6931471805599454
pleasure:1.0
stoning:1.0
yet:1.0
showed:1.0
mercy:1.0
saved:1.0
became:1.0
celebrated:1.0
men:1.0
history:1.0
church:1.0
better:1.0
judge:1.0
next:1.6931471805599454
fervor:1.6931471805599454
attack:1.0
day:1.0
might:1.0
proclaim:1.0
peter:2.6094379124341005
said:1.0
probably:1.0
satan:1.0
surely:1.0
hard-headed:1.0
cynical:1.0
demonstrated:1.0
great:1.0
moments:1.0
stupidity:1.0
committed:1.0
task:1.0
full:1.0
apostle:1.0
faith:1.0
walk:1.0
water:1.0
didnt:1.0
offer:1.0
believing:1.0
gamma1.lpl.arizona.edu:1.0
