cobb:2.386294361119891
alexia.lis.uiuc.edu:1.6931471805599454
mike:1.0
subject:1.0
ancient:1.0
references:1.0
christianity:1.0
albert:1.0
sabin:1.0
nt:1.0
tossed:1.6931471805599454
info:1.0
jesus:1.0
realize:1.0
normally:1.0
contains:1.0
miracles:1.0
reasons:1.0
mac:1.0
michael:1.0
wont:1.0
raise:1.0
taxes:1.0
middle:1.0
university:1.0
illinois:1.0
class:1.0
pay:1.0
programs:1.0
champaign-urbana:1.0
bill:1.0
clinton:1.0
3rd:1.0
debate:1.0
nobody:1.0
explain:1.0
everything:1.0
anybody:1.0
g.k.chesterton:1.0
