emarsh:1.6931471805599454
hernes-sun.eng.sun.com:1.6931471805599454
eric:2.09861228866811
marsh:1.6931471805599454
subject:1.0
2000:1.0
years:1.0
say:1.0
christian:1.0
morality:2.386294361119891
article:2.09861228866811
1qkj31:1.0
4c6:1.0
horus.ap.mchp.sni.de:1.6931471805599454
frank:2.6094379124341005
d012s658.uucp:1.6931471805599454
odwyer:2.386294361119891
writes:2.09861228866811
lsr6ihinnsa:1.0
exodus.eng.sun.com:1.0
1qjahh:1.0
mrs:1.0
science:3.0794415416798357
real:1.0
world:1.6931471805599454
basis:2.386294361119891
values:2.09861228866811
way:1.0
round:1.0
would:2.09861228866811
wish:1.0
thing:2.09861228866811
objective:3.833213344056216
value:2.09861228866811
objectively:1.6931471805599454
said:1.6931471805599454
useful:2.386294361119891
kick:1.0
head:1.0
simple:1.6931471805599454
theories:1.6931471805599454
accurate:1.6931471805599454
predictions:1.6931471805599454
could:1.6931471805599454
set:1.0
tarot:1.0
cards:1.0
like:1.0
conclusions:1.0
dont:1.0
think:2.09861228866811
changing:1.0
meaning:2.09861228866811
perhaps:1.6931471805599454
time:2.09861228866811
backtrack:1.0
take:1.6931471805599454
look:1.0
word:2.791759469228055
n:1.0
1:1.6931471805599454
fair:1.0
equivalent:1.0
return:1.0
something:1.6931471805599454
goods:1.0
service:1.0
2:1.6931471805599454
monetary:1.0
material:2.09861228866811
worth:3.1972245773362196
3:1.6931471805599454
measured:1.0
usefulness:2.386294361119891
importance:2.386294361119891
merit:1.0
4:1.6931471805599454
principle:1.0
standard:2.09861228866811
quality:1.6931471805599454
considered:1.0
inherently:2.386294361119891
worthwhile:2.386294361119891
desirable:2.09861228866811
5:1.0
precise:1.0
6:1.0
assigned:1.0
calculated:1.0
numerical:1.0
quantity:1.0
7:1.0
mus:1.0
relative:1.6931471805599454
duratation:1.0
tone:1.0
rest:1.0
8:1.0
darkness:1.0
lightness:1.0
color:1.0
9:1.0
distinctive:1.0
speech:1.6931471805599454
sound:1.0
context:1.0
moral:1.0
system:1.0
definition:2.09861228866811
four:1.6931471805599454
seems:1.0
fit:1.0
best:1.0
terms:1.0
scientific:1.0
usage:2.6094379124341005
definitions:2.386294361119891
six:1.0
eight:1.0
might:1.0
apply:1.0
note:1.0
mean:1.0
im:2.09861228866811
using:1.0
cases:1.6931471805599454
nothing:1.0
see:2.386294361119891
flaws:1.0
problem:1.6931471805599454
use:2.386294361119891
along:1.0
three:1.0
subjective:2.386294361119891
particular:1.0
given:1.6931471805599454
individual:1.0
personal:1.6931471805599454
one:1.6931471805599454
person:1.6931471805599454
may:1.6931471805599454
another:1.6931471805599454
worthless:1.0
hand:1.0
things:1.0
interesting:1.0
know:1.6931471805599454
form:1.0
measurement:1.0
sentence:1.0
provide:1.6931471805599454
foundation:1.0
good:2.09861228866811
beginning:1.0
willing:1.0
attempt:1.0
someone:1.0
provides:1.0
notion:1.6931471805599454
worthy:1.6931471805599454
important:1.6931471805599454
dealing:1.0
observed:1.0
facts:1.0
alternatively:1.0
try:1.6931471805599454
demonstrate:1.0
necessarily:1.0
situation:1.0
words:1.6931471805599454
need:1.0
term:1.0
find:1.6931471805599454
different:1.0
judge:1.0
dictionary:1.0
definiton:1.0
adj:1.0
object:1.0
distinguished:1.0
mental:1.0
concept:1.0
actual:1.0
existance:1.0
3.a:1.0
unenfluenced:1.0
emotion:1.0
prejudice:1.0
b:1.0
based:1.0
observable:1.0
phenomenon:1.0
since:1.0
phrase:1.0
oxymoron:1.0
however:1.6931471805599454
asked:1.6931471805599454
little:1.6931471805599454
differently:1.0
fact:1.0
intellectual:1.0
tool:1.0
responsible:1.0
changes:1.6931471805599454
thus:1.0
argument:1.6931471805599454
conclusion:1.0
arrived:1.0
read:1.0
evil:1.0
believe:1.0
conclude:1.0
hatching:1.0
sse.ie:1.0
hens:1.0
evelyn:1.0
conlon:1.0
