rgv9488:2.386294361119891
ritvax.isc.rit.edu:1.6931471805599454
subject:1.0
hail:1.6931471805599454
stan:4.091042453358316
found:1.0
net:1.0
college:1.0
sounds:1.0
pretty:1.6931471805599454
good:1.6931471805599454
folks:1.0
think:1.6931471805599454
tenets:1.6931471805599454
handed:1.0
set:1.6931471805599454
within:2.386294361119891
holy:1.0
book:1.0
1:1.0
thou:3.3978952727983707
shalt:3.302585092994046
spill:1.6931471805599454
thine:2.791759469228055
drinks:1.0
waste:2.09861228866811
food:1.0
sacred:1.0
denizen:1.0
luc:2.6094379124341005
infidel:1.6931471805599454
today:1.0
shall:3.1972245773362196
tomorrow:1.0
2:1.0
pay:1.0
heed:1.6931471805599454
know:2.6094379124341005
higher:1.0
calling:1.0
may:1.0
teach:1.0
way:1.0
become:1.0
one:2.09861228866811
universe:1.0
hands:1.0
3:1.0
honor:1.6931471805599454
thy:2.791759469228055
loved:1.0
ones:1.0
cherish:1.0
near:1.0
true:2.386294361119891
path:2.09861228866811
happiness:2.09861228866811
devine:1.0
gift:1.0
lord:2.6094379124341005
4:1.0
god:2.09861228866811
taken:1.0
others:2.6094379124341005
false:2.386294361119891
gods:1.6931471805599454
oppose:1.0
forever:1.0
banished:1.0
form:1.0
sheep:1.6931471805599454
sent:1.6931471805599454
flocks:2.09861228866811
eternity:1.6931471805599454
5:1.0
word:2.09861228866811
law:1.6931471805599454
heart:1.6931471805599454
follow:1.6931471805599454
self:1.0
blessed:1.0
saviour:1.0
6:1.0
faiths:1.0
choice:1.6931471805599454
less:1.6931471805599454
different:2.09861228866811
faith:2.09861228866811
yet:1.0
even:1.0
face:1.0
waiver:1.0
hope:1.0
unbeliever:1.0
see:1.0
light:1.0
7:1.0
wrong:1.0
cherishes:1.0
holds:1.0
freedom:1.0
highest:1.0
regard:1.0
would:1.0
fall:1.0
control:1.0
merely:1.0
guides:1.0
lets:1.0
lie:1.0
8:1.0
many:1.6931471805599454
names:1.0
called:1.0
differently:1.0
people:1.0
also:1.0
name:1.0
9:1.0
world:1.0
art:1.0
thineself:1.0
asks:1.6931471805599454
like:2.386294361119891
ever:1.0
meant:1.0
10:1.0
kill:1.0
innocent:1.0
blood:1.0
unnecessarily:1.0
deserving:1.0
death:1.0
dealt:1.0
harm:1.0
children:1.0
born:1.0
woman:1.0
judged:1.0
spend:1.0
time:1.0
commandments:1.0
words:1.0
happy:1.6931471805599454
passed:1.0
followers:1.0
seems:1.0
v:1.0
kittens:1.0
e-mail:1.0
robert:1.0
voss:1.0
die:2.791759469228055
especially:1.0
ultb.isc.rit.edu:1.0
25:1.0
andrews:1.0
memorial:1.0
dr:1.0
side:1.0
order:1.0
cpu:1.0
01479:1.0
french:1.0
fries:1.0
ritvax.bitnet:1.0
rochester:1.0
ny:1.0
14623:1.0
darkness:1.0
eternal:1.0
call:1.0
phone:1.0
number:1.0
716:1.0
475-4197:1.0
