pegasus:2.09861228866811
aaa.uoregon.edu:1.0
subject:1.0
merlin:1.0
mithras:1.0
magick:1.0
article:1.0
joshua.93apr20190924:1.0
bailey.cpac.washington.edu:1.0
joshua:1.6931471805599454
cpac.washington.edu:1.0
geller:1.0
wrote:1.0
would:1.0
really:1.0
appreciate:1.0
someone:2.09861228866811
brought:1.0
something:1.0
like:1.6931471805599454
didnt:1.0
back:1.6931471805599454
asked:1.0
details:1.0
josh:1.6931471805599454
excuse:1.0
trying:1.6931471805599454
maybe:1.0
try:1.0
make:1.0
informed:1.0
responce:1.0
pack:1.0
references:1.0
packed:1.0
responses:1.0
grin:1.0
