kde:1.0
boi.hp.com:1.0
keith:1.0
emmen:1.0
subject:1.0
biblical:1.0
backing:1.0
koreshs:1.0
3-02:1.0
tape:1.0
cites:1.0
enclosed:1.0
nelson_p:1.0
apollo.hp.com:1.0
peter:1.0
nelson:1.0
writes:1.0
nut:1.0
clearly:1.0
liar:1.0
said:2.386294361119891
would:2.09861228866811
surrender:2.09861228866811
local:1.0
radio:1.0
stations:1.0
broadcast:1.0
message:1.0
didnt:1.6931471805599454
passover:1.0
fbi:1.0
dont:1.0
know:1.0
