mlee:1.0
post.royalroads.ca:1.0
malcolm:1.6931471805599454
lee:1.6931471805599454
subject:1.0
kind:1.0
loving:1.0
god:1.0
article:1.0
f2jjowk:1.0
quack.kfu.com:1.6931471805599454
pharvey:1.0
paul:1.0
harvey:1.0
writes:1.0
adhere:1.0
ten:1.0
commandments:1.0
jesus:1.0
peace:1.0
