pgf:1.6931471805599454
srl03.cacs.usl.edu:1.0
phil:1.6931471805599454
g:1.0
fraering:1.6931471805599454
subject:1.0
behave:1.0
waco:1.0
reading:1.0
suggestion:1.0
come:1.0
noone:1.0
mentions:1.0
eric:1.0
hoffer:1.0
talking:1.0
fanatic:1.0
behavior:1.0
anymore:1.0
seems:1.0
like:1.0
every:1.0
day:1.0
find:1.0
sorts:1.0
stuff:1.0
srl02.cacs.usl.edu|like:1.0
ancient:1.0
mayans:1.0
televison:1.0
repo:1.0
man:1.0
