susan_soric:1.6931471805599454
upubs.uchicago.edu:1.6931471805599454
susan:1.6931471805599454
soric:1.6931471805599454
subject:1.0
wanted:1.0
moltmanns:1.6931471805599454
god:1.6931471805599454
creation:2.09861228866811
im:1.0
greatly:1.0
need:1.0
jurgen:1.0
book:1.0
ecological:1.0
doctrine:1.0
copy:1.0
youre:1.0
willing:1.0
part:1.0
id:1.0
love:1.0
hear:1.0
soon:1.0
may:1.0
call:1.0
312-702:1.0
8367:1.0
e-mail:1.0
thanks:1.0
independent:1.0
agent:1.0
