psyrobtw:1.0
ubvmsd.cc.buffalo.edu:1.0
robert:1.0
weiss:1.0
subject:1.0
25:1.0
apr:1.0
93:1.0
gods:1.0
promise:1.0
psalm:1.6931471805599454
56:4:1.6931471805599454
god:1.6931471805599454
whose:1.0
word:1.0
praise:1.0
trust:1.0
afraid:1.0
mortal:1.0
man:1.0
niv:1.0
