mlee:1.6931471805599454
post.royalroads.ca:1.6931471805599454
malcolm:2.09861228866811
lee:2.09861228866811
subject:1.0
davidians:1.0
compassion:1.0
article:1.6931471805599454
f2dutxh:1.0
quack.kfu.com:1.6931471805599454
pharvey:1.0
paul:1.0
harvey:1.0
writes:1.6931471805599454
1993apr20.144825.756:1.0
ra.royalroads.ca:1.0
one:1.0
follow:1.6931471805599454
teachings:1.0
christ:1.0
christian:1.0
easy:1.0
would:1.0
exclude:1.0
self-proclaimed:1.0
christians:1.0
ten:1.0
commandments:1.0
matter:1.0
fact:1.0
yes:1.0
least:1.0
strive:1.0
proud:1.0
boast:1.0
faith:1.0
100:1.0
still:1.0
human:1.0
imperfect:1.0
therefore:1.0
liable:1.0
sin:1.0
thankfully:1.0
opportunity:1.0
repentence:1.0
forgiveness:1.0
god:1.0
