mlee:1.0
post.royalroads.ca:1.0
malcolm:1.6931471805599454
lee:1.6931471805599454
subject:1.0
whos:1.0
next:1.0
mormons:1.0
jews:1.0
article:1.0
9601:1.0
blue.cis.pitt.edu:1.0
rjl:2.09861228866811
pitt.edu:1.6931471805599454
richard:1.0
j:1.0
loether:1.6931471805599454
writes:1.0
yes:1.0
course:1.0
matthew:1.0
10:34-35:1.0
suppose:1.0
come:1.6931471805599454
bring:1.6931471805599454
peace:1.6931471805599454
earth:1.0
sword:1.6931471805599454
remember:1.0
armor:1.0
god:2.09861228866811
christians:1.0
wield:1.0
word:1.0
bible:1.0
rich:1.0
snail:1.0
mail:1.0
university:1.0
pittsburgh:1.6931471805599454
ideas:1.0
email:1.0
computing:1.0
info:1.0
services:1.0
mine:1.6931471805599454
voice:1.0
412:1.6931471805599454
624-6429:1.0
600:1.0
epsilon:1.0
drive:1.0
fax:1.0
624-6426:1.0
pa:1.0
15238:1.0
