psyrobtw:1.0
ubvmsb.cc.buffalo.edu:1.0
robert:1.0
weiss:1.0
subject:1.0
17:1.0
apr:1.0
93:1.0
gods:1.0
promise:1.0
luke:1.6931471805599454
11:28:1.6931471805599454
said:1.0
yea:1.0
rather:1.0
blessed:1.0
hear:1.0
word:1.0
god:1.0
keep:1.0
