livesey:2.386294361119891
solntze.wpd.sgi.com:1.6931471805599454
jon:2.6094379124341005
subject:1.0
2000:1.0
years:1.0
say:1.0
christian:1.0
morality:1.0
article:2.09861228866811
1993apr21.141259.12012:1.0
st-andrews.ac.uk:2.386294361119891
nrp:1.6931471805599454
norman:1.6931471805599454
r:1.6931471805599454
paterson:1.6931471805599454
writes:2.09861228866811
1r2m21:1.0
8mo:1.0
fido.asd.sgi.com:1.0
1993apr19.151902.21216:1.0
well:1.0
im:1.0
claiming:1.0
moral:2.09861228866811
system:2.09861228866811
absolute:1.6931471805599454
list:1.0
references:1.6931471805599454
stretching:1.0
alpha:1.0
centauri:1.0
deleted:1.0
thought:1.0
impress:1.0
ok:1.0
dont:1.0
claim:1.6931471805599454
objective:1.6931471805599454
one:1.0
ill:1.0
assume:1.0
answer:1.0
yes:1.0
apologies:1.0
ive:1.0
spent:1.0
two:1.0
solid:1.0
months:1.0
arguing:1.0
thing:1.0
exists:1.0
