salem:1.6931471805599454
pangea.stanford.edu:1.0
bruce:1.0
subject:1.0
ancient:1.0
references:1.0
christianity:1.0
albert:1.0
sabin:1.0
article:1.0
c5ztju.fkx:1.0
news.cso.uiuc.edu:1.0
cobb:1.6931471805599454
alexia.lis.uiuc.edu:1.0
mike:1.0
writes:1.0
nt:1.0
tossed:2.09861228866811
info:1.0
jesus:1.0
realize:1.0
normally:1.0
contains:1.0
miracles:1.0
reasons:1.0
source:1.0
would:1.0
regarded:1.0
unbiased:1.0
independant:1.0
