psyrobtw:1.0
ubvmsd.cc.buffalo.edu:1.0
robert:1.0
weiss:1.0
subject:1.0
22:1.0
apr:1.0
93:1.0
gods:1.0
promise:1.0
psalm:1.6931471805599454
34:5:1.6931471805599454
looked:1.0
unto:1.0
lightened:1.0
faces:1.0
ashamed:1.0
