frank:2.6094379124341005
d012s658.uucp:1.6931471805599454
odwyer:2.386294361119891
subject:1.0
2000:1.0
years:1.0
say:2.9459101490553135
christian:1.0
morality:1.0
article:2.09861228866811
1r59i4:1.0
e81:1.0
fido.asd.sgi.com:1.6931471805599454
livesey:2.386294361119891
solntze.wpd.sgi.com:1.6931471805599454
jon:1.6931471805599454
writes:2.09861228866811
1r3570:1.0
hkv:1.0
horus.ap.mchp.sni.de:1.0
1r2ls3:1.0
8mo:1.0
quite:1.0
different:1.0
saying:2.6094379124341005
employing:1.0
force:3.0794415416798357
people:1.0
immoral:2.9459101490553135
period:2.09861228866811
unfortunately:2.386294361119891
time:1.6931471805599454
obliged:2.6094379124341005
thing:3.1972245773362196
reasons:1.0
self-preservation:1.0
bear:1.0
moral:2.6094379124341005
consequences:1.0
since:1.0
statements:2.6094379124341005
intents:1.6931471805599454
purposes:1.6931471805599454
effectively:2.386294361119891
serious:1.0
two:2.386294361119891
one:3.0794415416798357
says:1.6931471805599454
use:2.6094379124341005
given:1.0
situation:1.0
yes:1.6931471805599454
tag:1.0
delete:1.0
tell:1.0
statement:1.0
save:1.0
everyone:1.0
couple:1.0
trips:1.0
round:1.0
loop:1.0
please:1.0
notice:1.0
preserve:1.6931471805599454
self:1.6931471805599454
choose:1.0
point:1.6931471805599454
pacifism:2.09861228866811
o.k:1.0
got:1.0
concede:1.0
though:1.6931471805599454
word:1.0
strongly:1.0
implies:1.0
must:1.0
sometimes:1.0
rephrasing:1.0
would:2.386294361119891
give:1.0
distinction:1.0
mention:1.0
however:1.0
right:1.0
pacifist:1.6931471805599454
even:1.0
go:1.0
etc:1.0
x:2.386294361119891
decided:1.0
actually:1.0
conflict:1.0
prescribe:1.6931471805599454
pretty:1.0
good:1.0
indicator:1.0
case:1.0
dont:2.386294361119891
things:1.6931471805599454
fair:1.0
enough:1.0
confuse:1.0
somtimes:1.0
real:1.0
meaning:1.0
never:1.0
lead:2.09861228866811
precisely:1.0
either:1.0
doublespeak:1.0
none:1.0
might:1.0
difference:1.0
motivates:1.0
obviously:1.0
pacifists:1.0
thats:1.0
true:1.0
could:1.0
formulate:1.0
pragmatic:1.0
belief:1.6931471805599454
minimum:1.6931471805599454
still:1.6931471805599454
0:1.6931471805599454
great:1.0
always:1.0
trying:1.0
get:1.0
close:1.0
possible:1.0
tending:1.0
think:1.6931471805599454
minimise:1.0
im:1.0
hatching:1.0
sse.ie:1.0
hens:1.0
evelyn:1.0
conlon:1.0
