rocker:2.09861228866811
acm.rpi.edu:1.0
subject:1.0
abortion:1.6931471805599454
private:1.6931471805599454
health:2.09861228866811
coverage:2.386294361119891
letters:1.0
regarding:1.0
1qk73q:1.0
3fj:1.0
agate.berkeley.edu:1.0
dzkriz:1.6931471805599454
ocf.berkeley.edu:1.6931471805599454
dennis:1.0
kriz:1.0
writes:1.0
one:2.09861228866811
paying:1.0
insurance:1.6931471805599454
plan:1.0
want:1.6931471805599454
reason:1.0
person:1.0
complelled:1.0
pay:1.6931471805599454
compelled:1.0
lipposuction:1.0
doesnt:1.0
kind:1.0
appear:1.0
stunningly:1.0
ignorant:1.0
underlying:1.0
concept:1.0
