nrp:1.0
st-andrews.ac.uk:1.0
norman:1.6931471805599454
r:1.0
paterson:1.0
subject:1.0
2000:1.0
years:1.0
say:1.0
christian:1.0
morality:1.0
oxymoron:1.0
article:1.0
a5kb3b1w165w:1.0
anarky.tch.org:1.6931471805599454
melchar:1.6931471805599454
writes:1.0
took:1.0
someone:1.0
long:1.0
figure:1.0
aluminium:1.0
siding:1.0
keep:1.0
seeing:1.0
references:1.0
something:1.0
railway:1.0
lines:1.0
perhaps:1.0
e-mail:1.0
reply:1.0
please:1.0
ill:1.0
never:1.0
find:1.0
otherwise:1.0
