arromdee:2.386294361119891
jyusenkyou.cs.jhu.edu:1.6931471805599454
ken:1.6931471805599454
subject:1.0
christians:1.0
law:1.0
clarification:1.0
pe:1.0
article:1.0
c61kow.e4z:1.0
mailer.cc.fsu.edu:1.0
dlecoint:1.0
garnet.acns.fsu.edu:1.0
darius_lecointe:1.0
writes:1.0
jesus:2.09861228866811
jew:1.0
christian:2.09861228866811
means:1.0
someone:1.0
believes:1.0
divinity:1.0
safe:1.0
say:1.0
first:1.0
day:1.6931471805599454
christmas:1.6931471805599454
truelove:1.6931471805599454
served:1.6931471805599454
leftover:1.6931471805599454
turkey:2.386294361119891
second:1.0
casserole:1.0
made:1.0
days:1.0
3-4:1.0
deleted:1.0
flaming:1.0
wings:1.0
pizza:1.0
hut:1.0
commercial:1.0
m*tlu/a*gic:1.0
bait:1.0
