ekr:2.6094379124341005
squick.eitech.com:2.09861228866811
eric:2.6094379124341005
rescorla:2.386294361119891
subject:1.0
2000:1.0
years:1.0
say:2.09861228866811
christian:1.0
morality:1.6931471805599454
article:2.386294361119891
1r3le9:1.0
mlj:1.0
horus.ap.mchp.sni.de:1.6931471805599454
frank:2.791759469228055
d012s658.uucp:1.6931471805599454
odwyer:1.6931471805599454
writes:2.386294361119891
1r22qp:1.0
4sk:1.0
1r0m89:1.0
r0o:1.0
1qvu33:1.0
jk3:1.0
kyle.eitech.com:1.6931471805599454
almost:2.09861228866811
people:3.4849066497880004
agree:3.302585092994046
sun:2.386294361119891
exists:1.6931471805599454
usual:1.0
uncritical:1.0
sense:1.0
deal:1.6931471805599454
bad:1.6931471805599454
reasonable:1.6931471805599454
conclusion:1.0
really:2.6094379124341005
exist:1.0
disagree:2.6094379124341005
completely:1.0
rather:1.6931471805599454
recently:1.0
believe:2.386294361119891
evolution:1.0
possibility:1.6931471805599454
atom:1.0
bomb:1.0
popular:3.0794415416798357
opinion:3.302585092994046
notoriously:1.0
wrong:1.0
matters:2.6094379124341005
fact:2.791759469228055
true:1.6931471805599454
nevertheless:1.0
basis:2.09861228866811
overwhelming:2.09861228866811
shines:1.6931471805599454
physics:1.0
would:3.0794415416798357
personal:1.6931471805599454
matter:1.0
assumed:1.0
different:2.791759469228055
us:1.0
yourgravity:1.0
mygravity:1.0
theoretical:1.0
framework:1.0
encompass:1.0
predict:1.0
simply:1.0
complete:1.0
nonsense:1.0
class:1.0
majority:1.0
informed:1.6931471805599454
value:1.0
hate:1.0
base:1.0
knowledge:1.0
instance:1.0
qm:1.0
peering:1.0
world:1.0
saying:1.0
see:2.386294361119891
im:2.09861228866811
talking:1.0
uninterpreted:1.6931471805599454
facts:1.0
observations:2.09861228866811
agreement:1.6931471805599454
prerequisite:1.0
theory:1.0
yes:1.0
thats:2.09861228866811
clear:1.0
exactly:1.0
observation:2.386294361119891
pretty:2.386294361119891
low:1.0
level:1.6931471805599454
stuff:1.6931471805599454
already:1.0
lot:1.0
higher:1.0
perceive:1.0
brightness:1.0
perhaps:1.0
take:1.6931471805599454
experience:1.6931471805599454
good/evil:1.0
every:1.0
bit:1.0
raw:1.0
pain:1.0
vision:1.0
might:1.0
seem:2.386294361119891
like:2.09861228866811
good:2.6094379124341005
first:1.0
pass:1.0
guess:1.6931471805599454
turns:1.0
cruddy:1.0
way:1.0
look:2.386294361119891
things:1.6931471805599454
opinions:1.0
experiences:1.0
evil:1.0
able:1.0
meter:1.6931471805599454
says:1.0
youre:1.0
comparing:1.0
apples:1.6931471805599454
well:1.6931471805599454
situation:2.09861228866811
fundamental:2.386294361119891
values:1.6931471805599454
nobody:1.0
agrees:1.0
extent:2.09861228866811
trivial:1.0
unaware:1.0
either:1.0
huh:1.6931471805599454
mean:1.0
lets:1.0
dennis:1.0
kriz:1.0
examples:1.0
situations:2.6094379124341005
think:2.386294361119891
whether:1.6931471805599454
day:1.0
night:1.0
dont:2.09861228866811
abortion:1.0
morally:1.0
acceptable:1.0
yet:1.0
certainly:1.0
difference:1.0
respect:1.0
looks:1.0
weasel-words:1.0
evidence:1.6931471805599454
point:1.0
interested:1.0
much:1.0
prepared:1.0
trust:1.0
direct:1.0
physical:1.0
large:1.6931471805599454
accord:1.0
however:1.0
everyone:1.6931471805599454
else:1.6931471805599454
said:1.6931471805599454
dial:1.6931471805599454
read:1.0
1.5:1.6931471805599454
looked:1.0
3:1.6931471805599454
hope:1.0
i.e:1.0
believing:1.0
seems:2.09861228866811
probability:1.0
predicting:1.0
observed:1.0
since:1.0
know:1.0
others:1.0
discount:1.0
beginning:1.0
predictor:1.0
impossible:1.0
get:1.0
number:1.0
probably:1.0
best:1.0
objective:1.0
bogus:1.0
actually:1.0
firstly:1.0
saw:1.0
id:1.0
check:1.0
lens:1.0
prescription:1.0
secondly:1.0
shows:1.0
nothing:1.0
may:1.0
looking:1.0
virtue:1.0
elephant:2.09861228866811
ill:1.0
doesnt:1.0
imply:1.0
iguana:1.0
confusing:1.0
decide:1.0
mind:1.0
explaining:1.0
thirdly:1.0
question:1.0
assumption:1.0
achieve:1.0
secondary:1.0
goals:2.09861228866811
therefore:1.0
disagreement:1.0
refer:1.0
eitech.com:1.0
buy:1.0
used:1.0
code:1.0
man:1.0
