bevan:1.6931471805599454
cs.man.ac.uk:1.0
stephen:1.0
j:1.0
subject:1.0
good:1.6931471805599454
jesus:1.0
died:1.0
article:1.0
1993apr22.213142.6964:1.0
organpipe.uug.arizona.edu:1.0
brian:1.6931471805599454
lpl.arizona.edu:1.0
ceccarelli:1.0
602/621-9615:1.0
writes:1.0
shouldnt:1.0
matter:1.0
evil:1.0
things:1.6931471805599454
meaningless:1.0
end:1.0
anyway:1.0
go:1.6931471805599454
rob:1.0
bank:1.0
tell:1.0
someone:1.0
dislike:1.0
dirty:1.0
rotten:1.0
slime:1.0
bag:1.0
whats:1.0
restraining:1.0
generally:1.0
reciprocation:1.0
