bevan:1.6931471805599454
cs.man.ac.uk:1.0
stephen:1.0
j:1.0
subject:1.0
rob:1.0
lanphier:1.0
article:1.0
1993apr23.225933.22683:1.0
organpipe.uug.arizona.edu:1.0
brian:2.09861228866811
lpl.arizona.edu:1.0
ceccarelli:1.0
602/621-9615:1.0
writes:1.0
doesnt:1.0
offend:1.0
decide:1.0
reject:1.0
jesus:1.6931471805599454
christ:1.0
wish:1.0
would:1.0
make:1.0
decision:1.6931471805599454
learn:1.6931471805599454
rejected:1.0
buddha:1.6931471805599454
really:1.0
making:1.0
