kaamran:1.6931471805599454
sun14.vlsi.uwaterloo.ca:1.0
subject:1.0
koreshs:1.0
messsage:1.0
dear:1.0
netters:1.0
wondering:1.0
accident:1.0
koresh:2.09861228866811
heard:1.0
different:1.0
explanations:1.0
without:1.0
explanation:1.6931471805599454
opinions:1.0
believes:1.0
please:1.0
kindly:1.0
tell:1.0
1:1.0
talking:1.0
message:1.0
2:1.0
main:1.0
reason:1.0
government:1.0
went:1.0
war:1.0
say:1.0
due:1.0
tax:1.0
payment:1.0
thanks:1.0
advance:1.0
historical:1.0
