cfaehl:1.6931471805599454
vesta.unm.edu:1.6931471805599454
chris:1.6931471805599454
faehl:1.6931471805599454
subject:1.0
burden:2.6094379124341005
proof:2.6094379124341005
article:1.0
1r4b59:1.0
7hg:1.0
aurora.engr.latech.edu:1.0
ray:1.6931471805599454
engr.latech.edu:1.0
bill:1.0
writes:1.0
note:1.0
followups:1.0
go:1.0
alt.atheism:1.0
talk.religion.misc:1.0
talk.origins:1.0
deleted:1.0
make:1.0
statement:2.09861228866811
god:1.6931471805599454
exists:1.0
loves:1.0
etc:1.0
way:1.0
insist:1.6931471805599454
believe:1.6931471805599454
place:1.6931471805599454
upon:2.386294361119891
doesnt:1.0
exist:1.0
give:2.09861228866811
proofs:1.6931471805599454
testimony:1.6931471805599454
beliefs:2.09861228866811
respond:1.6931471805599454
attempt:1.0
disprove:1.0
say:2.09861228866811
x:1.6931471805599454
authority:1.0
fact:1.0
asking:1.0
arent:1.0
obligated:1.0
anything:1.0
intent:1.0
convince:1.0
true:1.6931471805599454
yes:1.0
merely:1.0
giving:1.0
egotist:1.0
would:1.0
care:1.0
surmise:1.0
wish:1.0
us:1.0
