livesey:1.6931471805599454
solntze.wpd.sgi.com:1.0
jon:1.6931471805599454
subject:1.0
ancient:1.0
references:1.0
christianity:1.0
albert:1.0
sabin:1.0
article:1.0
c5ztju.fkx:1.0
news.cso.uiuc.edu:1.0
cobb:1.6931471805599454
alexia.lis.uiuc.edu:1.0
mike:1.0
writes:1.0
nt:1.0
tossed:1.6931471805599454
info:1.0
jesus:1.0
isnt:1.0
usually:1.0
treated:1.0
reliable:1.0
single:1.0
uncorroborated:1.0
source:1.0
information:1.0
person:1.0
evidence:1.0
realize:1.0
normally:1.0
contains:1.6931471805599454
miracles:1.0
reasons:1.0
mean:1.0
say:1.0
mirables:1.0
opened:1.0
mine:1.0
damned:1.0
thing:1.0
happened:1.0
special:1.0
way:1.0
