king:1.6931471805599454
ctron.com:1.0
john:1.0
e:1.0
subject:1.0
albert:1.0
sabin:1.0
rfox:1.0
charlie.usd.edu:1.0
writes:1.0
discussion:1.0
josephus:1.6931471805599454
inserts:1.0
thanks:1.0
correct:1.0
assuming:1.0
fact:1.0
write:1.0
jesus:1.0
christian:1.0
copists:1.0
embellished:1.0
jack:1.0
