cayley:2.09861228866811
plains.nodak.edu:1.0
michele:1.6931471805599454
subject:1.0
new:1.0
religion:1.6931471805599454
forming:1.0
sign:1.0
refrettably:1.0
mistaken:1.0
alt.drugs:1.0
used:1.0
recruit:1.0
people:1.0
worldwide:1.0
pot:1.0
however:1.0
hve:1.0
problem:1.0
death:1.0
dupont:1.0
free:1.0
bobby:1.0
fischer:1.0
mom:1.0
sue:1.0
johan:1.0
engevik:1.0
drunken:1.0
naked:1.0
genius:1.0
large:1.0
