sandvik:2.09861228866811
newton.apple.com:1.6931471805599454
kent:1.6931471805599454
subject:1.0
whos:1.0
next:1.0
mormons:1.0
jews:1.0
article:1.0
1rfg06:1.0
8mm:1.0
usenet.ins.cwru.edu:1.0
cj195:1.0
cleveland.freenet.edu:1.0
john:1.0
w:1.0
redelfs:1.0
wrote:1.0
hands:1.0
defender:1.0
357:1.0
miracle:1.0
god:1.6931471805599454
helps:1.0
help:1.0
havent:1.0
ever:1.0
heard:1.0
one:1.0
didnt:1.0
know:1.0
secular:1.0
humanist:1.0
alink:1.0
ksand:1.0
private:1.0
activities:1.0
net:1.0
