markbr:1.0
radian:1.0
natinst.com:1.0
mark:1.6931471805599454
subject:1.0
rfd:1.0
misc.taoism:1.0
article:1.0
1993apr22.004331.22548:1.0
coe.montana.edu:1.0
uphrrmk:1.0
gemini.oscs.montana.edu:1.0
jack:1.0
coyote:1.0
writes:1.0
sunlight:1.0
shining:1.0
ocean:1.0
universe:1.0
mirrored:1.0
puddle:1.6931471805599454
aleph:2.6094379124341005
null:2.386294361119891
bottles:2.6094379124341005
beer:2.6094379124341005
wall:2.09861228866811
take:1.0
one:2.09861228866811
pass:1.0
around:1.0
isnt:1.0
amazing:1.0
always:1.0
seems:1.0
another:1.0
bottle:1.0
bheer:1.0
