dmeier:1.6931471805599454
casbah.acns.nwu.edu:1.6931471805599454
douglas:1.6931471805599454
meier:1.6931471805599454
subject:1.0
message:1.0
mr:1.0
president:1.0
know:1.0
happened:1.0
c:1.0
cant:1.0
play:1.0
electro-magnetic:1.0
golf:1.0
northwestern:1.0
university:1.6931471805599454
acns:1.0
according:1.0
rules:1.0
centrifugal:1.0
commie:1.0
bumblepuppy:1.0
huxley:1.0
brave:1.0
new:1.0
world:1.0
lib:1.0
pinko:1.0
views:1.0
