wvhorn:1.0
magnus.acs.ohio-state.edu:1.0
william:1.0
vanhorne:1.6931471805599454
subject:1.0
behave:1.0
waco:1.0
reading:1.0
suggestion:1.0
article:1.0
pgf.735710979:1.0
srl03.cacs.usl.edu:1.6931471805599454
pgf:1.0
phil:1.0
g:1.0
fraering:1.0
writes:1.0
come:1.0
noone:1.0
mentions:1.0
eric:1.6931471805599454
hoffer:2.09861228866811
talking:1.0
fanatic:1.0
behavior:1.6931471805599454
anymore:1.0
good:1.0
point:1.0
havent:1.0
read:1.0
true:1.6931471805599454
believer:1.6931471805599454
first:1.0
opportunity:1.0
dont:1.0
know:1.0
style:1.0
still:1.0
best:1.0
explanation:1.0
nutball:1.0
ever:1.0
written:1.0
bill:1.0
