david:1.0
r:1.0
sacco:1.0
dsav:1.0
andrew.cmu.edu:1.0
subject:1.0
abortion:1.6931471805599454
private:1.6931471805599454
health:1.6931471805599454
coverage:1.0
letters:1.0
regarding:1.0
21-apr-93:1.0
user:1.0
boomer:1.0
desire.wrig:1.0
writes:1.0
courts:1.0
found:1.0
ok:1.0
charge:1.6931471805599454
women:1.0
less:1.0
auto:1.6931471805599454
insurance:2.09861228866811
illegal:1.0
live:1.0
longer:1.0
make:1.0
pay:1.0
retirement:1.0
funds:1.0
legal:1.0
arena:1.0
isnt:1.0
100:1.0
consistent:1.0
gender:1.6931471805599454
issue:1.0
pa:1.0
recently:1.0
inequity:1.0
removed:1.0
point:1.0
