halat:2.09861228866811
pooh.bears:1.0
jim:1.6931471805599454
subject:1.0
2000:1.0
years:1.0
say:1.0
christian:1.0
morality:2.09861228866811
article:1.0
1qie61:1.0
fkt:1.0
horus.ap.mchp.sni.de:1.0
frank:1.6931471805599454
d012s658.uucp:1.0
odwyer:1.0
writes:1.0
objective:1.6931471805599454
built:2.6094379124341005
values:2.6094379124341005
organized:1.6931471805599454
religion:1.6931471805599454
ford:1.6931471805599454
tempo:1.6931471805599454
rational:1.6931471805599454
response:1.6931471805599454
unconditional:1.6931471805599454
surrender:1.6931471805599454
uncle:1.0
bye:1.0
