rh:1.6931471805599454
smds.com:1.6931471805599454
richard:1.6931471805599454
harter:1.6931471805599454
subject:1.0
rawlins:2.791759469228055
debunks:1.0
creationism:1.0
article:1.0
1993apr15.223844.16453:1.0
rambo.atlanta.dg.com:1.0
wpr:1.0
atlanta.dg.com:1.0
bill:1.0
writes:1.0
talking:2.09861228866811
origins:3.302585092994046
merely:1.6931471805599454
science:3.8903717578961645
explain:1.6931471805599454
person:1.6931471805599454
exclude:1.6931471805599454
anything:1.6931471805599454
issue:1.6931471805599454
say:2.09861228866811
higher:2.386294361119891
truth:2.791759469228055
false:3.0794415416798357
premise:1.6931471805599454
way:1.6931471805599454
enjoy:2.09861228866811
truly:1.6931471805599454
wonder:1.6931471805599454
observing:1.6931471805599454
gods:1.6931471805599454
creation:1.6931471805599454
macroevolution:2.09861228866811
mixture:2.09861228866811
15:2.09861228866811
percent:3.0794415416798357
85:2.09861228866811
religion:2.09861228866811
guaranteed:1.6931471805599454
within:1.6931471805599454
three:1.6931471805599454
error:1.6931471805599454
let:2.09861228866811
us:2.386294361119891
explore:1.0
interesting:1.0
paragraph:1.0
point:2.09861228866811
sentence:2.386294361119891
1:1.0
speaking:1.0
life:1.0
human:1.0
species:1.0
universe:1.0
physical:1.0
law:1.0
biological:1.0
diversity:1.0
2:1.0
statement:2.386294361119891
unless:1.0
carefully:1.0
qualified:1.0
depends:1.0
3:1.0
begin:1.0
notion:1.0
distinctly:1.6931471805599454
dubious:1.0
many:1.6931471805599454
people:1.0
believe:2.09861228866811
ways:1.6931471805599454
ascertain:1.0
repetoire:1.0
even:1.0
reliable:1.0
certain:1.0
truths:1.6931471805599454
expressed:1.0
using:1.0
language:1.6931471805599454
neither:1.0
lower:1.0
simply:1.6931471805599454
true:2.386294361119891
restricting:1.0
ones:1.0
discussion:1.6931471805599454
reject:1.0
sources:1.0
knowledge:1.0
restricts:1.0
scope:1.0
4:1.6931471805599454
intended:1.0
asserting:1.0
previous:1.0
actually:1.0
however:2.09861228866811
context:1.0
identifies:1.0
another:1.6931471805599454
least:1.0
theologically:1.0
unsound:1.0
5:1.0
evidence:1.0
mr:1.6931471805599454
lacks:1.0
sufficient:1.0
understanding:1.0
meaningful:1.0
sense:1.0
one:2.9459101490553135
might:1.0
well:1.0
enjoys:1.0
literature:1.0
written:1.0
read:1.0
mark:1.0
follow:1.0
analogy:1.0
perhaps:1.0
likes:1.0
pretty:1.0
shapes:1.0
letters:1.0
6:1.0
quibble:1.0
count:1.0
7:1.0
still:1.0
make:1.0
come:1.0
following:1.0
contextual:1.0
modification:1.0
misunderstood:1.0
rawline:1.0
erroneously:1.6931471805599454
thinks:1.6931471805599454
noticeable:1.0
fails:1.0
miserably:1.0
touch:1.0
except:1.0
reports:1.0
personally:1.0
feels:1.0
justice:1.0
assuming:1.0
misinforming:1.0
personal:1.6931471805599454
reactions:1.0
account:1.0
hypothesis:1.0
idiosyncratic:1.0
concept:1.0
smds:1.6931471805599454
inc:1.6931471805599454
net:1.0
address:1.0
phone:1.0
508-369-7398:1.0
mail:1.0
po:1.0
box:1.0
555:1.0
concord:1.0
01742:1.0
fax:1.0
508-369-8272:1.0
fields:1.0
hell:1.0
grass:1.0
grows:1.0
high:1.0
graves:1.0
dreams:1.0
allowed:1.0
die:1.0
