joakimr:1.0
ifi.uio.no:1.0
joakim:1.0
ruud:1.0
subject:1.0
message:1.0
mr:1.0
president:1.0
know:1.0
happened:1.0
tell:1.6931471805599454
really:1.6931471805599454
stupid:1.6931471805599454
pretending:1.6931471805599454
fire:1.6931471805599454
insurance:1.6931471805599454
hope:1.6931471805599454
never:1.6931471805599454
use:1.6931471805599454
offensive:1.6931471805599454
weapon:1.6931471805599454
spare:1.6931471805599454
tire:1.6931471805599454
trunk:1.0
one:1.0
deal:1.0
man:1.0
convinced:1.0
acting:1.0
according:1.0
gods:1.0
jokkefore:1.0
believes:1.0
favour:1.0
stabbing:1.0
back:1.0
voltaire:1.0
