jmeritt:1.0
mental.mitre.org:1.0
subject:1.0
rawlins:1.6931471805599454
listening:1.6931471805599454
devil:1.0
god:1.6931471805599454
appeared:1.0
spoke:1.0
saying:1.0
deamon:1.0
taken:1.0
satanic:1.6931471805599454
words:1.0
tell:1.0
divine:1.0
inspiration:1.0
comes:1.6931471805599454
one:1.0
true:1.0
trickster:1.0
