mathew:2.6094379124341005
mantis.co.uk:2.09861228866811
subject:1.0
moral:3.70805020110221
relativism:1.0
agree:2.9459101490553135
2000:1.0
etc:1.0
frank:1.6931471805599454
d012s658.uucp:1.0
odwyer:1.0
writes:1.6931471805599454
article:1.0
930422.113807.7q9.rusnews.w165w:1.0
got:1.0
one:2.386294361119891
similarly:1.0
relativist:1.0
judge:1.0
syste:1.0
better:2.6094379124341005
another:1.0
every:1.0
possible:2.6094379124341005
circumstance:1.0
however:1.6931471805599454
preclude:1.6931471805599454
judging:1.6931471805599454
system:2.386294361119891
anothe:1.0
specific:1.0
set:2.386294361119891
circumstances:3.0794415416798357
relativists:1.6931471805599454
collectively:1.0
o.k:1.0
makes:1.0
sense:1.0
im:2.09861228866811
serious:1.0
youve:1.6931471805599454
explained:1.0
something:1.6931471805599454
never:1.6931471805599454
understood:1.0
grins:1.0
suppose:1.0
almost:1.6931471805599454
called:1.0
reality:2.386294361119891
live:1.0
happily:1.0
ever:1.6931471805599454
seriously:1.0
agreed:1.0
suspect:1.0
wed:1.0
best:1.0
course:1.6931471805599454
action:1.0
unfortunately:1.0
confidence:1.0
situation:1.0
arise:1.6931471805599454
us:1.0
think:3.0794415416798357
theres:2.09861228866811
big:1.0
god:1.6931471805599454
sky:1.0
dont:1.6931471805599454
theyve:1.0
chosen:1.0
others:2.09861228866811
disagree:1.0
infallible:1.0
otherwise:1.0
disagreements:1.0
ironed:1.0
little:1.0
hope:1.0
everyone:1.0
agreeing:1.0
say:2.09861228866811
practical:1.6931471805599454
intents:1.6931471805599454
purposes:1.6931471805599454
frame:2.09861228866811
reference:2.791759469228055
thus:1.6931471805599454
good:1.6931471805599454
isnt:2.09861228866811
approximately:1.0
objective:2.6094379124341005
way:1.6931471805599454
usually:1.0
expect:1.0
speeding:1.0
bullet:1.0
outrun:1.0
snail:1.0
yes:1.6931471805599454
example:2.09861228866811
vanishingly:1.6931471805599454
small:1.0
number:1.0
people:2.386294361119891
would:2.6094379124341005
hold:1.6931471805599454
gassing:1.0
six:1.0
million:1.0
jews:1.0
thats:1.6931471805599454
probably:1.0
close:1.0
value:2.09861228866811
ive:1.0
encountered:1.0
life:1.0
far:1.0
hear:1.0
bomb:1.6931471805599454
crowded:1.0
area:1.0
rather:1.0
sensible:1.0
first:1.0
guess:1.0
immoral:1.0
act:2.09861228866811
even:1.6931471805599454
though:1.0
conceivably:1.0
might:1.0
tail-end:1.0
case:1.6931471805599454
justify:1.0
well:1.0
examples:1.0
poor:1.0
bombs:1.0
iraq:1.0
dropped:1.0
american:1.0
plane:1.0
many:1.0
weasel:1.0
word:1.0
use:1.0
describe:1.0
values:2.9459101490553135
sorry:2.09861228866811
cant:2.09861228866811
parse:1.0
could:1.0
tr:1.0
s/an:1.0
values/some:1.0
real:2.791759469228055
face:1.0
disagreement:1.0
still:1.0
quite:1.0
see:1.0
youre:1.0
trying:1.0
assume:1.0
mean:2.6094379124341005
opposed:1.0
unreal:1.0
horses:1.0
whatever:1.0
understand:1.0
horse:1.0
pretty:1.0
much:1.0
hmm:1.0
perceptible:1.0
physical:1.0
presence:1.0
saying:2.386294361119891
systems:1.0
opinion:1.6931471805599454
get:2.09861228866811
infinite:2.09861228866811
regress:2.09861228866811
looks:1.0
extremely:1.0
finite:1.0
meant:1.0
right:2.09861228866811
chain:1.0
ends:1.0
buck:1.0
stops:1.0
clarified:1.0
understanding:1.0
supermajority:1.0
wrong:1.0
frames:2.09861228866811
theyre:1.0
different:1.0
key:1.0
point:1.0
issues:1.6931471805599454
99.9:1.0
outcome:1.0
justification:2.09861228866811
terrorist:2.09861228866811
inferior:1.6931471805599454
man:1.6931471805599454
peace:2.386294361119891
provide:1.6931471805599454
asserting:1.0
works:1.0
logically:1.0
actually:1.0
manage:1.0
either:1.0
killing:1.0
hitler:1.0
using:1.0
car:1.0
admit:1.0
couldnt:1.0
exactly:1.0
condemn:1.0
although:1.0
tricky:1.0
philosophical:1.0
hindsight:1.0
stretching:1.0
include:1.0
events:1.0
atoms:1.0
terminal:1.6931471805599454
switching:1.0
places:1.0
turns:1.0
upside:1.0
likely:1.0
terrorism:2.09861228866811
superior:1.0
already:1.0
arisen:1.0
terms:1.0
numbers:1.0
innocent:1.0
killed:1.0
assuming:1.0
successful:1.0
