lionel:2.386294361119891
cs.city.ac.uk:1.6931471805599454
tun:1.6931471805599454
subject:1.0
burden:1.6931471805599454
proof:1.6931471805599454
article:1.0
c5t5sf.8oz:1.0
mentor.cc.purdue.edu:1.0
frittsbc:1.0
sage.cc.purdue.edu:1.0
brian:1.0
fritts:1.0
writes:1.0
saw:1.0
one:2.386294361119891
theist:1.6931471805599454
net:1.0
talking:1.0
absurdity:1.0
saying:1.6931471805599454
doesnt:1.0
believe:1.0
god:1.6931471805599454
sure:1.0
problem:1.0
arguments:1.0
assumes:1.0
lies:1.0
atheist:1.0
wrong:1.6931471805599454
philosophy:1.0
making:1.0
positive:2.09861228866811
argument:1.6931471805599454
must:1.0
give:1.6931471805599454
reasons:1.6931471805599454
believing:1.0
negative:1.6931471805599454
make:1.6931471805599454
statement:1.0
elves:2.791759469228055
exist:2.09861228866811
would:1.6931471805599454
prove:1.6931471805599454
assertion:1.0
person:1.0
dont:1.6931471805599454
case:1.6931471805599454
omniscient:1.0
know:1.0
every:1.0
inch:1.0
universe:1.0
applies:1.0
think:1.0
addressing:1.0
issue:1.0
situation:1.0
like:1.0
see:1.0
established:1.0
fact:1.0
since:1.0
touch:1.0
etc:1.0
us:1.6931471805599454
says:1.6931471805599454
always:1.0
time:1.0
computer:1.0
vision:1.0
group:1.0
city:1.0
university:1.0
london:1.0
ec1v:1.0
0hb:1.0
071-477:1.0
8000:1.0
ext:1.0
3889:1.0
