uphrrmk:1.6931471805599454
msu.oscs.montana.edu:1.0
la:1.6931471805599454
morte:1.6931471805599454
subject:1.0
rfd:1.0
misc.taoism:1.0
article:1.6931471805599454
1993apr22.152720.24846:1.0
radian.uucp:1.0
markbr:1.0
radian:1.0
natinst.com:1.0
mark:1.6931471805599454
writes:1.6931471805599454
1993apr22.004331.22548:1.0
coe.montana.edu:1.0
gemini.oscs.montana.edu:1.0
jack:1.0
coyote:1.0
sunlight:1.0
shining:1.0
ocean:1.0
universe:1.0
mirrored:1.0
puddle:1.6931471805599454
aleph:2.6094379124341005
null:2.386294361119891
bottles:2.6094379124341005
beer:2.791759469228055
wall:2.09861228866811
take:1.6931471805599454
one:2.386294361119891
pass:1.6931471805599454
around:1.6931471805599454
isnt:1.0
amazing:1.0
always:1.0
seems:1.0
another:1.0
bottle:1.0
bheer:1.0
wow:1.0
look:1.0
alllthe:1.0
pretty:1.0
puddles:1.0
jimmy:2.09861228866811
crack:2.09861228866811
koan:2.09861228866811
dont:2.09861228866811
care:2.09861228866811
zen:1.0
masters:1.0
gone:1.0
away:1.0
wants:1.0
koans:1.0
