steven:1.6931471805599454
advtech.uswest.com:1.6931471805599454
steve:2.09861228866811
novak:2.09861228866811
subject:1.0
part:1.6931471805599454
dont:1.6931471805599454
understand:1.0
eeb1:1.0
midway.uchicago.edu:1.0
writes:1.6931471805599454
course:1.0
possibility:1.0
existed:1.0
meaning:1.0
student:1.0
really:1.0
gave:1.0
shit:1.0
could:1.0
moment:2.09861228866811
silence:2.09861228866811
his/her:1.0
makes:1.0
sense:1.0
forcing:1.0
want:1.6931471805599454
participate:1.6931471805599454
take:1.0
reason:1.0
organized:1.0
doesnt:1.6931471805599454
mean:1.0
much:1.0
unless:1.0
everyone:1.6931471805599454
participates:1.0
otherwise:1.0
silent:1.0
whole:1.0
point:1.0
maybe:1.0
blindly:1.6931471805599454
opposing:1.6931471805599454
everything:1.6931471805599454
flavor:1.6931471805599454
religion:2.09861228866811
utterly:1.6931471805599454
idiotic:1.6931471805599454
supported:1.0
taxpayer:1.0
money:1.0
way:1.0
keep:1.0
christianity:1.0
becoming:1.0
official:1.0
u.s:1.0
noticing:1.0
danger:1.0
ban:1.6931471805599454
bomb:1.0
pope:1.0
