psyrobtw:1.0
ubvmsb.cc.buffalo.edu:1.0
robert:1.0
weiss:1.0
subject:1.0
23:1.0
apr:1.0
93:1.0
gods:1.0
promise:1.0
matthew:1.6931471805599454
3:11:1.6931471805599454
baptize:1.6931471805599454
water:1.0
repentance:1.0
come:1.0
one:1.0
powerful:1.0
whose:1.0
sandals:1.0
fit:1.0
carry:1.0
holy:1.0
spirit:1.0
fire:1.0
niv:1.0
