psyrobtw:1.0
ubvmsb.cc.buffalo.edu:1.0
robert:1.0
weiss:1.0
subject:1.0
26:1.0
apr:1.0
93:1.0
gods:1.0
promise:1.0
matthew:1.6931471805599454
5:6:1.6931471805599454
blessed:1.0
hunger:1.0
thirst:1.0
righteousness:1.0
filled:1.0
niv:1.0
