psyrobtw:1.0
ubvmsd.cc.buffalo.edu:1.0
robert:1.0
weiss:1.0
subject:1.0
18:1.0
apr:1.0
93:1.0
gods:1.0
promise:1.0
philippians:1.6931471805599454
4:9:1.6931471805599454
things:1.0
ye:1.0
learned:1.0
received:1.0
heard:1.0
seen:1.0
god:1.0
peace:1.0
shall:1.0
