jmeritt:1.0
mental.mitre.org:1.0
jim:1.0
meritt:1.0
system:1.0
admin:1.0
subject:1.0
booze:1.0
thus:2.09861228866811
sayth:1.0
lord:2.09861228866811
jeremiah:1.0
25:27:1.0
therefore:1.0
thou:1.6931471805599454
shalt:1.6931471805599454
say:1.6931471805599454
unto:1.6931471805599454
saith:1.6931471805599454
hosts:1.6931471805599454
god:1.0
israel:1.0
drink:2.09861228866811
ye:1.6931471805599454
drunken:1.0
spue:1.0
fall:1.0
rise:1.0
sword:1.0
send:1.0
among:1.0
25:28:1.0
shall:1.6931471805599454
refuse:1.0
take:1.0
cup:1.0
thine:1.0
hand:1.0
certainly:1.0
