lwb:1.6931471805599454
cs.utexas.edu:1.0
lance:2.09861228866811
w:1.6931471805599454
bledsoe:1.6931471805599454
subject:1.0
on-line:1.0
copy:1.6931471805599454
book:1.6931471805599454
mormon:1.6931471805599454
article:1.0
1993apr23.163823.24226:1.0
ads.com:1.6931471805599454
wmoore:1.0
william:1.0
moore:1.0
writes:1.0
anyone:1.0
provide:1.0
ftp:1.0
site:1.0
obtain:1.0
online:1.0
version:1.0
please:1.0
email:1.0
internet:1.0
address:1.0
possible:1.0
interested:1.0
im4u.cs.utexas.edu:1.0
512:1.0
258-0112:1.0
ye:1.0
shall:1.6931471805599454
know:1.0
truth:1.6931471805599454
make:1.0
free:1.0
