arromdee:2.386294361119891
jyusenkyou.cs.jhu.edu:1.6931471805599454
ken:1.6931471805599454
subject:1.0
good:1.0
jesus:1.0
died:1.0
article:1.0
1993apr26.215627.24917:1.0
organpipe.uug.arizona.edu:1.0
brian:1.6931471805599454
lpl.arizona.edu:1.0
ceccarelli:1.0
602/621-9615:1.0
writes:1.0
babys:1.0
innocence:1.6931471805599454
nothing:1.6931471805599454
whether:1.6931471805599454
baby:2.386294361119891
sinner:2.09861228866811
sin:1.0
nature:2.386294361119891
two:2.09861228866811
different:1.0
attributes:1.0
innocent:1.0
yet:1.0
arms:2.09861228866811
legs:2.09861228866811
parents:2.6094379124341005
etc:1.6931471805599454
anything:1.0
get:1.6931471805599454
thing:1.0
know:1.6931471805599454
therefore:1.0
generally:1.0
easy:1.0
tell:1.6931471805599454
someone:1.0
sinful:2.09861228866811
since:1.6931471805599454
require:1.0
actually:1.0
perform:1.0
sins:2.386294361119891
seems:1.0
totally:1.0
invisible:1.0
far:1.0
maybe:1.0
half:1.6931471805599454
babies:1.6931471805599454
dont:1.0
itd:1.0
look:1.0
exactly:1.0
way:1.0
difference:1.0
born:2.09861228866811
sinners:1.6931471805599454
got:1.0
earn:1.0
title:1.0
grandparents:1.0
infinitum:1.0
whats:1.0
bad:2.386294361119891
could:1.0
understand:1.0
always:1.0
results:1.6931471805599454
people:1.6931471805599454
committing:1.6931471805599454
never:1.0
commit:1.0
die:1.0
still:1.0
part:1.0
cant:1.0
merely:1.0
first:1.0
day:1.6931471805599454
christmas:1.6931471805599454
truelove:1.6931471805599454
served:1.6931471805599454
leftover:1.6931471805599454
turkey:2.386294361119891
second:1.0
casserole:1.0
made:1.0
days:1.0
3-4:1.0
deleted:1.0
flaming:1.0
wings:1.0
pizza:1.0
hut:1.0
commercial:1.0
m*tlu/a*gic:1.0
bait:1.0
