sbuckley:1.6931471805599454
fraser.sfu.ca:1.6931471805599454
stephen:1.6931471805599454
buckley:1.6931471805599454
subject:1.0
cults:2.386294361119891
keeps:1.0
going:1.0
muttiah:1.6931471805599454
thistle.ecn.purdue.edu:1.0
ranjan:1.0
writes:1.6931471805599454
article:1.0
sbuckley.735337212:1.0
sfu.ca:1.0
bad:1.0
thoughts:1.0
well:1.0
depends:1.0
whether:1.0
take:1.6931471805599454
literal:1.0
dictionary:1.6931471805599454
definition:1.6931471805599454
cult:2.386294361119891
say:1.0
faiths:1.0
social-context:1.6931471805599454
view:1.6931471805599454
allows:1.0
recognize:1.0
mainstream:2.09861228866811
religions:1.0
socially-acceptable:1.0
groups:1.0
involve:1.0
techniques:1.0
brain:1.0
washing:1.0
characteristics:1.0
define:1.0
oppressive:1.0
probly:1.0
best:1.0
word:1.0
behaviour:1.0
yeah:1.0
implicitly:1.0
provides:1.0
justification:1.0
follow:1.6931471805599454
pretend:1.6931471805599454
act:1.6931471805599454
based:1.6931471805599454
impulses:1.6931471805599454
taken:1.0
seriously:1.0
im:1.0
confused:1.0
could:1.0
restate:1.0
yer:1.0
saying:1.0
