todd:2.386294361119891
psgi.uucp:1.0
doolittle:1.6931471805599454
subject:1.0
fork:2.09861228866811
seals:2.09861228866811
im:1.0
undertake:1.0
changing:1.0
88:2.09861228866811
ex500:1.6931471805599454
clymer:1.6931471805599454
manual:2.09861228866811
says:1.0
need:1.0
following:1.0
tools:2.09861228866811
kawasaki:1.6931471805599454
57001-183:1.0
handle:1.6931471805599454
looking:1.0
thing:1.0
illustration:1.6931471805599454
57001-1057:1.0
type:1.0
adapter:1.0
end:1.0
57001-1091:1.0
tool:1.6931471805599454
refers:1.0
57001-1058:1.0
oil:1.0
seal:1.0
bearing:1.0
remover:1.0
necessary:1.0
considering:1.0
dealers:1.0
around:1.0
didnt:1.0
turn:1.0
signal:1.0
assembly:1.0
stock:1.6931471805599454
really:1.6931471805599454
doubt:1.0
id:1.0
like:1.0
get:1.0
done:1.0
week:1.0
help:1.0
would:1.0
appreciated:1.0
always:1.0
vela.acs.oakland.edu:1.0
psgi:1.0
rm125:1.0
bike:1.0
sold:1.0
without:1.0
red-line:1.0
troy:1.0
mi:1.0
dod:1.0
0832:1.0
