brian.vaughan:1.0
um.cc.umich.edu:1.6931471805599454
brian:1.6931471805599454
vaughan:1.6931471805599454
subject:1.0
sale:1.6931471805599454
1988:1.6931471805599454
kawasaki:1.6931471805599454
ex-500:1.6931471805599454
michigan:1.0
6682:1.0
miles:1.0
excellent:1.0
condition:1.0
kept:1.0
garage:1.0
asking:1.0
2200:1.0
joyfully:1.0
marches:1.0
music:1.0
rank:1.0
file:1.0
already:1.0
earned:1.0
contempt:1.0
given:1.0
large:1.0
brain:1.0
mistake:1.0
since:1.0
spinal:1.0
cord:1.0
would:1.0
fully:1.0
suffice:1.0
albert:1.0
einstein:1.0
brian_vaughan:1.0
