max:2.6094379124341005
queernet.org:1.6931471805599454
j:1.6931471805599454
rochlin:1.6931471805599454
subject:1.0
speeding:1.0
ticket:2.386294361119891
chp:1.0
interesting:1.0
id:1.0
fight:1.0
first:1.0
theres:1.0
50/50:1.0
chance:1.0
cop:1.0
wont:1.0
show:1.6931471805599454
secondly:1.0
point:1.0
lied:1.0
purgered:1.0
70:1.6931471805599454
beleive:1.0
yore:1.0
charged:1.0
going:1.6931471805599454
15mph:1.0
posted:1.0
speed:1.0
severe:1.0
couldnt:1.0
p:1.0
ossibly:1.0
right:1.0
uunet:1.0
sgi:1.0
unpc:1.0
protect:1.0
want:1.0
