subject:1.0
ed:1.0
must:1.0
daemon:1.0
child:1.0
ree700a:1.6931471805599454
maine.maine.edu:1.6931471805599454
eds:1.0
heading:1.0
highway:1.0
finally:1.0
buy:1.0
bike:1.0
passanger:1.0
jeff:1.0
andle:1.0
dod:1.0
3005:1.0
1976:1.0
kz900:1.0
intermittentnet:1.0
access:1.0
arranged:1.0
bowdoin:1.0
college:1.0
please:1.0
reply:1.0
via:1.0
e-mail:1.0
since:1.0
followup:1.0
might:1.0
expire:1.0
see:1.0
net:1.0
