davec:1.0
autodesk.com:1.0
dave:1.6931471805599454
cooper:1.0
subject:1.0
sale:1.0
h-1:1.6931471805599454
500:1.6931471805599454
1975:1.0
brand:1.0
new:1.0
top:1.0
end:1.0
chambers:1.0
clean:1.0
black:1.0
1,500:1.0
paul:1.0
510:1.0
839-2161:1.0
please:1.0
contact:1.6931471805599454
email:1.0
address:1.0
seller:1.0
cheers:1.0
