bgardner:1.6931471805599454
bambam.es.com:1.0
blaine:1.6931471805599454
gardner:1.6931471805599454
subject:1.0
protective:1.6931471805599454
gear:1.6931471805599454
article:1.0
c4wkfs.bc1:1.0
eskimo.com:1.6931471805599454
maven:1.0
norman:1.0
hamer:1.0
writes:1.0
question:1.0
day:1.0
important:1.0
ive:1.0
got:1.0
good:1.6931471805599454
helmet:1.0
shoei:1.0
rf200:1.0
thick:1.0
jacket:1.0
leather:2.09861228866811
gold:1.0
pair:1.0
really:1.0
cheap:1.0
gloves:1.6931471805599454
next:1.0
purchase:1.0
better:1.0
boots:1.0
pants:1.0
whats:1.0
favorite:1.0
body:1.0
part:1.0
evans:1.0
sutherland:1.0
dsd.es.com:1.0
