howland:1.6931471805599454
noc2.arc.nasa.gov:1.0
curt:1.0
subject:1.0
auction:1.0
dianas:1.0
bra:1.0
article:1.0
1993apr2.163531.12974:1.0
adobe.com:1.6931471805599454
cjackson:1.0
curtis:1.6931471805599454
jackson:1.0
writes:1.0
next:1.0
thing:1.0
know:1.0
ill:1.0
see:1.0
bikes:1.0
geeky:1.0
stickers:1.0
parked:1.0
outside:1.0
local:1.0
white:1.0
wine:1.0
quiche:1.6931471805599454
fern:1.0
bar:1.0
hey:1.0
like:1.0
even:1.0
look:1.0
note:1.0
spell:1.0
assumed:1.0
correctly:1.0
really:1.0
sniff:1.0
tough:1.0
guys:1.0
mommy:1.0
making:1.0
fun:1.0
ferns:1.0
