howland:2.386294361119891
noc2.arc.nasa.gov:1.0
curt:1.6931471805599454
subject:1.0
countersteering_faq:1.0
please:1.6931471805599454
post:1.6931471805599454
article:1.0
c4zkcl.fgc:1.0
ux1.cso.uiuc.edu:1.6931471805599454
eric:1.6931471805599454
93cbr900rr:1.0
writes:1.0
would:1.0
someone:1.0
countersteering:1.0
faq:1.6931471805599454
like:1.0
theres:1.0
ace:1.0
dod:1.0
0663:1.0
eff:1.0
569:1.0
nsipo.nasa.gov:1.0
82:1.0
v45:1.0
sabre:1.0
meddle:1.0
afairs:1.0
wizards:1.0
makes:1.0
soggy:1.0
hard:1.0
re-light:1.0
