azw:1.0
aber.ac.uk:1.0
andy:1.0
woodward:1.0
subject:1.0
countersteering_faq:1.0
please:2.09861228866811
post:2.09861228866811
article:1.0
c4zkcl.fgc:1.0
ux1.cso.uiuc.edu:1.6931471805599454
eric:1.6931471805599454
93cbr900rr:1.0
writes:1.0
would:1.6931471805599454
someone:1.6931471805599454
countersteering:1.0
faq:1.6931471805599454
awful:1.0
time:1.0
debating:1.0
push:1.0
right:1.0
handle:1.0
motorcycle:1.0
foward:1.0
turning:1.0
left:1.0
cant:1.0
explain:1.0
well:1.0
least:1.0
happens:1.0
help:1.0
need:1.0
convert:1.0
hmm:1.0
able:1.0
take:1.0
outriggers:1.0
