downey:1.6931471805599454
homer.cs.berkeley.edu:1.0
allen:1.0
b:1.0
subject:1.0
speeding:1.6931471805599454
ticket:2.09861228866811
chp:1.0
paraphrase:1.0
initial:1.0
post:1.0
fight:1.6931471805599454
court:1.0
reply:1.0
california:1.0
edition:1.6931471805599454
david:1.0
brown:1.0
1st:1.0
ed:1.0
berkeley:1.0
ca:1.0
nolo:1.0
press:1.0
1982:1.0
second:1.0
ucbs:1.0
library:1.0
good:1.0
luck:1.0
let:1.0
us:1.0
know:1.0
goes:1.0
abd:1.0
