jae:2.09861228866811
w:1.6931471805599454
chang:1.0
jc7j:1.0
andrew.cmu.edu:1.0
subject:1.0
bmw:1.6931471805599454
r65:1.6931471805599454
info:1.0
wanted:1.0
hi:1.0
someone:1.0
selling:1.0
think:1.0
84:1.0
15k:1.0
miles:1.0
2200:1.0
says:1.6931471805599454
great:1.0
condition:1.0
perfect:1.0
shape:1.0
got:1.0
2:1.0
hard:1.0
saddle:1.0
bags:1.0
good:1.0
deal:1.6931471805599454
seems:1.0
like:1.0
awesome:1.0
assuming:1.0
everything:1.0
true:1.0
thanks:1.0
cmu.edu:1.0
