nelson:2.386294361119891
seahunt.imat.com:1.6931471805599454
michael:2.09861228866811
subject:1.0
protective:1.0
gear:1.0
article:1.0
1993apr5.151323.7183:1.0
rd.hydro.on.ca:1.6931471805599454
jlevine:1.0
jody:1.0
levine:1.0
writes:1.0
im:1.0
still:1.0
looking:1.0
good:1.0
gloves:1.0
ones:2.09861228866811
loose:1.0
find:1.0
new:1.0
suggest:1.0
donating:1.0
lautrec:1.0
family:1.0
france:1.0
grin:1.0
1993:1.0
cbr900rr:1.0
internet:1.0
dod:1.0
0735:1.0
