robinson:2.6094379124341005
cogsci.berkeley.edu:1.6931471805599454
michael:1.6931471805599454
subject:1.0
cultural:1.0
enquiries:1.0
article:1.0
1993apr5.094451.8144:1.0
aber.ac.uk:1.6931471805599454
azw:1.0
andy:1.0
woodward:1.0
writes:1.0
getting:1.0
bored:1.0
winding:1.0
americans:1.0
like:1.0
bombing:1.0
fish:1.0
barrel:1.0
little:1.0
children:1.0
market:1.0
irish:1.0
hard:1.0
keep:1.0
not-really-english:1.0
types:1.0
straight:1.0
uucp:1.0
ucbvax:1.0
cogsci:1.0
internet:1.0
