lusky:2.386294361119891
ccwf.cc.utexas.edu:1.6931471805599454
jonathan:1.6931471805599454
r:1.0
subject:1.6931471805599454
tools:2.09861228866811
article:1.0
1993apr5.165548.21479:1.0
research.nj.nec.com:1.0
behanna:1.6931471805599454
phoenix.syl.nj.nec.com:1.0
chris:1.0
writes:1.0
anyone:1.0
else:1.0
noticed:1.0
1/2:2.6094379124341005
deep:2.09861228866811
well:2.09861228866811
craftsmans:1.6931471805599454
60:1.0
sae:1.6931471805599454
set:1.0
small:1.0
fit:1.6931471805599454
bolt:1.0
nut:1.6931471805599454
took:1.0
socket:2.09861228866811
exchange:1.0
every:1.0
one:1.0
sockets:1.0
rack:1.0
exact:1.0
problem:1.6931471805599454
looking:1.0
appears:1.0
toolmaker:1.0
attempted:1.0
imitate:1.0
flank:1.0
drive:1.0
piece:1.0
account:1.0
extra:1.0
clearance:1.0
needed:1.0
inside:1.0
never:1.0
mine:1.0
sure:1.0
nut/bolt:1.0
trying:1.0
really:1.6931471805599454
hex:1.0
13mm:2.09861228866811
slightly:1.0
larger:1.0
wrench:1.0
wont:1.0
gm:1.0
91:1.0
gmc:1.0
pickup:1.0
several:1.0
nuts:1.0
annoying:1.0
metric:1.6931471805599454
threads:1.0
seems:1.0
body:1.0
engine:1.0
89:1.0
jeep:1.0
wrangler:1.0
258/for:1.0
sale:1.0
79:1.0
rx-7:1.0
12a/holley:1.0
4bbl:1.0
67:1.0
camaro:1.0
rs:1.0
350/4spd:1.0
