plevine:1.0
orca.nosubdomain.nodomain:1.0
peter:1.6931471805599454
levine:1.0
subject:1.0
bike:1.0
sale:1.6931471805599454
1986:1.6931471805599454
harley:1.6931471805599454
flhtc:1.6931471805599454
liberty:1.0
edition:1.0
good:1.0
condition:1.0
many:1.0
extras:1.0
asking:1.0
7500:1.0
located:1.0
rhode:1.0
island:1.0
levineplevine:1.0
ele.uri.edu:1.0
