hesh:1.6931471805599454
cup.hp.com:1.0
chris:1.0
steinbroner:1.0
subject:1.0
tracing:1.0
license:1.0
plates:1.0
bdi:1.0
cagers:1.6931471805599454
curtis:1.0
jackson:1.0
cjackson:1.0
adobe.com:1.0
wrote:1.0
driver:1.0
looked:1.0
casually:1.0
couple:1.0
times:1.0
know:1.0
knew:1.0
oh:1.0
okay:1.0
case:1.0
attemped:1.0
vehicular:1.0
manslaughter:1.0
definitely:1.0
wanted:1.0
kill:1.6931471805599454
want:1.0
bikers:1.0
thats:1.0
explanation:1.0
think:1.0
