bakalis:2.09861228866811
apollo.hp.com:1.0
steven:1.6931471805599454
subject:1.0
speeding:1.6931471805599454
ticket:1.0
chp:1.6931471805599454
article:1.0
1pqarb:1.0
fnq:1.0
gaia.ucs.orst.edu:1.0
crucej:1.0
osshe.edu:1.0
jerry:1.0
cruce:1.0
writes:1.0
peter:1.0
nesbitt:1.0
0005111312:1.0
mcimail.com:1.0
wrote:1.0
riding:1.0
work:1.0
last:1.0
week:1.0
via:1.0
hwy:1.0
12:2.09861228866811
suisun:1.0
i-80:1.0
pulled:1.0
black:1.0
white:1.0
76:1.0
gas:1.0
station:1.0
jameson:1.0
canyon:1.0
road:1.0
officer:1.0
stated:1.0
looked:1.6931471805599454
like:2.09861228866811
going:2.386294361119891
kinda:1.6931471805599454
fast:1.6931471805599454
coming:1.6931471805599454
highway:1.6931471805599454
must:1.6931471805599454
least:1.6931471805599454
70:1.6931471805599454
75:1.6931471805599454
said:1.6931471805599454
okay:1.0
agree:1.0
disagree:1.0
anything:1.6931471805599454
1:1.0
next:1.6931471805599454
time:1.6931471805599454
get:1.0
stoped:1.0
cop:2.09861228866811
never:2.09861228866811
admit:1.0
2:1.0
dont:1.0
volunteer:1.0
information:1.0
3:1.0
retoracle:1.0
question:1.0
ask:1.0
correct:1.0
reponse:1.0
deny:1.0
technique:1.0
employed:1.0
police:1.0
help:1.0
establish:1.0
guilt:1.0
especially:1.0
9:1.0
times:1.0
10:1.0
he/she:1.0
sure:1.0
unsure:1.0
may:1.0
difference:1.0
letting:1.0
hook:1.0
getting:1.0
tissue:1.0
hope:1.0
helps:1.0
