randy:2.6094379124341005
megatek.com:1.6931471805599454
davis:1.6931471805599454
subject:1.0
goldwing:1.0
performance:1.0
article:1.0
3880206:1.0
hpcc01.corp.hp.com:1.6931471805599454
gharriso:1.0
graeme:1.0
harrison:1.0
writes:1.0
according:1.0
peter:1.0
egan:1.0
released:1.0
cycle:1.0
world:1.0
flhs:1.0
real:1.0
dog:1.6931471805599454
pillions:1.0
120lb:1.0
wife:1.0
money:1.0
doesnt:1.0
defecate:1.0
much:1.0
think:1.0
mystique:1.0
buying:1.0
extra:1.0
7k:1.0
email:1.0
zx-11:1.0
00072:1.0
pilot:1.0
uunet:1.0
ucsd:1.0
megatek:1.0
dod:1.0
0013:1.0
