subject:1.0
drinking:1.6931471805599454
riding:1.6931471805599454
bclarke:1.6931471805599454
galaxy.gov.bc.ca:1.6931471805599454
article:1.0
c514ut.a5i:1.0
magpie.linknet.com:1.6931471805599454
manes:1.6931471805599454
steve:1.0
writes:1.0
depends:1.0
badly:1.0
want:1.0
live:1.0
faa:1.0
says:1.0
eight:1.0
hours:1.6931471805599454
bottle:1.0
throttle:1.0
pilots:1.0
recommends:1.0
twenty-four:1.0
fars:1.0
specify:1.0
blood/alcohol:1.0
level:1.0
0.4:1.0
legally:1.0
drunk:1.0
think:1.0
twice:1.0
strict:1.0
dwi:1.6931471805599454
minimums:1.0
0.20:1.0
new:1.0
york:1.0
limit:1.0
0.08:1.0
bruce:1.0
clarke:1.0
b.c:1.0
environment:1.0
e-mail:1.0
