ba7116326:1.0
ntuvax.ntu.ac.sg:1.0
subject:1.0
v-max:1.6931471805599454
handling:1.6931471805599454
request:1.0
hello:1.0
ican:1.0
anyone:1.0
handson:1.0
experience:1.0
riding:1.0
yamaha:1.0
pls:1.0
kindly:1.0
comment:1.0
