asper:1.6931471805599454
calvin.uucp:1.0
alan:1.6931471805599454
e:1.0
subject:1.0
v-max:1.6931471805599454
handling:1.6931471805599454
request:1.0
article:1.0
1993apr15.222224.1:1.0
ntuvax.ntu.ac.sg:1.6931471805599454
ba7116326:1.0
writes:1.0
hello:1.0
ican:1.0
anyone:1.0
handson:1.0
experience:1.0
riding:1.0
yamaha:1.0
pls:1.0
kindly:1.0
comment:1.0
ive:1.0
ridden:1.0
one:1.0
twice:1.0
designed:1.6931471805599454
monster:1.0
straight:1.0
line:1.0
nothing:1.0
fzr400:1.0
corners:1.0
fact:1.0
didnt:1.0
handle:1.0
well:1.0
curves:1.0
hey:1.0
thats:1.0
two:1.0
cents:1.0
