ak296:1.0
yfn.ysu.edu:1.0
john:1.0
r:1.0
daker:1.0
subject:1.0
v-max:2.09861228866811
handling:2.09861228866811
request:1.0
previous:1.0
article:1.0
ba7116326:1.0
ntuvax.ntu.ac.sg:1.0
says:1.0
hello:1.0
ican:1.0
anyone:1.0
handson:1.0
experience:1.0
riding:1.0
yamaha:1.0
pls:1.0
kindly:1.0
comment:1.0
youre:1.0
kidding:1.0
right:1.0
flame:1.0
bait:1.0
extreme:1.0
har:2.386294361119891
dod:1.0
650:1.0
darkman:1.0
significant:1.0
problems:1.0
face:1.0
solved:1.0
level:1.0
thinking:1.0
created:1.0
albert:1.0
einstein:1.0
eternal:1.0
champion:1.0
