bgardner:1.6931471805599454
pebbles.es.com:1.0
blaine:1.6931471805599454
gardner:1.6931471805599454
subject:1.0
ggrrrrrr:1.0
cages:1.0
double-parking:1.0
motorcycles:1.0
pisses:1.0
article:1.0
34211:1.0
castle.ed.ac.uk:1.0
wbg:1.0
festival.ed.ac.uk:1.0
w:1.0
geake:1.0
writes:1.0
banana:1.0
one:1.6931471805599454
isnt:1.0
imho:1.0
ultra:1.0
sticky:1.0
labels:1.0
printed:1.0
favourite:1.0
curse:1.6931471805599454
good:1.0
even:1.0
local:1.6931471805599454
hospitals:1.6931471805599454
use:1.0
instead:1.0
wheel:1.0
clamps:1.0
putting:1.0
a5:1.0
size:1.0
window:1.0
cage:1.0
whats:1.0
favorite:1.0
evans:1.0
sutherland:1.0
dsd.es.com:1.0
