essbaum:1.6931471805599454
rchland.vnet.ibm.com:1.0
alexander:1.0
subject:1.0
bike:1.0
sold:1.6931471805599454
net:1.6931471805599454
600:1.0
miles:1.6931471805599454
away:1.0
article:1.0
6130331:1.0
hplsla.hp.com:1.6931471805599454
kens:1.0
ken:1.0
snyder:1.0
writes:1.0
bikes:1.0
long:1.0
distances:1.0
id:1.0
love:1.0
hear:1.0
bought:1.6931471805599454
vfr750:1.0
guy:1.0
san:1.0
jose:1.0
via:1.0
thats:1.0
825:1.0
according:1.0
odometer:1.0
mark:1.0
andy:1.0
living:1.0
pittsburgh:1.0
rz350:1.0
dude:1.0
massachusetts:1.0
connecticut:1.0
axel:1.0
