ljuca:1.0
cs.cmu.edu:1.0
ljubomir:1.6931471805599454
perkovic:1.0
subject:1.0
draining:1.6931471805599454
battery:2.09861228866811
problem:1.6931471805599454
83:1.0
honda:1.0
cb650:1.0
nighthawk:1.0
every:1.6931471805599454
week:1.0
dead:1.0
recharge:1.0
ride:1.0
bike:1.0
day:1.0
new:1.0
charging:1.0
system:1.0
checked:1.0
thoroughly:1.0
seems:1.0
fine:1.0
suspicion:1.0
somewhere:1.0
idea:1.0
causing:1.0
please:1.0
help:1.0
since:1.0
mechanic:1.0
clueless:1.0
