manish:2.09861228866811
uclink.berkeley.edu:1.0
vij:1.0
subject:1.0
shipping:1.6931471805599454
bike:1.6931471805599454
someone:1.6931471805599454
recommend:1.0
ship:1.0
motorcycle:1.0
san:1.0
francisco:1.0
seattle:1.0
much:1.0
might:1.0
cost:1.0
remember:1.0
thread:1.0
saved:1.0
instructions:1.0
prep:1.0
please:1.0
post:1.0
em:1.0
email:1.0
thanks:1.0
