howland:1.6931471805599454
noc.arc.nasa.gov:1.0
curt:1.0
subject:1.0
got:1.0
bike:1.0
wanted:1.0
advice:1.0
cb900c:1.0
purchase:1.0
article:1.0
1993apr15.180644.25263:1.0
ll.mit.edu:1.6931471805599454
jburnside:1.0
jamie:1.0
w:1.0
burnside:1.0
writes:1.0
reletively:1.0
new:1.0
reader:1.0
quite:1.0
impressed:1.0
usefull:1.0
info:1.0
available:1.0
newsgroup:1.0
isnt:1.0
redundent:1.0
