prb:1.0
access.digex.com:1.0
pat:1.6931471805599454
subject:1.0
kawasaki:1.0
440:1.0
ae:1.0
sale:1.6931471805599454
included:1.0
thas:1.0
cover:1.6931471805599454
sold:1.6931471805599454
separately:1.0
trailer:1.0
