joe:2.386294361119891
rider.cactus.org:2.386294361119891
senner:1.6931471805599454
subject:1.0
shaft-drives:1.0
wheelies:1.0
xlyx:1.6931471805599454
vax5.cit.cornell.edu:1.6931471805599454
writes:1.0
possible:1.0
wheelie:1.0
motorcycle:1.0
shaft-drive:1.0
yes:1.0
austin:1.0
area:1.0
ride:1.6931471805599454
mailing:1.6931471805599454
list:1.6931471805599454
texas:1.0
splatterfest:1.0
fest:1.0
