fist:2.09861228866811
iscp.bellcore.com:1.6931471805599454
richard:1.6931471805599454
pierson:1.6931471805599454
subject:1.0
liability:1.0
insurance:1.0
required:1.0
one:1.0
thing:1.0
say:1.0
fault:1.0
would:1.0
isnt:1.0
two:1.0
types:1.0
ships:1.0
navy:1.0
submarines:1.0
targets:1.0
1/xs1100lhdod:1.0
956:1.0
2:1.0
next:1.0
raise:1.0
e06584:1.0
vnet:1.0
908:1.0
699-6063:1.0
internet:1.0
uunet:1.6931471805599454
bcr:1.0
include:1.0
std.disclaimer:1.0
opinions:1.0
dont:1.0
shop:1.0
malls:1.0
buy:1.0
jeans:1.0
jackets:1.0
ammo:1.0
store:1.0
