revco:1.6931471805599454
sfsuvax1.sfsu.edu:1.0
john:1.0
boockholdt:1.0
subject:1.0
lane:1.6931471805599454
sharing:1.0
ca:1.0
three:1.6931471805599454
years:1.0
riding:1.0
cities:2.09861228866811
san:1.0
jose:1.0
santa:1.0
clara:1.0
sunnyvale:1.0
never:1.0
came:1.0
conflict:1.0
local:1.0
police:1.6931471805599454
splitting:1.0
habits:1.0
listed:1.0
earlier:1.0
anti-splitting:1.0
one:1.0
way:1.0
another:1.0
cant:1.0
say:1.0
whether:1.0
due:1.0
luck:1.0
kindness:1.0
actually:1.0
ordinances:1.0
continue:1.0
