shz:1.0
mare.att.com:1.0
keeper:1.0
tude:1.0
subject:1.0
riceburner:1.0
respect:1.0
article:1.0
1993apr14.190210.8996:1.0
megatek.com:1.6931471805599454
randy:2.09861228866811
davis:1.0
writes:1.0
rider:1.0
pilot:1.0
im:1.0
happy:1.0
ive:1.0
effect:1.0
choice:1.0
words:1.0
seth:1.0
twas:1.0
time:1.0
could:1.0
get:1.6931471805599454
respectable:1.0
response:1.0
posting:1.0
like:1.0
randys:1.0
post:1.0
doesnt:1.0
count:1.0
cause:1.0
saw:1.0
dearth:1.0
responses:1.0
didnt:1.0
want:1.0
feel:1.0
ignored:1.0
thanks:1.0
curious:1.0
dod:1.0
thing:1.0
number:1.0
roid:1.0
