jae:2.386294361119891
w:1.0
chang:1.0
cmu.edu:1.6931471805599454
subject:1.0
info:1.6931471805599454
sport-cruisers:1.0
im:1.0
looking:1.0
sport-cruiser:1.0
factory:1.0
installed:1.0
fairings:1.0
full/half:1.0
hard:1.0
saddle:1.0
bags:1.0
750cc:1.0
still:1.0
sporty:1.0
look:1.0
particularly:1.0
like:1.0
r100rs:1.0
k75:1.0
rt:1.0
k:1.0
series:1.0
bmw:1.6931471805599454
bikes:1.6931471805599454
wondering:1.0
comparable:1.0
type:1.0
produced:1.0
companies:1.0
thanks:1.0
