txd:1.6931471805599454
esd.3com.com:1.0
tom:1.6931471805599454
dietrich:1.6931471805599454
subject:1.0
ducati:2.09861228866811
400:1.6931471805599454
opinions:1.6931471805599454
wanted:1.0
frankb:1.0
sad.hp.com:1.0
frank:1.0
ball:1.0
writes:1.0
godfrey:1.0
digiorgi:1.0
ramarren:1.0
apple.com:1.0
wrote:1.0
model:1.6931471805599454
essentially:1.6931471805599454
reduced:1.6931471805599454
displacement:1.6931471805599454
750:2.09861228866811
means:1.6931471805599454
weighs:1.6931471805599454
size:1.6931471805599454
far:1.6931471805599454
less:2.09861228866811
power:1.6931471805599454
produced:1.0
specifically:1.0
meet:1.0
vehicle:1.0
tax:1.0
restriction:1.0
certain:1.0
markets:1.0
makes:1.0
commercially:1.0
viable:1.0
sold:1.0
us:1.0
unneeded:1.0
unwanted:1.0
somewhat:1.6931471805599454
large:1.6931471805599454
overweight:1.6931471805599454
motor:1.6931471805599454
still:1.6931471805599454
handle:1.6931471805599454
magnificently:1.6931471805599454
wont:1.6931471805599454
fast:2.09861228866811
flaws:1.6931471805599454
mention:1.6931471805599454
limited:1.6931471805599454
steering:2.09861228866811
lock:1.6931471805599454
annoyance:1.6931471805599454
noted:1.6931471805599454
testers:1.6931471805599454
mirrors:1.6931471805599454
arent:1.6931471805599454
perfect:1.6931471805599454
900:2.09861228866811
nope:1.0
24:1.0
lbs:1.0
lightrer:1.0
brakes:1.0
single:1.0
disk:1.0
quite:1.0
impressive:1.0
two:1.6931471805599454
fingers:1.0
lever:1.0
much:1.0
beths:1.0
horror:1.0
lifted:1.0
rear:1.0
wheel:1.0
8:1.0
fine:1.6931471805599454
randy:1.0
mamola:1.0
impression:1.0
feeling:1.0
going:1.0
enough:1.0
beth:1.6931471805599454
give:1.0
liter:1.0
bike:1.0
riders:1.0
fits:1.0
future:1.0
locks:1.0
adjustable:1.0
sees:1.0
see:1.0
2/3:1.0
filled:1.0
black:1.0
leather:1.0
86:1.0
concours:1.0
sophisticated:1.0
lady:1.0
72:1.0
1000cc:1.0
sportster:1.0
ol:1.0
sport-for:1.0
sale:1.0
dod:1.0
055:1.0
79:1.0
sr500:1.0
spike:1.0
garage:1.0
rat:1.0
ama:1.0
524245:1.0
queued:1.0
m900:1.0
fssnoc:1.0
1843:1.0
jousts:1.0
gather:1.0
big:1.0
fun:1.0
1kspt=17.28:1.0
bell:1.0
408:1.0
764-5874:1.0
cool:1.0
rule:1.0
sometimes:1.0
e-mail:1.0
able.mkt.3com.com:1.0
h:1.0
lewis:1.0
disclaimer:1.0
3com:1.0
takes:1.0
responsibility:1.0
preceding:1.0
