howland:1.6931471805599454
noc.arc.nasa.gov:1.0
curt:1.0
subject:1.0
v-max:1.6931471805599454
handling:1.6931471805599454
request:1.0
article:1.0
1993apr15.222224.1:1.0
ntuvax.ntu.ac.sg:1.6931471805599454
ba7116326:1.0
writes:1.0
hello:1.0
ican:1.0
anyone:1.0
handson:1.0
experience:1.0
riding:1.0
yamaha:1.0
pls:1.0
kindly:1.0
comment:1.0
remember:1.0
commercial:1.0
cheap:1.0
top:1.0
heavy:1.0
import:1.0
cage:1.0
back:1.0
driver:1.0
says:1.0
wearing:1.0
stuck-up:1.0
fake:1.0
tv:1.0
anouncers:1.0
smile:1.0
really:1.0
goes:1.0
straight:1.0
fits:1.0
