fields:2.386294361119891
cis.ohio-state.edu:1.6931471805599454
jonathan:1.6931471805599454
david:1.0
subject:1.0
misc./buying:1.0
info:1.0
needed:1.0
hi:1.0
thinking:1.0
buying:2.09861228866811
motorcycle:1.6931471805599454
questions:1.0
guide:2.09861228866811
new/used:1.6931471805599454
motorcycles:2.09861228866811
lists:1.0
reliability:1.0
go:1.0
process:1.0
look:1.0
etc:1.6931471805599454
pricing:1.0
blue:1.0
book:1.0
also:1.6931471805599454
books/articles:1.0
riding:1.0
cross:1.0
country:1.0
camping:1.0
idiots:1.0
related:1.0
information:1.0
helpful:1.0
please:1.0
respond:1.0
directly:1.0
thanks:1.6931471805599454
lot:1.0
jordan:1.0
