meb4593:1.6931471805599454
galileo.rtn.ca.boeing.com:1.0
michael:1.6931471805599454
bain:1.6931471805599454
subject:1.0
no-fault:2.09861228866811
insurance:1.0
companies:1.0
sure:1.0
seem:1.0
go:1.0
coverage:1.0
since:1.0
majority:1.0
accidents:1.0
cagers:1.0
fault:1.0
doesnt:1.0
imply:1.0
would:1.6931471805599454
pay:1.0
much:1.0
higher:1.0
rates:1.0
system:2.09861228866811
cars-only:1.0
seems:1.0
make:1.0
sense:1.0
surface:1.0
take:1.0
legal:1.0
costs:1.0
looks:1.0
like:1.0
motorcyclists:1.0
get:1.0
screwed:1.0
chuck:1.0
icdfs.ca.boeing.com:1.0
semi-loud:1.0
pipes:1.0
save:1.0
lives:1.0
