kens:1.6931471805599454
lsid.hp.com:1.6931471805599454
ken:1.6931471805599454
snyder:1.6931471805599454
subject:1.0
buy:1.0
vrf:1.6931471805599454
750:1.6931471805599454
mark:1.6931471805599454
n:1.6931471805599454
bricker:1.0
mnb4738:1.0
cs.rit.edu:1.0
wrote:1.0
market:1.0
bike:2.386294361119891
recently:1.0
found:1.0
1990:1.0
honda:1.0
dealership:1.6931471805599454
47,000:1.0
miles:2.09861228866811
around:1.0
4500:1.0
two:1.6931471805599454
previous:1.0
owners:1.0
employees:1.0
told:1.0
took:1.0
good:1.0
care:1.0
questions:1.0
1:1.0
many:1.6931471805599454
know:1.0
would:1.0
car:1.0
unfamiliar:1.0
life:1.0
span:1.0
bikes:2.09861228866811
2:1.0
decent:1.0
price:1.0
also:1.0
unfamilar:1.0
prices:1.0
used:1.0
blue:1.0
book:1.0
like:1.0
cars:1.0
thanks:1.0
advice:1.0
give:1.0
k:1.0
e:1.0
ms/loc:1.0
330:1.0
un2:1.0
hewlett-packard:1.0
co:1.0
lsid:1.0
lake:1.0
stevens:1.0
instrument:1.0
div:1.0
8600:1.0
soper:1.0
hill:1.0
road:1.0
gte/tn:1.0
206:1.0
335-2253:1.6931471805599454
everett:1.0
wa:1.0
98205-1298:1.0
un-ix:1.0
