joe:2.386294361119891
rider.cactus.org:2.386294361119891
senner:1.6931471805599454
subject:1.0
bmw:2.09861228866811
moa:1.0
members:1.0
read:1.0
cdw2t:1.0
dayhoff.med.virginia.edu:1.0
dances:1.0
federal:1.0
rangers:1.0
writes:1.0
im:1.0
going:1.0
buy:1.6931471805599454
cast:1.0
vote:1.0
groucho:1.0
thought:1.0
gon:1.0
na:1.0
superior:1.0
power:1.0
handling:1.0
austin:1.0
area:1.0
ride:1.6931471805599454
mailing:1.6931471805599454
list:1.6931471805599454
texas:1.0
splatterfest:1.0
fest:1.0
