dug:1.6931471805599454
hpopd.pwd.hp.com:1.0
smith:1.0
subject:1.0
ducati:1.6931471805599454
400:1.0
opinions:1.0
wanted:1.0
spoke:1.0
sales:1.0
dweeb:1.0
3x:1.0
dealer:1.0
blighty:1.0
nothing:1.0
good:1.0
say:1.0
appears:1.0
waaaay:1.0
underpowered:1.0
basically:1.0
750/900:1.0
400cc:1.0
engine:1.0
quality:1.0
problems:1.0
rusty:1.0
frame:1.0
save:1.0
pennies:1.0
buy:1.0
900:1.0
