keithh:1.6931471805599454
bnr.ca:1.6931471805599454
keith:1.6931471805599454
hanlan:1.6931471805599454
subject:1.0
ggrrrrrr:1.0
cages:1.0
double-parking:1.0
motorcycles:1.0
pisses:1.0
article:1.0
lsp0mginnud:1.0
cash.cs.utexas.edu:1.0
mcguire:1.6931471805599454
cs.utexas.edu:1.0
tommy:1.0
marcus:1.0
writes:1.0
however:1.6931471805599454
nothing:1.6931471805599454
motorcycling:1.6931471805599454
unless:1.6931471805599454
consider:1.6931471805599454
vw:1.0
bike:1.6931471805599454
amazona:1.0
bell-northern:1.0
research:1.0
ottawa:1.0
canada:1.0
613-765-4645:1.0
