hesh:1.6931471805599454
cup.hp.com:1.0
chris:1.0
steinbroner:1.0
subject:1.0
bmw:1.6931471805599454
moa:1.6931471805599454
members:1.0
read:1.0
wm:1.0
l:1.0
ranck:1.6931471805599454
joesbar.cc.vt.edu:1.0
wrote:1.0
new:1.0
owner:1.0
thinking:1.0
signing:1.0
right:1.0
beginning:1.0
look:1.0
suspiciously:1.0
like:1.0
throwing:1.0
money:1.0
rathole:1.0
concur:1.0
politics:1.6931471805599454
bickering:1.0
going:1.6931471805599454
ruined:1.0
bmwmoa:1.0
fighting:1.0
im:1.6931471805599454
let:1.0
current:1.0
membership:1.0
lapse:1.0
renewal:1.0
p.s:1.0
bmwras:1.0
level:1.0
far:1.0
superiour:1.0
publication:1.0
opinion:1.0
