gunning:1.6931471805599454
cco.caltech.edu:1.0
kevin:1.0
j:1.0
subject:1.0
stolen:1.6931471805599454
cbr900rr:1.6931471805599454
pasadena:1.0
4:30:1.0
6:30:1.0
pm:1.0
4/15:1.0
blue:1.0
white:1.0
honda:1.0
california:1.0
plate:1.0
kg:1.0
cbr:1.0
serial:1.0
number:1.6931471805599454
jh2sc281xpm100187:1.0
engine:1.0
2101240:1.0
turn:1.0
signals:1.0
mirrors:1.0
lights:1.0
taped:1.0
track:1.0
riders:1.0
session:1.0
willow:1.0
springs:1.0
tomorrow:1.0
guess:1.0
ill:1.0
miss:1.0
help:1.0
find:1.0
baby:1.0
kjg:1.0
