jeq:1.6931471805599454
lachman.com:1.6931471805599454
jonathan:1.6931471805599454
e:1.6931471805599454
quist:1.6931471805599454
subject:1.0
please:1.6931471805599454
gentlemen:1.6931471805599454
article:1.6931471805599454
5036:1.0
cvbnetprime.com:1.0
tjohnson:1.0
tazmanian.prime.com:1.0
tod:1.6931471805599454
johnson:1.0
617:1.0
275-1800:1.0
x2317:1.0
writes:1.6931471805599454
18843.1076.uupcb:1.0
freddy.ersys.edmonton.ab.ca:1.6931471805599454
grant.barkwell:1.0
grant:1.0
barkwell:1.0
cp:1.6931471805599454
certain:1.0
knowledge:1.0
simply:1.0
posessing:1.0
motorcycle:1.6931471805599454
get:1.6931471805599454
laid:1.6931471805599454
true:1.6931471805599454
oh:1.0
thankfully:1.0
us:1.0
rather:1.0
appropriate:1.0
favor:1.0
excuse:1.0
comments:1.0
sexual:1.6931471805599454
fortunes:1.6931471805599454
net:1.0
hardly:1.0
think:1.0
youve:1.0
misspoke:1.0
theyre:1.0
banking:1.0
owning:1.0
doubt:1.0
quite:1.6931471805599454
reverse:1.0
lachman:1.0
technology:1.0
incorporated:1.0
dod:1.0
094:1.0
kotpp:1.0
kotcf:1.0
71:1.0
cl450-k4:1.0
gleep:1.0
naperville:1.0
il:1.0
theres:1.0
nothing:1.0
like:1.0
pitter-patter:1.0
little:1.0
feet:1.0
followed:1.0
words:1.0
daddy:1.0
yay:1.0
