kirjy:1.0
strix.udac.uu.se:1.0
jonathan:1.0
yuen:1.0
subject:1.0
european:1.0
m/c:1.0
insurance:1.0
moved:1.0
sweden:1.0
take:1.0
tests:1.0
written:1.0
road:1.0
even:1.0
though:1.0
valid:1.0
us:1.6931471805599454
license:1.6931471805599454
12:1.0
years:1.0
course:1.0
became:1.6931471805599454
resident:1.6931471805599454
could:1.0
drive:1.0
dont:1.0
know:1.0
italy:1.0
different:1.0
eec:1.0
