ant:2.09861228866811
palm21.cray.com:1.0
tony:2.09861228866811
jones:1.6931471805599454
subject:1.0
insurance:1.6931471805599454
discount:1.6931471805599454
erik:1.0
asphaug:1.6931471805599454
x2773:1.0
lpl.arizona.edu:1.0
wrote:1.0
unless:1.0
agent:1.0
offers:1.6931471805599454
multi-vehicle:1.6931471805599454
time:1.0
cars:1.0
assuming:1.0
youre:1.0
capable:1.0
progressive:1.0
discounts:1.0
good:1.0
prices:1.0
imho:1.0
cray.com:1.0
uunet:1.0
cray:1.6931471805599454
cmcs:1.0
codegeneration:1.0
group:1.0
software:1.0
division:1.0
research:1.0
inc:1.0
655f:1.0
lone:1.0
oak:1.0
drive:1.0
eagan:1.0
mn:1.0
55121:1.0
