subject:1.0
shaft-drives:1.0
wheelies:1.0
stafford:2.09861228866811
vax2.winona.msus.edu:1.0
john:1.6931471805599454
19:1.0
apr:1.0
93:1.0
21:48:42:1.0
gmt:1.0
xlyx:1.0
vax5.cit.cornell.edu:1.0
said:1.0
possible:1.0
wheelie:1.0
motorcycle:1.0
shaft-drive:1.0
yes:1.0
rear:1.0
wheel:1.0
comes:1.0
ground:1.0
front:1.0
see:1.0
hops:1.0
air:1.0
figure:1.0
minnesota:1.0
state:1.0
university:1.0
winona:1.0
standard:1.0
disclaimers:1.0
apply:1.0
