jbourgui:1.6931471805599454
ucs.indiana.edu:1.6931471805599454
opso:1.0
lopso:1.0
subject:1.0
need:1.0
help:1.0
getting:1.0
saddle:1.6931471805599454
bags:2.09861228866811
hey:1.0
im:1.0
pretty:1.0
new:1.6931471805599454
wonderful:1.0
world:1.0
motorcycles:1.0
bought:1.0
used:1.0
81:1.0
kaw:1.0
kz650:1.0
csr:1.0
friend:1.0
wondering:1.0
kind:1.0
could:1.0
get:1.0
since:1.0
know:1.0
nothing:1.0
gas:1.0
tank:1.0
much:1.6931471805599454
would:1.0
cost:1.0
hold:1.0
thanks:1.0
advice:1.0
may:1.0
riding:1.0
love:1.0
already:1.0
dod:1.0
55,555:1.0
