bclarke:1.6931471805599454
galaxy.gov.bc.ca:1.6931471805599454
subject:1.0
first:1.0
bike:1.0
article:1.0
0forqfa00iuzmatnmz:1.0
andrew.cmu.edu:1.6931471805599454
james:1.0
leo:1.0
belliveau:1.0
jbc9:1.0
writes:1.0
serious:1.0
motorcycle:1.6931471805599454
enthusiast:1.0
without:1.0
put:1.0
bluntly:1.0
sucks:1.0
really:1.0
would:1.6931471805599454
like:1.0
advice:1.0
oh:1.0
second:1.0
thought:1.0
posting:1.0
ed:1.0
green:1.0
bruce:1.0
clarke:1.0
b.c:1.0
environment:1.0
e-mail:1.0
