moseley:2.386294361119891
u.washington.edu:1.6931471805599454
steve:2.09861228866811
l:1.6931471805599454
subject:1.6931471805599454
act:1.6931471805599454
front:1.6931471805599454
traffic:1.6931471805599454
jerks:1.6931471805599454
article:1.0
nielsmm-150493114522:1.0
nanna.imv.aau.dk:1.0
nielsmm:1.6931471805599454
imv.aau.dk:1.6931471805599454
niels:1.6931471805599454
mikkel:1.6931471805599454
michelsen:1.6931471805599454
writes:1.0
date:1.0
thu:1.0
15:1.0
apr:1.0
1993:1.0
08:54:34:1.0
gmt:1.0
day:1.0
raining:1.0
cats:1.0
dogs:1.0
therefor:1.0
going:1.0
speed:1.0
limit:1.0
nothing:1.0
bike:1.6931471805599454
guy:1.0
bmw:1.0
driving:1.0
1-2:1.0
meters:1.6931471805599454
behind:1.0
7-800:1.0
next:1.0
red:1.0
light:1.0
calmly:1.0
put:1.0
leg:1.0
walked:1.0
back:1.0
car:1.0
rolled:1.0
window:1.0
told:1.0
total:1.0
idiot:1.0
reason:1.0
right:1.0
thing:1.0
works:1.0
avoid:1.0
obscenities:1.0
try:1.6931471805599454
remain:1.0
calm:1.0
cool:1.0
collected:1.0
something:1.6931471805599454
like:1.6931471805599454
almost:1.0
killed:1.0
im:1.0
moving:1.0
apologize:1.0
less:1.0
benign:1.0
havent:1.0
shot:1.0
single:1.0
time:1.0
dont:1.0
texas:1.0
plenty:1.0
witnesses:1.0
around:1.0
microbiology:1.0
sc-42:1.0
phone:1.0
206:1.6931471805599454
543-2820:1.0
university:1.0
washington:1.0
fax:1.0
543-8297:1.0
seattle:1.0
wa:1.0
98195:1.0
