na4:1.0
vax5.cit.cornell.edu:1.0
subject:1.0
kreme:1.6931471805599454
hi:1.0
folks:1.0
recently:1.0
saw:1.0
one:2.09861228866811
post:1.0
bad:1.0
idea:1.0
mans:1.0
opinion:1.0
else:1.0
experience:1.0
stuff:1.0
