na4:1.0
vax5.cit.cornell.edu:1.0
subject:1.0
aerostitch:2.09861228866811
1:1.0
2-piece:1.0
request:1.0
opinions:1.0
better:1.6931471805599454
one-piece:1.0
two-piece:1.0
looking:1.0
well:1.0
2-pc:1.0
versatile:1.0
1-pc:1.0
protection:1.0
thanks:1.0
advance:1.0
nadine:1.0
