mark:1.0
crispin:1.0
mrc:1.0
tomobiki-cho.cac.washington.edu:1.0
subject:1.0
bmw:1.6931471805599454
moa:1.6931471805599454
members:1.0
read:1.0
resign:1.0
get:1.0
remainder:1.0
5-year:1.0
membership:1.0
refunded:1.0
