mjs:3.302585092994046
sys.uea.ac.uk:1.6931471805599454
mike:2.791759469228055
sixsmith:1.6931471805599454
subject:1.0
countersteering_faq:1.0
please:1.0
post:1.0
leavitt:3.0794415416798357
cs.umd.edu:1.6931471805599454
mr:1.6931471805599454
bill:2.386294361119891
writes:2.09861228866811
also:1.6931471805599454
imho:1.6931471805599454
telling:1.6931471805599454
newbies:1.6931471805599454
countersteering:3.0794415416798357
er:1.0
counter-productive:1.0
cos:1.0
confuses:1.0
rode:2.09861228866811
around:1.6931471805599454
quite:1.0
happily:1.0
10:2.09861228866811
years:2.6094379124341005
knowing:2.09861228866811
nothing:1.0
say:1.6931471805599454
ride:2.09861228866811
differently:1.0
know:1.6931471805599454
interpret:1.0
mean:1.0
youre:1.6931471805599454
representative:1.0
every:1.0
motorcyclist:1.6931471805599454
world:1.0
eh:1.0
rather:2.386294361119891
presumptive:1.0
humble:1.0
opinion:1.0
time:2.386294361119891
learn:2.386294361119891
techniques:1.0
first:2.6094379124341005
starting:1.0
develop:1.0
bad:2.09861228866811
habits:2.09861228866811
five:1.0
taking:1.0
course:1.6931471805599454
msf:1.6931471805599454
erc:1.0
learning:1.0
countersteer:2.791759469228055
eight:1.0
later:1.0
still:1.0
consciously:1.0
tell:1.0
dont:1.0
steer:2.09861228866811
old:1.0
die:1.0
hard:1.0
even:1.0
harder:1.0
sorry:1.6931471805599454
complete:1.0
bollocks:1.0
learned:1.0
bike:2.6094379124341005
natural:1.6931471805599454
intuitive:1.0
im:1.6931471805599454
going:2.09861228866811
kick:1.0
5mph:1.0
stone:1.0
ones:1.0
kicked:1.0
enough:1.0
sake:1.6931471805599454
argument:1.6931471805599454
ill:1.0
concede:1.0
teach:1.0
told:1.0
already:1.0
theres:1.6931471805599454
value:1.6931471805599454
didnt:1.6931471805599454
said:1.6931471805599454
confusing:1.6931471805599454
big:1.6931471805599454
difference:1.0
1:1.0
whats:1.6931471805599454
happening:2.09861228866811
make:2.386294361119891
especially:1.0
extreme:1.0
case:1.0
emergency:1.6931471805599454
swerve:1.6931471805599454
2:1.0
letting:2.09861228866811
whatever:1.0
turn:1.6931471805599454
knew:1.0
precisely:1.0
abruptly:1.0
command:1.6931471805599454
avoidance:1.0
abilities:1.0
improved:1.0
tenfold:1.0
mention:1.0
improvement:1.0
normal:1.0
cornering:1.0
ability:1.0
much:1.0
proficient:1.0
motorcycle:2.09861228866811
remember:1.0
take:1.6931471805599454
cognitive:1.0
run:1.0
corners:1.0
whereupon:1.0
return:1.0
original:1.6931471805599454
comment:1.0
better:1.6931471805599454
right:2.386294361119891
start:1.0
charge:1.0
developing:1.0
habit:1.0
merely:1.0
along:1.0
kidding:1.0
firstly:1.0
motorcycles:1.0
rider:1.6931471805599454
secondly:1.0
adhesion:1.0
tyre:1.0
road:1.0
suspension:1.0
geometry:1.0
ground:1.0
clearance:1.0
dictate:1.0
quickly:1.0
avoid:1.0
obstacles:1.0
knowledge:2.386294361119891
physics:1.6931471805599454
riders:1.0
ears:1.0
seriously:1.0
suggesting:1.0
enables:1.0
corner:1.6931471805599454
faster:1.6931471805599454
competently:1.0
could:1.0
manage:1.0
otherwise:1.0
extremely:1.0
gratified:1.0
affinity:1.0
prowess:1.0
motorcycling:1.0
formal:2.386294361119891
training:2.386294361119891
total:1.6931471805599454
waste:1.0
assuming:1.0
hasnt:1.0
come:1.0
simply:1.0
reading:1.0
rec.motorcycles:1.0
however:1.0
90:1.0
motorcyclists:1.0
ive:1.6931471805599454
discussed:1.0
education:1.0
regarded:1.0
experience:1.6931471805599454
overwhelmingly:1.0
positive:1.0
regardless:1.0
amount:1.0
brought:1.0
ranging:1.0
minutes:1.0
country:1.0
far:1.6931471805599454
aware:1.0
include:1.0
theory:1.6931471805599454
found:1.0
six:1.0
ago:1.0
lecturer:1.0
believe:1.0
steered:1.0
left:1.0
went:1.0
analysed:1.0
closely:1.0
realized:1.0
interesting:1.6931471805599454
bit:1.6931471805599454
lot:1.0
fun:1.0
since:1.0
others:1.0
sceptical:1.0
thats:1.0
claim:1.0
essential:1.6931471805599454
bikers:1.0
result:1.0
absurd:1.0
view:1.0
absolutely:1.0
able:1.0
properly:1.0
safely:1.0
including:1.0
newbie:1.0
courses:1.0
people:1.0
unnecessarily:1.0
important:1.0
matters:1.0
point:1.0
