nuet_ke:1.0
pts.mot.com:1.0
keith:1.0
nuetzman:1.0
x3153:1.0
p7625:1.0
subject:1.0
yamaha:2.09861228866811
vs:1.0
honda:2.09861228866811
opinions:1.6931471805599454
hte:1.0
market:1.0
new:1.0
bike:1.0
without:1.0
years:1.0
two:1.0
main:1.0
bikes:1.0
im:1.0
looking:1.0
seriously:1.0
virago:1.0
535:1.0
shadow:1.0
vlx:1.0
583:1.0
leaning:1.0
towards:1.0
shaft:1.0
drive:1.0
chain:1.0
insurance:1.0
fla:1.0
costly:1.0
thought:1.0
staying:1.0
power:1.0
range:1.0
thanks:1.0
advance:1.0
experiences:1.0
