mbeaving:1.6931471805599454
bnr.ca:1.6931471805599454
michael:1.0
beavington:1.6931471805599454
subject:1.0
opinion:1.0
means:1.0
take:1.0
advice:1.0
wuit:1.0
whining:1.0
flames:1.0
brains:1.0
cant:1.0
spell:1.0
either:1.0
edu:1.0
hope:1.0
youre:1.0
student:1.0
duke:1.0
would:1.0
wasting:1.0
tuition:1.0
beav:1.0
mike:1.0
dod:9733:1.0
v65sabre:1.0
employer:1.0
idea:1.0
im:1.0
talking:1.0
