scs8:1.6931471805599454
cunixb.cc.columbia.edu:1.6931471805599454
sebastian:1.0
c:1.0
sears:1.6931471805599454
subject:1.0
msf:1.6931471805599454
program:1.6931471805599454
could:1.0
someone:1.0
mail:1.0
archive:1.0
location:1.0
ibm:1.0
right:1.0
thanks:1.0
wan:1.0
na:1.0
sit:1.0
buy:1.0
drink:1.0
someday:1.0
temple:1.0
dog:1.0
sea-bass:1.0
dod:1.0
516:1.0
stanley:1.0
id:1.0
79:1.0
yamaha:1.0
xs750f:1.0
77:1.0
bmw:1.0
r100s:1.0
85:1.0
toyota:1.0
4runner:1.0
nyc:1.0
ny:1.0
