drinckes:1.6931471805599454
tssc.wlg.nec.co.jp:1.6931471805599454
doug:1.6931471805599454
rinckes:1.6931471805599454
subject:1.0
rgv:1.0
posing:1.0
article:2.09861228866811
25444:1.0
dsd.es.com:1.0
bgardner:1.0
pebbles.es.com:1.0
blaine:1.0
gardner:1.0
writes:2.09861228866811
speedy.153:1.0
engr.latech.edu:1.6931471805599454
speedy:1.6931471805599454
mercer:1.0
2553:1.0
spam.maths.adelaide.edu.au:1.6931471805599454
amydlak:1.0
adam:1.0
mydlak:1.0
squid:1.0
deleted:1.0
5:1.0
helment:1.6931471805599454
laws:1.0
vary:1.0
state:2.09861228866811
louisiana:1.0
law:2.09861228866811
personaly:1.0
would:1.0
go:1.6931471805599454
2:1.6931471805599454
feet:1.6931471805599454
bike:1.0
without:1.0
one:1.0
save:1.0
life:1.0
ill:1.6931471805599454
draw:1.0
line:1.0
3:1.6931471805599454
see:1.0
raise:1.0
4:1.0
new:1.0
zealand:1.0
tssc:1.0
ltd:1.0
1976:1.0
bmw:1.6931471805599454
r100s:1.0
1960:1.0
r60:1.0
1940:1.0
indian:1.0
741a:1.0
