dab:1.6931471805599454
vuse.vanderbilt.edu:1.6931471805599454
david:1.0
braun:1.0
subject:1.0
wrecked:1.6931471805599454
bmw:1.0
anyone:1.0
know:1.0
1981:1.0
later:1.0
r80:1.0
anything:1.6931471805599454
r100:1.0
interested:1.0
getting:1.0
rid:1.0
need:1.0
motor:1.0
buy:1.0
whole:1.0
bike:1.0
email:1.0
replies:1.0
david.braun:1.0
ftcollinsco.ncr.com:1.0
phone:303/223-5100:1.0
x9487:1.0
voice:1.0
mail:1.0
303/229-0952:1.0
home:1.0
