fields:2.386294361119891
cis.ohio-state.edu:1.6931471805599454
jonathan:1.6931471805599454
david:1.0
subject:1.0
question:1.6931471805599454
probably:1.0
stupid:1.0
new:1.0
motorcycle:1.0
scene:1.0
dont:1.0
really:1.0
know:1.0
anything:1.0
dod:1.0
thanks:1.0
