mtrost:1.0
convex.com:1.0
matthew:1.6931471805599454
trost:1.0
subject:1.0
best:1.0
times:2.09861228866811
worst:1.0
1993apr20.161357.20354:1.0
ttinews.tti.com:1.0
paulb:1.0
harley.tti.com:1.0
paul:1.0
blumstein:1.0
writes:1.0
note:1.0
l.a:1.0
ny:1.0
turned:1.0
screw:1.0
unscrewed:1.0
inside:1.6931471805599454
mikuni:1.0
hs40:1.0
carb:2.09861228866811
keep:1.6931471805599454
hearing:1.0
one:1.6931471805599454
screws:2.09861228866811
tight:1.0
bike:1.0
never:1.0
thought:1.0
least:1.0
roadside:1.0
fixable:1.0
way:1.0
hardly:1.0
time:1.0
better:1.0
check:1.0
suck:1.0
jug:1.0
munge:1.0
piston:1.0
valve:1.0
ive:1.0
seen:1.0
happen:1.0
