maven:1.0
mavenry.altcit.eskimo.com:1.0
norman:1.0
hamer:1.0
subject:1.0
good:2.09861228866811
reasons:1.0
wave:1.6931471805599454
one:1.0
morning:1.0
getting:1.0
coffee:1.0
thoughts:1.0
waving:1.0
bikers:1.0
makes:1.0
sense:1.0
hey:1.0
hows:1.0
going:1.0
nice:1.0
meet:1.0
road:1.6931471805599454
ride:1.0
1:1.0
youre:2.09861228866811
watching:1.6931471805599454
bikes:1.6931471805599454
means:1.0
attention:1.0
likely:1.0
see:1.0
cages:1.0
2:1.0
keeps:1.0
habit:1.0
really:1.0
carefully:1.0
cage:1.0
thing:1.0
