pstone:1.6931471805599454
well.sf.ca.us:1.6931471805599454
philip:1.0
k:1.0
stone:1.6931471805599454
subject:1.0
shaft-drives:1.0
wheelies:1.0
article:1.0
1993apr19.164842.18206:1.0
vax5.cit.cornell.edu:1.6931471805599454
xlyx:1.0
writes:1.0
possible:1.0
wheelie:1.0
motorcycle:1.0
shaft-drive:1.0
mike:1.0
terry:1.0
least:1.0
thats:1.0
told:1.0
nasa:1.0
rent-a-cop:1.0
stopped:1.0
swore:1.0
lifting:1.0
didnt:1.0
completely:1.0
buy:1.0
part:1.0
water:1.0
carbs:1.0
either:1.0
phil:1.0
new:1.0
address:1.0
83:1.0
r80st:1.0
motorcycles:1.0
ok:1.0
