joe:2.386294361119891
rider.cactus.org:2.386294361119891
senner:1.6931471805599454
subject:1.0
thats:1.0
oil:1.6931471805599454
k75:1.0
went:1.0
tim:1.6931471805599454
intrepid.gsfc.nasa.gov:1.0
seiss:1.0
writes:1.0
wanted:1.0
say:1.0
thanks:1.0
everyone:1.0
sent:1.0
e-mail:1.0
posted:1.0
reply:1.0
question:1.0
consumption:1.0
k75s:1.0
decide:1.0
austin:1.0
area:1.0
ride:1.6931471805599454
mailing:1.6931471805599454
list:1.6931471805599454
texas:1.0
splatterfest:1.0
fest:1.0
