essbaum:1.6931471805599454
rchland.vnet.ibm.com:1.0
alexander:1.0
subject:1.0
header:1.0
paint:2.09861228866811
seems:1.0
200:1.0
miles:1.0
trailering:1.0
rain:1.0
rusted:1.0
bikes:1.0
headers:1.0
metal:1.0
underneath:1.0
solid:1.0
need:1.0
sand:1.0
rust:1.0
coating:1.0
repaint:1.0
pipes:1.0
black:1.0
recommendations:1.0
application:1.0
said:1.0
thanks:1.0
axel:1.0
