jjb:1.0
dtc.hp.com:1.0
jim:1.0
brewer:1.0
subject:1.0
uh:1.0
der:1.0
whassa:1.0
deltabox:1.0
article:1.0
c5kxal.izc:1.0
ccu.umanitoba.ca:1.6931471805599454
klinger:1.6931471805599454
jorg:1.0
writes:1.0
beleive:1.0
called:1.0
dentabox:1.0
frame:1.0
nothing:1.0
putty:1.0
paint:1.0
wont:1.0
fix:1.0
someone:1.0
riding:1.0
gsxr:1.0
gutsy:1.0
