bclarke:1.6931471805599454
galaxy.gov.bc.ca:1.6931471805599454
subject:1.0
buy:1.6931471805599454
first:1.6931471805599454
bike:2.386294361119891
etc:1.6931471805599454
lot:1.0
posts:1.0
lately:1.0
wan:1.0
na:1.0
gsxr/zx/cbr/fzr:1.0
good:1.0
learn:1.0
think:1.0
im:1.0
going:1.0
put:1.0
together:1.0
faq:1.0
buying:1.0
new:1.0
ravi:1.0
used:1.0
post:1.0
one:1.0
time:1.0
bruce:1.0
clarke:1.0
b.c:1.0
environment:1.0
e-mail:1.0
