delilah:1.0
next18pg2.wam.umd.edu:1.0
romeo:1.0
deverona:1.0
subject:1.0
new:1.0
motorcycles:1.0
motorcycle:1.0
safety:1.0
foundation:1.0
riding:1.0
course:2.09861228866811
must:1.0
140:1.0
wow:1.0
courses:1.0
georgia:1.0
much:1.0
cheaper:1.0
85:1.0
maryland:1.0
25:1.0
learned:1.0
ride:1.0
3:1.0
years:1.0
ago:1.0
125:1.0
beginner:1.0
riders:1.6931471805599454
60:1.0
experienced:1.0
admittedly:1.0
takes:1.0
half:1.0
time:1.0
