grw:1.6931471805599454
hq.ileaf.com:1.0
gary:2.09861228866811
wasserman:1.6931471805599454
subject:1.0
stuff:1.0
sale:1.0
gone:1.0
thanks:1.0
responded:1.0
three:1.0
items:1.0
electric:1.0
vest:1.0
aerostitch:1.0
suit:1.0
scarf:1.0
spoken:1.0
completely:1.0
irrational:1.0
attraction:1.0
bmw:1.0
bikes:1.0
interleaf:1.0
inc:1.0
prospect:1.0
place:1.0
9:1.0
hillside:1.0
ave:1.0
waltham:1.0
02154:1.0
ileaf.com:1.0
617-290-4990x3423:1.0
fax:1.0
617-290-4970:1.0
dod:1.0
0216:1.0
