clarke:1.6931471805599454
bdrc.bd.com:1.0
richard:1.0
subject:1.0
countersteering:2.09861228866811
sans:1.0
hands:1.6931471805599454
steer:1.0
arent:1.6931471805599454
bars:1.0
open:1.0
budweiser:1.0
left:1.0
hand:1.0
camel:1.0
cigarette:1.0
right:1.0
feet:1.6931471805599454
allowed:1.0
lean:1.0
bike:1.0
turns:1.0
like:1.0
benchracing:1.0
taller:1.0
seat:1.0
floor:1.0
rick:1.0
