nelson:2.386294361119891
seahunt.imat.com:1.6931471805599454
michael:2.09861228866811
subject:1.0
insurance:2.09861228866811
discount:1.0
article:1.0
1993apr20.031127.25473:1.0
organpipe.uug.arizona.edu:1.0
asphaug:1.6931471805599454
lpl.arizona.edu:1.0
erik:1.0
x2773:1.0
writes:1.0
way:1.0
im:1.0
moving:1.0
bay:1.0
area:1.0
ill:1.0
insuring:1.6931471805599454
bikes:1.0
registering:1.0
ease:1.0
shock:1.0
somebody:1.0
guesstimate:1.0
cost:1.6931471805599454
zr550:1.0
r800gs:1.0
tucson:1.0
320:1.0
full:1.0
200:1.0
liability:1.0
two:1.0
per:1.0
annum:1.0
agent:1.0
daniel:1.6931471805599454
sui:1.6931471805599454
hes:1.6931471805599454
done:1.0
quite:1.0
good:1.0
job:1.0
might:1.0
check:1.0
located:1.0
san:1.6931471805599454
francisco:1.6931471805599454
specializes:1.0
bike:1.0
338:1.0
balboa:1.0
street:1.0
ca:1.0
94118:1.0
1-415-752-3157:1.0
1993:1.0
cbr900rr:1.0
internet:1.0
dod:1.0
0735:1.0
