thompson:2.09861228866811
apple.com:1.0
paul:1.6931471805599454
subject:1.0
wanted:1.0
advice:1.0
new:1.0
cylist:1.0
blaisec:1.0
sr.hp.com:1.0
blaise:1.0
cirelli:1.0
writes:1.0
question:1.6931471805599454
dangerous:1.0
riding:1.0
sorta:1.0
next:1.0
bike:1.0
would:1.0
recommend:1.0
first:1.0
time:1.0
rider:1.0
88:1.0
honda:1.0
hawk:1.0
ymmv:1.0
apple:1.0
computer:1.0
