joe:2.386294361119891
rider.cactus.org:2.386294361119891
senner:1.6931471805599454
subject:1.0
personal:1.0
michael:1.6931471805599454
moscoso:1.0
sent:1.0
inquiry:1.0
bmw:2.09861228866811
mailing:2.09861228866811
list:2.6094379124341005
sw:1.0
replaces:1.0
return:1.0
addr:1.6931471805599454
cant:1.0
reply:1.0
manually:1.0
add:1.0
please:1.0
see:1.0
post:1.0
contact:1.0
directly:1.0
austin:1.0
area:1.0
ride:1.6931471805599454
