nrmendel:1.0
unix.amherst.edu:1.0
nathaniel:1.6931471805599454
mendell:1.0
subject:1.0
recommendation:1.0
front:1.0
tire:1.0
hey:1.0
folks:1.0
ive:1.0
got:1.0
pair:1.0
dunlop:1.0
sportmax:1.0
radials:1.0
zx-10:1.6931471805599454
theyve:1.0
sticky:1.0
ie:1.0
slides:1.0
yet:1.0
talk:1.0
metzelers:1.0
wondering:1.0
next:1.0
set:1.0
lazer:1.0
comp:1.0
k:1.0
radial:1.0
metzeler:1.0
rear:1.0
hard:1.0
sport-touring:1.0
choices:1.0
stack:1.0
dod:1.0
0812:1.0
ama:1.0
