howland:2.386294361119891
noc2.arc.nasa.gov:1.0
curt:1.6931471805599454
subject:1.0
newbie:1.6931471805599454
article:1.6931471805599454
c5swox.gwi:1.0
mailer.cc.fsu.edu:1.0
os048:1.0
xi.cs.fsu.edu:1.0
writes:1.0
hey:1.0
yea:1.0
thats:1.0
never:1.0
owned:1.0
motorcycle:1.0
makes:1.6931471805599454
5:1.0
spring:1.0
matt:1.0
ps:1.0
really:1.0
sure:1.0
purpose:1.0
oh:1.0
well:1.0
neither:1.0
read:1.0
days:1.0
try:1.0
ace:1.0
dod:1.0
0663:1.0
eff:1.0
569:1.0
nsipo.nasa.gov:1.0
82:1.0
v45:1.0
sabre:1.0
meddle:1.0
afairs:1.0
wizards:1.0
soggy:1.0
hard:1.0
re-light:1.0
