nbetz:1.0
csi.compuserve.com:1.0
nathan:1.6931471805599454
betz:1.0
subject:1.0
first:1.6931471805599454
bike:1.6931471805599454
honda:1.6931471805599454
ascot:1.6931471805599454
hi:1.0
folks:1.0
im:1.6931471805599454
going:1.0
buying:1.0
considering:1.0
82:1.0
ft500:1.0
less:1.0
5k:1.0
miles:1.0
sound:1.0
like:1.0
reasonable:1.0
choice:1.0
anything:1.0
special:1.0
need:1.0
know:1.0
thanks:1.0
