nelson:2.386294361119891
seahunt.imat.com:1.6931471805599454
michael:2.09861228866811
subject:1.0
shaft-drives:1.0
wheelies:1.0
article:1.0
1993apr19.164842.18206:1.0
vax5.cit.cornell.edu:1.6931471805599454
xlyx:1.0
writes:1.0
possible:1.0
wheelie:1.0
motorcycle:1.0
shaft-drive:1.0
front:1.0
wheel:1.0
use:1.0
lever:1.0
right:1.0
handlebar:1.0
accomplish:1.0
1993:1.0
cbr900rr:1.0
internet:1.0
dod:1.0
0735:1.0
