nrmendel:1.0
unix.amherst.edu:1.0
nathaniel:1.6931471805599454
mendell:1.0
subject:1.0
opinions:1.0
wanted:1.0
help:1.0
size:1.0
dirtbikes:1.0
ride:1.6931471805599454
long:1.0
might:1.6931471805599454
able:1.0
slip:1.0
500cc:1.0
bike:1.6931471805599454
like:1.6931471805599454
keep:1.0
telling:1.0
people:1.0
though:1.0
buy:1.0
older:1.0
cheaper:1.0
first:1.0
500:1.0
interceptor:1.0
example:1.0
zx-10:1.0
dod:1.0
0812:1.0
ama:1.0
