subject:1.0
shaft-drives:1.0
wheelies:1.6931471805599454
stafford:2.09861228866811
vax2.winona.msus.edu:1.0
john:1.6931471805599454
article:1.0
wrs.4180:1.0
wslack.uucp:1.6931471805599454
wrs:1.0
bill:1.6931471805599454
slack:1.0
wrote:1.0
uh:1.0
folks:1.0
shaft:1.0
doesnt:1.0
diddleysquatpoop:1.0
get:1.0
front:1.0
wheel:1.0
ground:1.0
5:1.6931471805599454
ferchrissake:1.0
statement:1.6931471805599454
true:1.0
spirit:1.6931471805599454
list:1.0
false:1.0
misinformation:1.0
thats:1.0
chain:1.0
drive:1.0
model:1.0
minnesota:1.0
state:1.0
university:1.0
winona:1.0
standard:1.0
disclaimers:1.0
apply:1.0
