michaelb:1.0
compnews.co.uk:1.0
michael:1.0
burton:1.0
subject:1.0
performance:1.0
bike:1.0
frenzy:1.6931471805599454
cadwell:1.6931471805599454
anyone:1.0
going:1.6931471805599454
p.b:1.0
park:1.0
may:1.0
watch:1.0
asked:1.0
would:1.0
want:1.0
try:1.0
said:1.0
death:1.0
