brian.vaughan:1.0
um.cc.umich.edu:1.0
brian:1.6931471805599454
vaughan:1.6931471805599454
subject:1.0
sale:1.6931471805599454
kawasaki:1.6931471805599454
ex500:1.0
michigan:1.6931471805599454
ann:1.0
arbor:1.0
1988:1.0
ex-500:1.0
6682:1.0
miles:1.0
cherry:1.0
red:1.0
excellent:1.0
condition:1.0
asking:1.0
2300:1.0
contact:1.0
313:1.6931471805599454
747-1604:1.0
days:1.0
434-7284:1.0
evenings:1.0
weekends:1.0
e-mail:1.0
umich.edu:1.0
reply:1.0
post:1.0
