sanjay:1.6931471805599454
kin.lap.upenn.edu:1.0
sinha:1.0
subject:1.0
new:1.0
motorcycles:1.0
article:1.0
13612:1.0
news.duke.edu:1.0
infante:1.6931471805599454
acpub.duke.edu:1.0
andrew:1.0
writes:1.0
curtis:1.0
jackson:1.0
pens:1.0
msf:1.0
course:1.0
140:1.0
shyah:1.0
one:1.0
costs:1.0
35:1.0
izzat:1.0
deal:1.0
free:1.0
philadelphia:1.0
81:1.0
cb650:1.0
dod:1.0
1224:1.0
would:1.0
give:1.0
right:1.0
arm:1.0
ambidextrous:1.0
