ai598:1.0
cleveland.freenet.edu:1.0
mike:2.09861228866811
sturdevant:1.0
subject:1.0
shaft-drives:1.0
wheelies:1.0
previous:1.0
article:1.0
xlyx:1.0
vax5.cit.cornell.edu:1.0
says:1.0
possible:1.0
wheelie:1.0
motorcycle:1.0
shaft-drive:1.0
absolutely:1.0
early:1.0
xs1100s:1.0
good:1.6931471805599454
terry:1.0
82:1.0
virago:1.6931471805599454
dont:1.0
try:1.0
unless:1.0
already:1.0
purty:1.0
like:1.0
smell:1.0
exploded:1.0
clutch:1.0
go:1.0
fast:1.0
take:1.0
chances:1.0
