sanjay:2.09861228866811
kin.lap.upenn.edu:1.0
sinha:1.0
subject:1.0
battery:2.09861228866811
charger:1.0
noticed:1.0
halogen:1.0
table:1.0
lamp:1.0
runs:1.0
12:1.6931471805599454
volts:1.6931471805599454
big:1.0
thinngy:1.0
plugs:1.0
wall:1.0
says:1.0
dc:1.0
20ma:1.0
question:1.0
trickle:1.0
charge:1.0
cb650:1.6931471805599454
dont:1.0
know:1.0
rating:1.0
factory:1.0
intalled:1.0
one:1.0
thanks:1.0
81:1.0
dod:1.0
1224:1.0
would:1.0
give:1.0
right:1.0
arm:1.0
ambidextrous:1.0
