lemay:2.386294361119891
netcom.com:1.6931471805599454
laura:1.6931471805599454
subject:1.0
need:1.6931471805599454
advice:2.09861228866811
riding:2.09861228866811
someone:1.6931471805599454
pillion:1.6931471805599454
article:1.0
c5t759.dsc:1.0
well.sf.ca.us:1.6931471805599454
rwert:1.0
bob:1.0
wert:1.0
writes:1.0
ride:2.386294361119891
750:1.6931471805599454
ninja:1.6931471805599454
first:1.6931471805599454
time:1.6931471805599454
ive:1.0
taken:1.0
anyone:1.0
extended:2.09861228866811
read:1.0
farther:1.0
around:1.0
block:1.0
well:2.09861228866811
twisty:1.0
fairly:1.0
bumpy:1.0
roads:1.0
mines:1.0
road-mt.hamilton:1.0
loop:1.0
sf:1.0
bay:1.0
areans:1.0
passenger:2.9459101490553135
owww:1.0
hate:1.6931471805599454
wet:1.0
sock:1.0
many:1.0
bikes:2.09861228866811
longest:1.0
started:1.0
myelf:1.0
grew:1.0
long:2.09861228866811
rides:2.386294361119891
sport:1.6931471805599454
seats:1.6931471805599454
designed:2.09861228866811
positions:1.0
arent:1.0
even:1.0
usually:1.0
short:1.6931471805599454
ended:1.0
torturing:1.0
knees:1.0
back:1.6931471805599454
taking:1.0
one:1.0
reasons:1.0
originally:1.0
liked:1.0
current:1.0
guythingy:1.0
much:1.6931471805599454
becase:1.0
bmw:1.0
id:1.6931471805599454
suggest:1.0
shorter:1.0
turn:1.6931471805599454
mountains:1.0
see:1.0
pain:2.09861228866811
shes:1.0
proceed:1.0
best:1.6931471805599454
give:1.0
beginning:1.0
dont:2.09861228866811
get:2.6094379124341005
bike:2.09861228866811
rider:3.0794415416798357
says:1.0
ok:2.09861228866811
work:1.6931471805599454
sort:1.6931471805599454
signal:1.6931471805599454
tell:1.6931471805599454
squeeze:1.6931471805599454
riders:2.09861228866811
hips:1.0
im:1.6931471805599454
ready:1.0
stop:1.6931471805599454
nods:1.0
head:1.0
show:1.0
keep:1.6931471805599454
feet:1.6931471805599454
pegs:1.0
times:1.0
wiggle:1.0
unless:1.0
asks:1.0
passengers:1.0
unobtrusive:1.0
echo:1.0
movements:1.0
lean:1.0
look:1.6931471805599454
shoulder:1.6931471805599454
thats:1.0
comfortable:1.0
turns:1.6931471805599454
inside:1.0
used:1.0
shifting:1.6931471805599454
style:1.6931471805599454
use:1.0
reasonably:1.0
consistent:1.0
avoid:1.0
helmet:2.09861228866811
bonk:2.09861228866811
revs:1.0
shifts:1.0
sudden:1.0
change:1.0
foreward:1.0
acceleration:1.0
causes:1.0
his/hers:1.0
gets:1.6931471805599454
old:1.0
real:1.0
fast:1.0
pulling:1.0
put:1.0
hand:1.0
hands:2.09861228866811
tank:2.09861228866811
weight:1.0
pushing:1.0
onto:1.6931471805599454
putting:1.0
also:1.0
good:1.0
way:1.0
stretch:1.6931471805599454
youre:2.386294361119891
told:1.0
harder:1.0
steer:1.0
leave:1.0
switch:1.0
guardrail:1.0
shoulders:1.0
sure:1.0
thighs:1.0
knows:1.0
still:1.0
guard:1.0
rail:1.0
isnt:1.0
safe:1.0
holding:1.0
afraid:1.0
ask:1.0
frequent:1.0
stops:1.0
losing:1.0
feeling:1.0
generally:1.0
comfort:1.0
pull:1.0
beforehand:1.0
writer:1.0
trifles:1.0
shadows:1.0
blood:1.0
