conboymj:1.0
leland.stanford.edu:1.0
michael:1.0
j:1.0
conboy:1.0
subject:1.0
need:1.0
advice:1.0
riding:1.0
someone:1.0
pillion:1.0
one:1.0
point:1.0
yet:1.0
mentioned:1.0
hands:1.0
drivers:1.0
shoulders:2.09861228866811
definite:1.0
no-no:1.0
feels:1.6931471805599454
good:2.386294361119891
passenger:1.0
stretch:1.0
arms:2.09861228866811
shoulder:1.0
massage:1.0
connected:1.0
handlebars:1.0
hit:1.0
brakes:1.0
pressure:1.0
make:1.6931471805599454
steering:1.0
interesting:1.0
bundle:1.0
cold:1.0
sure:1.0
gear:1.0
say:1.0
pat:1.0
thigh:1.0
let:1.0
know:1.0
great:1.0
luck:1.0
mike:1.0
