subject:1.0
shaft-drives:1.0
wheelies:1.0
lotto:2.386294361119891
laura.harvard.edu:1.0
jerry:1.6931471805599454
19:1.0
apr:1.0
93:1.0
21:48:42:1.0
gmt:1.0
xlyx:1.0
vax5.cit.cornell.edu:1.0
said:1.0
mike:1.0
possible:1.0
wheelie:1.6931471805599454
motorcycle:1.6931471805599454
shaft-drive:1.6931471805599454
sure:1.0
fact:1.0
without:1.0
even:1.0
moving:1.0
dont:1.0
try:1.0
countersteering:1.0
lhasa.harvard.edu:1.0
msfci:1.0
hogssc:1.0
bcso:1.0
ama:1.0
dod:1.0
18:1.0
chemistry:1.0
dept:1.0
harvard:1.0
univ:1.0
harley:1.0
ill:1.0
ride:1.0
want:1.0
