npet:1.6931471805599454
bnr.ca:1.6931471805599454
nick:2.09861228866811
pettefar:1.6931471805599454
subject:1.0
squid:2.09861228866811
riceburner:1.0
respect:1.0
dana:1.6931471805599454
h:1.6931471805599454
myers:1.6931471805599454
tue:1.0
20:1.0
apr:1.0
93:1.0
19:51:16:1.0
gmt:1.0
wibbled:1.0
article:1.6931471805599454
c5qqxp.ie1:1.0
cbmvax.cbm.commodore.com:1.6931471805599454
hartzler:1.6931471805599454
jerry:1.0
cats:1.0
writes:1.6931471805599454
1993apr15.192558.3314:1.0
icomsim.com:1.6931471805599454
mmanning:1.0
michael:1.0
manning:1.0
duck:1.0
squids:1.6931471805599454
dont:1.0
wave:1.0
return:1.0
waves:1.0
ever:1.0
even:1.0
excuse:1.0
ignoramus:1.0
everybody:1.0
chris:1.0
behanna:1.0
especially:1.0
im:1.0
bmw:1.6931471805599454
two:1.0
arms:1.6931471805599454
longer:1.6931471805599454
bs:1.6931471805599454
biker:1.0
dod:1.0
1069:1.0
concise:1.0
oxford:1.0
mlud:1.0
contractor:1.0
large:1.0
teneo:1.0
tuus:1.0
intervallum:1.0
cuurrently:1.0
incarcerated:1.0
bnr:1.0
o^o:1.0
86:1.0
k100rs:1.0
kay:1.0
maidenhead:1.0
united:1.0
kingdom:1.0
pres:1.0
pbwasoh:1.0
uk:1.0
0002:1.0
