nelson:2.386294361119891
seahunt.imat.com:1.6931471805599454
michael:2.09861228866811
subject:1.0
extraordinary:1.0
footpeg:1.0
engineering:1.0
article:1.0
1qt19d:1.0
2fj:1.0
vtserf.cc.vt.edu:1.0
ranck:1.6931471805599454
joesbar.cc.vt.edu:1.0
wm:1.0
l:1.0
writes:1.0
exb0405:1.0
csdvax.csd.unsw.edu.au:1.0
wrote:1.0
let:1.0
guess:1.0
making:2.09861228866811
left:1.0
turn:2.386294361119891
correct:1.0
edge:1.0
stud:1.6931471805599454
contacting:1.0
road:1.0
caused:1.0
unthread:1.0
right:1.6931471805599454
would:1.6931471805599454
tightened:1.0
bzzzt:1.0
thanks:1.0
playing:1.0
hed:1.0
sucker:1.0
couple:1.0
feet:1.0
ground:1.0
1993:1.0
cbr900rr:1.0
internet:1.0
dod:1.0
0735:1.0
