gaijin:1.6931471805599454
ale.japan.sun.com:1.0
john:1.6931471805599454
little:1.6931471805599454
nihon:1.0
sun:1.6931471805599454
repair:1.0
depot:1.0
subject:1.0
police:1.0
ossifers:1.0
read:1.6931471805599454
stuff:1.0
j:1.0
r:1.0
laferriere:1.0
writes:1.0
wondering:1.0
law:1.0
officers:1.0
several:1.0
questions:1.0
would:1.0
like:1.0
ask:1.0
pertaining:1.0
motorcycles:1.0
cops:1.0
happened:1.0
charlie:1.0
lear:1.0
used:1.0
connections:1.0
didnt:1.0
hey:1.0
cyberspace:1.0
mister:1.0
wan:1.0
na:1.0
stateside:1.0
cop:1.0
ya:1.0
got:1.0
ta:1.0
specify:1.0
japan.sun.com:1.0
microsystems:1.0
atsugi:1.0
japan:1.0
