bclarke:1.6931471805599454
galaxy.gov.bc.ca:1.6931471805599454
subject:1.0
none:1.0
thinking:1.0
going:1.0
motorcycle:1.0
tour:1.6931471805599454
new:1.0
zealand:1.0
november-january:1.0
timeframe:1.0
companies:1.0
notably:1.0
beach:1.0
tours:1.0
anyone:1.0
done:1.0
let:1.0
know:1.0
experiences:1.0
good:1.0
bad:1.0
thanks:1.0
bruce:1.0
clarke:1.0
b.c:1.0
environment:1.0
e-mail:1.0
