jscosta:1.0
srv.pacbell.com:1.0
jon:1.6931471805599454
costa:1.0
subject:1.0
riders:1.0
welcome:1.6931471805599454
join:1.0
group:2.09861228866811
riding:1.0
generally:1.0
speaking:1.0
people:1.0
mind:1.0
another:1.0
rider:1.0
tags:1.0
along:1.6931471805599454
distinct:1.0
feeling:1.0
may:1.0
tagged:1.0
last:1.0
weekend:1.0
faults:1.0
like:1.0
car:1.0
headlights:1.0
others:1.0
seem:1.0
glaring:1.0
