kendall:2.6094379124341005
adobe.com:1.6931471805599454
janice:1.6931471805599454
subject:1.0
looking:1.6931471805599454
womens:1.0
motorcycle:1.6931471805599454
helmet:2.09861228866811
im:1.6931471805599454
buy:1.0
used:1.0
interested:1.0
full:1.0
face:1.0
shield:1.0
necessarily:1.0
piece:1.0
around:1.0
chin:1.0
please:1.0
email:1.0
directly:1.0
decwrl|sun:1.0
adobe:1.0
onward:1.0
thru:1.0
fog:1.0
tm:1.6931471805599454
oat:1.0
willies:1.0
