asper:1.6931471805599454
calvin.uucp:1.0
alan:1.6931471805599454
e:1.0
subject:1.0
boom:1.0
dog:1.6931471805599454
attack:1.0
article:1.0
bong-230493121730:1.0
kfp-slac-mac.slac.stanford.edu:1.0
bong:1.6931471805599454
slac.stanford.edu:1.0
eric:1.0
writes:1.0
nice:1.0
ridin:1.0
tex:1.0
use:1.0
california:1.0
dmv:1.0
recommended:1.0
technique:1.0
slow:1.0
aproach:1.0
said:1.0
wick:1.0
pass:1.0
ive:1.0
often:1.0
must:1.0
standard:1.0
strategy:1.0
taught:1.0
cuz:1.0
thats:1.0
told:1.0
illinois:1.0
msf:1.0
class:1.0
works:1.0
well:1.0
dont:1.0
get:1.0
satisfaction:1.0
kicking:1.0
shit:1.0
rabid:1.0
hell-beast:1.0
