csundh30:1.0
ursa.calvin.edu:1.0
charles:1.0
sundheim:1.0
subject:1.0
bikes:1.0
jlevine:1.0
rd.hydro.on.ca:1.0
jody:1.6931471805599454
levine:1.6931471805599454
writes:1.0
ive:1.0
bike:1.0
like:1.0
dod:1.6931471805599454
275:1.0
kv:1.0
got:1.0
pf:1.0
jody.p.levine:1.0
hydro.on.ca:1.0
ride:1.0
toronto:1.0
ontario:1.0
canada:1.0
know:1.0
syd:1.6931471805599454
meant:1.0
wrote:1.6931471805599454
line:1.6931471805599454
damn:1.0
wrong:1.6931471805599454
newsgroup:1.6931471805599454
mean:1.0
erc:1.0
always:1.0
curious:1.0
1138:1.0
