robinson:2.6094379124341005
cogsci.berkeley.edu:1.6931471805599454
michael:1.6931471805599454
subject:1.0
well:1.0
blow:1.0
yuk:2.09861228866811
article:1.0
1993apr23.121316.1564:1.0
news.columbia.edu:1.0
rob:1.0
castro:1.0
writes:1.0
when/how:1.0
decide:1.6931471805599454
windy:1.0
ride:1.0
isnt:1.0
one:1.0
self-evident:1.0
things:1.0
like:1.0
youre:1.0
gas:1.0
never:1.0
experienced:1.0
wind:1.0
severe:1.0
physically:1.0
precluded:1.0
operation:1.0
motorcycle:1.0
matter:1.0
deciding:1.0
whether:1.0
aggravation:1.0
trouble:1.0
worth:1.0
course:1.0
depends:1.0
entirely:1.0
particular:1.0
circumstances:1.0
personal:1.0
disposition:1.0
uucp:1.0
ucbvax:1.0
cogsci:1.0
internet:1.0
