robinson:2.9459101490553135
cogsci.berkeley.edu:2.09861228866811
michael:2.09861228866811
subject:1.0
still:1.0
cold:1.0
article:1.0
c5y4t4.la6:1.0
ccu.umanitoba.ca:1.6931471805599454
klinger:1.6931471805599454
jorg:1.0
writes:1.6931471805599454
1r7pli:1.0
hoc:1.0
agate.berkeley.edu:1.0
andy:1.0
ever:1.0
going:1.0
get:1.0
straight:1.0
yanks:1.6931471805599454
self-satisfied:1.0
gits:1.0
canadians:1.6931471805599454
parochial:1.0
ostriches:1.0
midway:1.0
insipid:1.0
invasion:1.0
florida:1.0
arent:1.0
even:2.09861228866811
aware:1.0
yet:1.0
typical:1.0
first:1.0
attempt:1.0
foriegn-policy:1.0
adventurism:1.0
one:1.0
notices:1.0
make:1.0
balkanization:1.0
boring:1.0
uucp:1.0
ucbvax:1.0
cogsci:1.0
internet:1.0
