subject:1.0
changing:1.0
sprocket:1.0
ratios:1.0
79:1.0
honda:1.0
cb750:1.0
stafford:2.09861228866811
vax2.winona.msus.edu:1.0
john:1.6931471805599454
article:1.0
3ax42b1w164w:1.0
cellar.org:1.6931471805599454
craig:1.6931471805599454
saint:1.0
wrote:1.0
done:1.0
contact:1.0
chaparell:1.0
cycle:1.0
supply:1.0
hey:1.0
even:1.6931471805599454
sprockets:1.6931471805599454
vf1000r:1.0
hard:1.6931471805599454
find:1.6931471805599454
accesssories:1.0
second:1.0
r100rs:1.0
minnesota:1.0
state:1.0
university:1.0
winona:1.0
standard:1.0
disclaimers:1.0
apply:1.0
