acuff:1.6931471805599454
camis.stanford.edu:1.0
richard:1.0
subject:1.0
first:2.09861228866811
bike:2.09861228866811
honda:1.6931471805599454
ascot:2.09861228866811
nbetz:1.0
csi.compuserve.com:1.0
nathan:1.0
betz:1.0
writes:1.0
im:1.6931471805599454
going:1.0
buying:1.0
considering:1.0
82:1.6931471805599454
ft500:1.6931471805599454
less:1.0
5k:1.0
miles:1.6931471805599454
sound:1.0
like:1.6931471805599454
reasonable:1.0
choice:1.0
anything:1.0
special:1.0
need:1.0
know:1.0
recommend:1.0
anyones:1.0
interested:1.0
mines:1.0
sale:1.0
la:1.0
currently:1.0
bum:1.0
starter:1.0
around:1.0
10k:1.0
id:1.0
couple:1.0
hundred:1.0
rich:1.0
