oconnor:1.6931471805599454
eng.umd.edu:1.0
mark:1.6931471805599454
subject:1.0
question:1.0
helmets:1.0
side:1.0
fence:1.0
owned:1.0
bieffe:1.6931471805599454
off-road:1.0
helmet:1.6931471805599454
took:1.0
would:1.0
consider:1.0
minor:1.0
fall:1.0
visible:1.0
damage:1.0
shell:1.0
yes:1.0
job:1.0
damage/impact:1.0
ratio:1.0
scary:1.0
bell:1.0
moto-5:1.0
taken:1.0
impacts:1.0
order:1.0
twice:1.0
impact:1.0
frequently:1.0
mx:1.0
dont:1.0
even:1.0
scratch:1.0
two:1.0
seasons:1.0
recommendation:1.0
buy:1.0
high:1.0
quality:1.0
gear:1.0
ymmv:1.0
