harmons:1.6931471805599454
wv.tek.com:1.0
harmon:1.6931471805599454
sommer:1.6931471805599454
subject:1.0
countersteering_faq:1.0
please:1.0
post:1.0
sender:1.0
reply-to:1.0
gyro.wv.tek.com:1.0
followup-to:1.0
distribution:1.0
organization:1.0
usr/ens/etc/organization:1.0
keywords:1.0
hey:1.0
ed:1.0
explain:1.0
fact:1.0
pull:1.0
horses:1.6931471805599454
reins:1.0
left:2.386294361119891
go:1.6931471805599454
confusing:1.0
two:1.0
threads:1.0
unless:1.0
taught:1.0
neck:1.6931471805599454
rein:1.6931471805599454
brought:1.0
bear:1.0
side:1.0
right:1.0
equestrian:1.0
counter:1.0
steering:1.0
