cds7k:1.0
virginia.edu:1.0
christopher:1.0
douglas:1.0
saady:1.0
subject:1.0
bikes:1.0
contacts:1.6931471805599454
best:1.0
thing:1.0
get:1.0
full:1.6931471805599454
face:2.09861228866811
even:1.0
cheap:1.0
brain:1.0
bucket:1.0
didnt:1.0
think:1.0
important:1.0
took:1.0
gnarly:1.0
spill:1.0
ended:1.0
sliding:1.0
20:1.0
feet:1.0
plus:1.0
visor:1.0
also:1.0
worries:1.0
