gdhg8823:1.0
uxa.cso.uiuc.edu:1.0
george:1.6931471805599454
heinz:1.6931471805599454
subject:1.0
old:1.6931471805599454
gasoline:1.0
help:1.0
72:1.0
cl350:1.0
stopped:1.0
riding:1.0
2:1.0
years:1.0
ago:1.0
upgraded:1.0
84:1.0
sabre:1.6931471805599454
750:1.0
parked:1.0
corner:1.0
parking:1.0
lot:1.6931471805599454
planned:1.0
draining:1.6931471805599454
gas:2.386294361119891
spraying:1.0
oil:1.0
tank:1.0
etc:1.0
get:1.0
ready:1.0
store:1.0
well:1.6931471805599454
procrastination:1.0
ended:1.0
throwing:1.0
tarp:1.0
move:1.0
want:1.6931471805599454
clean:1.0
350:1.0
tried:1.0
starting:1.0
someone:1.0
elses:1.0
battery:1.0
luck:1.0
first:1.0
guess:1.0
plan:1.0
replacing:1.0
new:1.0
pray:1.0
didnt:1.0
trash:1.0
carbeurators:1.0
question:1.6931471805599454
going:1.0
run:1.0
think:1.6931471805599454
enough:1.0
dont:1.6931471805599454
burn:1.0
campus:1.0
police:1.0
kindly:1.0
bonfires:1.0
dumping:1.0
isnt:1.0
great:1.0
idea:1.0
thanks:1.0
ideas:1.0
win:1.0
1,000,000:1.0
c:2.09861228866811
code:1.0
fair:1.0
compiling:1.0
int:1.0
1817:1.0
main:1.0
z:1.6931471805599454
p:2.6094379124341005
q:2.386294361119891
r:1.0
p=80:1.0
q+p-80:1.0
p-=2*a:1.0
z=9:1.0
q=3:1.0
r=time:1.0
0:1.0
r*57:1.0
7:1.0
q=q:1.0
q-1:1.6931471805599454
q-2:1.0
1-p:1.0
79:1.6931471805599454
1:0:1.6931471805599454
79-77:1.0
1659:1.0
79:0:1.6931471805599454
158:1.0
p+q*2:1.0
p+=a:1.0
p+=q:1.0
q:0:0:1.0
q++-1817:1.0
printf:1.0
