bgardner:1.6931471805599454
pebbles.es.com:1.0
blaine:1.6931471805599454
gardner:1.6931471805599454
subject:1.0
moa:1.0
members:1.0
another:1.0
letter:1.0
read:1.0
anyone:1.6931471805599454
noticed:1.0
happened:1.0
since:1.0
chris:1.0
perez:1.0
gifted:1.0
membership:1.0
rec.motorcycles.beemer.club.whiner:1.0
know:1.0
might:1.0
get:1.0
confused:1.0
k-whiners:1.0
maybe:1.0
theres:1.0
connection:1.0
evans:1.0
sutherland:1.0
dsd.es.com:1.0
