ak296:1.0
yfn.ysu.edu:1.0
john:1.0
r:1.0
daker:1.0
subject:1.0
squid:1.6931471805599454
riceburner:1.0
respect:1.0
previous:1.0
article:1.0
serafin:1.6931471805599454
epcot.spdc.ti.com:1.0
mike:1.0
says:1.0
poser:1.0
guy:1.0
saw:1.0
yesterday:1.0
way:1.0
home:1.0
similar:1.0
attire:1.0
sans:1.0
jacket:1.0
april:1.6931471805599454
texas:1.0
ya:1.0
know:1.0
riding:1.0
amazing:1.0
thought:1.0
california:1.0
got:1.0
dod:1.0
650:1.0
darkman:1.0
significant:1.0
problems:1.0
face:1.0
solved:1.0
level:1.0
thinking:1.0
created:1.0
albert:1.0
einstein:1.0
eternal:1.0
champion:1.0
