speedy:1.6931471805599454
engr.latech.edu:1.0
mercer:1.0
subject:1.0
windy:2.386294361119891
days:1.6931471805599454
article:1.0
c5xuqm.dxu:1.0
dcs.ed.ac.uk:1.6931471805599454
amd:1.0
alan:1.0
duncan:1.0
writes:1.6931471805599454
robert:1.0
castro:1.0
rdc8:1.0
cunixf.cc.columbia.edu:1.0
when/how:1.0
decide:1.0
ride:1.6931471805599454
handlebar:1.0
mounted:1.0
windshields:1.0
fun:1.0
hell:1.6931471805599454
week:1.0
plays:1.0
steering:1.0
oh:1.0
still:1.0
bitch:1.0
lot:1.0
dod:1.0
8177:1.0
technician:1.0
dr:1.0
speed:1.0
student:1.0
stolen:1.0
taglines:1.0
hey:1.0
go:1.0
dont:1.0
think:1.0
naahh:1.0
