chucks:1.0
uars2.acd.ucar.edu:1.0
chuck:1.6931471805599454
smythe:1.6931471805599454
subject:1.0
shaft-drives:1.0
wheelies:1.0
possible:1.0
wheelie:1.0
motorcycle:1.0
shaft-drive:1.0
owner:1.0
v65:1.0
sabre:1.0
shaftie:1.0
answer:1.0
personal:1.0
experience:1.0
aieeeeeeeeeeeeeeeeeeeeeeeeeeee:1.0
dod:1.0
50:1.0
