mjs:1.0
sys.uea.ac.uk:1.0
mike:1.0
sixsmith:1.0
subject:1.0
paint:1.6931471805599454
jobs:1.6931471805599454
uk:1.0
lisa:2.09861228866811
alex.com:1.0
rowlands:1.6931471805599454
writes:1.0
anyone:1.0
recommend:1.0
good:1.6931471805599454
place:1.0
reasonably:1.0
priced:1.0
bike:1.0
preferably:1.0
essentially:1.0
london:1.0
area:1.0
thanks:1.0
try:1.0
dream:1.0
machine:1.0
0602:1.0
736615:1.0
ive:1.0
seen:1.0
examples:1.0
work:1.0
looks:1.0
pretty:1.0
theyre:1.0
midlands:1.0
though:1.0
