bandy:1.0
catnip.berkeley.ca.us:1.0
andrew:1.6931471805599454
scott:1.0
beals:1.0
kc6sss:1.0
subject:1.0
opinion:1.0
means:1.0
infante:1.6931471805599454
acpub.duke.edu:1.0
writes:1.0
since:1.0
occurance:1.0
ive:1.0
paid:1.0
many:1.0
dollars:1.0
renumerance:1.0
taken:1.0
drunk:1.0
class:1.0
yes:1.0
listened:1.0
self-righteous:1.0
assholes:1.0
like:1.0
think:1.0
rest:1.0
world:1.0
youve:1.0
never:1.0
little:1.0
dd:1.0
suaree:1.0
devil:1.0
made:1.0
