brad:1.6931471805599454
thone:1.6931471805599454
c09615bt:2.09861228866811
wuvmd:1.0
subject:1.0
well:1.0
blow:1.0
yuk:2.09861228866811
long:1.0
time:1.0
back:1.0
months:1.0
think:1.0
similar:1.0
question:1.0
asked:1.0
suggestion:1.0
addition:1.0
eds:1.0
list:1.0
put:1.0
windward:1.0
knee:1.0
away:1.0
bike:1.0
tried:1.0
seems:1.0
help:1.0
actually:1.0
systems:1.6931471805599454
consultant:1.0
service:1.0
enterprises:1.0
st:1.0
louis:1.0
mo:1.0
wuvmd.wustl.edu:1.0
wuvmd.bitnet:1.0
