mjs:1.0
sys.uea.ac.uk:1.0
mike:1.0
sixsmith:1.0
subject:1.0
dogs:1.0
howland:1.6931471805599454
noc.arc.nasa.gov:1.0
curt:1.0
writes:1.6931471805599454
article:1.0
ms-c.735160298.1147902781.mrc:1.0
ikkoku-kan.panda.com:1.6931471805599454
mrc:1.0
mark:1.0
crispin:1.0
im:1.0
biker:1.0
dog-lover:1.0
wonder:1.0
bikers:1.0
horrid:1.0
reputation:1.0
dog:1.0
thrust:1.0
