ellert:1.0
v32.uh.cwru.edu:1.0
subject:1.0
put:1.6931471805599454
helmet:2.09861228866811
response:1.0
jerry:1.0
lottos:1.0
post:1.0
putting:1.0
mirror:1.6931471805599454
else:1.0
risk:1.0
damaging:1.0
padding:1.0
inside:1.0
one:1.6931471805599454
major:1.0
causes:1.0
breakage:1.0
impact:1.0
pavement:1.0
laws:1.0
mandating:1.0
mirrors:1.0
protected:1.0
helmets:1.0
might:1.0
order:1.0
seriously:1.0
place:1.0
preferably:1.0
clean:1.0
footpeg:1.0
hanging:1.0
chin-guard:1.0
away:1.0
hot:1.0
pipes:1.0
ed:1.0
dod:1.0
1110:1.0
