brad:1.6931471805599454
thone:1.6931471805599454
c09615bt:2.09861228866811
wuvmd:1.0
subject:1.0
well:1.0
blow:1.0
yuk:2.09861228866811
never:1.0
experienced:1.0
wind:1.0
severe:1.0
physically:1.0
precluded:1.0
operation:1.0
motorcycle:1.0
matter:1.0
deciding:1.0
whether:1.0
aggravation:1.0
trouble:1.0
worth:1.0
course:1.0
depends:1.0
entirely:1.0
particular:1.0
circumstances:1.0
personal:1.0
disposition:1.0
skill:1.0
havent:1.0
done:1.0
dangerous:1.0
takes:1.0
getting:1.0
used:1.0
read:1.0
eds:1.0
list:1.0
systems:1.6931471805599454
consultant:1.0
service:1.0
enterprises:1.0
st:1.0
louis:1.0
mo:1.0
wuvmd.wustl.edu:1.0
wuvmd.bitnet:1.0
