bgardner:1.6931471805599454
pebbles.es.com:1.0
blaine:1.6931471805599454
gardner:1.6931471805599454
subject:1.0
maxima:1.0
chain:2.386294361119891
wax:1.6931471805599454
mail-order:1.6931471805599454
article:1.6931471805599454
1993apr21.130512.147:1.0
linus.mitre.org:1.0
cookson:1.6931471805599454
mbunix.mitre.org:1.0
writes:1.6931471805599454
93apr20.211127.44984:1.0
acs.ucalgary.ca:1.6931471805599454
parr:1.6931471805599454
charles:1.0
bought:1.0
tried:1.0
truly:1.0
miracle:1.0
spooge:1.0
lubed:1.0
wheel:1.0
clean:1.6931471805599454
1000km:1.0
id:1.6931471805599454
try:1.0
vfr:1.0
goddamn:1.0
competition:1.6931471805599454
accessories:1.6931471805599454
hasnt:1.0
mailed:1.0
order:1.0
yet:1.0
hell:1.6931471805599454
two:2.09861228866811
weeks:1.6931471805599454
ordering:1.0
pretty:1.6931471805599454
bizzare:1.0
stuff:2.09861228866811
like:2.6094379124341005
clear:1.0
rf-200:1.0
face:1.0
sheild:1.0
bastards:1.0
worth:2.09861228866811
got:1.0
three:2.09861228866811
days:2.386294361119891
chaparral:2.791759469228055
thats:1.0
ups:1.6931471805599454
ground:1.6931471805599454
ca:1.0
ut:1.0
ymmv:1.0
seems:2.09861228866811
work:1.0
doesnt:1.6931471805599454
attract:1.0
grundge:1.0
pj-1:1.0
blue:1.6931471805599454
gave:1.0
acid:1.0
test:1.0
full:1.0
breaking:1.0
quadracers:1.0
new:1.0
paddle:1.0
tires:2.09861228866811
sand:2.09861228866811
dunes:1.0
theres:1.0
anything:2.09861228866811
wet:1.0
stickey:1.0
coated:1.0
end:2.09861228866811
day:1.0
looked:1.0
far:1.0
goes:1.0
stock:3.302585092994046
tell:1.0
long:1.0
take:2.09861228866811
back-order:1.0
usually:1.0
get:1.6931471805599454
always:1.0
week:2.386294361119891
deliver:1.0
motorcycle:1.0
accessory:1.0
warehouse:1.0
also:1.0
takes:1.0
trying:1.0
buy:1.0
boots:2.09861228866811
last:1.0
dont:1.6931471805599454
think:1.0
actually:1.0
maw:2.09861228866811
30:1.6931471805599454
cheaper:1.6931471805599454
alpinestars:1.6931471805599454
tech:1.0
7:1.0
monday:1.6931471805599454
hoping:1.0
asked:1.6931471805599454
completely:1.6931471805599454
unreasonable:1.0
question:1.0
conversation:1.0
went:1.0
something:1.0
need:1.0
know:1.6931471805599454
want:1.6931471805599454
pay:1.0
visa:1.0
mastercard:1.0
well:1.0
computer:1.0
show:1.0
call:2.386294361119891
distributer:1.6931471805599454
find:1.6931471805599454
understand:1.0
im:1.6931471805599454
saying:1.0
uh:1.0
right:1.0
yea:1.0
back:1.6931471805599454
hour:2.386294361119891
ask:1.0
phil:1.6931471805599454
later:1.6931471805599454
isnt:2.09861228866811
mike:1.6931471805599454
says:1.6931471805599454
check:1.6931471805599454
half:1.6931471805599454
either:1.0
left:1.0
note:1.0
theyll:1.0
month:1.0
3:1.0
away:1.0
screw:1.0
bucks:1.0
hassle:1.0
called:1.0
ooh:1.0
probably:1.0
hard:1.0
keep:1.0
ill:1.6931471805599454
size:2.09861228866811
10:1.6931471805599454
lets:1.0
see:1.0
yes:1.0
white:1.6931471805599454
gray:1.0
black:1.0
blacks:1.0
noon:1.0
arrived:1.0
thursday:1.0
morning:1.0
via:1.0
often:1.0
lower:1.0
prices:1.0
prepared:1.0
wait:1.0
oh:1.0
anyones:1.0
market:1.0
atv:1.0
scorcher:1.0
good:1.0
outfit:1.0
friendly:1.0
fast:1.0
wanted:1.0
evans:1.0
sutherland:1.0
dsd.es.com:1.0
