bgardner:2.09861228866811
pebbles.es.com:1.6931471805599454
blaine:2.09861228866811
gardner:2.09861228866811
subject:1.0
fj1100/1200:1.6931471805599454
owners:1.6931471805599454
tankbag:1.6931471805599454
suggestions:1.6931471805599454
wanted:1.0
article:1.6931471805599454
1993apr21.142333.6707:1.0
mnemosyne.cs.du.edu:1.0
mwallace:1.0
nyx.cs.du.edu:1.0
mark:1.0
wallace:1.0
writes:2.09861228866811
1993apr20.195116.10738:1.0
ncsu.edu:1.0
martenm:1.0
chess.ncsu.edu:1.0
mar:1.0
marten:1.0
looking:1.0
new:1.0
tank:2.6094379124341005
bag:1.6931471805599454
wondered:1.0
follow:1.0
could:1.0
make:1.0
fjs:1.0
large:1.0
flat:1.0
gas:1.0
id:1.6931471805599454
imagine:1.0
almost:1.0
anything:1.0
would:1.6931471805599454
work:1.0
personally:1.0
im:1.0
quite:1.0
happy:1.0
eclipse:1.6931471805599454
standard:1.0
think:1.0
thing:1.0
watch:1.0
number:1.0
attachment:1.0
straps:1.0
come:1.0
3:1.6931471805599454
4:1.6931471805599454
bagman:1.0
strap:1.0
rear:1.6931471805599454
narrow:1.0
fit:1.0
optimal:1.0
good:1.0
point:1.6931471805599454
overlooked:1.0
mount:1.6931471805599454
1:1.0
2:1.0
front:1.0
stable:1.0
fj:1.6931471805599454
seen:1.0
harnesses:1.0
sides:1.0
real:1.0
problem:1.0
evans:1.0
sutherland:1.0
dsd.es.com:1.0
