sturges:2.09861228866811
oasys.dt.navy.mil:1.0
richard:1.0
subject:1.0
hawk:1.6931471805599454
gt:1.0
new:1.0
seat:2.386294361119891
review:1.0
put:1.0
corbin:1.0
got:1.0
solo:1.0
could:1.0
carry:1.0
passenger:1.0
short:1.0
distance:1.0
100:1.0
better:1.0
stock:1.0
longer:1.0
voice:1.0
squeak:1.0
ride:1.0
work:1.0
rich:1.0
h:1.0
703-536-4443:1.0
nswc:1.0
carderock:1.0
division:1.0
w:1.0
301-227-1670:1.0
speak:1.0
one:1.0
else:1.0
listen:1.0
