amd:1.0
dcs.ed.ac.uk:1.0
alan:2.09861228866811
duncan:1.0
subject:1.0
windy:2.09861228866811
days:1.0
robert:1.0
castro:1.0
rdc8:1.0
cunixf.cc.columbia.edu:1.0
writes:1.0
when/how:1.0
decide:1.0
ride:1.6931471805599454
get:1.0
blown:1.0
riding:1.0
bike:1.0
drive:1.0
home:1.0
8^d:1.0
p.s:1.0
check:1.0
nearby:1.0
trees:1.0
wind:1.6931471805599454
strength:1.0
see:1.0
badly:1.0
affected:1.0
duncandept:1.0
computer:1.0
science:1.0
ducati:1.0
900ssedinburgh:1.0
university:1.0
scotland:1.0
