csundh30:1.0
ursa.calvin.edu:1.0
charles:1.0
sundheim:1.0
subject:1.0
newbie:1.6931471805599454
yes:1.0
matt:1.6931471805599454
dear:1.0
best:1.6931471805599454
advice:1.0
read:1.0
foe:1.0
days:1.0
source:1.0
info:1.0
kinda:1.0
makes:1.0
glad:1.0
discovered:1.0
r.m:1.0
well:1.0
got:1.0
riding:1.0
could:1.0
possibly:1.0
sounded:1.0
like:1.0
otherwise:1.0
eesh:1.0
btw:1.0
despite:1.0
insults:1.0
destined:1.0
face:1.0
great:1.0
move:1.0
taking:1.0
msf:1.0
course:1.0
save:1.0
butt:1.0
good:1.0
luck:1.0
erc:1.0
dod:1.0
1138:1.0
