vlj:1.6931471805599454
hpfcso.fc.hp.com:1.0
victor:1.0
johnson:1.0
subject:1.0
well:1.6931471805599454
blow:1.0
yuk:2.09861228866811
rec.motorcycles:1.0
rdc8:1.0
cunixf.cc.columbia.edu:1.0
robert:1.0
castro:1.0
writes:1.0
when/how:1.0
decide:1.0
windy:1.0
ride:1.0
bugs:1.0
splatting:1.0
side:1.6931471805599454
helmet:1.0
instead:1.0
faceshield:1.0
semis:1.0
downwind:1.0
ditch:1.0
cant:1.0
see:1.0
road:1.0
tumbleweeds:1.0
rolling:1.0
past:1.0
airborne:1.0
sand/gravel:1.0
sandblasting:1.0
paint:1.0
job:1.0
happening:1.0
middle:1.0
wonderful:1.0
wyldoming:1.0
gusting:1.0
87:1.0
mph:1.0
cheers:1.0
