rbp:1.6931471805599454
netcom.com:1.6931471805599454
bob:1.6931471805599454
pasker:1.6931471805599454
subject:1.0
kinder:1.0
gentler:1.0
bmw:1.0
mailing:1.0
list:2.386294361119891
joe:1.0
im:1.0
sorry:1.0
felt:1.0
pissing:1.0
disparagement:1.0
intended:1.0
would:1.6931471805599454
interested:1.0
know:1.0
said:1.0
made:1.0
feel:1.0
way:1.0
suggesting:1.0
superflous:1.0
serve:1.0
need:1.0
like:1.0
see:1.0
boxer:1.0
contingent:1.0
split:1.0
certainly:1.0
enough:1.0
net:1.0
one:1.0
