bgardner:1.6931471805599454
pebbles.es.com:1.0
blaine:1.6931471805599454
gardner:1.6931471805599454
subject:1.0
back:1.0
breaker:1.0
near:1.0
hit:1.0
article:1.0
735663225snz:1.0
morgan.demon.co.uk:1.6931471805599454
tony:1.0
writes:1.0
let:1.0
brain:1.0
dead:1.0
idiots:1.0
drive:1.0
us:1.0
unlike:1.0
uk:1.0
passing:1.0
average:1.0
driving:1.6931471805599454
test:1.6931471805599454
usually:1.0
requires:1.6931471805599454
pulse:1.0
single:1.0
digit:1.0
iq:1.0
every:1.0
state:1.0
controls:1.0
licensing:1.0
requirements:1.0
possible:1.0
theres:1.0
actually:1.0
skills:1.0
doubt:1.0
evans:1.0
sutherland:1.0
dsd.es.com:1.0
