mbeaving:1.6931471805599454
bnr.ca:1.6931471805599454
beavington:1.6931471805599454
subject:1.0
insurance:1.6931471805599454
lotsa:1.0
points:1.0
article:1.0
13386:1.0
news.duke.edu:1.0
infante:1.6931471805599454
acpub.duke.edu:1.0
andrew:1.0
writes:1.0
well:1.0
looks:1.0
like:1.0
im:1.0
f*cked:1.0
dwi:1.0
91:1.0
beemer:1.0
rec:1.0
vehicle:1.0
itll:1.0
cost:1.0
almost:1.0
1200:1.0
bucks:1.0
insure/year:1.0
go:1.0
bikeless:1.0
drink:1.0
drive:1.0
pay:1.0
smiley:1.0
mike:1.0
opinions:1.0
companies:1.0
