rwf2:1.6931471805599454
ns1.cc.lehigh.edu:1.0
robert:1.0
william:1.0
fusi:1.6931471805599454
subject:1.0
bike:2.09861228866811
advice:1.0
89:1.0
kawasaki:1.0
kx:1.0
80:1.0
mint:1.0
condition:1.0
starts:1.0
first:1.0
kick:1.0
every:1.0
time:1.0
outgrown:1.0
considering:1.0
selling:1.0
told:1.0
ask:1.0
around:1.0
900:1.0
sound:1.0
right:1.0
higher/lower:1.0
also:1.0
looking:1.0
used:1.0
zx-7:1.0
much:1.0
spend:1.0
year:1.0
look:1.0
get:1.0
without:1.0
paying:1.0
arm:1.0
leg:1.0
thanks:1.0
help:1.0
rob:1.0
lehigh.edu:1.0
