dsc3jfs:1.0
nmrdc1.nmrdc.nnmc.navy.mil:1.0
jim:1.0
small:1.0
subject:1.0
story:1.0
article:1.0
1993apr19.223026.10137:1.0
pacesetter.com:1.6931471805599454
lynn:1.6931471805599454
e:1.0
hall:1.0
writes:1.0
got:1.0
back:1.0
11th:1.0
annual:1.0
southern:1.0
california:1.0
harley:1.0
dealers:1.0
association:1.0
run:1.6931471805599454
colorado:1.0
river:1.0
city:1.0
lauglin:1.6931471805599454
nevada:1.0
aka:1.0
went:1.0
say:1.0
much:1.0
trash:1.0
hate:1.0
3b2:1.6931471805599454
bite:1.0
