mjs:1.6931471805599454
sys.uea.ac.uk:1.6931471805599454
mike:1.6931471805599454
sixsmith:1.6931471805599454
subject:1.0
need:1.0
advice:1.0
riding:1.6931471805599454
someone:1.0
pillion:1.6931471805599454
irwin:1.6931471805599454
cmptrc.lonestar.org:1.0
arnstein:1.0
writes:1.6931471805599454
article:1.0
mjs.735489679:1.0
zen.sys.uea.ac.uk:1.0
im:1.0
would:1.0
far:1.0
sooner:1.0
hanging:1.0
bike:1.6931471805599454
rather:1.0
find:1.0
weight:1.0
cause:1.0
move:1.0
upset:1.0
balance:1.0
pillions:1.0
see:1.0
hold:1.0
grabrail:1.0
really:1.0
good:1.0
ones:1.0
dont:1.6931471805599454
hang:1.0
anything:1.0
unless:1.0
violent:1.0
acceleration:1.0
taking:1.0
place:1.0
hmmmmn:1.0
ride:1.0
sweetheart:1.0
dreams:1.0
