ron:2.09861228866811
hpfcso.fc.hp.com:1.0
miller:1.6931471805599454
subject:1.0
motorcycle:1.0
detailing:1.0
tip:1.0
18:1.0
rubbing:1.0
compound:1.0
mean:1.0
meguires:1.0
didnt:1.0
work:1.0
dod:1.6931471805599454
magic:1.0
elixir:1.0
choice:1.0
plastic:1.0
stuff:1.0
693:1.0
