subject:1.0
shaft-drives:1.0
wheelies:1.0
erika:1.0
znext.cts.com:1.0
erik:1.6931471805599454
astrup:1.6931471805599454
xlyx:1.0
vax5.cit.cornell.edu:1.0
writes:1.0
possible:1.0
wheelie:1.0
motorcycle:1.0
shaft-drive:1.0
yes:1.0
afm:1.0
422:1.0
dod:1.0
683:1.0
1993:1.0
cbr:1.6931471805599454
900rr:1.0
1990:2.09861228866811
600:1.0
concours:1.0
ninja:1.0
250:1.0
one:1.0
goes:1.0
eleven:1.0
nigel:1.0
tufnel:1.0
lead:1.0
guitar:1.0
spinal:1.0
tap:1.0
