shz:1.0
mare.att.com:1.0
keeper:1.0
tude:1.0
subject:1.0
riceburner:1.6931471805599454
respect:1.0
article:1.0
c5qqxp.ie1:1.0
cbmvax.cbm.commodore.com:1.6931471805599454
hartzler:1.6931471805599454
jerry:1.0
cats:1.0
writes:1.0
duck:1.0
squids:1.0
dont:1.0
wave:1.0
return:1.0
waves:1.0
ever:1.0
even:1.0
excuse:1.0
ignoramus:1.0
edu-breaths:1.0
brain:1.0
roid:1.0
