nelson:2.386294361119891
seahunt.imat.com:1.6931471805599454
michael:2.09861228866811
subject:1.0
maxima:1.0
chain:1.6931471805599454
wax:1.6931471805599454
article:1.0
1993apr23.163805.9516:1.0
research.nj.nec.com:1.0
behanna:1.6931471805599454
syl.nj.nec.com:1.0
chris:1.0
writes:1.0
spray:1.0
onto:1.0
rollers:1.0
sideplates:1.0
occassionally:1.0
rust:1.0
problem:1.0
regularly:1.0
1993:1.0
cbr900rr:1.0
internet:1.0
dod:1.0
0735:1.0
