cassidy:2.386294361119891
elan.rowan.edu:1.0
kyle:1.6931471805599454
subject:1.0
good:1.0
reasons:1.0
wave:1.0
article:1.0
arturo.735339956:1.0
infmx:1.0
arturo:1.6931471805599454
informix.com:1.0
vega:1.0
writes:1.0
anyone:1.0
else:1.0
ever:1.0
caught:1.0
waving:1.0
oncoming:1.0
motorcycle:1.0
riders:1.0
car:1.0
ha:1.0
im:1.6931471805599454
bike:1.0
broken:1.0
walkin:1.0
really:1.0
way:1.0
rowan.edu:1.0
fire:1.0
guns:1.0
dod:1.0
760:1.0
