nrmendel:1.0
unix.amherst.edu:1.0
nathaniel:1.6931471805599454
mendell:1.0
subject:1.0
bike:1.0
advice:1.0
ummm:1.0
bikes:1.0
kx80:1.0
id:1.0
suggest:1.0
look:1.0
89:1.0
zx-7:1.0
since:1.0
90:1.6931471805599454
horsepower:1.0
whereas:1.0
100:1.0
might:1.0
bit:1.0
much:1.0
sincerely:1.0
zx-10:1.0
dod:1.0
0812:1.0
ama:1.0
