s851708:1.6931471805599454
minyos.xx.rmit.oz.au:1.0
john:1.0
edmond:1.0
auckett:1.0
subject:1.0
dogs:2.09861228866811
vs:1.0
bikes:1.0
chase:1.6931471805599454
anything:1.0
moves:1.0
two:1.0
love:1.0
chasing:1.0
ride:1.0
also:1.6931471805599454
car:1.0
passes:1.0
running:1.0
along:1.0
footpath/sidewalk:1.0
60kph:1.0
dont:1.0
seem:1.0
go:1.0
trucks:1.0
though:1.6931471805599454
size:1.0
difference:1.0
must:1.0
factor:1.0
works:1.0
favour:1.0
exercise:1.0
quite:1.0
easily:1.0
riding:1.0
1/2:1.0
mile:1.0
road:1.0
back:1.0
times:1.0
ja:1.0
minyos.rmit.oz.au:1.0
