howland:2.386294361119891
noc2.arc.nasa.gov:1.0
curt:1.6931471805599454
subject:1.0
looking:1.0
movies:1.6931471805599454
w:1.0
bikes:1.0
knight:1.0
riders:1.0
got:1.0
one:1.0
silliest:1.0
ive:1.0
ever:1.0
seen:1.0
ace:1.0
dod:1.0
0663:1.0
eff:1.0
569:1.0
nsipo.nasa.gov:1.0
82:1.0
v45:1.0
sabre:1.0
meddle:1.0
afairs:1.0
wizards:1.0
makes:1.0
soggy:1.0
hard:1.0
re-light:1.0
