jgoss:1.0
gaia.torolab.ibm.com:1.0
jeff:1.6931471805599454
goss:1.6931471805599454
subject:1.0
wanted:1.0
police:1.0
officers:1.0
answer:1.0
posting:1.0
article:1.0
1993apr21.163118.29571:1.0
iscnvx.lmsc.lockheed.com:1.0
jrlaf:1.0
sgi502.msd.lmsc.lockheed.com:1.0
j:1.0
r:1.0
laferriere:1.0
writes:1.0
stuff:1.0
deleted:1.0
questions:1.0
ask:1.0
typical:1.0
cop:1.0
regards:1.0
pulling:1.0
someone:1.0
minor:2.09861228866811
moving:1.0
violation:1.0
rolling:1.0
stop:1.0
unsignaled:1.0
lane:1.6931471805599454
change:1.6931471805599454
10ish:1.0
mph:1.0
speed:1.0
limit:1.0
etc:1.0
put:1.0
unsignalled:1.0
category:1.0
know:1.0
guys:1.0
