ray:2.386294361119891
unisql.uucp:1.0
shea:1.6931471805599454
subject:1.0
ok:1.0
little:1.0
hasty:1.0
article:1.0
jnmoyne-190493111630:1.0
moustic.lbl.gov:1.0
jnmoyne:1.0
lbl.gov:1.0
jean-noel:1.0
moyne:1.0
writes:1.0
dwi:1.0
stand:1.0
dancing:1.0
idjits:1.0
wound:1.0
like:1.0
effective:1.0
method:1.0
unisql:1.6931471805599454
inc:1.0
leah:1.0
cs.utexas.edu:1.0
days:1.0
miss:1.0
boon:1.0
real:1.0
bad:1.0
dod:1.0
0372:1.0
team:1.0
twinkie:1.0
88:1.0
hawk:1.0
gt:1.0
