bd:1.0
fluent:1.0
dartmouth.edu:1.0
brice:1.0
dowaliby:1.0
subject:1.0
dogs:1.6931471805599454
heathman:1.6931471805599454
ncsa.uiuc.edu:1.0
michael:1.0
writes:1.0
professionals:1.0
train:1.0
guard:1.6931471805599454
polled:1.0
gave:1.0
1:1.0
4:1.0
chance:1.0
survival:1.0
tackling:1.0
trained:1.6931471805599454
dog:1.6931471805599454
unarmed:1.0
trifled:1.0
untrained:1.0
mutt:1.0
may:1.0
another:1.0
story:1.0
course:1.0
theyd:1.0
say:1.0
theyre:1.0
trying:1.0
sell:1.0
services:1.0
