bclarke:1.6931471805599454
galaxy.gov.bc.ca:1.6931471805599454
subject:1.0
opinion:1.0
means:1.0
cmon:1.0
guys:1.0
motorcycles:1.0
booze:1.0
dont:1.0
mix:1.0
nuff:1.0
said:1.0
bruce:1.0
clarke:1.0
b.c:1.0
environment:1.0
e-mail:1.0
