rdc8:1.6931471805599454
cunixf.cc.columbia.edu:1.6931471805599454
robert:1.0
castro:1.6931471805599454
subject:1.0
law:2.09861228866811
order:1.6931471805599454
dod:2.09861228866811
anyone:1.0
catch:1.6931471805599454
tv:1.0
show:1.0
last:1.0
night:1.0
least:1.0
nyc:1.0
enforcement:1.0
people:1.6931471805599454
needed:1.0
member:1.0
department:1.6931471805599454
doom:1.6931471805599454
inflicting:1.0
computer:1.0
virus:1.0
hospitals:1.0
mainframe:1.0
ended:1.0
killing:1.0
two:1.0
wrong:1.0
amounts:1.0
medication:1.0
given:1.0
anyhow:1.0
list:1.0
rob:1.0
email:1.0
live:1.6931471805599454
today:1.6931471805599454
1983:1.0
kz550ltd:1.0
phone:1.0
212:1.0
854-7617:1.0
nyc-1:1.0
new:1.6931471805599454
york:1.6931471805599454
usa:1.0
rc:1.0
tm:1.0
