mjs:1.0
sys.uea.ac.uk:1.0
mike:1.0
sixsmith:1.0
subject:1.0
good:1.0
reasons:1.0
wave:1.0
jlevine:1.0
rd.hydro.on.ca:1.0
angel:1.0
levine:1.0
writes:1.0
anyone:1.0
driving:1.0
cage:1.6931471805599454
ever:1.0
waved:1.0
bikers:1.0
get:1.0
urge:1.0
ive:1.6931471805599454
never:1.0
actually:1.0
done:1.0
driven:1.0
bike:1.6931471805599454
park:1.0
thinking:1.0
riding:1.0
