mjs:1.0
sys.uea.ac.uk:1.0
mike:1.0
sixsmith:1.0
subject:1.0
countersteering:1.0
know:1.6931471805599454
question:1.0
lotto:1.6931471805599454
laura.harvard.edu:1.0
jerry:1.0
writes:1.0
yes:1.0
specifically:1.0
ability:1.6931471805599454
understanding:1.0
technique:1.0
absent:1.0
hurt:1.0
measure:1.0
riders:1.0
swerve:1.0
