jjb:1.6931471805599454
dtc.hp.com:1.6931471805599454
jim:1.6931471805599454
brewer:1.6931471805599454
subject:1.0
daytona:1.0
article:1.0
c5ytzo.569:1.0
news.dtc.hp.com:1.0
writes:1.0
russell:1.0
major:1.0
backmarker:1.6931471805599454
problems:1.0
getting:1.0
onto:1.0
banking:1.0
chuck:1.0
graves:1.0
believe:1.0
