jcn:1.6931471805599454
rice.edu:1.6931471805599454
jeff:1.6931471805599454
nichols:1.6931471805599454
subject:1.0
help:1.0
adjust:1.0
tappits:1.0
article:1.6931471805599454
735486396snz:1.0
morgan.demon.co.uk:1.6931471805599454
tony:1.6931471805599454
kidson:1.0
wrote:1.0
jcn-210493180052:1.0
lactose.rice.edu:1.0
writes:1.0
speaking:1.0
shims:1.0
would:1.0
clearance:1.0
valves:1.0
get:1.0
smaller:1.0
i.e:1.0
need:1.0
use:1.0
thinner:1.0
shim:1.0
valve:1.0
seat:1.0
wear:1.0
okay:1.6931471805599454
forgot:1.0
sheeesh:1.0
rice:1.0
university:1.0
