subject:1.0
zx-11:1.6931471805599454
jetting:1.6931471805599454
manolo:1.6931471805599454
bloqueo:1.0
manuel.arrevola:1.0
recommend:1.0
standard:1.6931471805599454
mufflers:1.0
instead:1.0
one:1.0
idle-38:1.0
main-155:1.0
cheers:1.0
manuel:1.0
arrevola:1.0
velasco:1.0
e-mail:1.0
taf.fundesco.es:1.0
fundescozx-11:1.0
calle:1.0
alcala:1.0
61dr-600-s:1.0
28014-madriddod:1.0
1033:1.0
tel:1.0
341-4351214:1.0
dont:1.0
waste:1.0
time:1.0
express:1.0
