jbourgui:1.6931471805599454
ucs.indiana.edu:1.6931471805599454
opso:1.0
lopso:1.0
subject:1.0
kaw:1.0
kz650:1.0
owners:1.0
tankbag:1.0
stuff:1.0
wondering:1.0
kind:1.0
brand:1.0
name:1.0
etc:1.0
would:1.0
best:1.0
bike:1.0
thanks:1.0
advice:1.0
