ahatcher:1.6931471805599454
athena.cs.uga.edu:2.09861228866811
allan:1.6931471805599454
hatcher:1.6931471805599454
subject:1.0
traffic:1.0
morons:1.0
article:1.6931471805599454
stafford-200493133025:1.0
stafford.winona.msus.edu:1.0
stafford:2.09861228866811
vax2.winona.msus.edu:1.0
john:1.6931471805599454
writes:1.0
c5shd0.lh6:1.0
wrote:1.0
cant:1.0
make:1.0
citizens:2.09861228866811
arrest:2.09861228866811
anything:1.0
felony:1.0
im:1.0
sure:1.0
thats:1.0
true:1.0
let:1.0
rephrase:1.0
file:1.0
complaint:1.0
bring:1.0
person:1.6931471805599454
court:1.0
understand:1.0
physical:1.6931471805599454
detention:1.6931471805599454
think:1.0
found:1.0
difference:1.0
suspect:1.0
report/warrant:1.0
better:1.0
minnesota:1.0
state:1.0
university:1.0
winona:1.0
standard:1.0
disclaimers:1.0
apply:1.0
