subject:1.0
zenos:1.0
countersteering:1.0
paradox:1.0
unveiled:1.0
stafford:2.09861228866811
vax2.winona.msus.edu:1.0
john:1.6931471805599454
article:1.0
1993apr26.002631.1:1.0
acfcluster.nyu.edu:1.6931471805599454
mullignj:1.0
wrote:1.0
therefore:1.0
point:2.09861228866811
time:1.0
even:1.0
though:1.0
front:1.6931471805599454
wheel:1.6931471805599454
turned:1.0
right:1.6931471805599454
must:1.0
going:1.0
straight:1.0
ahead:1.0
go:1.0
turn:1.0
left:1.0
trying:1.0
describe:1.0
transition:1.0
actually:1.0
reverses:1.0
direction:1.0
turns:1.0
backwards:1.0
minnesota:1.0
state:1.0
university:1.0
winona:1.0
standard:1.0
disclaimers:1.0
apply:1.0
