ivan:2.386294361119891
erich.triumf.ca:1.0
reid:1.6931471805599454
subject:1.0
well:1.0
blow:1.0
yuk:2.09861228866811
article:1.0
93113.202310c09615bt:1.0
wuvmd.wustl.edu:1.0
brad:1.0
thone:1.0
c09615bt:1.0
wuvmd:1.0
writes:1.0
havent:1.0
done:1.0
dangerous:1.0
takes:1.0
getting:1.0
used:1.0
read:1.0
eds:1.6931471805599454
list:1.6931471805599454
yep:1.0
45-degrees:1.0
winds:1.0
strong:1.0
ride:1.0
paul:1.0
scherrer:1.0
institute:1.0
ch:1.0
cvax.psi.ch:1.0
gsx600f:1.0
rg250wd.si=2.66:1.0
american:1.0
degrees:1.0
european:1.0
dod:1.0
484:1.0
