rtaraz:1.6931471805599454
bigwpi.wpi.edu:1.0
ramin:1.0
taraz:1.0
subject:1.0
93:1.0
wing:1.0
ding:1.0
wed:1.0
21:1.0
apr:1.0
1993:1.0
22:22:06:1.0
gmt:1.0
franks:2.09861228866811
hercules.cs.uregina.ca:1.0
derek:1.0
said:1.0
first:1.0
post:1.0
dod:2.09861228866811
would:1.0
like:1.0
know:1.0
feel:1.0
free:1.0
ask:1.0
fill:1.0
wpi.wpi.edu:1.0
today:1.0
tank:1.0
1988:1.0
ex500:1.0
good:1.0
day:1.0
go:1.0
ride:1.0
0740:1.0
taurus:1.0
pt-92af:1.0
die:1.0
