gaijin:1.6931471805599454
ale.japan.sun.com:1.0
john:1.6931471805599454
little:1.6931471805599454
nihon:1.0
sun:1.6931471805599454
repair:1.0
depot:1.0
subject:1.0
personal:1.0
problems:1.0
police:1.0
ossifers:1.0
read:1.0
article:1.0
ltgnt9innfpq:1.0
earth.cs.utexas.edu:1.0
mcguire:1.6931471805599454
cs.utexas.edu:1.0
tommy:1.0
marcus:1.0
writes:1.0
cant:1.0
haul:1.0
big:1.0
dic:1.0
around:1.0
bike:1.0
boast:1.0
japan.sun.com:1.0
microsystems:1.0
atsugi:1.0
japan:1.0
