eerik:2.386294361119891
iastate.edu:1.6931471805599454
j:1.6931471805599454
villberg:1.6931471805599454
subject:1.0
octane:2.09861228866811
ethanol:1.0
available:1.0
corn:1.0
country:1.0
rated:1.0
89:1.0
90:1.0
costs:1.0
normal:1.0
87:1.0
p:1.0
people:1.0
e:1.0
eating:1.0
4208:1.0
harris:1.0
street:1.0
tasty:1.0
ames:1.0
ia:1.0
50010:1.0
animals:1.0
