mfox:1.0
nyx.cs.du.edu:1.0
mark:1.6931471805599454
fox:1.6931471805599454
subject:1.0
battery:1.0
storage:1.6931471805599454
charge:1.6931471805599454
store:1.0
dry:1.6931471805599454
quite:1.0
right:1.0
batteries:1.6931471805599454
perfectly:1.6931471805599454
alright:1.0
retain:1.0
drained:1.0
dried:1.0
well:1.0
id:1.0
throw:1.0
electrolyte:1.0
buy:1.0
need:1.0
anyone:1.0
says:1.0
im:1.0
wrong:1.0
remember:1.0
new:1.0
almost:1.0
always:1.0
come:1.0
ready:1.0
charged:1.0
ok:1.0
even:1.0
several:1.0
years:1.0
shop:1.0
