infante:2.09861228866811
acpub.duke.edu:1.0
andrew:1.0
subject:1.0
wanted:1.0
police:1.0
officers:1.0
answer:1.6931471805599454
posting:1.0
really:1.0
expect:1.6931471805599454
cop:1.6931471805599454
honestly:1.0
first:1.0
got:1.6931471805599454
ta:1.0
honest:1.0
thats:1.0
another:1.0
story:1.0
andy:1.0
listen:1.0
everybody:1.0
says:1.0
fact:1.0
remains:1.0
71:1.0
bmw:1.0
r60/5:1.0
youve:1.0
get:1.0
thing:1.0
dod:1.0
2426:1.0
joan:1.0
sutherland:1.0
opinions:1.0
dammit:1.0
nothing:1.0
anyone:1.0
else:1.0
