manes:2.6094379124341005
magpie.linknet.com:1.6931471805599454
steve:1.0
subject:1.0
1988:1.0
bmw:1.0
k75s:1.0
sale:1.0
3500:1.0
miles:1.0
black:1.0
leather:1.0
tank:1.6931471805599454
bra:1.0
bag:1.0
corbin:1.0
seat:1.0
metzler:1.0
b:1.0
tires:1.0
garaged:1.0
pampered:1.0
cant:1.0
afford:1.0
continue:1.0
paying:1.0
nyc:1.0
garage:1.0
fees:1.0
two:1.0
bikes:1.0
one:1.0
em:1.0
go:1.0
best:1.0
offer:1.0
4500:1.0
takes:1.0
stephen:1.0
associates:1.0
new:1.0
york:1.0
ny:1.0
usa:1.0
