nagle:2.09861228866811
netcom.com:1.0
john:1.6931471805599454
subject:1.0
govt:1.0
break-ins:1.0
60:1.0
minutes:1.0
aj336:1.0
cleveland.freenet.edu:1.0
pat:1.0
weber:1.0
writes:1.0
ever:1.0
notice:1.0
people:1.0
cases:1.0
always:1.0
described:1.6931471805599454
clever:1.0
handles:1.0
eccentric:1.0
religious:1.0
wackos:1.0
gun:1.0
nuts:1.0
cultists:1.0
survivalists:1.0
etc:1.0
general:1.0
public:1.0
identify:1.0
san:1.0
jose:1.0
mercury:1.0
news:1.0
61-year:1.0
old:1.0
retired:1.0
chemical:1.0
engineer:1.0
