nagle:2.09861228866811
netcom.com:1.0
john:1.6931471805599454
subject:1.0
waco:1.0
militia:1.0
assembles:1.0
dumb:1.0
move:1.6931471805599454
smart:1.0
would:1.0
sneak:1.0
someone:1.0
tv:1.0
camera:1.0
video:1.0
transmitter:1.0
