george:1.0
guillory:1.0
wk04942:1.0
worldlink.com:1.0
subject:1.0
tx:1.0
senator:2.09861228866811
bob:1.6931471805599454
krueger:2.09861228866811
rtkba:1.6931471805599454
statement:1.0
interested:1.0
finished:1.0
talking:1.0
representative:1.6931471805599454
kruegers:1.0
reelection:1.0
campaign:1.0
position:1.6931471805599454
appointed:1.0
democratic:1.0
governor:1.0
texas:1.0
complete:1.0
lloyd:1.0
bentsens:1.0
unexpired:1.0
term:1.0
said:1.0
would:1.0
comment:1.6931471805599454
specific:1.0
legislation:1.0
pending:1.0
available:1.0
various:1.0
versions:1.0
brady:1.0
bill:1.0
warned:1.0
vote:1.0
accordingly:1.0
