jyoung:1.0
cadence.com:1.0
john:1.6931471805599454
young:1.0
subject:1.0
ffl:1.0
gunsmithing:1.6931471805599454
questions:1.6931471805599454
id:1.0
like:1.0
ask:1.0
first:1.0
would:1.6931471805599454
someone:1.0
able:1.0
get:1.0
dealers:1.0
license:1.0
second:1.0
besides:1.0
dear:1.0
old:1.0
departed:1.0
gramps:1.0
find:1.0
good:1.0
place:1.0
learn:1.0
replies:1.0
appreciated:1.0
