fcrary:1.0
ucsu.colorado.edu:1.0
frank:1.6931471805599454
crary:1.6931471805599454
subject:1.0
gun:2.386294361119891
control:2.386294361119891
mad:1.0
hell:1.0
tv:1.0
news:1.0
article:1.0
c4u3x5.fw7:1.0
magpie.linknet.com:1.6931471805599454
manes:1.6931471805599454
steve:1.0
writes:1.0
dont:1.6931471805599454
know:1.0
anyone:1.6931471805599454
state:1.0
could:1.6931471805599454
effect:2.6094379124341005
homicide:1.0
rates:1.6931471805599454
think:1.0
arguing:1.0
would:2.9459101490553135
net:2.09861228866811
positive:1.0
also:1.0
consider:1.0
negative:1.0
side:1.0
law:1.6931471805599454
abiding:1.0
citizens:1.6931471805599454
armed:2.09861228866811
fireamrs:1.0
pistols:1.0
part:1.0
prevent:1.0
80,000:1.0
national:1.0
crime:1.0
survey:1.0
1,000,000:1.0
dr:1.0
kleck:1.0
crimes:1.6931471805599454
year:2.386294361119891
extremes:1.0
studies:1.0
find:1.0
number:1.0
500,000:1.0
600,000:1.0
1:1.0
homicides:2.386294361119891
private:1.0
ownership:1.6931471805599454
firearms:1.0
saves:1.0
approximately:1.0
5,000:1.0
lives:1.0
roughly:1.0
12,000:1.0
criminal:1.0
fatal:1.0
accidents:1.6931471805599454
involving:1.0
guns:2.386294361119891
benefit:1.6931471805599454
show:1.0
measures:1.0
disarm:1.0
40:1.0
criminals:2.09861228866811
currently:1.0
using:1.0
hard:1.0
according:1.0
federal:1.0
batf:1.0
8:1.0
buy:1.0
counter:1.0
since:2.09861228866811
laws:1.6931471805599454
nature:1.0
legal:1.0
sales:1.0
remove:1.0
benefits:1.0
law-abiding:1.0
minimal:1.0
large:1.0
get:1.0
illegally:1.0
doesnt:1.0
sound:1.0
like:2.09861228866811
250:1.6931471805599454
accidental:2.09861228866811
handgun:2.09861228866811
america:1.0
1990:1.0
licensed:1.6931471805599454
weapons:1.6931471805599454
assume:1.6931471805599454
supporting:1.6931471805599454
reasonable:1.0
i.e:1.0
waiting:1.0
periods:1.0
background:1.0
checks:1.0
licenses:1.0
etc:1.0
complete:1.0
ban:1.6931471805599454
alter:1.0
statistic:1.0
refer:1.0
thats:1.0
way:1.0
1135:1.0
people:1.6931471805599454
dies:1.0
1986:1.0
falling:1.0
stairs:1.0
deaths:1.6931471805599454
isnt:1.6931471805599454
significant:1.0
next:1.0
household:1.6931471805599454
american:1.0
children:2.386294361119891
accidentally:1.0
shot:1.0
last:1.0
15:1.0
great:1.0
britain:1.0
1080:1.0
age:1.0
10:1.0
died:1.0
drowning:1.0
69:1.0
drinking:1.0
poisonous:1.0
chemicals:1.0
drano:1.0
139:1.0
falls:1.0
real:1.0
goal:1.0
reduce:1.0
tragic:1.0
wouldnt:1.0
drain:1.0
cleaners:1.0
better:1.0
palce:1.0
start:1.0
perhaps:1.0
restricting:1.0
professionals:1.0
plumbers:1.0
please:1.0
dictionary:1.0
arguments:1.0
vs:1.0
total:1.0
numbers:1.6931471805599454
okay:1.0
theyre:1.0
offered:1.0
emphasis:1.6931471805599454
comparison:1.6931471805599454
might:1.0
call:1.6931471805599454
refering:1.0
completely:1.0
two:1.0
statistics:1.0
sentence:1.0
implies:1.0
valid:1.0
put:1.0
together:1.0
convince:1.0
right:1.0
kindest:1.0
thing:1.0
propaganda:1.0
cu:1.0
boulder:1.0
