manes:2.9459101490553135
magpie.linknet.com:2.09861228866811
steve:1.6931471805599454
subject:1.0
gun:1.0
control:1.0
mad:1.0
hell:1.0
tv:1.0
news:1.0
j:1.0
spencer:1.0
j.m.spencer:1.0
newcastle.ac.uk:1.0
wrote:1.6931471805599454
writes:1.0
jim:1.0
de:1.0
arras:1.0
jmd:1.0
cube.handheld.com:1.0
last:1.0
year:1.6931471805599454
us:2.09861228866811
suffered:1.6931471805599454
almost:1.0
10,000:1.6931471805599454
wrongful:1.0
accidental:1.0
deaths:2.09861228866811
handguns:1.0
alone:1.0
fbi:1.0
statistics:1.6931471805599454
uk:2.09861228866811
35:1.6931471805599454
scotland:1.0
yard:1.0
population:1.6931471805599454
1/5:1.0
5:1.0
weighted:1.0
57x:1.6931471805599454
many:2.09861228866811
handgun-related:1.0
brits:1.0
dont:1.0
make:1.0
murdering:1.0
people:2.09861228866811
baseball:1.0
bats:1.0
snip:1.0
examine:1.0
figures:1.0
stabbing:1.0
favourite:1.0
closely:1.0
followed:1.0
striking:1.0
punching:1.0
kicking:1.0
burnt:1.0
death:2.09861228866811
britain:1.6931471805599454
shot:1.6931471805599454
take:1.0
look:1.0
youll:1.0
see:1.0
means:1.0
great:1.0
stephen:1.0
associates:1.0
new:1.0
york:1.0
ny:1.0
usa:1.0
