subject:1.0
thanks:1.0
poster:1.0
ny:1.6931471805599454
times:1.6931471805599454
article:1.6931471805599454
atf:1.0
texas:1.0
kim39:1.0
scws8.harvard.edu:1.0
john:1.0
kim:1.6931471805599454
good:1.0
job:1.0
whoever:1.0
posted:1.0
id:1.0
saving:1.0
nytimes:1.0
edition:1.0
planning:1.0
ytpe:1.0
dont:1.0
people:1.0
worried:1.0
whether:1.0
media:1.0
would:1.0
even:1.0
question:1.0
raid:1.0
owe:1.0
despite:1.0
rabidly:1.0
anti-gun:1.0
editorials:1.0
willing:1.0
talk:1.0
4:1.0
batf:1.0
agents:1.0
case:1.0
