subject:1.0
washington:2.09861228866811
state:1.6931471805599454
kim39:1.0
scws8.harvard.edu:1.0
john:1.0
kim:1.6931471805599454
article:1.6931471805599454
1993mar30.191157.8338:1.0
synapse.bms.com:1.0
hambidge:1.0
bms.com:1.0
writes:1.6931471805599454
93088.191742u23590:1.0
uicvm.uic.edu:1.6931471805599454
u23590:1.0
ccw:1.6931471805599454
acronym:1.0
concealed:1.6931471805599454
carrying:1.0
weapon:1.0
basically:1.0
permit:1.0
carry:1.0
pistol:1.0
revolver:1.0
phoned:1.0
licensing:1.0
division:1.0
ask:1.0
application:1.0
instead:1.0
promptly:1.0
sent:1.6931471805599454
applicationfor:1.0
becoming:1.0
firearms:1.6931471805599454
dealer:1.0
even:1.0
safety:1.0
pamphlet:1.0
case:1.0
