pa146008:1.6931471805599454
utkvm1.utk.edu:2.09861228866811
david:1.6931471805599454
veal:2.09861228866811
subject:1.0
gun:1.0
control:1.0
mad:1.0
hell:1.0
tv:1.0
news:1.0
article:1.6931471805599454
c4tm1h.ecf:1.0
magpie.linknet.com:2.386294361119891
manes:2.386294361119891
steve:1.6931471805599454
writes:1.6931471805599454
hambidge:1.0
bms.com:1.0
wrote:1.0
c4psog.c6:1.0
rate:2.9459101490553135
per:1.0
capita:1.0
uk:2.791759469228055
dangerous:1.0
though:1.0
may:1.0
less:2.09861228866811
likely:2.791759469228055
killed:2.6094379124341005
handgun:2.6094379124341005
average:1.6931471805599454
individual:1.0
citizen:1.0
twice:1.0
whatever:1.0
means:1.6931471805599454
swiss:2.09861228866811
would:2.09861228866811
feel:1.0
better:1.0
wouldnt:1.0
absurd:1.0
argument:1.0
switzerland:2.09861228866811
one-fifth:1.0
size:1.0
one-eigth:1.0
many:1.0
people:1.0
therefore:1.6931471805599454
given:1.0
point:1.6931471805599454
soil:1.0
crow:1.0
bait:1.0
importantly:1.0
4x:1.0
next:1.0
stranger:1.0
approaching:1.0
street:1.0
betraying:1.0
lack:1.0
understanding:1.0
versus:1.0
total:2.386294361119891
number:1.6931471805599454
rates:1.6931471805599454
expressed:1.0
often:1.0
100,000:1.6931471805599454
population:2.09861228866811
place:1.6931471805599454
10:1.0
deaths:1.6931471805599454
10/100,000:1.0
50:1.0
1,000,000:1.0
hav:1.0
5/100,000:1.0
former:1.0
higher:1.6931471805599454
latter:1.6931471805599454
die:1.0
simple:1.0
enuff:1.0
chrissakes:1.0
take:1.0
calculator:1.0
work:1.0
numbers:1.0
ive:1.0
preformatted:1.0
make:1.0
easier:1.0
homicides/population:1.0
24:1.0
6,350,000:1.0
8:1.0
55,670,000:1.0
tell:1.0
safer:2.09861228866811
liberal:1.0
law:1.0
without:1.0
choice:1.0
want:1.0
talk:1.0
get:1.0
youd:1.0
includes:1.0
things:1.0
simply:1.0
handguns:1.0
cant:1.0
conclude:1.0
ignoring:1.0
somebodys:1.0
got:1.0
homicide:1.0
univ:1.0
tenn:1.0
div:1.0
cont:1.0
education:1.0
info:1.0
services:1.0
group:1.0
mail:1.0
bounce:1.0
taxes:1.0
levied:1.0
benefit:1.0
taxed:1.0
lazarus:1.0
long:1.0
