hambidge:1.0
bms.com:1.0
subject:1.0
believe:2.386294361119891
gun:2.791759469228055
control:2.6094379124341005
article:1.0
c4vg3f.kx3:1.0
apollo.hp.com:1.6931471805599454
nelson_p:1.0
peter:1.6931471805599454
nelson:1.0
writes:1.6931471805599454
cj195:1.0
cleveland.freenet.edu:1.0
john:1.0
w:1.0
redelfs:1.0
assuming:1.0
mean:1.0
always:1.0
able:1.0
hit:1.0
target:1.0
clint:1.0
eastwood:1.0
line:1.0
pink:1.0
cadillac:1.0
theres:1.0
around:1.0
wan:1.0
na:1.0
one:1.0
controlling:1.0
al:1.0
standard:1.0
disclaimer:1.0
