subject:1.0
non-lethal:2.09861228866811
alternatives:1.0
handguns:1.0
steiner:2.09861228866811
jupiter.cse.utoledo.edu:1.6931471805599454
jason:1.6931471805599454
think:1.0
douglas:1.0
craig:1.0
holland:1.6931471805599454
cs.colostate.edu:1.0
writes:1.0
lostsa:1.0
crap:1.0
deleted:1.0
trim:1.0
articles:1.0
guns:1.0
bullets:1.6931471805599454
like:1.0
rubber:1.0
plastic:1.0
would:1.0
work:1.0
well:2.09861228866811
stopping:1.0
attack:1.0
last:1.0
heard:1.0
bit:1.0
misnomer:1.0
things:1.0
democrat:1.0
give:1.6931471805599454
us:1.6931471805599454
money:2.09861228866811
solve:1.6931471805599454
problems:2.09861228866811
republican:1.0
ignore:1.0
libertarian:1.0
keep:1.0
