0005111312:1.0
mcimail.com:1.6931471805599454
peter:1.6931471805599454
nesbitt:1.6931471805599454
subject:1.0
newspapers:2.6094379124341005
censoring:1.0
gun:3.302585092994046
advertisements:1.0
recently:1.0
looking:1.0
around:1.0
traders:2.386294361119891
sporting:2.09861228866811
goods:1.0
store:1.6931471805599454
well:1.0
stocked:1.0
firearms:2.6094379124341005
discovered:1.0
printed:1.0
document:1.6931471805599454
distributed:1.0
good:1.6931471805599454
folks:1.0
work:1.0
btw:1.0
located:1.0
san:2.386294361119891
leandro:2.386294361119891
ca:3.4849066497880004
granted:1.0
may:1.0
asking:1.0
help:2.09861228866811
big:1.6931471805599454
scope:1.0
things:1.0
feel:1.6931471805599454
would:1.0
owners:1.0
favor:1.0
helping:1.0
cause:1.6931471805599454
anyway:1.0
newspaper:1.0
ad:1.0
censorship:2.09861228866811
letting:1.0
tell:1.0
live:1.0
life:1.0
whats:1.6931471805599454
exercise:1.0
blatant:1.0
read:1.0
advertisments:1.0
decided:1.0
censor:1.6931471805599454
ads:2.791759469228055
longer:1.0
see:1.0
run:2.386294361119891
many:1.6931471805599454
years:1.0
law-abiding:1.0
honest:1.0
citizens:1.0
use:2.09861228866811
self-protection:1.0
certainly:1.0
right:1.6931471805599454
second:1.0
amendment:1.0
bear:1.0
arms:1.0
tired:1.0
sex:1.0
liquor:1.0
galor:1.0
yet:1.0
refuse:1.0
legitimate:1.0
please:1.0
send:1.6931471805599454
letter:1.0
editors:1.0
indicating:1.0
displeasure:1.0
doctrine:1.0
following:1.0
list:1.0
bay:1.6931471805599454
area:1.0
perhaps:1.0
youd:1.0
like:1.6931471805599454
thoughts:1.0
issue:1.0
oakland:2.09861228866811
tribunedaily:1.0
reviewalameda:1.0
times-star:1.0
pob:1.6931471805599454
28883pob:1.0
50501516:1.0
oak:1.0
st:1.6931471805599454
94604hayward,94540alameda:1.0
94501:1.0
argustri:1.0
valley:1.0
heraldsan:1.0
times:1.0
3850:1.0
decoto:1.0
rd.pob:1.0
10367161:1.0
w:1.6931471805599454
juana:1.0
ave:1.0
fremont:1.0
94555pleasanton:1.0
94588san:1.0
94577:1.0
contra:1.0
costa:1.0
timessan:1.6931471805599454
mateo:1.6931471805599454
francisco:1.6931471805599454
chronicle:1.0
5088pob:1.0
5400901:1.0
mission:1.0
walnut:1.0
creek:1.0
94596san:1.0
94402san:1.0
94103:1.0
fran:2.386294361119891
independentsan:1.0
examinersan:1.0
jose:1.6931471805599454
mercury:1.0
news:1.0
1201:1.0
evans:1.0
ave110:1.0
5th:1.0
st.750:1.0
ridder:1.0
park:1.0
dr:1.0
94124san:1.0
94103san:1.0
95190:1.0
six:1.6931471805599454
pages:1.6931471805599454
facts:1.6931471805599454
validate:1.0
sources:1.0
sound:1.0
true:1.0
topic:1.0
headlines:1.0
media:1.6931471805599454
snow:1.0
job:1.0
blaming:1.6931471805599454
murder:1.0
hospitals:1.6931471805599454
death:1.6931471805599454
could:1.0
nazi:2.09861228866811
journalistic:1.0
technique:1.0
cbs:1.6931471805599454
abc:1.6931471805599454
prove:1.0
nbc:1.0
scammed:1.0
american:2.09861228866811
people:1.0
control:1.0
tv:2.09861228866811
journalism:1.6931471805599454
based:1.6931471805599454
journalists:1.0
lie:1.0
government:1.6931471805599454
networks:1.0
succeeded:1.0
playing:1.0
one:1.0
group:1.0
laws:2.09861228866811
unconstitutional:1.0
trying:2.09861228866811
devide:1.0
conquer:1.0
cia:1.0
wants:1.0
put:1.0
dealers:1.0
business:1.0
limit:1.0
exposure:1.0
potential:1.0
customers:1.6931471805599454
preventing:1.0
reading:1.0
sales:1.0
ammunition:1.0
hunting:1.0
recreational:1.0
let:1.0
know:1.0
write:1.0
bozos:1.0
air:1.0
traffic:1.0
controller:1.0
pnesbitt:1.0
tracon:1.0
cbr600f2:1.0
pilot:1.0
nra:1.0
member:1.0
ccx1380f:1.0
41:1.0
magnum:1.0
carrier:1.0
