cdt:2.09861228866811
sw.stratus.com:1.0
c:1.0
tavares:1.0
subject:1.0
scoop:1.0
waco:1.6931471805599454
road:1.0
please:1.0
lite:1.0
posting:1.0
day:1.0
rec.humor.funny:1.0
article:1.0
s539.2adf:1.0
looking.on.ca:1.0
bellas:1.6931471805599454
tti.com:1.0
pete:1.0
writes:1.0
new:1.0
ice:1.0
cream:1.0
flavor:1.0
inspired:1.0
incident:1.0
called:1.0
mount:1.0
caramel:1.0
full:1.0
nuts:1.0
cant:1.0
get:1.0
carton:1.0
rocket.sw.stratus.com:1.0
believe:1.0
speak:1.0
company:1.0
vos.stratus.com:1.0
write:1.0
today:1.0
special:1.0
investors:1.0
packet:1.0
