nagle:2.09861228866811
netcom.com:1.0
john:1.6931471805599454
subject:1.0
fyi:1.0
batf:1.0
reply:1.0
waco:1.6931471805599454
san:1.0
francisco:1.0
examiner:1.0
reports:1.0
clinton:1.0
issued:1.0
instructions:1.0
federal:1.0
law:1.0
enforcement:1.0
may:1.0
kill:1.0
injure:1.0
anyone:1.0
resolve:1.0
situation:1.0
theyve:1.0
built:1.0
fence:1.6931471805599454
around:1.0
compound:1.0
seriously:1.0
considering:1.0
building:1.0
prison-camp:1.0
levels:1.0
pulling:1.0
manpower:1.0
waiting:1.0
however:1.0
many:1.0
months:1.0
takes:1.0
