tnyurkiw:1.0
descartes.uwaterloo.ca:1.0
tn:1.0
subject:1.6931471805599454
definition:1.0
2nd:1.6931471805599454
debate:1.0
second:1.0
amendment:1.6931471805599454
rages:1.0
arguments:1.0
continue:1.0
well-regulated:1.0
militia:1.0
trkba:1.0
means:1.0
practical:1.0
terms:1.0
however:1.0
authority:1.0
area:1.6931471805599454
binding:1.0
court:2.09861228866811
decision:2.09861228866811
matter:1.0
even:1.0
overturning:1.0
higher:1.0
anyone:1.0
facts:1.0
legal:1.0
precedent:1.0
preferably:1.0
supreme:1.0
specific:1.0
meaning:1.0
