pspod:1.6931471805599454
hooch.lerc.nasa.gov:1.6931471805599454
steve:1.6931471805599454
podleski:1.6931471805599454
subject:1.0
friends:1.0
like:1.0
l:1.0
neil:1.0
smith:1.0
papresco:1.0
undergrad.math.uwaterloo.ca:1.0
paul:1.0
prescod:1.0
writes:1.0
guns:1.0
get:1.0
far:1.6931471805599454
fewer:1.0
less:1.0
people:1.0
die:1.0
statistical:1.0
evidence:1.0
back:1.0
claim:1.0
requires:1.0
another:1.0
limitation:1.0
citizenry:1.0
freedom:1.0
phone:1.0
216-433-4000:1.0
nasa:1.0
lewis:1.0
research:1.0
center:1.0
cleveland:1.0
ohio:1.0
44135:1.0
email:1.0
