pyron:2.386294361119891
skndiv.dseg.ti.com:1.6931471805599454
dillon:1.6931471805599454
subject:1.0
high:1.6931471805599454
power:1.6931471805599454
assault:1.6931471805599454
guns:1.6931471805599454
gun:1.0
must:1.0
talking:1.0
155mm:1.0
howitzer:1.0
want:1.0
try:1.0
16:1.0
incher:1.0
one:1.0
german:1.0
railway:1.0
opinions:1.0
expressed:1.0
ti/dseg:1.0
lewisville:1.0
vax:1.0
support:1.0
sender:1.0
unless:1.0
otherwise:1.0
stated:1.0
214:1.6931471805599454
462-3556:1.0
im:1.6931471805599454
492-4656:1.0
home:1.0
texans:1.0
vote:1.0
robin:1.0
hood:1.0
need:1.0
solutions:1.0
gestures:1.0
padi:1.0
dm-54909:1.0
