meyers:1.6931471805599454
leonardo.rtp.dg.com:1.0
bill:2.09861228866811
subject:1.0
hr:2.6094379124341005
1276:2.791759469228055
gun:2.386294361119891
law:2.09861228866811
live:1.0
103d:1.0
congress:1.6931471805599454
1st:1.0
session:1.0
h:1.0
r:1.0
establish:1.6931471805599454
right:3.1972245773362196
obtain:2.386294361119891
firearms:2.9459101490553135
security:2.386294361119891
use:2.386294361119891
defense:2.386294361119891
self:2.386294361119891
family:2.6094379124341005
home:2.386294361119891
provide:1.6931471805599454
enforcement:2.386294361119891
house:2.09861228866811
representatives:1.0
march:1.0
10:1.6931471805599454
1993:1.6931471805599454
mr:1.0
bartlett:2.09861228866811
introduced:1.0
following:1.0
referred:1.0
committee:1.0
judiciary:1.0
enacted:1.0
senate:1.0
representa:1.0
tives:1.0
united:2.386294361119891
states:2.386294361119891
america:2.09861228866811
assembled:1.0
section:2.6094379124341005
1:2.791759469228055
short:1.0
title:2.09861228866811
act:1.6931471805599454
may:2.386294361119891
cited:1.0
citizens:1.0
self-defense:1.0
sec:1.0
2:2.791759469228055
establishment:1.0
person:2.09861228866811
pro:1.0
hibited:1.0
federal:1.6931471805599454
receiving:1.0
firearm:2.09861228866811
shall:1.0
fire:1.0
arms:1.0
b:1.0
defined:2.386294361119891
used:1.0
subsection:2.09861228866811
term:1.0
means:1.0
shotgun:1.0
921:1.6931471805599454
5:1.6931471805599454
18:1.0
code:1.0
rifle:1.0
7:1.0
3:1.6931471805599454
handgun:1.0
public:1.0
99-408:1.0
c:2.09861228866811
general:1.0
whose:1.0
violated:1.0
manner:1.0
bring:1.0
action:2.09861228866811
district:1.0
court:2.386294361119891
state:1.6931471805599454
damages:1.0
injunctive:1.0
relief:1.6931471805599454
deems:1.0
appropriate:1.0
authority:1.0
award:1.0
reasonable:1.6931471805599454
torneys:1.0
fee:2.09861228866811
brought:1.6931471805599454
para:1.0
graph:1.0
discretion:1.0
allow:1.0
prevailing:1.0
party:1.0
attorneys:1.6931471805599454
part:1.0
costs:1.0
statute:1.0
limitations:1.0
5-year:1.0
period:1.0
begins:1.0
date:1.0
violation:1.0
described:1.0
therein:1.0
discovered:1.0
end:1.0
well:1.0
sounds:1.0
good:1.0
key:1.0
effectively:1.0
open:1.0
system:1.0
folks:1.0
cant:1.0
afford:1.0
adopt:1.0
attorney:1.0
fight:1.0
city:1.0
hall:1.0
whove:1.0
saying:1.0
hey:1.0
isnt:1.6931471805599454
illegal:1.0
could:1.0
go:1.0
hire:1.0
pay-if-you-win:1.0
contingency:1.0
basis:1.0
sue:1.0
bums:1.0
write:1.6931471805599454
representative:2.6094379124341005
ask:1.0
co-sponsor:1.6931471805599454
roscoe:1.6931471805599454
sponsor:1.0
312:1.0
cannon:1.0
office:1.0
building:1.0
washington:1.0
d.c:1.0
20515:1.0
tell:1.6931471805599454
youve:1.0
asked:1.0
join:1.0
contact:1.0
owners:1.6931471805599454
8001:1.0
forbes:1.0
place:1.0
springfield:1.0
virginia:1.0
22151:1.0
committed:1.0
lobby:1.0
behalf:1.0
4:1.0
us:1.0
realjob:1.0
tm:1.0
find:1.0
reach:1.0
bartletts:1.0
campaign:1.0
fund:1.0
im:1.0
working:1.0
toss:1.0
bucks:1.0
bet:1.0
bippy:1.0
hes:1.0
going:1.0
one:1.0
hci:1.0
targets:1.0
next:1.0
election:1.0
far:1.0
away:1.0
1994:1.0
friends:1.0
club:1.0
etc:1.0
enjoy:1.0
