sylvain:2.791759469228055
netcom.com:2.09861228866811
nicholas:2.09861228866811
subject:1.0
proper:1.6931471805599454
gun:2.09861228866811
control:1.6931471805599454
like:1.0
american:1.0
express:1.0
card:1.0
article:1.0
dlb.93apr15130411:1.0
fanny.wash.inmet.com:1.6931471805599454
dlb:1.0
david:1.0
barton:1.0
writes:1.0
worth:1.0
firearms:1.6931471805599454
sort:1.0
long-time:1.6931471805599454
readers:1.0
group:1.0
know:1.0
dedicated:1.0
rkba:1.6931471805599454
reader:1.0
t.p.g:1.0
also:1.0
staunch:1.0
supporter:1.0
yet:1.0
toys:1.0
freedom:1.0
amen:1.0
brother:1.0
nra:1.6931471805599454
