bbs.billand:1.6931471805599454
tsoft.net:1.6931471805599454
bill:2.09861228866811
anderson:1.6931471805599454
subject:1.0
handgun:1.0
restrictions:1.6931471805599454
would:1.0
like:1.0
know:1.0
purchasing:1.0
handguns:1.0
ie:1.0
waiting:1.0
periods:1.0
background:1.0
check:1.0
etc:1.0
states:1.0
nevada:1.0
oregon:1.0
thanks:1.0
