cathy:2.09861228866811
lance.colostate.edu:1.0
smith:2.386294361119891
subject:1.0
upi:1.0
news:1.0
release:1.0
posting:1.0
l:1.6931471805599454
neil:1.6931471805599454
dear:1.0
bill:1.0
good:1.0
made:1.0
whole:1.0
day:1.0
post:1.0
thanks:1.0
lot:1.0
opinions:1.0
course:1.0
