joan:1.6931471805599454
koala.berkeley.edu:1.0
subject:1.0
newspapers:1.0
censoring:1.0
gun:2.09861228866811
advertisements:1.0
dont:1.0
know:1.0
traders:2.791759469228055
claiming:1.0
appears:1.0
oakland:1.6931471805599454
tribune:1.0
censored:1.0
ads:2.09861228866811
past:1.6931471805599454
likewise:1.0
san:1.6931471805599454
francisco:1.6931471805599454
chronicle:1.0
never:1.0
seen:1.0
ad:2.791759469228055
examiner:1.6931471805599454
specifically:1.0
year:1.6931471805599454
ago:1.6931471805599454
thursdays:1.0
placed:1.0
chron:1.6931471805599454
would:2.09861228866811
graphics:1.6931471805599454
representing:1.6931471805599454
handgun:2.09861228866811
sale:1.0
though:1.0
text:1.0
could:1.0
list:1.0
trib:2.386294361119891
run:1.0
graphic:1.6931471805599454
politicians:1.0
made:1.0
lot:1.0
noise:1.0
measures:1.0
fight:1.0
crime:1.0
stopped:1.6931471805599454
taking:1.0
started:1.6931471805599454
publishing:1.0
without:1.0
since:1.0
sold:1.0
months:1.0
one:1.0
non-ad:1.0
interludes:1.0
employee:1.0
told:1.0
refused:1.0
take:1.0
yes:1.0
usual:1.6931471805599454
thursday:1.0
today:1.0
rifles:1.0
safes:1.0
etc:1.0
v:1.0
