lvc:1.0
cbnews.cb.att.com:1.0
larry:1.6931471805599454
cipriani:1.6931471805599454
subject:1.0
crimestrike:1.0
alert:1.0
texas:3.1972245773362196
fellow:1.0
texans:1.0
members:1.0
crime:2.09861228866811
strike:2.09861228866811
loosely:1.0
knit:1.0
coalition:1.6931471805599454
victims:2.09861228866811
rights:1.0
groups:1.0
ask:1.0
write:1.0
letter:2.791759469228055
protesting:1.6931471805599454
release:1.6931471805599454
following:1.0
murderer:1.0
written:1.6931471805599454
raven:1.6931471805599454
kazen:1.6931471805599454
services:1.6931471805599454
board:1.6931471805599454
pardons:1.6931471805599454
paroles:1.6931471805599454
p.o:1.6931471805599454
box:1.6931471805599454
13401:1.6931471805599454
capital:1.6931471805599454
station:1.6931471805599454
austin:1.6931471805599454
78711:1.6931471805599454
possible:1.0
red:1.0
paper:1.0
agreed:1.0
one:2.09861228866811
first:1.0
meetings:1.0
represents:1.0
parts:1.0
well:1.0
heart:1.0
ache:1.0
left:1.0
behind:1.0
blood:1.0
spilled:1.0
criminals:1.6931471805599454
name:1.0
filed:1.0
folder:1.0
criminal:1.0
waiting:1.0
next:1.6931471805599454
try:1.0
parole:2.386294361119891
list:1.0
today:1.0
protest:2.09861228866811
october:1.0
4:1.6931471805599454
1990:1.0
mark:3.0794415416798357
steven:2.791759469228055
hughes:2.791759469228055
rendered:1.0
numerous:1.0
blows:1.0
head:1.0
james:2.09861228866811
allen:1.0
pompa:2.09861228866811
ten:1.0
month:1.0
old:1.0
went:1.0
coma:1.0
died:1.0
two:1.0
days:1.0
later:1.0
july:1.0
8:1.0
1992:1.6931471805599454
pled:1.0
guilty:1.0
injury:1.0
child:1.0
received:1.0
ten-year:1.0
sentence:2.09861228866811
according:1.0
law:1.0
became:1.0
eligible:1.0
january:1.0
six:1.0
months:1.0
even:1.0
sentenced:1.0
would:1.0
join:1.0
us:1.0
strongly:1.0
prison:1.6931471805599454
beat:1.6931471805599454
baby:1.6931471805599454
death:1.6931471805599454
boy:1.0
russel:1.6931471805599454
reference:1.0
tdc:1.6931471805599454
633546:1.6931471805599454
envelope:1.0
front:1.0
back:1.0
typical:1.0
indicated:1.0
page:1.0
thank:1.0
much:1.0
irvin:1.6931471805599454
wilson:1.6931471805599454
volunteer:1.0
date:1.0
april:1.0
13:1.0
1993:1.0
murdered:1.0
son:1.0
kept:1.0
full:1.6931471805599454
released:1.0
time:1.0
prior:1.0
reason:1.0
houston:1.0
l.v.cipriani:1.0
att.com:1.0
