u23590:1.0
uicvm.uic.edu:1.0
subject:1.0
gritz/jbs/liberty:1.0
lobby/larouche/christic:1.0
insitute/libertarian:1.0
note:1.0
bo:1.0
gritz:1.6931471805599454
populist:1.0
party:1.0
ticket:1.6931471805599454
david:1.0
duke:2.09861228866811
veep:1.0
1988:1.0
found:1.0
leading:1.0
withdrew:1.0
candidacy:1.0
gave:1.0
chance:1.0
vice:1.0
president:1.0
us:1.0
aviod:1.0
supporting:1.0
