halat:2.09861228866811
pooh.bears:1.0
jim:1.6931471805599454
subject:1.0
silly:1.0
outdated:1.0
bill:1.0
koresh:1.0
miranda:1.0
article:1.0
1993apr14.165633.2170:1.0
cbnews.cb.att.com:1.6931471805599454
lvc:1.0
larry:1.0
cipriani:1.0
writes:1.0
move:1.6931471805599454
incident:1.6931471805599454
wasnt:1.0
mayor:2.09861228866811
philadelphia:1.0
time:1.0
black:1.6931471805599454
first:1.0
bomb:1.6931471805599454
several:1.0
members:1.0
killed:1.0
gunfire:1.0
circa:1.0
1978:1.0
white:1.0
frank:1.0
rizzo:1.0
second:1.0
included:1.0
wilson:1.0
goode:1.0
indeed:1.0
