tomgift:1.6931471805599454
uxa.cso.uiuc.edu:1.6931471805599454
tom:1.6931471805599454
gift:1.6931471805599454
subject:1.0
batf/fbi:1.0
revenge:1.0
pat:1.6931471805599454
rwing.uucp:1.0
myrto:1.0
writes:1.0
well:1.0
maybe:1.0
overreacting:1.0
probably:1.0
best:1.0
part:1.0
post:1.0
everything:1.0
else:1.0
shrill:1.0
speculation:1.0
