kevin:2.09861228866811
axon.usa:1.0
vanhorn:1.6931471805599454
subject:1.0
batf/fbi:1.0
murders:1.0
almost:1.0
everyone:1.0
waco:1.0
today:1.0
4/19:1.0
article:1.0
c5rpoj.ijv:1.0
news.udel.edu:1.0
roby:1.6931471805599454
chopin.udel.edu:1.0
scott:1.0
w:1.0
writes:1.0
two:1.6931471805599454
nine:1.6931471805599454
escaped:1.6931471805599454
compound:1.0
said:1.6931471805599454
fire:1.6931471805599454
deliberately:1.6931471805599454
set:1.6931471805599454
cult:1.6931471805599454
members:1.6931471805599454
correction:1.0
fbi:1.0
says:1.0
since:1.0
press:1.0
kept:1.0
miles:1.0
away:1.0
absolutely:1.0
independent:1.0
verification:1.0
governments:1.0
claims:1.0
matter:1.0
van:1.0
horn:1.0
religion:1.0
batf-approved:1.0
bert.cs.byu.edu:1.0
