bjones:1.0
convex.com:1.0
brad:1.6931471805599454
jones:1.0
subject:1.0
letter:1.0
president:1.0
kdw:1.0
icd.ab.com:1.0
kenneth:1.0
whitehead:1.0
writes:1.0
dismissal:1.0
resignation:1.0
lloyd:1.0
bensen:1.6931471805599454
secretary:1.0
treasury:1.0
case:1.0
havent:1.0
sent:1.0
yet:1.0
bentsen:1.0
