croaker:1.0
highlite.uucp:1.0
francis:1.0
ney:1.6931471805599454
subject:1.0
cnn:1.6931471805599454
sale:1.0
add:1.0
voice:1.0
hopefully:1.0
growing:1.0
multitudes:1.0
hereby:1.0
pledge:1.0
1000.00:1.0
towards:1.0
purchase:1.0
conditions:1.0
already:1.0
described:1.0
also:1.0
post:1.0
idea:1.0
nets:1.0
access:1.0
rime:1.0
libernet:1.0
may:1.0
organize:1.0
looking:1.0
help:1.0
frank:1.0
n4zhg:1.0
emt-a:1.0
lpva:1.0
nra:1.0
ila:1.0
goa:1.0
ccrtkba:1.0
m-o-u-s-e:1.0
