brians:2.09861228866811
atlastele.com:2.386294361119891
brian:2.09861228866811
sheets:2.09861228866811
subject:1.0
constitutionality:1.0
18:1.0
u.s.c:1.0
922:1.6931471805599454
article:1.6931471805599454
1qksp9:1.0
l39:1.0
transfer.stratus.com:1.0
cdt:1.0
sw.stratus.com:1.0
c:1.0
tavares:1.0
writes:1.6931471805599454
1993apr15.142322.1318:1.0
rights:1.0
federal:1.0
constitution:1.0
dont:1.0
understand:1.0
statute:1.0
like:1.6931471805599454
enforced:1.0
individual:1.0
someone:1.6931471805599454
tell:2.09861228866811
government:1.6931471805599454
possess:1.6931471805599454
passing:1.0
law:2.09861228866811
make:1.0
sorry:1.6931471805599454
really:1.6931471805599454
cant:1.0
figure:1.0
youre:1.0
trying:1.0
say:1.6931471805599454
guess:1.0
asking:1.0
servent:1.0
soveriegn:1.0
would:2.386294361119891
seem:1.6931471805599454
act:1.6931471805599454
possessing:1.6931471805599454
machine:1.6931471805599454
gun:1.6931471805599454
less:1.0
criminal:1.0
definition:1.0
television:1.6931471805599454
set:1.6931471805599454
also:1.0
better:1.0
pass:1.0
laws:1.6931471805599454
harm:1.0
kill:1.0
specific:1.0
penalties:1.0
everyone:1.0
knows:1.0
constitional:1.0
goes:1.0
court:1.0
close:1.0
exactly:1.0
bound:1.6931471805599454
obey:1.0
uncontitutional:1.0
courts:1.0
enforce:1.0
16:1.0
jur:1.0
2d:1.6931471805599454
sec:1.6931471805599454
177:1.0
late:1.0
256:1.0
truck:1.6931471805599454
support:1.0
engineer:1.0
o_o:1.0
atlas:1.0
telecom:1.0
inc:1.0
raiders:1.0
lost:1.0
ark:1.0
u:1.0
