donb:1.0
netcom.com:1.0
baldwin:1.0
subject:1.0
ax:1.0
atf:1.0
article:1.0
1r1173innajc:1.0
cronkite.central.sun.com:1.0
dbernard:1.0
clesun.central.sun.com:1.0
writes:1.0
even:1.6931471805599454
capital:1.0
offense:1.0
warrant:2.6094379124341005
arrest:1.6931471805599454
search:2.09861228866811
words:1.0
evidence:1.6931471805599454
illegal:1.6931471805599454
arms:1.0
enough:1.0
suggestion:1.0
get:1.0
judge:1.0
sign:1.0
license:1.0
hard:1.0
know:1.0
what/who:1.0
believe:1.0
however:1.0
letter:1.0
received:1.0
batf:1.0
response:1.0
one:1.0
sent:1.0
bentsen:1.0
said:1.0
