roby:1.6931471805599454
chopin.udel.edu:1.0
scott:1.0
w:1.0
subject:1.0
blast:1.0
next:1.0
time:1.0
article:1.0
1r19l9:1.0
7dv:1.0
usenet.ins.cwru.edu:1.0
oldham:1.6931471805599454
ces.cwru.edu:1.0
daniel:1.0
writes:1.0
flame-bait:1.0
pure:1.0
simple:1.0
