kde:1.6931471805599454
boi.hp.com:1.6931471805599454
keith:1.6931471805599454
emmen:1.6931471805599454
subject:1.0
cnn:1.0
sale:1.0
anyone:1.0
keeping:1.0
list:1.0
potential:1.0
contributors:1.0
put:1.0
1000.00:1.0
conditions:1.0
