cdt:2.09861228866811
sw.stratus.com:1.0
c:1.0
tavares:1.0
subject:1.0
ax:1.0
atf:1.0
article:1.0
donbc5sl69.f7i:1.0
netcom.com:1.6931471805599454
donb:1.0
baldwin:1.0
writes:1.0
hard:1.0
know:1.0
what/who:1.0
believe:1.6931471805599454
however:1.0
letter:1.0
received:1.0
batf:1.0
response:1.0
one:1.0
sent:1.0
bentsen:1.0
said:1.0
search:1.0
warrant:2.09861228866811
arrest:1.6931471805599454
check:1.0
may:1.0
find:1.0
issued:1.0
first:1.0
firefight:1.0
rocket.sw.stratus.com:1.0
speak:1.0
company:1.0
vos.stratus.com:1.0
write:1.0
today:1.0
special:1.0
investors:1.0
packet:1.0
