popovich:1.6931471805599454
cs.columbia.edu:1.0
steve:1.6931471805599454
subject:1.0
change:1.0
name:1.6931471805599454
censored:1.0
norway:1.6931471805599454
think:1.0
hes:1.0
telling:1.0
us:1.0
run:1.0
place:1.0
wan:1.0
na:1.0
know:1.6931471805599454
somebody:1.0
please:1.0
splain:1.0
guess:1.0
survived:1.0
third:1.0
reich:1.0
give:1.0
hint:1.0
wasnt:1.0
passive:1.0
resistance:1.0
way:1.0
danes:1.0
believe:1.0
something:1.0
politician:1.0
whose:1.0
isnt:1.0
exactly:1.0
complimentary:1.0
word:1.0
nowadays:1.0
one:1.0
vidkun:1.0
quisling:1.6931471805599454
right:1.6931471805599454
im:1.0
sure:1.0
everyone:1.0
come:1.0
examples:1.0
