scottj:1.0
magic.dml.georgetown.edu:1.0
john:1.6931471805599454
l:1.6931471805599454
scott:1.6931471805599454
subject:2.386294361119891
apology:1.0
luser:1.6931471805599454
shocked:1.0
see:1.0
last:1.0
rely:1.0
awesley:1.6931471805599454
certainly:1.0
intention:1.0
meant:1.0
leave:1.0
line:1.6931471805599454
unchanged:1.0
believe:1.0
nntp:1.0
server:1.0
use:1.0
columbia:1.0
must:1.0
put:1.0
protest:1.0
problems:1.0
header:1.0
rather:1.0
rude:1.0
beggars:1.0
cant:1.0
choosers:1.0
suppose:1.0
case:1.0
didnt:1.0
apologize:1.0
apparent:1.0
insult:1.0
