jmd:2.386294361119891
cube.handheld.com:1.6931471805599454
jim:2.386294361119891
de:1.6931471805599454
arras:1.6931471805599454
subject:1.0
batf/fbi:1.0
murders:1.0
almost:1.0
everyone:1.0
waco:1.0
today:1.6931471805599454
4/19:1.0
article:2.09861228866811
c5spov.lre:1.0
news.udel.edu:1.6931471805599454
roby:2.6094379124341005
chopin.udel.edu:1.6931471805599454
scott:1.6931471805599454
w:1.6931471805599454
writes:2.09861228866811
1r0qsrinnc61:1.0
clem.handheld.com:1.0
c5s0ds.j54:1.0
agree:1.6931471805599454
deserved:2.09861228866811
trial:2.09861228866811
40:1.0
days:1.6931471805599454
come:1.6931471805599454
get:1.0
chose:1.6931471805599454
keep:1.0
children:1.6931471805599454
stay:1.6931471805599454
inside:2.09861228866811
even:1.6931471805599454
tear:1.6931471805599454
gassed:1.0
find:1.0
actions:1.6931471805599454
rational:1.0
noriega:1.0
smart:1.0
enough:1.0
give:1.0
go:1.0
mr:1.0
government:1.0
sucking:1.0
heartless:1.6931471805599454
bastard:1.0
unworthy:1.0
comment:1.0
apparently:1.0
true:1.0
opinion:1.0
course:1.0
humans:1.6931471805599454
died:2.09861228866811
yesterday:1.6931471805599454
would:2.6094379124341005
fbi:2.386294361119891
taken:1.0
undeniable:2.09861228866811
truth:1.6931471805599454
cried:1.0
hands:1.0
empty:1.0
possible:1.6931471805599454
planned:1.0
happen:1.0
gunfire:1.0
heard:1.0
keeping:1.0
folks:1.0
im:2.386294361119891
proposing:1.0
way:1.0
went:1.0
point:1.0
walked:1.0
alive:1.0
heart:2.386294361119891
bleeds:2.09861228866811
much:1.0
never:3.3978952727983707
released:1.0
given:1.0
51:1.0
ample:1.0
opportunities:1.0
also:1.0
people:1.6931471805599454
blinded:1.0
religious:1.0
devotion:1.0
common:1.0
sense:1.0
leave:1.0
compound:1.0
tanks:1.0
came:1.0
started:1.6931471805599454
dropping:1.0
gas:1.0
early:1.0
morning:1.0
one:1.6931471805599454
bleeding:1.0
sure:1.0
beyond:1.0
doubt:1.0
feel:1.0
say:1.6931471805599454
things:1.0
said:1.0
seem:1.0
got:2.09861228866811
think:1.0
however:1.0
set:1.0
fire:1.0
place:1.0
spread:1.0
quickly:1.0
wanted:1.6931471805599454
put:1.0
motion:1.0
kind:1.0
creature:1.0
believe:1.0
see:1.0
batf:1.0
going:1.0
investigated:1.6931471805599454
justice:1.0
dept:1.0
likely:1.0
arlen:1.0
spectre:1.0
congress:1.0
good:1.0
bungled:1.0
affair:1.0
start:1.0
lets:1.0
god:1.0
handheld.com:1.6931471805599454
always:1.6931471805599454
rethinking:1.6931471805599454
theres:1.6931471805599454
day:1.6931471805599454
havent:1.6931471805599454
rethought:1.6931471805599454
cant:1.6931471805599454
bill:1.6931471805599454
clinton:1.6931471805599454
6:1.6931471805599454
april:1.6931471805599454
93:1.6931471805599454
american:1.6931471805599454
englishman:1.6931471805599454
foreign:1.6931471805599454
troop:1.6931471805599454
landed:1.6931471805599454
country:1.6931471805599454
lay:1.6931471805599454
arms:1.6931471805599454
william:1.6931471805599454
pitt:1.6931471805599454
earl:1.6931471805599454
chatham:1.6931471805599454
1708-1778:1.6931471805599454
18:1.6931471805599454
nov:1.6931471805599454
1777:1.6931471805599454
