rubinoff:1.6931471805599454
cs.cmu.edu:1.0
robert:1.6931471805599454
subject:1.0
gritz/jbs/liberty:1.0
lobby/larouche/christic:1.0
insitute/libertarian:1.0
article:1.0
93105.230230u23590:1.0
uicvm.uic.edu:1.6931471805599454
u23590:1.0
writes:1.0
note:1.0
bo:1.0
gritz:1.6931471805599454
populist:1.6931471805599454
party:1.6931471805599454
ticket:2.09861228866811
david:1.0
duke:2.386294361119891
veep:1.0
1988:1.0
found:1.0
leading:1.0
withdrew:1.0
candidacy:1.0
gave:1.0
chance:2.09861228866811
vice:1.6931471805599454
president:1.6931471805599454
us:1.6931471805599454
aviod:1.0
supporting:1.0
id:1.0
hardly:1.0
call:1.0
giving:1.0
winning:1.0
essentially:1.0
nil:1.0
still:1.0
imply:1.0
doesnt:1.0
want:1.0
associated:1.0
