fjk6478:1.0
ritvax.isc.rit.edu:1.0
fred:1.0
subject:1.6931471805599454
luser:1.0
actually:1.0
established:1.0
dont:1.6931471805599454
believe:2.09861228866811
well:1.0
boring:1.0
yield:1.0
last:1.0
word:1.0
want:1.0
may:1.0
say:1.0
anything:1.0
like:1.0
impunity:1.0
dropping:1.0
john:1.0
l:1.0
scott:1.0
kind:1.0
