blake:2.386294361119891
nevada.edu:1.6931471805599454
rawlin:1.6931471805599454
subject:1.6931471805599454
waco:2.386294361119891
clinton:1.6931471805599454
press:1.6931471805599454
conference:1.6931471805599454
part:1.6931471805599454
1:1.6931471805599454
article:1.6931471805599454
1993apr21.160642.12470:1.0
ringer.cs.utsa.edu:1.0
whughes:1.6931471805599454
lonestar.utsa.edu:1.6931471805599454
william:1.6931471805599454
w:1.6931471805599454
hughes:1.6931471805599454
writes:1.6931471805599454
date:1.0
wed:1.0
21:1.0
apr:1.0
1993:1.0
16:06:42:1.0
gmt:1.0
feustelc5tw49.7p5:1.0
netcom.com:1.6931471805599454
feustel:1.6931471805599454
david:1.0
predict:1.0
outcome:1.0
study:1.0
went:1.0
wrong:1.0
federal:1.0
assault:1.0
result:1.0
future:1.0
assaults:1.0
type:1.0
conducted:1.0
full-scale:1.0
military:1.0
operations:1.0
explicit:1.0
shoot-to-kill:1.0
directives:1.0
mean:1.0
arent:1.0
already:1.0
could:1.0
fooled:1.0
remember:1.0
government:1.6931471805599454
decide:1.0
murder:1.6931471805599454
next:1.0
maybe:1.0
opinions:1.0
mine:1.0
dont:1.6931471805599454
care:1.0
blame:1.0
university:1.0
state:1.6931471805599454
well:1.0
seems:1.0
learn:1.0
lessons:1.0
history:1.0
hoping:1.0
kent:1.0
taught:1.0
us:1.0
lesson:1.0
apparently:1.6931471805599454
anyone:1.0
choose:1.0
still:1.0
sig:1.6931471805599454
good:1.0
