fcrary:1.0
ucsu.colorado.edu:1.0
frank:1.6931471805599454
crary:1.6931471805599454
subject:1.0
riddle:1.0
article:1.0
1993apr20.050550.4660:1.0
jupiter.sun.csd.unb.ca:1.6931471805599454
j979:1.0
fuller:1.0
writes:1.0
gas:1.6931471805599454
harmful:1.0
sensitive:1.0
caring:1.0
janet:1.0
reno:1.0
described:1.0
far:1.0
know:1.0
tear:1.0
especially:1.0
large:1.0
concentrations:1.0
dangerous:1.0
even:1.0
toxic:1.0
small:1.0
children:1.6931471805599454
makes:1.0
fbis:1.0
supposedconcern:1.0
safety:1.0
seem:1.0
rather:1.0
hypocritical:1.0
cu:1.0
boulder:1.0
