yodicet:1.0
gtewd.mtv.gtegsc.com:1.0
subject:1.0
atf:1.0
burns:1.0
dividian:1.0
ranch:1.0
update:1.0
article:1.0
93110.11320334aej7d:1.0
cmuvm.bitnet:1.6931471805599454
34aej7d:1.0
writes:1.0
ah:1.0
yes:1.0
see:1.0
liberal:1.0
weenies:1.0
come:1.0
woodwork:1.0
defend:1.0
burning:1.0
children:1.0
probably:1.6931471805599454
drooled:1.0
watching:1.0
tv:1.0
coverage:1.0
like:1.0
nazi:1.0
germany:1.0
well:1.0
oh:1.0
yeah:1.0
atf/fbi:1.0
claims:1.0
according:1.0
media:1.0
survivors:1.0
number:1.0
seems:1.0
vary:1.0
minute:1.6931471805599454
