roby:2.9459101490553135
chopin.udel.edu:2.09861228866811
scott:2.09861228866811
w:2.09861228866811
subject:1.0
batf/fbi:1.0
murders:1.0
almost:1.0
everyone:1.0
waco:1.0
today:2.09861228866811
4/19:1.0
article:2.386294361119891
1r21vqinneb8:1.0
clem.handheld.com:1.6931471805599454
jmd:2.09861228866811
cube.handheld.com:1.6931471805599454
jim:2.09861228866811
de:1.6931471805599454
arras:1.6931471805599454
writes:2.386294361119891
c5spov.lre:1.0
news.udel.edu:1.6931471805599454
1r0qsrinnc61:1.0
c5s0ds.j54:1.0
agree:1.6931471805599454
deserved:2.09861228866811
trial:2.09861228866811
40:1.0
days:2.386294361119891
come:1.6931471805599454
get:1.0
chose:1.6931471805599454
keep:1.6931471805599454
children:2.09861228866811
stay:1.6931471805599454
inside:2.6094379124341005
even:1.6931471805599454
tear:1.6931471805599454
gassed:1.0
find:1.0
actions:1.6931471805599454
rational:1.0
noriega:1.0
smart:1.0
enough:1.0
give:1.0
go:1.0
mr:1.0
government:1.0
sucking:1.0
heartless:2.386294361119891
bastard:1.0
unworthy:1.0
comment:1.0
apparently:1.0
true:1.0
opinion:1.6931471805599454
course:1.0
truth:2.09861228866811
see:1.6931471805599454
humans:1.6931471805599454
died:2.09861228866811
yesterday:1.6931471805599454
would:2.791759469228055
fbi:2.791759469228055
taken:1.0
undeniable:2.386294361119891
cried:1.0
hands:1.0
empty:1.0
possible:1.6931471805599454
planned:1.0
happen:1.0
gunfire:1.0
heard:2.09861228866811
keeping:1.0
folks:1.0
im:1.6931471805599454
proposing:1.0
way:1.0
went:1.0
point:1.0
walked:1.0
alive:1.6931471805599454
believe:1.6931471805599454
wish:1.0
however:1.6931471805599454
people:2.6094379124341005
left:1.0
compound:2.386294361119891
unharmed:1.0
earier:1.0
standoff:1.0
since:1.0
leader:1.0
preaching:1.0
apocalypse:1.6931471805599454
say:2.09861228866811
undeniably:1.0
wouldnt:1.0
mass:1.0
suicide:1.0
simply:1.0
stayed:1.6931471805599454
outside:1.0
waited:1.0
another:1.0
51:2.09861228866811
heart:2.6094379124341005
bleeds:2.09861228866811
much:1.0
never:1.0
released:1.0
given:1.0
ample:1.0
opportunities:1.0
also:1.0
blinded:1.0
religious:1.0
devotion:1.0
common:1.0
sense:1.6931471805599454
leave:1.0
tanks:1.0
came:1.0
started:1.6931471805599454
dropping:1.0
gas:1.0
early:1.6931471805599454
morning:1.0
one:1.6931471805599454
bleeding:1.6931471805599454
sure:1.0
beyond:1.0
doubt:1.0
feel:1.0
things:1.0
said:1.0
making:1.0
seem:1.6931471805599454
concern:1.0
someone:1.0
let:1.0
sounds:1.0
pretty:1.0
news:1.0
survivors:1.6931471805599454
regret:1.0
hadnt:1.0
inferno:1.0
prove:1.0
loyalty:1.0
koresh:1.6931471805599454
makes:1.0
sad:1.6931471805599454
sick:1.0
got:2.09861228866811
think:1.6931471805599454
set:1.0
fire:1.0
place:1.0
spread:1.0
quickly:1.0
wanted:1.6931471805599454
put:1.0
motion:1.0
kind:1.0
creature:1.0
ever:1.0
jonestown:1.0
thing:1.0
authority:1.6931471805599454
worshipers:1.0
koresh/howell:1.0
able:1.0
likely:1.6931471805599454
lot:1.0
preached:1.0
fiery:1.0
last:1.0
year:1.0
batf:1.0
going:1.0
investigated:2.09861228866811
justice:1.0
dept:1.0
arlen:1.0
spectre:1.0
congress:1.0
good:1.0
bungled:1.0
affair:1.0
start:1.0
lets:1.0
god:1.6931471805599454
means:1.0
btw:1.0
thought:1.0
second:1.0
ammendment:1.0
handheld.com:1.0
