ron:2.09861228866811
hpfcso.fc.hp.com:1.0
miller:1.6931471805599454
subject:1.0
waco:1.0
masada:1.0
flaming:1.0
wreckage:1.0
wrote:1.0
congressmen:1.0
strongly:1.0
worded:1.0
letters:1.0
demanding:1.0
dissolve:1.0
batf:1.0
perhaps:1.0
anger:1.0
grief:1.0
help:1.0
spur:1.0
letter:1.0
writing:1.0
campaign:1.0
