jason:2.09861228866811
kratz:2.09861228866811
u28037:1.6931471805599454
uicvm.uic.edu:2.09861228866811
subject:1.0
gun:1.0
like:1.6931471805599454
american:1.0
express:1.0
card:1.0
article:1.6931471805599454
1993apr19.203606.27625:1.0
csd-newshost.stanford.edu:1.0
andy:2.791759469228055
sail.stanford.edu:1.0
freeman:1.0
says:1.0
93108.172544u28037:1.0
point:1.6931471805599454
forgot:1.6931471805599454
bring:1.0
nothing:1.6931471805599454
g:1.0
bein:1.0
gang:1.6931471805599454
member:1.6931471805599454
illegal:1.6931471805599454
carry:2.791759469228055
concealed:2.791759469228055
weapon:2.09861228866811
thi:1.0
area:1.0
state:1.0
illinois:2.386294361119891
matter:1.0
right:1.0
nas:1.0
whther:1.0
person:1.0
is/was:1.0
thats:1.0
inferred:1.0
wrong:1.0
people:2.6094379124341005
legally:1.0
il:1.0
circumstances:1.0
many:1.0
accuracy:1.0
really:1.0
much:1.0
expect:1.0
would:1.6931471805599454
read:1.0
post:2.386294361119891
accurate:1.0
heres:1.0
said:1.0
material:1.6931471805599454
another:1.0
make:1.0
know:1.0
true:1.0
looked:1.0
one:1.0
statutes:2.09861228866811
also:1.0
went:1.0
say:1.0
thing:1.0
ccw:1.0
us:1.6931471805599454
ordinary:2.09861228866811
folk:1.6931471805599454
end:1.0
quoted:1.0
course:1.0
mention:1.0
im:1.0
going:1.0
go:1.6931471805599454
library:1.6931471805599454
tomorrow:1.6931471805599454
photocopy:1.0
part:1.0
information:1.0
citizens:1.6931471805599454
get:2.09861228866811
license:1.6931471805599454
even:1.0
asked:1.0
lawyer:1.0
friend:1.0
told:1.6931471805599454
certain:1.0
licenses:1.0
couldnt:1.6931471805599454
remember:1.0
knew:1.0
sure:1.0
regular:1.0
type:1.0
check:1.0
ill:1.0
info:1.0
night:1.0
