diederic:1.6931471805599454
spot.colorado.edu:1.6931471805599454
andrew:1.6931471805599454
diederich:1.6931471805599454
subject:1.0
batf:1.0
acronym:1.6931471805599454
havent:1.0
seen:1.0
one:1.0
yet:1.0
goes:1.0
b:1.0
arely:1.0
dequate:1.0
otally:1.0
f:1.0
ed:1.0
dont:1.0
know:1.0
adequate:1.0
fits:1.0
opinions:1.0
mine:1.0
alternate:1.0
tuesdays:1.0
