tzs:1.0
stein.u.washington.edu:1.0
tim:1.6931471805599454
smith:1.6931471805599454
subject:1.0
fbi:2.09861228866811
directors:1.0
statement:1.0
waco:1.0
standoff:1.0
feustel:1.6931471805599454
netcom.com:1.0
david:1.0
writes:1.0
evidence:1.0
batf:1.6931471805599454
would:1.6931471805599454
started:1.6931471805599454
shooting:1.0
people:1.6931471805599454
coming:1.0
burning:1.6931471805599454
building:1.6931471805599454
oh:1.0
press:1.6931471805599454
going:1.0
shoot:1.0
leaving:1.0
dont:1.0
think:1.0
get:1.0
rid:1.0
first:1.0
