jason:2.386294361119891
kratz:1.6931471805599454
u28037:1.0
uicvm.uic.edu:1.6931471805599454
subject:1.0
gun:1.0
like:1.0
american:1.0
express:1.0
card:1.0
article:1.6931471805599454
1qvff6inn9p4:1.0
clem.handheld.com:1.0
jmd:1.6931471805599454
cube.handheld.com:1.0
jim:2.09861228866811
de:1.0
arras:1.0
says:1.0
93109.172450u28037:1.0
kind:1.0
funny:1.0
though:1.0
one:1.0
picked:1.0
part:2.09861228866811
sister:1.0
social:1.0
worker:1.0
keeping:1.0
date:1.0
gang:1.0
thing:1.0
everyone:2.09861228866811
else:2.09861228866811
seemed:1.6931471805599454
skim:1.0
guess:1.0
means:1.0
mistaken:1.0
handheld.com:1.0
actually:1.0
said:1.0
skimmed:1.0
mentioned:1.0
get:1.0
whatever:1.0
meaning:1.0
want:1.0
