mwj:1.0
se17.wg2.waii.com:1.0
mike:1.0
johnson:1.0
subject:1.0
waco:1.0
clinton:1.0
press:1.0
conference:1.0
part:1.0
2:1.0
anyone:1.0
else:1.0
notice:1.0
question:1.0
federal:1.0
laws:1.6931471805599454
violated:1.6931471805599454
brushed:1.0
aside:1.0
id:1.0
like:1.0
know:1.0
evidence:1.0
orignial:1.0
batf:1.0
warrants:1.0
based:1.0
