feustel:2.386294361119891
netcom.com:1.6931471805599454
david:1.0
subject:1.0
janet:1.6931471805599454
reno:1.0
responsibility:2.09861228866811
see:1.0
difference:1.0
renos:1.0
claim:1.0
waco:1.0
massacre:1.0
iras:1.0
claims:1.0
various:1.0
acts:1.0
terrorism:1.0
british:1.0
citizens:1.0
dave:1.0
n9myi:1.0
im:1.0
beginning:1.0
look:1.0
forward:1.0
reaching:1.0
100:1.0
allocation:1.0
taxes:1.0
pay:1.0
interest:1.0
national:1.0
debt:1.0
point:1.0
federal:1.0
government:1.0
go:1.0
business:1.0
lack:1.0
funds:1.0
