feustel:2.386294361119891
netcom.com:1.6931471805599454
david:1.0
subject:1.0
batfs:1.0
prime:1.0
directive:1.0
bully:1.0
bludgeon:1.0
bury:1.0
dave:1.0
n9myi:1.0
im:1.0
beginning:1.0
look:1.0
forward:1.0
reaching:1.0
100:1.0
allocation:1.0
taxes:1.0
pay:1.0
interest:1.0
national:1.0
debt:1.0
point:1.0
federal:1.0
government:1.0
go:1.0
business:1.0
lack:1.0
funds:1.0
