feustel:2.386294361119891
netcom.com:1.6931471805599454
david:1.0
subject:1.0
waco:1.6931471805599454
clinton:1.0
press:1.0
conference:1.0
part:1.0
1:1.0
predict:1.0
outcome:1.0
study:1.0
went:1.0
wrong:1.0
federal:1.6931471805599454
assault:1.0
result:1.0
future:1.0
assaults:1.0
type:1.0
conducted:1.0
full-scale:1.0
military:1.0
operations:1.0
explicit:1.0
shoot-to-kill:1.0
directives:1.0
dave:1.0
n9myi:1.0
im:1.0
beginning:1.0
look:1.0
forward:1.0
reaching:1.0
100:1.0
allocation:1.0
taxes:1.0
pay:1.0
interest:1.0
national:1.0
debt:1.0
point:1.0
government:1.0
go:1.0
business:1.0
lack:1.0
funds:1.0
