subject:1.0
news:1.6931471805599454
says:1.0
batf:1.0
indictment/warrant:1.0
unsealed:1.0
kim39:1.6931471805599454
scws8.harvard.edu:1.0
john:1.0
kim:1.6931471805599454
something:1.0
koresh:1.0
threatened:1.0
cause:1.0
local:1.0
problems:1.0
wepaons:1.0
alleged:1.0
someone:1.0
else:1.0
post:1.0
details:1.0
soon:1.0
im:1.0
sure:1.0
sniper:1.0
injures:1.0
9:1.0
outside:1.0
mca:1.0
buildling:1.0
l.a:1.0
man:1.0
arrested:1.0
suspect:1.0
disgruntled:1.0
employee:1.0
universal:1.0
studios:1.0
division:1.0
m.c.a:1.0
question:1.0
californians:1.0
guns:1.0
reginald:1.0
denny:1.0
trial:1.0
case:1.0
husc.harvard.edu:1.0
