gary:2.09861228866811
colossus.cgd.ucar.edu:1.0
strand:1.6931471805599454
subject:1.0
slaughter:1.0
followups:1.0
talk.politics.guns:1.0
rl:1.6931471805599454
russell:1.0
lawrence:1.0
kr:1.6931471805599454
karl:1.0
rominger:1.0
support:1.0
right:1.0
citizen:1.0
criminal:1.0
history:1.0
use:1.0
firearms:1.0
regardless:1.0
race:1.0
gender:1.0
religion:1.0
thanks:1.0
admitting:1.0
adhere:1.0
illogical:1.6931471805599454
dogma:1.6931471805599454
well:1.0
folks:1.0
t.p.guns:1.0
want:1.0
show:1.0
russells:1.0
wrong:1.0
opinions:1.0
stated:1.0
herein:1.0
mine:1.0
alone:1.0
strandwg:1.0
ncar.ucar.edu:1.0
representative:1.0
ncar:1.0
ucar:1.0
nsf:1.0
