rats:1.0
cbnewsc.cb.att.com:1.0
morris:1.0
cat:1.0
subject:1.0
truth:1.0
waco:1.0
videos:1.0
original:1.0
batf:2.386294361119891
attack:1.0
bd:1.0
church:1.0
anyone:1.0
happen:1.0
see:1.0
agents:1.6931471805599454
highest:1.0
structure:1.0
koreshs:1.0
room:1.0
dont:1.0
recall:1.0
seeing:1.0
higher:1.0
roof:1.6931471805599454
lowest:1.0
structures:1.0
made:1.0
assumption:1.0
helos:1.0
firing:1.0
tower:1.0
info:1.0
rounds:1.0
came:1.0
