seelowe:1.0
well.sf.ca.us:1.0
hudson:1.0
h:1.0
luce:1.0
subject:1.0
change:1.6931471805599454
name:1.6931471805599454
suggest:1.0
another:1.0
thomas:1.0
parsli:1.0
vidkun:1.0
quisling:1.0
