roby:1.6931471805599454
chopin.udel.edu:1.0
scott:1.0
w:1.0
subject:1.0
dividians:1.0
black:2.09861228866811
article:1.0
1993apr9.134525.21567:1.0
medtron.medtronic.com:1.0
rn11195:1.0
medtronic.com:1.0
robert:1.0
nehls:1.0
writes:1.6931471805599454
kenneth:1.0
whitehead:1.0
kdw:1.0
icd.ab.com:1.0
wrote:1.0
oleary:1.0
cbnewsh.cb.att.com:1.0
brian.m.leary:1.0
questions:1.0
media:1.0
politically:1.0
correct:1.0
people:1.0
compound:1.0
guys:1.0
ninja:1.0
suits:1.0
davidians:1.0
next:1.0
question:1.0
