scottj:1.0
magic.dml.georgetown.edu:1.0
john:1.6931471805599454
l:1.6931471805599454
scott:1.6931471805599454
subject:1.0
clinton:1.0
joins:1.0
list:1.0
genocidal:1.0
socialist:1.0
leaders:1.0
joe.kusmierczak:1.0
mail.trincoll.edu:1.0
wrote:1.0
people:1.6931471805599454
like:1.0
cheapen:1.0
constitution:2.09861228866811
using:1.0
defend:1.0
sociopaths:1.6931471805599454
arent:1.0
deserved:1.0
isnt:1.0
normal:1.0
eh:1.6931471805599454
mustnt:1.0
allow:1.0
cheapened:1.0
applying:1.0
everybody:1.0
disgust:1.0
