jfh:2.09861228866811
rpp386:1.6931471805599454
john:1.6931471805599454
f:1.6931471805599454
haugh:1.6931471805599454
ii:1.6931471805599454
subject:1.0
waco:1.0
clinton:1.0
press:1.0
conference:1.0
part:1.0
1:1.0
article:1.0
blake.70.735413837:1.0
nevada.edu:1.6931471805599454
blake:1.6931471805599454
rawlin:1.0
writes:1.0
hoping:1.0
kent:1.6931471805599454
state:1.6931471805599454
taught:1.0
us:1.0
lesson:1.0
apparently:1.6931471805599454
government:1.0
murder:1.0
anyone:1.6931471805599454
choose:1.0
still:1.0
thats:1.0
right:1.0
despite:1.0
claims:1.0
someone:1.0
fire:1.0
shotgun:1.0
soldiers:1.6931471805599454
projectiles:1.0
prove:1.0
sent:1.0
direction:1.0
rocks:1.0
pgp:1.0
2.1:1.0
cs.utexas.edu:1.0
bell:1.0
512:1.0
251-2151:1.0
dof:1.0
17:1.0
rpp386.cactus.org:1.0
