phd85:1.6931471805599454
seq1.keele.ac.uk:1.0
d.h:1.0
holden:1.6931471805599454
subject:1.0
atf:1.0
burns:1.0
dividian:1.0
ranch:1.0
survivors:1.0
article:1.0
1qvjh9innh4l:1.0
hp-col.col.hp.com:1.0
dduff:1.0
col.hp.com:1.0
dave:1.6931471805599454
duff:1.0
nut:1.0
case:1.0
panics:1.0
jumps:1.0
gun:1.0
net:1.0
getting:1.0
facts:1.0
straight:1.0
brilliant:1.0
like:1.0
phys:1.0
dept:1.0
email:1.0
keele:1.6931471805599454
university:1.0
uk.ac.keele.seq1:1.0
staffs:1.0
england:1.0
x:1.0
