donb:1.0
netcom.com:1.0
baldwin:1.0
subject:1.0
ax:1.0
atf:1.0
article:1.0
1r1ito:1.0
4t:1.0
transfer.stratus.com:1.0
cdt:1.0
sw.stratus.com:1.0
c:1.0
tavares:1.0
writes:1.0
hard:1.0
know:1.0
what/who:1.0
believe:1.0
however:1.0
letter:1.6931471805599454
received:1.0
batf:1.0
response:1.0
one:1.0
sent:1.0
bentsen:1.0
said:1.0
search:1.0
warrant:2.09861228866811
arrest:1.6931471805599454
check:1.0
may:1.0
find:1.0
issued:1.6931471805599454
first:1.0
firefight:1.0
implies:1.0
warrants:1.0
feb:1.0
28th:1.0
shootout:1.0
doesnt:1.0
say:1.0
exlicitly:1.0
ack:1.0
