subject:1.0
atf:1.0
burns:1.0
dividian:1.0
ranch:1.0
survivors:1.6931471805599454
dusek:2.09861228866811
rtsg.mot.com:1.0
james:1.6931471805599454
p:1.0
ccdarg:1.0
dct.ac.uk:1.0
alan:1.0
greig:1.0
writes:1.0
cultists:1.0
think:1.0
ill:1.0
quote:1.0
bbc:1.0
quoting:1.0
actually:1.0
voice:1.0
interview:1.0
one:1.0
two:1.0
british:1.0
claimed:1.0
fire:1.6931471805599454
started:1.6931471805599454
tanks:1.0
caused:1.0
internal:1.0
wooden:1.0
wall/roof:1.0
collapse:1.0
knocking:1.0
kerosene:1.0
lamps:1.0
suicide:1.0
plan:1.0
fbi:1.0
people:1.0
flee:1.0
burning:1.0
building:1.0
