andy:2.791759469228055
sail.stanford.edu:1.6931471805599454
freeman:1.6931471805599454
subject:1.0
criminals:1.0
machineguns:1.0
article:1.6931471805599454
c5me6d.iy0:1.0
cs.uiuc.edu:1.6931471805599454
kratz:3.6390573296152584
jason:2.09861228866811
writes:2.09861228866811
1993apr16.202441.16032:1.0
csd-newshost.stanford.edu:1.0
93104.175256u28037:1.0
uicvm.uic.edu:1.6931471805599454
u28037:1.0
people:1.6931471805599454
getting:1.6931471805599454
killed:1.6931471805599454
gang:1.6931471805599454
violence:1.6931471805599454
every:1.6931471805599454
day:1.6931471805599454
single:1.0
hear:1.0
see:3.0794415416798357
weapo:1.0
confiscated:1.0
claiming:1.0
reliably:1.0
visually:1.6931471805599454
distinguish:2.6094379124341005
m-16:1.6931471805599454
ar-15:2.09861228866811
difference:1.6931471805599454
semi-auto:2.791759469228055
full-auto:2.386294361119891
uzi:1.6931471805599454
various:1.0
versions:1.0
m-11/9:1.6931471805599454
well:2.09861228866811
let:1.0
misphrased:1.0
question:1.0
asked:1.0
full-autos:2.09861228866811
accurately:1.0
look-alikes:1.0
also:1.6931471805599454
included:1.0
guns:2.09861228866811
list:1.0
hed:1.0
ask:1.0
non-existent:1.0
relatives:1.0
lets:1.6931471805599454
former:1.0
claimed:1.0
semi-autos:1.0
making:1.0
claim:1.0
get:1.6931471805599454
specific:1.0
exhaustive:1.0
possible:1.0
m-16/ar-15:1.0
maybe:2.09861228866811
remember:1.6931471805599454
selector:1.6931471805599454
swtich:1.0
correctly:1.0
please:1.0
correct:1.6931471805599454
im:1.0
wrong:1.0
switch:2.791759469228055
would:1.6931471805599454
set:1.0
position:2.6094379124341005
gun:1.0
semi-automatic:1.0
wouldnt:1.0
fire:2.09861228866811
3:1.0
round:1.0
bursts:1.0
asking:1.6931471805599454
told:1.0
us:2.386294361119891
knows:1.0
certain:1.0
three:1.0
two:1.0
via:1.0
tv:2.386294361119891
inspection:1.6931471805599454
even:1.6931471805599454
typical:1.0
police:1.0
display:1.0
note:1.0
one:1.0
might:1.0
able:1.0
sort:1.0
thing:1.0
hands:1.0
visual:1.0
though:1.0
wont:1.0
seen:1.0
think:1.0
telling:1.0
seeing:1.0
accurate:1.0
fully-auto:1.0
questions:1.0
assured:1.0
could:1.0
make:1.0
distinction:1.0
hes:1.0
said:1.0
guess:1.0
acceptable:1.0
good:1.0
enough:1.0
picture:1.6931471805599454
lower:1.0
receiver:1.0
ar-15/m-16:1.0
demonstrates:1.0
predicted:1.0
blowing:1.0
smoke:1.0
gave:1.0
chance:1.0
back:1.6931471805599454
private:1.6931471805599454
didnt:1.0
take:1.0
andys:1.0
offer:1.0
wonders:1.0
learning:1.0
