lvc:1.0
cbnews.cb.att.com:1.0
larry:2.386294361119891
cipriani:1.6931471805599454
subject:1.0
need:1.6931471805599454
senate:1.0
bill:1.0
numbers:1.6931471805599454
house:1.0
resolution:1.0
article:1.0
c5u7io.umw:1.0
hawnews.watson.ibm.com:1.0
mjp:1.0
vnet.ibm.com:1.0
michael:1.0
j:1.0
phelps:1.0
writes:1.0
try:1.0
firearms:1.0
archive:2.09861228866811
ciprianis:1.0
instructions:1.0
follow:1.0
way:1.0
thanks:1.6931471805599454
bills:1.6931471805599454
yet:1.0
main:1.0
ones:1.0
fight:1.0
david:1.0
robinson:1.0
scanning:1.0
many:1.0
us:1.0
subdirectory:1.0
stored:1.0
moved:1.0
congress:1.6931471805599454
godiva.nectar.cs.cmu.edu:1.0
usr0/anon/pub/firearms/politics/rkba/congress:1.0
l.v.cipriani:1.0
att.com:1.0
