cathyf:1.6931471805599454
is.rice.edu:1.0
catherine:1.0
anne:1.0
foulston:1.6931471805599454
subject:1.0
waco:1.0
clinton:1.0
press:1.0
conference:1.0
part:1.0
1:1.0
could:1.0
yall:1.0
please:1.0
stop:1.0
posting:1.0
stuff:1.6931471805599454
tx.general:1.0
tx.politics:1.0
sufficient:1.0
belongs:1.0
thanks:1.0
cathy:1.6931471805599454
rice:1.0
university:1.0
network:1.0
systems:1.0
support:1.0
rice.edu:1.0
