dbernard:1.0
clesun.central.sun.com:1.0
dave:1.0
bernard:1.0
subject:1.0
impeach:1.0
clinton:1.6931471805599454
reno:1.6931471805599454
heartily:1.0
agree:1.0
batf:1.0
warrant:1.6931471805599454
unsealed:1.6931471805599454
clear:1.0
supported:1.0
illegal:1.0
raid:1.6931471805599454
know:1.0
authority:2.6094379124341005
no-knock:1.6931471805599454
use:1.0
helicopters:1.0
search:1.6931471805599454
drug:1.0
lab:1.0
apparently:1.0
even:1.0
automatic:1.0
weapons:1.0
51:1.0
days:1.0
government:1.0
lies:1.0
sorry:1.0
missed:1.0
please:1.6931471805599454
give:1.0
update:1.0
hadnt:1.0
heard:1.0
news:1.0
ok:1.0
wiretap:1.0
summarize:1.0
