subject:1.0
bds:1.0
youre:1.0
paranoid:1.0
freaks:1.0
steiner:2.09861228866811
jupiter.cse.utoledo.edu:1.6931471805599454
jason:1.6931471805599454
think:1.6931471805599454
go:1.0
hell:1.0
im:1.0
government:1.0
following:1.0
fanatic:1.0
sweeping:1.0
generalizations:1.0
evince:1.0
ignorance:1.0
supposed:1.0
let:1.0
upon:1.0
time:1.0
thats:1.0
exactly:1.0
would:1.0
done:1.0
everyone:1.6931471805599454
could:1.0
gone:1.0
living:1.0
peaceful:1.0
well:1.0
armed:1.0
life:1.0
makes:1.0
people:1.0
right:1.0
leave:1.0
others:1.0
innocence:1.0
joy:1.0
squeezable:1.0
fun:1.0
toys:1.0
