feustel:2.386294361119891
netcom.com:1.6931471805599454
david:1.0
subject:1.0
waco:1.0
questions:1.0
16:1.0
condition:1.0
propane:1.0
tank:1.0
mentioned:1.0
bd:1.0
survivors:1.0
i.e:1.0
crushed:1.0
tread:1.0
marks:1.0
dave:1.0
n9myi:1.0
u.s:1.0
government:2.09861228866811
become:1.0
garrotte:1.6931471805599454
around:1.0
necks:1.0
citizens:1.0
people:1.0
struggle:1.0
breathe:1.0
air:1.0
freedom:1.6931471805599454
tightens:1.0
stranglehold:1.0
possible:1.0
outcomes:1.0
point:1.0
death:1.0
elimination:1.0
personal:1.0
