ez012344:1.0
hamlet.ucdavis.edu:1.0
dan:1.6931471805599454
herrin:1.0
subject:1.0
evil:1.0
tax:1.0
dollars:1.0
work:1.0
atf:1.0
burns:1.0
ranch:1.0
etc:1.6931471805599454
lord:1.0
hope:1.0
dont:1.0
hoover:1.0
pro:1.0
monstrous:1.0
