cknox:1.0
sedona.intel.com:1.0
christopher:1.0
w:1.6931471805599454
knox:1.0
subject:1.0
dayton:1.0
gun:1.6931471805599454
buy:1.6931471805599454
back:1.6931471805599454
boston:1.0
anyone:1.0
considered:1.0
prosecute:1.0
city:1.0
holding:1.0
questions:1.0
asked:1.0
buy-back:1.0
receiving:1.0
stolen:1.0
property:1.0
intel:1.0
corp:1.0
5000:1.0
chandler:1.6931471805599454
blvd:1.0
az:1.0
85226:1.0
