subject:1.0
new:1.6931471805599454
hampshire:1.6931471805599454
maine:1.6931471805599454
non-resident:1.0
carry:1.0
permit:1.0
application:1.0
kim39:1.6931471805599454
scws8.harvard.edu:1.0
john:1.0
kim:1.6931471805599454
live:1.0
near:1.0
plan:1.0
vacation:1.0
posting:1.0
basic:1.0
info:1.0
apply:1.0
ltc:1.0
ccw:1.0
states:1.0
non-residents:1.0
post:1.0
rec.guns:1.0
j:1.0
case:1.0
husc.harvard.edu:1.0
