arc:1.6931471805599454
cco.caltech.edu:1.6931471805599454
aaron:1.6931471805599454
ray:1.0
clements:1.0
subject:1.0
ap:1.0
rifles:1.6931471805599454
read:1.0
clari:1.0
article:1.0
among:1.0
weapons:1.0
bd:1.0
purched:1.0
two:1.0
barrett:1.0
50-caliber:1.0
armor-piercing:1.6931471805599454
hell:1.0
use:1.0
rifle:1.0
run:1.0
tank:1.0
try:1.0
stab:1.0
ignorance:1.0
prevails:1.0
amongst:1.0
media:1.0
