peten:2.09861228866811
iat.holonet.net:1.0
pete:1.6931471805599454
norton:2.09861228866811
subject:1.0
feds:1.0
caught:1.0
another:1.0
lie:1.0
well.sf.ca.us:1.0
holonet.net:1.0
hou.amoco.com:1.0
