mcgoy:1.0
unicorn.acs.ttu.edu:1.0
david:2.09861228866811
mcgaughey:1.6931471805599454
subject:1.0
fbi:1.6931471805599454
directors:1.0
statement:1.0
waco:1.0
standoff:1.0
seeing:1.0
william:1.0
sessions:1.0
television:1.0
explaining:1.0
great:1.0
lengths:1.0
went:1.0
determine:1.0
suicidal:1.0
tendancies:1.0
koresh:1.6931471805599454
got:1.0
unpleasent:1.0
feeling:1.0
manipulated:2.09861228866811
fbis:1.0
perceptions:1.0
much:1.0
way:1.0
followers:1.0
maybe:1.0
news:1.0
story:1.0
texas:1.0
tech:1.0
university:1.0
