fred:2.09861228866811
sma2.rain.com:1.0
brooks:1.6931471805599454
subject:1.0
two:2.09861228866811
found:2.386294361119891
shot:2.386294361119891
inside:2.09861228866811
compound:2.09861228866811
today:1.6931471805599454
texas:1.0
people:2.09861228866811
man:1.0
woman:1.0
head:1.0
burned:1.0
fbi:1.6931471805599454
described:1.0
days:1.0
said:1.0
person:1.0
front:1.0
several:1.0
children:1.6931471805599454
also:1.0
top:1.0
main:1.0
concrete:1.0
bunker:1.0
provided:1.0
protection:1.0
fire:1.0
comment:1.0
still:1.0
proved:1.0
defend:1.0
2nd:1.0
amendment:1.0
rights:1.0
nra:1.0
aclu:1.0
vfw:1.0
portland:1.0
oregon:1.0
