gardner:1.6931471805599454
convex.com:1.0
steve:1.0
subject:1.0
atf:1.0
burns:1.0
dividian:1.0
ranch:1.0
survivors:1.0
article:1.0
1r3j2k:1.0
da2:1.0
menudo.uh.edu:1.0
hadcrjam:1.0
admin.uh.edu:1.0
miller:1.0
jimmy:1.0
writes:1.0
minor:1.6931471805599454
quibble:1.6931471805599454
assualt:1.0
one:1.0
began:1.0
near:1.0
dawn:1.0
fire:1.0
break:1.0
several:1.0
hours:1.0
back:1.0
general:1.0
area:1.0
koresh:1.0
compound:1.0
tell:1.0
air:1.0
quite:1.0
chilly:1.0
morning:1.0
especially:1.0
high:1.0
winds:1.0
blowing:1.0
course:1.0
swiss:1.0
cheese:1.0
walls:1.0
made:1.0
even:1.0
worse:1.0
