allanl:1.6931471805599454
microsoft.com:1.0
allan:2.09861228866811
lockridge:2.09861228866811
subject:1.0
cnn:1.0
sale:1.6931471805599454
count:1.0
1000.00:1.0
opinions:1.0
