bb063:1.6931471805599454
cleveland.freenet.edu:1.6931471805599454
christopher:1.0
j:1.0
crobaugh:1.6931471805599454
subject:1.0
janet:1.6931471805599454
reno:1.6931471805599454
nightline:1.0
worse:1.0
show:1.0
look:1.0
others:1.0
link:1.0
words:1.0
child:1.0
abuse:1.0
p:1.0
rivate:1.0
stores:1.0
guns:1.0
chris:1.0
216:1.0
327-6655:1.0
v:1.0
would:1.0
sacrifice:1.0
essential:1.0
liberties:1.0
little:1.0
temporary:1.0
safety:1.6931471805599454
deserve:1.0
neither:1.0
liberty:1.0
b:1.0
franklin:1.0
