jagst18:1.0
pitt.edu:1.0
josh:1.6931471805599454
grossman:1.0
subject:1.0
stupid:1.0
media:1.6931471805599454
heard:1.0
cnn:1.0
texas:1.0
rangers:1.0
found:1.0
m60:2.09861228866811
machine:1.0
gun:1.0
bd:1.0
compound:1.0
rubble:1.0
newscaster:1.0
called:1.0
new:1.0
hi-tech:1.0
military:1.0
weapon:1.0
ha:1.6931471805599454
would:1.0
bet:1.0
rock:1.0
armory:1.0
semi-auto:1.0
leagally:1.0
owned:1.0
tax:1.0
paid:1.0
year:1.0
patented:1.0
showing:1.0
twisting:1.0
facts:1.0
