jpsb:1.0
neosoft.com:1.0
jim:1.6931471805599454
shirreffs:1.6931471805599454
subject:1.0
atf:1.0
burns:1.0
dividian:1.0
ranch:1.0
survivors:1.0
speaking:1.0
sick:1.0
bastard:1.0
noticed:1.0
attends:1.0
kent:1.6931471805599454
state:1.0
university:1.0
guess:1.0
come:1.0
full:1.0
circle:1.0
someone:1.0
favoring:1.0
excessive:1.0
force:1.0
govenment:1.0
subdue:1.0
polically:1.0
incorrect:1.0
thinking:1.0
speak:1.0
