sparker:1.0
tuba.calpoly.edu:1.0
sean:1.6931471805599454
lawrence:1.0
parker:1.0
subject:1.0
nra:1.6931471805599454
commercial:1.6931471805599454
saw:1.0
new:1.0
starts:1.0
bunch:1.0
politicians:1.0
talking:1.0
get:2.09861228866811
rid:1.6931471805599454
crime:1.6931471805599454
finally:1.0
realize:1.0
need:1.0
put:1.0
criminals:1.6931471805599454
away:1.0
longer:1.0
isnt:1.0
enough:1.0
jail:1.0
space:1.0
decide:1.0
another:1.0
gun:1.6931471805599454
law:1.6931471805599454
whole:1.0
seen:1.6931471805599454
quoteing:1.0
various:1.0
statistics:1.0
easy:1.0
next:1.0
politician:1.0
announceing:1.0
tv:1.6931471805599454
grungy:1.0
looking:1.0
guy:1.0
criminal:1.0
watching:1.0
laughing:1.0
ass:1.0
classic:1.0
