jpsb:1.0
neosoft.com:1.0
jim:1.6931471805599454
shirreffs:1.6931471805599454
subject:1.0
atf:1.0
burns:1.0
dividian:1.0
ranch:1.0
survivors:1.0
think:1.0
200:1.0
tax:1.6931471805599454
evasion:1.0
justifies:1.0
armed:1.6931471805599454
assault:1.0
government:1.0
100:1.0
men:1.0
trailers:1.0
orchestrated:1.0
character:1.0
assassination:1.0
noise:1.0
torture:1.0
holocaust:1.0
shit:1.0
im:1.0
going:1.0
lot:1.0
carefull:1.0
filling:1.0
income:1.0
