jpsb:1.0
neosoft.com:1.0
jim:1.6931471805599454
shirreffs:1.6931471805599454
subject:1.0
atf:1.0
burns:1.0
dividian:1.0
ranch:1.0
survivors:1.0
fbi:1.0
started:1.0
fire:2.09861228866811
people:1.0
flee:1.0
burning:1.0
building:1.0
james:1.6931471805599454
dusek:1.0
could:1.0
determined:1.0
stay:1.0
together:1.0
compound:1.0
matter:1.0
happened:1.0
perhaps:1.0
accidental:1.0
db:1.0
simply:1.0
refused:1.0
leave:1.0
compod:1.0
perhap:1.0
died:1.0
fighting:1.0
knows:1.0
wait:1.0
see:1.0
persaonlly:1.0
find:1.0
hard:1.0
believe:1.0
would:1.0
agree:1.0
burn:1.0
horrible:1.0
way:1.0
go:1.0
