feustel:2.386294361119891
netcom.com:1.6931471805599454
david:1.0
subject:1.0
waco:1.0
fire:1.0
dhartung:1.0
chinet.chi.il.us:1.0
dan:1.0
hartung:1.0
writes:1.0
course:1.0
true:1.0
clever:1.0
attempt:1.0
make:1.0
seem:1.6931471805599454
harmless:1.0
folk:1.0
minding:1.0
business:1.0
nice:1.0
touch:1.0
using:1.0
word:1.0
dave:1.0
n9myi:1.0
u.s:1.0
government:2.09861228866811
become:1.0
garrotte:1.6931471805599454
around:1.0
necks:1.0
citizens:1.0
people:1.0
struggle:1.0
breathe:1.0
air:1.0
freedom:1.6931471805599454
tightens:1.0
stranglehold:1.0
possible:1.0
outcomes:1.0
point:1.0
death:1.0
elimination:1.0
personal:1.0
