tomgift:1.0
uxa.cso.uiuc.edu:1.0
tom:1.0
gift:1.0
subject:1.0
truth:1.0
starts:1.0
come:1.0
would:1.0
someone:1.0
please:1.0
post:1.0
generic:1.0
addresses:1.0
congress:1.0
senate:1.6931471805599454
write:1.0
letters:1.0
us:1.6931471805599454
house:1.0
representatives:1.0
washington:1.6931471805599454
dc:1.6931471805599454
20515:1.0
20510:1.0
