jhart:1.6931471805599454
agora.rain.com:1.6931471805599454
jim:1.6931471805599454
hart:1.6931471805599454
subject:1.0
cult:1.0
practices:1.0
fbi:1.0
broadcasting:1.0
amplified:1.0
sounds:1.0
tortured:1.0
rabbits:1.0
burning:1.0
alive:1.0
men:1.0
women:1.0
children:1.0
hands:1.0
truly:1.0
sick:1.0
puppies:1.0
arlen:1.0
specter:1.0
president:1.0
96:1.0
