dlb5404:1.0
tamuts.tamu.edu:1.0
daryl:2.09861228866811
biberdorf:1.6931471805599454
subject:1.0
texas:1.6931471805599454
hb:1.6931471805599454
1776:1.6931471805599454
voting:1.0
today:1.6931471805599454
called:1.0
legislative:1.0
bill:1.0
tracking:1.0
service:1.0
found:1.0
concealed:1.0
carry:1.0
scheduled:1.0
floor:1.0
vote:1.0
let:1.0
phone:1.0
calls:1.0
roll:1.0
n5gjm:1.0
d-biberdorf:1.0
tamu.edu:1.0
sola:2.09861228866811
gratia:1.0
fide:1.0
scriptura:1.0
