sbanka:1.0
vm.temple.edu:1.0
subject:1.0
two:1.6931471805599454
questions:1.6931471805599454
id:1.0
appreciate:1.0
help:1.0
anyone:1.6931471805599454
could:1.0
give:1.0
brady:1.0
bill:2.09861228866811
news:1.0
throughout:1.0
1992:1.0
actually:1.0
happened:1.0
congress:1.0
bush:1.0
veto:1.0
also:1.0
state:1.0
virginia:1.0
believe:1.0
passed:1.0
gun:1.6931471805599454
control:1.0
febrauary:1.0
25:1.0
year:1.0
think:1.0
limits:1.0
purchases:1.0
one:1.0
month:1.0
correct:1.0
number:1.0
