atfurman:1.6931471805599454
cup.portal.com:1.6931471805599454
furman:1.6931471805599454
subject:1.0
law:1.0
retribution:1.0
steve:1.0
hix:1.0
writes:1.0
nowhere:1.0
net:1.0
guy:1.0
post:1.0
mention:1.0
anywhere:1.0
makes:1.0
sense:1.0
course:1.0
perhaps:1.0
vogons:1.0
put:1.0
hyperspace:1.0
bypass:1.0
get:1.0
alan:1.0
dont:1.0
blame:1.0
voted:1.0
libertarian:1.0
800:1.0
682-1776:1.0
information:1.0
