thomas:1.6931471805599454
parsli:1.0
thomasp:1.0
ifi.uio.no:1.0
subject:1.0
change:1.0
name:1.0
read:2.09861228866811
posting:1.0
quisling:1.0
look:1.0
dictionary:1.0
dont:1.0
