dbernard:1.0
clesun.central.sun.com:1.0
dave:1.0
bernard:1.0
subject:1.0
civil:1.0
rights:1.0
violations:1.0
eighth:1.0
amendment:1.0
1:1.0
davidians:1.0
suffered:1.0
cruel:1.0
unusual:1.0
punishment:1.0
f:1.0
thoes:1.0
escaped:1.0
imprisoned:1.0
without:1.6931471805599454
bail:1.0
hearing:1.0
happens:1.0
time:1.0
arraigned:1.6931471805599454
next:1.0
day:1.0
id:1.0
doubt:1.0
youd:1.0
luck:1.0
point:1.0
heard:1.0
yet:1.0
held:1.0
material:1.0
witnesses:1.0
