0005111312:1.0
mcimail.com:1.6931471805599454
peter:1.6931471805599454
nesbitt:1.6931471805599454
subject:1.6931471805599454
heres:1.0
number:1.0
call:2.09861228866811
ca:1.0
bills:2.386294361119891
made:1.0
phone:1.6931471805599454
calls:1.0
today:1.0
found:1.0
bill:2.386294361119891
room:1.6931471805599454
sacramento:1.0
state:2.09861228866811
capitol:1.0
may:1.0
order:2.09861228866811
free:1.0
charge:1.0
currently:1.6931471805599454
pushed:1.0
told:1.6931471805599454
fill:1.0
five:1.0
per:1.0
asked:1.0
kindly:1.0
nice:1.0
lady:1.0
important:1.0
filled:1.0
ten:1.0
california:1.0
916-445-2323:1.0
need:1.0
senate:1.0
numbers:2.09861228866811
house:1.0
resolution:1.0
sorry:1.0
forgot:1.0
include:1.0
previous:1.0
letter:1.0
also:1.0
worry:1.0
ones:1.0
aware:1.0
sb:2.6094379124341005
292:1.0
247:1.0
67:1.0
89:1.0
180:1.0
ab:2.6094379124341005
117:1.0
155:1.0
166:1.0
482:1.0
501:1.0
thanks:1.0
bob:1.0
hale:1.0
providing:1.0
air:1.0
traffic:1.0
controller:1.0
pnesbitt:1.0
oakland:1.0
bay:1.0
tracon:1.0
cbr600f2:1.0
pilot:1.0
nra:1.0
member:1.0
ccx1380f:1.0
w:1.0
41:1.0
magnum:1.0
carrier:1.0
hey:1.0
fixed:1.0
sig.file:1.0
