oldham:1.6931471805599454
icd.ab.com:1.0
daniel:1.6931471805599454
r:1.6931471805599454
subject:1.0
propaganda:1.6931471805599454
saw:1.0
cnn:1.0
independent:1.0
team:2.09861228866811
examined:1.0
waco:1.0
fire:1.0
reported:1.0
started:1.0
inside:1.0
bds:1.6931471805599454
question:1.0
attoneys:1.0
claiming:1.0
impartial:1.0
leader:1.0
wife:1.0
one:1.0
batf:1.0
agents:1.0
ha:1.0
goverment:1.0
continues:1.0
secure:1.0
line:1.0
oldhamoldham:1.0
heron.icd.ab.com:1.0
