bennett:1.0
kuhub.cc.ukans.edu:1.0
subject:1.0
smokers:1.6931471805599454
lungs:1.6931471805599454
long:1.0
take:1.6931471805599454
clear:1.0
tar:1.0
quitting:1.0
chances:1.0
getting:1.0
lung:1.0
cancer:1.0
decrease:1.0
quickly:1.0
considerable:1.0
amount:1.0
time:1.0
happen:1.0
