rousseaua:1.0
immunex.com:1.0
subject:1.0
lactose:1.0
intolerance:1.0
article:1.0
ng4.733990422:1.0
husc.harvard.edu:1.6931471805599454
ng4:1.6931471805599454
husc11.harvard.edu:1.0
ho:1.6931471805599454
leung:1.6931471805599454
ng:1.6931471805599454
writes:1.0
kid:1.0
primary:1.0
school:1.0
used:1.0
drink:1.6931471805599454
tons:1.0
milk:1.0
without:1.6931471805599454
problems:1.0
however:1.0
nowadays:1.0
hardly:1.0
experiencing:1.0
discomfort:1.0
could:1.0
responsible:1.0
change:1.0
