mcovingt:1.6931471805599454
aisun3.ai.uga.edu:1.0
michael:1.6931471805599454
covington:1.6931471805599454
subject:1.0
twitching:1.6931471805599454
eyelid:1.6931471805599454
im:1.0
surprised:1.0
nobody:1.0
mentioned:1.0
symptom:1.0
infection:1.0
especially:1.0
also:1.0
itches:1.0
stings:1.0
happened:1.0
antibiotic:1.0
eyedrops:1.0
cleared:1.0
nicely:1.0
internet:1.0
ai.uga.edu:1.0
artificial:1.0
intelligence:1.0
programs:1.0
phone:1.0
706:1.6931471805599454
542-0358:1.0
university:1.0
georgia:1.6931471805599454
fax:1.0
542-0349:1.0
athens:1.0
30602-7415:1.0
u.s.a:1.0
amateur:1.0
radio:1.0
n4tmi:1.0
