jfare:1.0
53iss6.waterloo.ncr.com:1.0
jim:1.0
fare:1.0
subject:1.0
ringing:2.386294361119891
ears:1.6931471805599454
friend:1.0
mine:1.0
trouble:1.0
loud:1.0
great:1.0
difficulty:1.0
sleeping:1.0
night:1.0
says:1.0
hasnt:1.0
normal:1.0
nights:1.0
sleep:1.6931471805599454
6:1.6931471805599454
months:1.6931471805599454
looks:1.0
like:1.0
making:1.0
depressed:1.0
doctor:1.0
put:1.0
anti-depressants:1.0
started:1.0
rather:1.0
suddenly:1.0
ago:1.0
quickly:1.0
losing:1.0
social:1.0
life:1.0
sanity:1.0
anyone:1.0
know:1.0
treatments:1.0
experience:1.0
coping:1.0
mechanisms:1.0
opinions:1.0
anti-depressant:1.0
drugs:1.0
j.f:1.0
