rog:1.0
cdc.hp.com:1.0
roger:1.0
haaheim:1.0
subject:1.0
sex:1.6931471805599454
problem:1.0
larry:1.0
silverberg:1.0
ls8139:1.0
albnyvms.bitnet:1.0
wrote:1.0
hello:1.0
suggested:1.0
go:1.0
counselor:2.09861228866811
really:1.0
dont:1.0
want:1.0
yet:1.0
interesting:1.0
know:1.0
placed:1.0
info:1.0
request:1.0
net:1.0
world:1.0
see:1.6931471805599454
think:1.0
would:2.09861228866811
react:1.0
found:1.0
accept:1.0
advice:1.0
unknown:1.0
entities:1.0
rather:1.0
suggestions:1.0
appreciated:1.0
well:1.0
asked:1.0
