julkunen:2.386294361119891
messi.uku.fi:1.6931471805599454
antero:1.6931471805599454
subject:1.0
sci.med.chemistry:1.6931471805599454
newsgroup:1.6931471805599454
sci.med.physics:1.0
quite:1.0
lot:1.0
discussion:1.0
group:1.0
many:1.0
chemical:1.0
items:1.0
e.g:1.0
prolactin:1.0
cholesterol:1.0
tsh:1.0
etc:1.0
also:1.0
dept:1.0
clinical:1.0
chemistry:1.0
university:1.0
kuopio:1.0
finland:1.0
e-mail:1.0
phone:1.0
358-71-162680:1.0
fax:1.0
358-71-162020:1.0
