jec:1.6931471805599454
watson.ibm.com:1.0
subject:1.0
contraceptive:1.6931471805599454
pill:1.6931471805599454
simple:1.0
question:1.0
seems:1.0
prevents:1.0
ovule:2.09861228866811
nest:1.0
vagina:1.0
forces:1.0
fall:1.0
every:1.0
month:1.0
prevent:1.0
fertilzation:1.0
true:1.0
yes:1.0
risk:1.0
extra-uterine:1.0
pregnancy:1.0
development:1.0
inside:1.0
fallopian:1.0
tube:1.0
j.cherbonnier:1.0
zurich.ibm.com:1.0
