bmdelane:1.0
quads.uchicago.edu:1.0
brian:1.6931471805599454
manning:1.0
delaney:1.0
subject:1.0
brain:1.0
tumor:1.0
treatment:1.6931471805599454
thanks:1.6931471805599454
people:1.0
responded:1.0
request:1.0
info:1.0
astrocytomas:1.0
email:1.0
couldnt:1.0
thank:1.6931471805599454
directly:1.0
mail-bouncing:1.0
probs:1.0
sean:1.0
debra:1.0
sharon:1.0
thought:1.0
id:1.0
publicly:1.0
everyone:1.0
im:1.0
sure:1.0
glad:1.0
accidentally:1.0
hit:1.0
rn:1.0
instead:1.0
rm:1.0
trying:1.0
delete:1.0
file:1.0
last:1.0
september:1.0
hmmm:1.0
news:1.0
whats:1.0
