bytor:1.6931471805599454
cruzio.santa-cruz.ca.us:1.6931471805599454
subject:1.0
lupus:1.6931471805599454
friend:1.6931471805599454
diagnosed:1.0
know:1.6931471805599454
nothing:1.0
disease:2.386294361119891
thing:1.0
sort:1.0
skin:1.6931471805599454
shows:1.0
rashes:1.0
fact:1.0
used:1.0
blood:1.0
test:1.0
determine:1.0
wrong:1.0
going:1.0
sacro:1.0
illiac:1.0
joint:1.0
problem:1.0
finding:1.6931471805599454
hard:1.0
time:1.0
information:1.0
could:1.0
anyone:1.0
please:1.6931471805599454
enlighten:1.0
particulars:1.0
feel:1.0
free:1.0
e-mail:1.0
thanks:1.0
advance:1.0
