vida:1.6931471805599454
mdavcr.mda.ca:1.0
morkunas:1.0
subject:1.0
inner:1.0
ear:1.0
problems:2.09861228866811
much:1.6931471805599454
flying:2.09861228866811
one:1.0
develop:1.0
inner-ear:1.0
hear:1.0
pilots:1.0
steward/esses:1.0
limit:1.0
maximum:1.0
number:1.0
hours:1.6931471805599454
limits:1.0
main:1.0
associated:1.0
many:1.0
long-haul:1.0
4:1.0
trips:1.0
frequent:1.0
flyer:1.0
