geb:1.6931471805599454
cs.pitt.edu:1.0
gordon:1.6931471805599454
banks:1.6931471805599454
subject:1.0
vangus:1.0
nerve:2.386294361119891
vagus:2.09861228866811
article:1.0
52223:1.0
seismo.css.gov:1.6931471805599454
bwb:1.0
brian:1.0
w:1.0
barker:1.0
writes:1.0
mostly:1.0
right:1.0
connection:1.0
vomiting:1.0
fainting:1.0
something:1.0
stimulation:1.0
slows:1.0
heart:1.0
drops:1.0
blood:1.0
pressure:1.0
n3jxp:1.0
skepticism:1.0
chastity:1.0
intellect:1.0
cadre.dsl.pitt.edu:1.0
shameful:1.0
surrender:1.0
soon:1.0
