geb:1.6931471805599454
cs.pitt.edu:1.0
gordon:1.6931471805599454
banks:1.6931471805599454
subject:1.0
blindsight:1.0
article:1.6931471805599454
1993mar26.185117.21400:1.0
cs.rochester.edu:1.6931471805599454
fulk:1.6931471805599454
mark:1.0
writes:1.6931471805599454
33587:1.0
castle.ed.ac.uk:1.6931471805599454
hrvoje:1.0
h:1.0
hecimovic:1.0
compensation:1.0
lesions:1.0
localized:1.0
sc:1.0
rare:1.6931471805599454
able:1.0
tell:1.0
extremely:1.0
humans:1.0
usually:1.0
much:1.0
else:1.0
involved:1.0
youd:1.0
mess:1.0
sort:1.0
birds:1.0
vision:1.0
tectum:1.0
dont:1.0
n3jxp:1.0
skepticism:1.0
chastity:1.0
intellect:1.0
cadre.dsl.pitt.edu:1.0
shameful:1.0
surrender:1.0
soon:1.0
