geb:1.6931471805599454
cs.pitt.edu:1.0
gordon:1.6931471805599454
banks:1.6931471805599454
subject:1.0
sinus:1.6931471805599454
vs:1.0
migraine:1.0
endoscopy:1.0
article:1.0
1993mar26.001004.10983:1.0
news.eng.convex.com:1.0
cash:1.6931471805599454
convex.com:1.0
peter:1.0
writes:1.0
way:1.0
brain:1.6931471805599454
even:1.0
pain:1.6931471805599454
receptors:1.6931471805599454
thought:1.0
heard:1.0
surgery:1.0
performed:1.0
patient:1.0
conscious:1.0
precisely:1.0
reason:1.0
arent:1.0
talking:1.0
brains:1.0
sensory:1.0
innervation:1.0
structures:1.0
thalamus:1.0
handle:1.0
entire:1.0
organism:1.0
apples:1.0
oranges:1.0
n3jxp:1.0
skepticism:1.0
chastity:1.0
intellect:1.0
cadre.dsl.pitt.edu:1.0
shameful:1.0
surrender:1.0
soon:1.0
