geb:1.6931471805599454
cs.pitt.edu:1.0
gordon:1.6931471805599454
banks:1.6931471805599454
subject:1.0
name:1.0
mds:1.0
eyepiece:1.6931471805599454
article:1.0
c4ihm2.gs9:1.0
watson.ibm.com:1.6931471805599454
clarke:1.6931471805599454
ed:1.0
writes:1.0
called:1.0
head:1.0
mirror:1.0
doctors:1.0
never:1.0
speculum:1.6931471805599454
little:1.0
cone:1.0
fits:1.0
end:1.0
otoscope:1.0
also:1.0
vaginal:1.0
specula:1.0
females:1.0
gynecologists:1.0
familiar:1.0
n3jxp:1.0
skepticism:1.0
chastity:1.0
intellect:1.0
cadre.dsl.pitt.edu:1.0
shameful:1.0
surrender:1.0
soon:1.0
