geb:1.6931471805599454
cs.pitt.edu:1.0
gordon:1.6931471805599454
banks:1.6931471805599454
subject:1.0
new:1.0
multiple:1.0
sclerosis:1.0
drug:1.0
article:1.0
12252:1.0
news.duke.edu:1.0
adm:1.0
neuro.duke.edu:1.0
alan:1.0
magid:1.0
writes:1.0
disclaimer:1.0
speak:1.0
wanted:1.0
say:1.0
n3jxp:1.0
skepticism:1.0
chastity:1.0
intellect:1.0
cadre.dsl.pitt.edu:1.0
shameful:1.0
surrender:1.0
soon:1.0
