geb:1.6931471805599454
cs.pitt.edu:1.0
gordon:1.6931471805599454
banks:1.6931471805599454
subject:1.0
migraines:2.386294361119891
estrogen:2.09861228866811
article:1.0
3fb51b6w165w:1.0
jupiter.spk.wa.us:1.6931471805599454
pwageman:1.0
peggy:1.0
wageman:1.0
writes:1.0
read:1.0
hormonal:1.0
fluctuations:1.0
contribute:1.0
could:1.0
taking:1.6931471805599454
supplemental:1.0
ert:1.0
cause:1.6931471805599454
information:1.0
im:1.0
sure:1.0
fluctuation:1.0
much:1.0
level:1.0
premarin:1.0
certainly:1.0
women:1.0
n3jxp:1.0
skepticism:1.0
chastity:1.0
intellect:1.0
cadre.dsl.pitt.edu:1.0
shameful:1.0
surrender:1.0
soon:1.0
