geb:1.6931471805599454
cs.pitt.edu:1.0
gordon:1.6931471805599454
banks:1.6931471805599454
subject:1.0
new:1.0
diet:2.6094379124341005
works:1.0
great:1.0
article:1.0
1993mar30.030105.26772:1.0
omen.uucp:1.6931471805599454
caf:1.0
chuck:1.0
forsberg:1.0
wa7kgx:1.0
writes:1.0
sometime:1.0
future:1.0
evangelists:1.0
may:1.0
get:1.0
work:1.0
obese:1.0
would:1.0
obey:1.0
mode:1.0
useful:1.6931471805599454
research:1.0
allow:1.0
prediction:1.0
types:1.0
might:1.0
given:1.0
individual:1.0
evangelist:1.0
good:1.0
term:1.0
fits:1.0
atkins:1.0
n3jxp:1.0
skepticism:1.0
chastity:1.0
intellect:1.0
cadre.dsl.pitt.edu:1.0
shameful:1.0
surrender:1.0
soon:1.0
