geb:1.6931471805599454
cs.pitt.edu:1.0
gordon:1.6931471805599454
banks:1.6931471805599454
subject:1.0
high:1.6931471805599454
prolactin:2.09861228866811
article:1.0
93088.112203jer4:1.0
psuvm.psu.edu:1.6931471805599454
jer4:1.0
john:1.0
e:1.0
rodway:1.0
writes:1.0
comments:1.0
use:1.0
drug:1.0
parlodel:1.0
blood:1.0
suppress:1.0
secretion:1.0
useful:1.0
cases:1.0
galactorrhea:1.0
adenomas:1.0
pituitary:1.0
secret:1.0
much:1.0
n3jxp:1.0
skepticism:1.0
chastity:1.0
intellect:1.0
cadre.dsl.pitt.edu:1.0
shameful:1.0
surrender:1.0
soon:1.0
