geb:1.6931471805599454
cs.pitt.edu:1.0
gordon:1.6931471805599454
banks:1.6931471805599454
subject:1.0
fingernail:1.0
moons:1.0
article:1.0
733196190.aa00076:1.0
calcom.socal.com:1.0
daniel.prince:1.0
f129.n102.z1.calcom.socal.com:1.0
daniel:1.0
prince:1.0
writes:1.0
lunulas:1.6931471805599454
thumbs:1.0
medical:1.0
significance:1.0
finding:1.0
thank:1.0
advance:1.0
replies:1.0
try:1.0
peeling:1.0
skin:1.0
back:1.6931471805599454
base:1.0
fingernails:1.0
hard:1.0
dont:1.0
want:1.0
hurt:1.0
youll:1.0
find:1.0
nice:1.0
little:1.0
peel:1.0
enough:1.0
n3jxp:1.0
skepticism:1.0
chastity:1.0
intellect:1.0
cadre.dsl.pitt.edu:1.0
shameful:1.0
surrender:1.0
soon:1.0
