geb:1.6931471805599454
cs.pitt.edu:1.0
gordon:1.6931471805599454
banks:1.6931471805599454
subject:1.0
medication:1.0
parkinsons:1.0
article:1.0
19621.3049.uupcb:1.0
factory.com:1.6931471805599454
jim.zisfein:1.0
jim:1.0
zisfein:1.0
writes:1.0
want:1.0
throw:1.0
around:1.0
names:1.0
drs:1.0
donald:1.0
calne:1.0
terry:1.0
elizan:1.0
jesse:1.6931471805599454
cedarbaum:1.0
dont:1.0
recommend:1.0
selegiline:1.0
mention:1.0
dr:1.0
william:1.0
landau:1.6931471805599454
gosh:1.0
famous:1.0
intern:1.0
liking:1.0
makes:1.0
like:1.0
spite:1.0
kidding:1.0
bill:1.0
n3jxp:1.0
skepticism:1.0
chastity:1.0
intellect:1.0
cadre.dsl.pitt.edu:1.0
shameful:1.0
surrender:1.0
soon:1.0
