geb:1.6931471805599454
cs.pitt.edu:1.0
gordon:1.6931471805599454
banks:1.6931471805599454
subject:1.0
amitriptyline:1.6931471805599454
article:1.0
1993mar27.010702.8176:1.0
julian.uwo.ca:1.0
roberts:1.6931471805599454
gaul.csd.uwo.ca:1.0
eric:1.0
writes:1.0
could:1.6931471805599454
someone:1.0
please:1.0
tell:1.0
effect:1.0
overdose:1.0
900-1000mg:1.0
would:2.09861228866811
probably:1.0
fatal:1.0
adult:1.0
dose:1.0
kill:1.0
child:1.0
patient:1.0
somnolent:1.0
dilated:1.0
pupils:1.0
low:1.0
blood:1.0
pressure:1.0
possibly:1.0
cardiac:1.0
arrhythmias:1.0
n3jxp:1.0
skepticism:1.0
chastity:1.0
intellect:1.0
cadre.dsl.pitt.edu:1.0
shameful:1.0
surrender:1.0
soon:1.0
