bshelley:1.0
ucs.indiana.edu:1.0
subject:1.0
xanax:1.6931471805599454
please:1.0
provide:1.6931471805599454
info:1.0
currently:1.0
group:1.0
research:1.0
project:1.0
drug:1.0
would:1.0
exponentially:1.0
gracious:1.0
receive:1.0
information:1.6931471805599454
could:1.0
regarding:1.0
usage:1.0
history:1.0
mechanism:1.0
reaction:1.0
side:1.0
effects:1.0
pertinent:1.0
dont:1.0
care:1.0
long:1.0
short:1.0
response:1.0
thanks:1.0
advance:1.0
brent:1.0
e:1.0
shelley:1.0
