eb3:2.09861228866811
world.std.com:2.09861228866811
edwin:2.09861228866811
barkdoll:2.386294361119891
subject:1.0
blindsight:1.0
article:2.09861228866811
19382:1.0
pitt.uucp:1.6931471805599454
geb:1.6931471805599454
cs.pitt.edu:1.6931471805599454
gordon:1.6931471805599454
banks:1.6931471805599454
writes:1.6931471805599454
werner-240393161954:1.0
tol7mac15.soe.berkeley.edu:1.0
werner:1.6931471805599454
soe.berkeley.edu:1.0
john:1.0
19213:1.0
wrote:1.0
explain:1.0
thought:1.0
3:1.6931471805599454
types:1.6931471805599454
cones:3.0794415416798357
equivalent:1.0
rgb:1.0
youre:1.0
basically:1.0
right:1.0
think:1.0
2:1.6931471805599454
one:1.0
sensitive:2.6094379124341005
red:1.0
green:1.0
blue:1.0
yellow:1.0
two:2.09861228866811
common:1.6931471805599454
kinds:1.0
color-blindness:1.0
red-green:1.0
blue-yellow:1.0
yes:1.0
remember:1.0
well:1.0
case:2.09861228866811
indeed:1.0
color:3.0794415416798357
contrary:1.0
original:2.09861228866811
respondent:1.6931471805599454
claimed:1.0
im:1.6931471805599454
sure:1.0
reiterate:1.0
respond:2.09861228866811
particular:1.0
portions:1.0
spectrum:2.386294361119891
rods:2.386294361119891
certain:2.09861228866811
parts:1.6931471805599454
visible:1.0
bluegreen:1.0
reddish:1.0
amphibia:1.0
hoseshoe:1.0
crab:1.0
limulus:1.0
polyphemus:1.0
photoreceptors:1.6931471805599454
portion:1.0
etc:1.0
misconception:1.0
confound:1.0
wavelength:1.6931471805599454
specificity:1.0
however:1.0
synonymous:1.0
sum:1.0
beat:1.0
dead:1.0
horse:1.0
1:1.0
outputs:2.09861228866811
cone:1.6931471805599454
matched:1.0
number:1.0
absorbed:1.6931471805599454
photons:2.09861228866811
irrespective:1.0
indistinguishable:1.0
simply:1.0
detectors:1.0
different:1.6931471805599454
spectral:1.0
sensitivities:1.0
ommatidia:1.0
vision:2.386294361119891
arises:1.0
receptors:1.0
sample:1.0
processed:1.0
centrally:1.0
handwave:1.0
intentional:1.0
ive:1.0
worked:1.0
published:1.0
research:1.0
10:1.0
years:1.0
adherence:1.0
belief:1.0
detect:1.0
frustrating:1.0
dont:1.0
take:1.0
word:1.0
reposting:1.0
excellent:1.0
articles:1.6931471805599454
together:1.0
rather:1.0
good:1.0
oldish:1.0
texts:1.6931471805599454
robert:1.0
boynton:1.0
1979:1.0
human:1.0
holt:1.0
rhiehart:1.0
winston:1.0
leo:1.0
hurvich:1.0
1981:1.0
sinauer:1.0
associates:1.0
baylor:1.6931471805599454
hodgkin:1.0
1973:1.0
detection:1.0
resolution:1.0
visual:1.6931471805599454
stimuli:1.0
turtle:1.0
phoreceptors:1.0
j:2.09861228866811
physiol:2.09861228866811
234:1.0
pp163-198:1.0
lamb:1.0
yau:1.0
1978:1.0
reponses:1.0
retinal:1.0
single:1.0
288:1.0
pp613-634:1.0
schnapf:1.0
et:1.0
al:1.0
1990:1.0
transduction:1.0
monkey:1.0
macaca:1.0
fascicularis:1.0
427:1.0
pp681-713:1.0
lepomis.psych.upenn.edu:1.0
