mmatusev:1.6931471805599454
radford.vak12ed.edu:1.6931471805599454
melissa:1.6931471805599454
n:1.0
matusevich:1.0
subject:1.0
emphysema:1.0
question:1.0
thanks:1.0
assistance:1.0
ill:1.0
see:1.0
try:1.0
different:1.0
brand:1.0
patches:1.0
although:1.0
hes:1.0
tried:1.0
two:1.6931471805599454
brands:1.0
already:1.0
time:1.0
may:1.0
find:1.0
pleasing:1.0
thing:1.0
wanting:1.0
logical:1.0
often:1.0
true:1.0
spock:1.0
stonn:1.0
