georgec:1.0
eng.umd.edu:1.0
george:1.0
b:1.0
clark:1.0
subject:1.0
chronic:1.0
sinus:1.0
antibiotics:1.6931471805599454
also:1.0
swab:1.0
inside:1.0
nose:1.0
bacitracin:1.6931471805599454
using:1.0
q:1.0
tip:1.0
antibiotic:1.0
bought:1.0
otc:1.0
ointment:1.0
tube:1.0
doctor:1.0
listen:1.0
radio:1.0
says:1.0
apply:1.0
30:1.0
days:1.0
taking:1.0
mouth:1.0
