sue:1.6931471805599454
netcom.com:1.0
miller:1.0
subject:1.0
eugenics:1.0
article:1.0
19617:1.0
pitt.uucp:1.0
geb:1.0
cs.pitt.edu:1.0
gordon:1.0
banks:1.0
writes:1.0
make:1.6931471805599454
race:1.0
disease-free:1.0
long-lived:1.0
arnold:1.0
schwartzenegger-muscled:1.0
supermen:1.0
even:1.0
sure:1.0
long:1.0
theyll:1.0
one:1.0
