kxgst1:1.0
pitt.edu:1.0
kenneth:1.6931471805599454
gilbert:1.6931471805599454
subject:1.0
erythromycin:1.6931471805599454
article:1.0
47974:1.0
sdcc12.ucsd.edu:1.0
wsun:1.0
jeeves.ucsd.edu:1.0
fiberman:1.0
writes:1.0
effective:1.6931471805599454
treating:1.0
pneumonia:1.0
fm:1.0
fact:1.0
drug:1.0
choice:1.0
uncomplicated:1.0
cases:1.0
community-acquired:1.0
penumonia:1.0
university:1.0
pittsburgh:1.0
general:1.0
internal:1.0
medicine:1.0
dammit:1.0
programmer:1.0
