rind:2.386294361119891
enterprise.bih.harvard.edu:1.6931471805599454
david:1.6931471805599454
subject:1.0
erythromycin:2.09861228866811
article:1.0
47974:1.0
sdcc12.ucsd.edu:1.0
wsun:1.0
jeeves.ucsd.edu:1.0
fiberman:1.0
writes:1.0
effective:1.0
treating:1.6931471805599454
pneumonia:2.09861228866811
depends:1.0
cause:1.0
bacterial:1.0
young:1.0
otherwise-healthy:1.0
non-smokers:1.0
usually:1.0
considered:1.0
antibiotic:1.0
choice:1.0
since:1.0
covers:1.0
two:1.0
most-common:1.0
pathogens:1.0
strep:1.0
pneumoniae:1.6931471805599454
mycoplasma:1.0
