anello:2.09861228866811
adcs00.fnal.gov:1.0
anthony:1.6931471805599454
subject:1.0
hypoglycemia:1.0
anyone:1.0
tell:1.0
bloodcount:1.0
40:1.0
diagnosed:1.0
hypoglycemic:1.0
dangerous:1.0
i.e:1.0
indicates:1.0
possible:1.0
pancreatic:1.0
problem:1.0
one:1.0
dr:1.0
says:1.6931471805599454
specialty:1.0
first:1.0
negligent:1.0
another:1.0
blood:1.0
test:1.0
done:1.0
also:1.0
good:1.0
diet:1.0
worked:1.0
hypo:1.0
glycemic:1.0
tia:1.0
fermilab:1.0
batavia:1.0
illinois:1.0
