rcj2:1.0
cbnewsd.cb.att.com:1.0
ray.c.jender:1.0
subject:1.0
looking:1.0
doctor:1.6931471805599454
kind:1.0
half:1.0
watching:1.0
street:1.0
stories:1.0
last:1.0
night:1.0
one:1.0
segments:1.0
s.f:1.0
provides:1.0
service:1.0
investigating:1.0
treatment:1.0
various:1.0
diseases:1.0
im:1.0
pretty:1.0
sure:1.0
name:1.6931471805599454
dr:1.0
mark:1.0
renniger:1.0
sp:1.0
close:1.0
anyone:1.0
else:1.0
watch:1.0
id:1.0
like:1.0
get:1.0
correct:1.0
address/phone:1.0
number:1.0
possible:1.0
thanks:1.0
