mary:2.386294361119891
uicsl.csl.uiuc.edu:1.6931471805599454
e:1.0
allison:1.6931471805599454
subject:1.0
msg:3.6390573296152584
sensitivity:1.0
superstition:1.0
carl:1.6931471805599454
sol1.gps.caltech.edu:1.0
j:1.0
lydick:1.0
writes:1.0
course:1.0
bee:1.0
venom:1.0
isnt:1.6931471805599454
single:1.0
chemical:1.0
could:1.0
brother:1.0
reacting:1.0
different:1.6931471805599454
component:1.0
one:2.791759469228055
causes:1.0
anaphylactic:1.0
shock:1.0
people:2.09861228866811
similarly:1.0
chinese:2.09861228866811
food:3.3978952727983707
lot:1.0
ingredients:2.386294361119891
someone:1.6931471805599454
eats:1.6931471805599454
something:1.6931471805599454
lots:2.09861228866811
dont:1.6931471805599454
normally:1.6931471805599454
consume:1.6931471805599454
happens:1.6931471805599454
immediately:1.6931471805599454
conclude:1.6931471805599454
negative:1.6931471805599454
reaction:2.9459101490553135
arghhhhhhhhhh:1.0
read:1.0
memos:1.0
said:1.0
personally:1.0
order:1.6931471805599454
exact:1.0
two:1.0
times:1.0
restaurant:2.386294361119891
ordered:1.0
tell:1.6931471805599454
time:2.6094379124341005
came:1.0
difference:1.0
eat:1.0
love:1.0
ive:1.0
learned:1.0
following:1.0
get:2.6094379124341005
restaurants:1.0
use:1.0
prepare:1.0
without:1.6931471805599454
hold:1.0
never:1.0
soup:1.0
unless:1.0
cooks:1.0
okay:1.0
understand:2.09861228866811
youre:1.0
trouble:1.0
please:1.0
words:1.0
ill:1.0
look:1.0
dictionary:1.0
great:1.0
secret:1.0
successful:1.0
marriage:1.0
treat:1.0
disasters:1.6931471805599454
incidents:1.6931471805599454
none:1.0
harold:1.0
nicholson:1.0
urbana:1.0
illinois:1.0
