subject:1.0
prozac:1.6931471805599454
agilmet:1.0
eis.calstate.edu:1.0
adriana:1.6931471805599454
gilmete:1.6931471805599454
anyone:1.0
help:1.6931471805599454
find:1.0
information:1.0
drug:1.0
writing:1.0
report:1.0
inventors:1.0
eli:1.0
lilly:1.0
co:1.0
product:1.0
need:1.0
much:1.0
get:1.0
thanks:1.0
lot:1.0
