szikopou:1.0
superior.carleton.ca:1.0
steven:1.0
zikopoulos:1.0
subject:1.0
prozac:2.09861228866811
c5l2x5.4b7:1.0
eis.calstate.edu:1.6931471805599454
agilmet:1.0
adriana:1.6931471805599454
gilmete:1.6931471805599454
writes:1.0
anyone:1.0
help:1.6931471805599454
find:1.0
information:1.0
drug:1.0
writing:1.0
report:1.0
inventors:1.0
eli:1.0
lilly:1.0
co:1.0
product:1.0
need:1.0
much:1.0
get:1.0
thanks:1.0
lot:1.0
pdr:1.0
cps:1.0
good:1.0
places:1.0
starts:1.0
medline:1.0
search:1.0
lots:1.0
interesting:1.0
debates:1.0
going:1.0
remember:1.0
impicated:1.0
suicidal:1.0
behaviour:1.0
steve:1.0
z:1.0
