subject:1.0
experts:1.0
penicillin:1.6931471805599454
look:1.0
ndacumo:1.0
eis.calstate.edu:1.0
noah:2.09861228866811
dacumos:2.09861228866811
name:1.0
student:1.0
san:1.0
leandro:1.0
high:1.0
project:1.0
physics:1.0
class:1.0
would:1.0
like:1.0
info:1.6931471805599454
discovery:1.0
discoverer:1.0
sir:1.0
alexander:1.0
fleming:1.0
helps:1.0
people:1.0
many:1.0
incurable:1.0
bacterias:1.0
also:1.0
effects:1.0
allergic:1.0
greatly:1.0
appreciated:1.0
