subject:1.6931471805599454
need:1.6931471805599454
help:1.0
steroid:1.0
research:2.09861228866811
tthomps:1.0
eis.calstate.edu:1.0
thomas:1.0
thompson:1.0
term:1.0
paper:1.0
steroids:1.6931471805599454
actually:1.0
scientist:1.0
helped:1.6931471805599454
crate:1.0
drug:1.0
discovered:1.0
joseph:1.0
fruton:1.0
one:1.0
researchers:1.0
create:1.0
anabolic:1.0
information:1.6931471805599454
person:1.0
know:1.0
biochemist:1.0
1930s:1.0
already:1.0
local:1.0
libraries:1.0
still:1.0
instructor:1.0
requiring:1.0
resources:1.0
computer:1.0
networks:1.0
please:1.0
write:1.0
back:1.0
concerning:1.0
books:1.0
articles:1.0
etc:1.0
appreciated:1.0
