brein:1.6931471805599454
jplpost.jpl.nasa.gov:1.6931471805599454
barry:1.6931471805599454
rein:1.6931471805599454
subject:1.0
need:1.0
survival:1.6931471805599454
data:2.09861228866811
colon:1.6931471805599454
cancer:1.6931471805599454
relative:1.0
mine:1.0
recently:1.0
diagnosed:1.0
would:1.6931471805599454
like:1.0
know:1.0
best:1.0
source:1.6931471805599454
statistics:1.0
disease:1.0
discovered:1.0
various:1.0
stages:1.0
prefer:1.0
directed:1.0
recent:1.0
rather:1.0
receive:1.0
thank:1.0
clever:1.0
comment:1.0
