georgec:1.0
eng.umd.edu:1.0
george:1.0
b:1.0
clark:1.0
subject:1.0
endometriosis:1.0
may:1.0
want:1.0
inquire:1.0
taking:1.0
lupron:1.6931471805599454
medication:1.0
supposed:1.0
new:1.0
treatment:1.0
described:1.0
nov:1.0
1992:1.0
issue:1.0
j:1.0
obst:1.0
gyn:1.0
taken:1.6931471805599454
monthly:1.0
injection:1.0
whereas:1.0
drugs:1.0
danazol:1.0
daily:1.0
pills:1.0
