vonwaadn:1.6931471805599454
kuhub.cc.ukans.edu:1.6931471805599454
subject:1.0
panic:1.0
disorder:1.6931471805599454
success:1.6931471805599454
stories:1.0
posted:1.0
sci.psychology:1.0
april:1.0
3:1.0
seeing:1.0
post:1.0
panice:1.0
thought:1.6931471805599454
would:1.0
relevant:1.0
research:1.6931471805599454
indicates:1.0
two:1.6931471805599454
schools:1.0
exist:1.0
literature:1.6931471805599454
promoting:1.6931471805599454
medication:2.09861228866811
says:1.0
superior:1.6931471805599454
treatment:1.6931471805599454
surprisingly:1.0
cognitive:2.09861228866811
therapy:2.09861228866811
also:1.0
claims:1.6931471805599454
facts:1.0
early:1.0
didnt:1.0
bias:1.0
towards:1.0
either:1.0
interested:1.6931471805599454
worked:1.0
reading:1.0
journals:1.0
published:1.6931471805599454
1986:1.0
camp:1.0
higher:1.0
rate:1.6931471805599454
approx:1.0
80:1.0
lower:1.0
drop-out:1.0
side:1.0
effects:1.0
associated:1.0
lars-goran:1.0
ost:1.0
excellent:1.0
article:2.09861228866811
titled:1.0
applied:1.6931471805599454
relaxation:1.6931471805599454
description:1.0
coping:1.0
technique:1.0
review:1.0
controlled:1.0
studies:1.0
behav:1.0
res:1.0
ther:1.0
vol:1.0
25:1.0
5:1.0
pp:1.0
397-409:1.0
1987:1.0
provides:1.0
instructions:1.0
perform:1.0
ar:1.0
briefly:1.0
start:1.0
15:1.0
minute:1.0
sessions:1.6931471805599454
daily:1.6931471805599454
progress:1.0
8-12:1.0
weeks:1.0
performing:1.0
10-15:1.0
thirty:1.0
second:1.0
ill:1.0
snail:1.0
mail:1.0
anyone:1.0
usa:1.0
please:1.6931471805599454
international:1.0
pay:1.0
postage:1.0
mark:1.0
