subject:1.0
post:1.0
polio:1.0
syndrome:1.6931471805599454
information:1.6931471805599454
needed:1.0
please:1.0
keith:2.09861228866811
actrix.gen.nz:1.0
stewart:1.0
wife:1.0
become:1.0
interested:1.0
acquaintance:1.0
post-polio:1.0
apparently:1.0
recognised:1.0
new:1.0
zealand:1.0
different:1.0
symptons:1.0
eg:1.0
chest:1.0
complaints:1.0
treated:1.0
separately:1.0
anone:1.0
thanks:1.0
