spp:1.0
zabriskie.berkeley.edu:1.0
steve:1.6931471805599454
pope:1.0
subject:1.0
msg:1.6931471805599454
sensitivity:1.0
superstition:1.0
carl:1.0
lydick:1.0
youre:1.0
condemning:1.0
one:1.0
particular:1.0
ingredient:1.6931471805599454
without:1.0
evidence:1.6931471805599454
thats:1.0
reacted:1.0
believe:1.0
mass:1.0
anectdotal:1.0
combined:1.0
lack:1.0
properly:1.0
constructed:1.0
scientific:1.0
experiment:1.0
disproving:1.0
hypothesis:1.6931471805599454
makes:1.0
reaction:1.0
likely:1.0
explanation:1.0
events:1.0
