mckay:2.09861228866811
alcor.concordia.ca:1.0
john:1.6931471805599454
subject:1.0
lasers:2.09861228866811
dermatologists:1.6931471805599454
limited:1.0
tinea:1.0
pedis:1.0
30:1.0
years:1.0
finding:1.0
resistant:1.0
creams:1.0
powders:1.0
tried:1.0
wonder:1.0
use:1.0
destroy:1.0
fungus:1.0
would:1.0
seem:1.0
likely:1.0
effective:1.0
inexpensive:1.0
good:1.0
reasons:1.0
using:1.0
told:1.0
dermatology:1.0
yet:1.0
reached:1.0
laser:1.0
age:1.0
vax2.concordia.ca:1.0
deep:1.0
ideas:1.0
simple:1.0
odd:1.0
groups:1.0
even:1.6931471805599454
simples:1.0
