npm:1.6931471805599454
netcom.com:1.6931471805599454
nancy:2.09861228866811
p:1.6931471805599454
milligan:1.0
subject:1.0
need:1.0
advice:1.0
doctor-patient:1.0
relationship:1.0
problem:1.0
id:1.0
dump:1.6931471805599454
rude:1.6931471805599454
seems:1.0
enjoys:1.0
belittling:1.0
humiliating:1.0
dont:2.09861228866811
write:1.0
tell:1.0
firing:1.0
think:1.0
sending:1.0
copy:1.0
letter:1.6931471805599454
whoever:1.0
charge:1.0
clinic:1.0
works:1.0
applicable:1.0
maybe:1.0
even:1.0
ama:1.0
vindictive:1.0
truthful:1.0
firm:1.0
victim:1.0
put:1.0
take:1.0
control:1.0
itll:1.0
make:1.0
feel:1.0
great:1.0
milligannpm:1.0
dale.cts.com:1.0
