dyer:2.6094379124341005
spdcc.com:1.0
steve:2.09861228866811
subject:1.0
msg:1.6931471805599454
sensitivity:1.0
superstition:1.0
article:1.0
1qnns0:1.0
4l3:1.0
agate.berkeley.edu:1.0
spp:1.0
zabriskie.berkeley.edu:1.0
pope:1.0
writes:1.0
mass:1.0
anectdotal:1.0
evidence:1.0
combined:1.0
lack:1.0
properly:1.0
constructed:1.0
scientific:1.0
experiment:1.0
disproving:1.0
hypothesis:1.6931471805599454
makes:1.0
reaction:1.0
likely:1.0
explanation:1.0
events:1.0
forgot:1.0
smiley-face:1.0
cant:1.0
believe:1.0
turn:1.0
berkeley:1.0
tell:1.0
youre:1.0
aberration:1.0
ursa-major.spdcc.com:1.0
aka:1.0
ima:1.0
harvard:1.0
rayssd:1.0
linus:1.0
m2c:1.0
spdcc:1.0
