mmm:1.0
cup.portal.com:1.0
mark:1.0
robert:1.0
thorson:1.0
subject:1.0
food-related:1.0
seizures:1.6931471805599454
remember:1.6931471805599454
hearing:1.0
years:1.0
back:1.0
new:1.0
therapy:1.0
hyperactivity:1.0
involved:1.0
aggressively:1.0
eliminating:1.0
artificial:1.0
coloring:1.0
flavoring:1.0
diet:1.6931471805599454
theory:1.0
backed:1.0
interesting:1.0
anecdotal:1.0
results:1.0
certain:1.0
people:1.6931471805599454
way:1.0
sensitive:1.0
chemicals:1.0
dont:1.0
connection:1.0
made:1.0
certainly:1.0
couldnt:1.0
hurt:1.0
try:1.0
all-natural:1.0
