jim.zisfein:1.6931471805599454
factory.com:1.6931471805599454
jim:1.6931471805599454
zisfein:1.6931471805599454
subject:1.0
need:1.6931471805599454
advice:1.6931471805599454
doctor-patient:1.0
relationship:1.0
problem:1.0
ml:2.386294361119891
libman:1.6931471805599454
hsc.usc.edu:1.0
marlena:1.0
situation:1.0
occurred:1.0
physican:1.0
upset:1.0
questions:1.0
1:1.0
continue:1.0
doctor:1.0
manage:1.0
care:1.0
thats:1.0
easy:1.0
wouldnt:1.0
take:1.6931471805599454
computer:1.0
repair:1.6931471805599454
shop:1.6931471805599454
rude:1.0
even:1.0
competent:1.0
business:1.0
would:1.0
body:1.0
repairman:1.0
bad:1.0
attitude:1.0
slmr:1.0
2.1:1.0
e-mail:1.0
