joel:2.386294361119891
cs.mcgill.ca:1.6931471805599454
malard:1.6931471805599454
subject:1.0
bone:1.6931471805599454
marrow:1.6931471805599454
sclerosis:1.6931471805599454
looking:1.0
information:1.0
possible:1.0
causes:1.0
long:1.0
term:1.0
effects:1.0
would:1.0
also:1.0
thankful:1.0
anyone:1.0
reading:1.0
newsgroup:1.0
could:1.0
list:1.6931471805599454
recognized:1.0
treatment:1.0
centers:1.0
anything:1.0
else:1.0
massive:1.0
blood:1.0
transfusion:1.0
effective:1.0
plan:1.0
go:1.0
library:1.0
style:1.0
reply:1.0
please:1.0
kind:1.0
enough:1.0
add:1.0
suggested:1.0
topics:1.0
readings:1.0
medicine:1.0
field:1.0
regards:1.0
