geb:1.6931471805599454
cs.pitt.edu:1.0
gordon:1.6931471805599454
banks:1.6931471805599454
subject:1.0
request:1.0
information:1.0
essential:1.6931471805599454
tremor:2.386294361119891
indrol:1.0
article:1.0
1q1tbninnnfn:1.0
life.ai.mit.edu:1.0
sundar:1.0
ai.mit.edu:1.0
writes:1.0
progressive:1.0
hereditary:1.0
gets:1.0
worse:1.0
patient:1.0
tries:1.0
use:1.6931471805599454
effected:1.0
member:1.0
limbs:1.0
vocal:1.0
cords:1.0
head:1.0
involved:1.0
inderal:1.0
beta-blocker:1.0
usually:1.0
effective:1.6931471805599454
diminishing:1.0
alcohol:1.6931471805599454
mysoline:1.0
also:1.0
toxic:1.0
treatment:1.0
n3jxp:1.0
skepticism:1.0
chastity:1.0
intellect:1.0
cadre.dsl.pitt.edu:1.0
shameful:1.0
surrender:1.0
soon:1.0
