u19250:1.0
uicvm.uic.edu:1.0
subject:1.0
quality:2.386294361119891
control:1.6931471805599454
medicine:1.0
anybody:1.0
know:1.0
information:1.6931471805599454
regarding:1.0
implementaion:1.0
total:1.0
management:1.0
assurance:1.0
delivery:1.0
health:1.0
care:1.0
service:1.0
would:1.0
appreciate:1.0
enough:1.0
interest:1.0
post:1.0
responses:1.0
thank:1.0
abhin:1.0
singla:1.0
ms:1.0
bioe:1.0
mba:1.0
md:1.0
president:1.0
ac:1.0
medcomp:1.0
inc:1.0
