jchen:1.0
wind.bellcore.com:1.0
jason:1.6931471805599454
chen:1.6931471805599454
subject:1.0
glutamate:2.09861228866811
article:1.6931471805599454
1qrsr6:1.0
d59:1.0
access.digex.net:1.0
kfl:1.0
access.digex.com:1.0
keith:1.0
f:1.0
lynch:1.0
writes:1.6931471805599454
lso15qinnkpr:1.0
news.bbn.com:1.0
sher:1.6931471805599454
bbn.com:1.0
lawrence:1.0
n.e.j.med:1.0
editorial:1.0
dicarboxylic:1.0
amino:2.09861228866811
acid:2.09861228866811
essential:2.09861228866811
people:1.0
survive:1.0
quite:1.0
well:1.0
without:1.6931471805599454
ever:1.0
eating:1.0
contradiction:1.0
sense:1.6931471805599454
body:1.6931471805599454
needs:1.0
non-essential:1.0
produce:1.0
enough:1.0
supplement:1.0
