kilty:1.0
ucrengr:1.0
kathleen:1.6931471805599454
richards:1.6931471805599454
subject:1.0
lyme:1.0
vaccine:1.0
jeff:1.0
time:1.0
type:1.0
id:1.0
love:1.0
reference:1.0
paper:1.0
thanks:1.0
email:1.0
karicha:1.0
eis.calstate.edu:1.0
sometimes:1.6931471805599454
youre:1.6931471805599454
windshield:1.0
bug:1.0
dire:1.0
straits:1.0
