ruegg:2.09861228866811
med.unc.edu:1.6931471805599454
robert:1.0
g:1.0
subject:1.0
eugenics:1.0
thanks:1.0
tarl:1.0
neustaedter:1.0
kindly:1.0
letting:1.0
know:1.0
reference:1.0
prior:1.0
post:1.0
orwell:1.0
1984:1.0
probably:1.0
huxley:1.0
brave:1.0
new:1.0
world:1.0
sorry:1.0
al:1.0
bob:1.0
