isabelle.rosso:1.6931471805599454
dartmouth.edu:1.6931471805599454
isabelle:1.0
rosso:1.0
subject:1.0
hunchback:1.6931471805599454
friend:1.0
pronounced:1.0
slouch:1.0
upper:1.0
back:1.0
always:1.0
walks:1.0
sits:1.0
way:1.0
concluded:1.0
genetic:1.0
disorder:1.0
something:1.0
people:1.0
correct:1.0
i.e:1.0
bad:1.0
posture:1.0
changed:1.0
bit:1.0
power:1.0
