markmc:1.6931471805599454
halcyon.com:1.6931471805599454
mark:1.6931471805599454
mcwiggins:1.6931471805599454
subject:1.0
barbecued:1.0
foods:1.0
health:1.6931471805599454
risk:1.0
also:1.0
dont:1.0
forget:1.0
better:1.0
enjoy:1.0
steak:1.0
resent:1.0
sprouts:1.0
hermes:1.0
associates+1:1.0
206:1.6931471805599454
632:1.6931471805599454
1905:1.0
voice:1.0
box:1.0
31356:1.0
seattle:1.0
wa:1.0
98103-1356:1.0
1:1.0
1738:1.0
fax:1.0
