daniel.prince:1.0
f129.n102.z1.calcom.socal.com:1.0
daniel:1.0
prince:1.0
subject:1.0
placebo:1.6931471805599454
effects:2.09861228866811
know:1.0
effect:2.791759469228055
patient:1.6931471805599454
feels:1.0
better:2.386294361119891
even:1.0
gets:1.0
his/her:1.0
belief:1.0
medicine:2.6094379124341005
doctor:2.09861228866811
administering:1.0
also:1.0
anti-placebo:1.0
dislikes/distrusts:1.0
doctors:1.0
therefore:1.0
doesnt:1.6931471805599454
get:1.0
feel:1.0
spite:1.0
believes:1.0
strongly:1.0
he/she:1.0
sees:2.09861228866811
improvement:2.09861228866811
none:1.0
called:1.6931471805599454
reverse:1.0
believe:1.0
less:1.0
would:1.0
ever:1.0
studied:1.0
common:1.6931471805599454
thank:1.0
advance:1.0
replies:1.0
information:1.0
valuable:1.0
dis-information:1.0
much:1.0
