ganderson:2.09861228866811
cmutual.com.au:2.09861228866811
gavin:2.09861228866811
anderson:2.09861228866811
subject:1.0
help:1.6931471805599454
looking:1.0
medical:2.09861228866811
journal:2.386294361119891
article:2.6094379124341005
whiplash/cervical:1.0
pain:2.09861228866811
hi:1.0
sure:1.0
post:1.0
message:1.0
please:1.0
contact:1.0
im:1.0
way:1.0
mark:1.0
19.3.93:1.0
wife:1.6931471805599454
went:1.0
general:1.0
practitioner:1.0
doctor:1.0
mentioned:1.0
great:1.0
interest:1.0
us:1.0
read:1.0
previous:1.0
three:1.0
months:1.0
unable:1.0
find:1.0
whiplash:1.0
injury/cervical:1.0
mentions:1.0
use:1.0
mri:1.0
magnetic:1.0
resonance:1.0
imagery:1.0
machine:1.0
diagnostic:1.0
tool:1.0
work:1.0
neurosurgeon:1.0
relived:1.0
cervical:1.0
likely:1.0
australian:1.0
much:1.6931471805599454
want:1.0
obtain:1.0
name:1.0
author:1.0
case:1.0
matches:1.0
would:1.0
appreciate:1.0
anyones:1.0
matter:1.0
via:1.0
email:2.09861228866811
preferably:1.0
analyst/programmer:1.6931471805599454
phone:1.6931471805599454
61-3-607-6299:1.6931471805599454
colonial:1.6931471805599454
mutual:1.6931471805599454
life:1.6931471805599454
aust:1.6931471805599454
acn:1.6931471805599454
004021809:1.6931471805599454
fax:1.6931471805599454
61-3-283-1095:1.6931471805599454
people:1.0
never:1.0
consciously:1.0
discover:1.0
antipodes:1.0
