geb:1.6931471805599454
cs.pitt.edu:1.0
gordon:1.6931471805599454
banks:1.6931471805599454
subject:1.0
eye:2.09861228866811
dominance:2.09861228866811
article:1.0
c5e2g7.877:1.0
world.std.com:1.6931471805599454
rsilver:1.0
richard:1.0
silver:1.0
writes:1.0
right-eye:1.0
eyedness:1.0
overall:1.0
right-handedness:1.0
population:1.0
mean:1.0
people:1.0
require:1.0
less:1.0
lens:1.0
corrections:1.0
one:1.0
kinds:1.0
percentages:1.0
attached:1.0
handedness:1.0
usually:1.0
side:1.0
nothing:1.0
refractive:1.0
error:1.0
however:1.0
n3jxp:1.0
skepticism:1.0
chastity:1.0
intellect:1.0
cadre.dsl.pitt.edu:1.0
shameful:1.0
surrender:1.0
soon:1.0
