davpa:1.6931471805599454
ida.liu.se:1.6931471805599454
david:1.6931471805599454
partain:1.6931471805599454
subject:1.0
candida:1.6931471805599454
albicans:1.6931471805599454
someone:1.0
know:1.0
recently:1.0
diagnosed:1.0
disease:1.0
find:1.0
information:1.0
apparently:1.0
something:1.0
bodys:1.0
production:1.0
yeast:1.6931471805599454
time:1.0
highly:1.0
allergic:1.0
anyone:1.0
tell:1.0
thanks:1.0
ida:1.0
university:1.0
link:1.6931471805599454
oping:1.6931471805599454
work:1.0
phone:1.0
46:1.6931471805599454
013:1.6931471805599454
28:1.6931471805599454
26:1.6931471805599454
08:1.0
s-581:1.0
83:1.0
sweden:1.0
telefax:1.0
66:1.0
