donald:1.0
mackie:1.6931471805599454
donald_mackie:1.0
med.umich.edu:1.0
subject:1.0
barbecued:1.6931471805599454
foods:1.0
health:1.0
risk:1.0
article:1.0
1993apr18.175802.28548:1.0
clpd.kodak.com:1.0
rich:1.0
young:1.6931471805599454
serum.kodak.com:1.0
writes:1.0
stuff:1.0
deleted:1.0
consume:1.0
unrealistically:1.0
large:1.0
quantities:1.0
meat:1.0
time:1.0
confess:1.0
one:1.0
unfulfilled:1.0
ambitions:1.0
matter:1.0
much:1.0
eat:1.0
still:1.0
seems:1.0
realistic:1.0
opinion:1.0
