cash:2.386294361119891
convex.com:1.6931471805599454
peter:1.6931471805599454
subject:1.0
liver:2.09861228866811
spots:2.09861228866811
causes:1.0
little:1.0
brown:1.0
older:1.0
peoples:1.0
hands:1.0
called:1.0
theyre:1.0
sort:1.0
liver-colored:1.0
indicate:1.0
actual:1.0
dysfunction:1.0
die:1.0
welt:1.0
ist:1.6931471805599454
alles:1.0
zerfall:1.0
apologies:1.0
ludwig:1.0
wittgenstein:1.0
