dyer:2.6094379124341005
spdcc.com:1.0
steve:1.6931471805599454
subject:1.0
food-related:1.0
seizures:1.6931471805599454
comments:1.0
feingold:1.0
diet:1.0
relevance:1.0
daughters:1.0
purported:1.0
frostedflakes-related:1.0
cant:1.0
imagine:1.0
included:1.0
ursa-major.spdcc.com:1.0
aka:1.0
ima:1.0
harvard:1.0
rayssd:1.0
linus:1.0
m2c:1.0
spdcc:1.0
