ski:1.6931471805599454
wpi.wpi.edu:1.6931471805599454
joseph:1.6931471805599454
mich:1.0
krzeszewski:1.6931471805599454
subject:1.6931471805599454
krillean:1.0
photography:1.0
seem:1.0
recall:1.0
article:2.386294361119891
radio:1.0
electronics:1.0
fact:1.0
copy:1.0
front:1.0
cant:1.0
find:1.0
anywhere:1.0
refrence:1.0
month:1.0
system:1.0
describe:1.0
uses:1.0
automobile:1.0
ignition:1.0
coil:1.0
high:1.0
voltage:1.0
even:1.0
includes:1.0
information:1.0
kind:1.0
film:1.0
use:1.0
get:1.0
hope:1.0
helps:1.0
