leisner:1.6931471805599454
wrc.xerox.com:1.0
marty:1.6931471805599454
71348:1.0
subject:1.0
intravenous:2.09861228866811
antibiotics:1.6931471805599454
recently:1.0
case:1.0
shingles:1.0
doctors:1.0
wanted:1.0
give:1.6931471805599454
acyclovir:1.0
pain:1.0
finding:1.0
iv:1.0
sites:1.0
arms:1.0
facts:1.0
advantageous:1.0
rather:1.0
oral:1.0
