rind:2.386294361119891
enterprise.bih.harvard.edu:1.6931471805599454
david:1.6931471805599454
subject:1.0
adult:1.0
chicken:1.0
pox:2.09861228866811
article:1.0
c5pm3o.bdo:1.0
feenix.metronet.com:1.6931471805599454
marcbg:1.0
marc:1.0
grant:1.0
writes:1.0
bod:1.0
point:1.0
longer:1.0
infectious:1.0
physicians:1.0
office:1.0
says:1.0
scabbed:1.0
true:1.0
yes:1.0
medications:1.0
promote:1.0
healing:1.6931471805599454
speed:1.0
acyclovir:1.0
started:1.0
first:1.0
1-2:1.0
days:1.0
probably:1.0
speeds:1.0
recovery:1.0
decreases:1.0
formation:1.0
new:1.0
