subject:1.0
knots:2.09861228866811
ng4:1.6931471805599454
husc11.harvard.edu:1.0
ho:1.6931471805599454
leung:1.6931471805599454
ng:1.6931471805599454
exactly:1.0
sore:1.0
tight:1.0
spots:1.0
muscles:1.0
certain:1.0
kinds:1.0
massage:1.0
people:1.0
try:1.0
break:1.0
really:1.0
helpful:1.0
husc.harvard.edu:1.0
