jhoskins:1.0
magnus.acs.ohio-state.edu:1.0
james:1.0
hoskins:1.0
subject:1.0
cost:1.6931471805599454
roxonal:1.6931471805599454
anyone:1.0
know:1.0
approximate:1.0
prescription:1.0
250:1.0
ml:1.0
bottle:1.0
morphine:1.0
thanks:1.0
