rick:2.09861228866811
ysub.ysu.edu:1.0
marsico:1.0
subject:1.0
proventil:1.6931471805599454
inhaler:1.6931471805599454
asthma:1.0
relief:1.0
fall:1.0
steroid:1.0
nonsteroid:1.0
category:1.0
looking:1.0
product:1.0
literature:1.0
clear:1.0
ysu.edu:1.0
