sandy:2.09861228866811
nmr1.pt.cyanamid.com:1.0
silverman:1.6931471805599454
subject:1.0
barbecued:1.0
foods:1.0
health:1.0
risk:1.0
heat:1.0
shock:1.0
proteins:1.6931471805599454
whose:1.0
expression:1.0
induced:1.0
response:1.0
elevated:1.0
temperature:1.0
also:1.0
made:1.0
organisms:1.0
subjected:1.0
stress:1.0
conditions:1.0
e.g:1.0
high:1.0
salt:1.0
obvious:1.0
connection:1.0
happens:1.0
burn:1.0
sanford:1.0
opinions:1.0
expressed:1.0
american:1.0
cyanamid:1.0
pt.cyanamid.com:1.6931471805599454
silvermans:1.0
yeast:1.0
best:1.0
