aliceb:1.0
tea4two.eng.sun.com:1.0
alice:1.6931471805599454
taylor:1.0
subject:1.0
accupuncture:1.0
aids:1.6931471805599454
friend:1.0
mine:1.0
seeing:1.0
acupuncturist:1.0
wants:1.0
know:1.0
danger:1.0
getting:1.0
needles:1.0
thanks:1.0
