subject:1.0
ovarian:1.6931471805599454
cancer:1.6931471805599454
treatment:1.6931471805599454
centers:1.0
rbprma:1.0
rohvm1.rohmhaas.com:1.0
relative:1.0
mine:1.0
recently:1.0
diagnosed:1.0
stage:1.0
3:1.0
papillary:1.0
cell:1.0
urgently:1.0
seeking:1.0
best:1.0
place:1.0
country:1.0
anyone:1.0
suggestions:1.0
might:1.0
suspect:1.0
time:1.0
essence:1.0
thanks:1.0
help:1.0
bob:1.0
