berryh:1.0
huey.udel.edu:1.0
john:1.6931471805599454
berryhill:1.6931471805599454
ph.d:1.0
subject:1.0
krillean:1.0
photography:1.6931471805599454
think:1.0
means:1.0
girlie:1.0
good:1.0
place:1.0
find:1.0
non-descript:1.0
little:1.0
places:1.0
usually:1.0
say:1.0
books:1.0
outside:1.0
building:1.0
black:1.0
white:1.0
