lunger:1.6931471805599454
helix.enet.dec.com:1.0
dave:1.0
subject:1.0
modified:1.0
sense:1.6931471805599454
taste:2.09861228866811
cancer:2.386294361119891
pt:1.6931471805599454
lack:1.0
foods:1.6931471805599454
seems:1.0
eating:1.0
someone:1.0
mean:1.0
possible:1.0
causes:1.0
happen:1.0
stage:1.6931471805599454
ii:1.0
breast:1.0
taking:1.6931471805599454
tamoxifin:1.0
also:1.6931471805599454
iv:1.0
lung:1.0
known:1.0
cna:1.0
metastasis:1.0
klonopin:1.0
cranial:1.0
radiation:1.0
treatments:1.0
thanks:1.0
doctor:1.0
trying:1.0
understand:1.0
family:1.0
members:1.0
illness:1.0
