billc:1.0
col.hp.com:1.0
bill:1.6931471805599454
claussen:1.6931471805599454
subject:1.0
angry:1.0
doctor:1.0
report:1.0
local:1.0
bbb:1.0
better:1.0
business:1.0
bureau:1.0
