romdas:1.6931471805599454
uclink.berkeley.edu:1.6931471805599454
ella:1.0
baff:1.0
subject:1.0
good:1.0
grief:1.0
candida:1.6931471805599454
albicans:1.6931471805599454
anybody:1.0
doctors:1.0
included:1.0
said:1.0
face:1.0
evidence:1.0
yeast:1.0
connection:1.0
guarantee:1.0
safety:1.0
incompetence:1.0
ripping:1.0
lips:1.0
justified:1.0
far:1.0
concerned:1.0
doesnt:1.0
sound:1.0
like:1.0
john:1.0
badanes:1.0
dc:1.0
ca:1.0
