pk115050:1.6931471805599454
wvnvms.wvnet.edu:1.6931471805599454
subject:1.0
help:1.6931471805599454
kidney:1.6931471805599454
stones:1.6931471805599454
girlfriend:1.0
pain:1.0
says:1.0
medical:1.0
insurance:1.0
get:1.0
removed:1.0
question:1.0
way:1.0
treat:1.0
least:1.0
mitigate:1.0
effects:1.0
deeply:1.0
appreciated:1.0
advice:1.0
referral:1.0
literature:1.0
etc:1.0
thank:1.0
dave:1.0
carvell:1.0
