ray:1.6931471805599454
engr.latech.edu:1.0
bill:1.0
subject:1.0
acutane:1.0
fibromyalgia:1.0
syndrome:1.0
cfs:1.0
daniel:1.0
prince:1.0
daniel.prince:1.0
f129.n102.z1.calcom.socal.com:1.0
wrote:1.0
think:1.6931471805599454
rename:1.0
waco:2.09861228866811
tx:1.6931471805599454
wacko:1.0
know:1.0
joke:1.0
please:1.0
remember:1.0
people:1.0
ask:1.0
david:1.0
koresh:1.0
lunatic:1.0
happened:1.0
lovely:1.0
town:1.0
would:1.6931471805599454
someone:1.0
living:1.0
home:1.0
flakes:1.0
nut:1.0
sensitive:1.0
