king:1.6931471805599454
reasoning.com:1.0
dick:1.0
subject:1.0
interview:1.0
doctor:1.0
insurance:1.0
company:1.0
encourages:1.0
annual:1.0
physicals:1.6931471805599454
age:1.0
42:1.0
im:1.6931471805599454
thinking:1.0
biannual:1.0
least:1.0
might:1.6931471805599454
good:1.6931471805599454
idea:1.0
therefore:1.0
shopping:1.0
gp:1.0
well:1.0
get:1.0
one:1.6931471805599454
could:1.0
assembled:1.0
net:1.6931471805599454
wisdom:1.0
suggest:1.0
things:1.0
look:1.0
point:1.0
faq:1.0
archive:1.0
topic:1.6931471805599454
please:1.0
email:1.0
suspect:1.0
real:1.0
clutter:1.0
bait:1.0
dk:1.0
