karl:2.09861228866811
anasazi.com:1.0
dussik:1.6931471805599454
subject:1.0
dana-faber:1.6931471805599454
cancer:2.09861228866811
institute:2.09861228866811
article:1.0
1993apr14.090306.3352:1.0
etek.chalmers.se:1.6931471805599454
e2salim:1.0
salim:1.0
chagan:1.0
writes:1.0
anyone:1.0
send:1.0
adress:1.0
boston:1.6931471805599454
usa:1.0
missing:1.0
r:1.0
dana-farber:1.0
44:1.0
binney:1.0
street:1.0
02115:1.0
617:1.0
732-3000:1.0
alumnus:1.0
department:1.0
biostatistics:1.0
epidemiology:1.0
1983-1986:1.0
