ghica:1.6931471805599454
fig.citib.com:1.0
renato:1.0
subject:1.0
seek:1.0
sedative:1.6931471805599454
information:1.0
one:1.0
heard:1.0
called:1.0
rhoepnol:1.0
made:1.0
larouche:1.0
believe:1.0
info:1.0
side:1.0
effects:1.0
equivalent:1.0
tranquillizers:1.0
thanks:1.0
take:1.0
minute:1.0
im:1.0
90:1.0
done:1.0
worked:1.0
machine:1.0
