dsc:1.6931471805599454
gemini.gsfc.nasa.gov:1.6931471805599454
doug:1.6931471805599454
caprette:1.6931471805599454
subject:1.0
cs:1.6931471805599454
chemical:1.6931471805599454
agent:1.6931471805599454
anyone:1.0
provide:1.0
information:1.0
tear:1.0
gas:1.0
used:1.0
recently:1.0
waco:1.0
chemically:1.0
effects:1.0
body:1.0
regards:1.0
hughes:1.0
stx:1.0
code:1.0
926.9:1.0
gsfc:1.0
lanham:1.0
maryland:1.0
greenbelt:1.0
md:1.0
20771:1.0
path:1.0
laid:1.0
one:1.0
stone:1.0
time:1.0
giant:1.0
