cerulean:1.6931471805599454
access.digex.com:1.6931471805599454
bill:1.6931471805599454
christens-barry:1.6931471805599454
subject:1.0
cytoskeleton:2.09861228866811
dynamics:1.6931471805599454
im:1.6931471805599454
looking:1.0
good:1.0
background:1.0
review:1.0
paper:1.0
references:1.0
help:1.0
understand:1.0
normal:1.6931471805599454
transformed:1.6931471805599454
cells:1.0
particular:1.0
interested:1.0
translational:1.0
behavior:1.0
cell:1.0
motility:1.0
rather:1.0
internal:1.0
motions:1.0
components:1.0
circumstances:1.0
also:1.0
id:1.0
appreciate:1.0
data:1.0
force:1.0
constants:1.0
mechanical:1.0
elastic:1.0
properties:2.09861228866811
microtubules:1.0
viscous:1.0
cytoplasm:1.0
info:1.0
relevant:1.0
vibrational:1.0
acoustical:1.0
would:1.0
useful:1.0
thanks:1.0
