u96_averba:1.0
vaxc.stevens-tech.edu:1.0
subject:1.0
arythmia:2.09861228866811
dont:1.0
know:1.6931471805599454
anyone:1.6931471805599454
knows:1.0
topic:1.0
electrical:1.0
heart:1.0
failure:1.0
one:1.0
friends:1.0
go:1.6931471805599454
doctor:1.0
chest:1.0
pains:1.0
doc:1.0
said:1.6931471805599454
new:1.0
york:1.0
hospital:1.0
lot:1.0
money:1.0
get:1.0
treated:1.6931471805599454
doctors:1.0
could:1.0
die:1.0
medication:1.0
caused:1.0
cancer:1.0
taking:1.0
well:1.0
suggested:1.0
run:1.0
excersize:1.0
eat:1.0
skinny:1.0
says:1.0
nothing:1.0
causes:1.0
thanks:1.0
