subject:1.0
broken:1.0
rib:1.0
jc:1.6931471805599454
oneb.almanac.bc.ca:1.6931471805599454
hello:1.0
think:1.0
probaly:1.0
right:1.0
spite:1.0
movement:1.0
getting:1.0
better:1.0
day:1.0
cheers:1.0
john:1.0
cross:1.0
old:1.0
frogs:1.0
almanac:1.6931471805599454
home:1.0
unix:1.0
users:1.0
group:1.0
604:1.6931471805599454
245-3205:1.0
v32:1.0
public:1.0
access:1.0
usenet:1.0
245-4366:1.0
2400x4:1.0
vancouver:1.0
island:1.0
british:1.0
columbia:1.0
waffle:1.0
xenix:1.0
1.64:1.0
