sheryl:2.09861228866811
seas.gwu.edu:1.6931471805599454
coppenger:1.6931471805599454
subject:1.0
hismanal:2.09861228866811
et:1.0
al:1.0
side:1.6931471805599454
effects:1.0
article:1.6931471805599454
1993apr21.024103.29880:1.0
spdcc.com:1.6931471805599454
dyer:1.6931471805599454
steve:1.0
writes:1.6931471805599454
1993apr20.212706.820:1.0
lrc.edu:1.6931471805599454
kjiv:1.0
someone:1.0
tell:1.6931471805599454
whether:1.0
following:1.0
medications:1.0
linked:1.6931471805599454
rapid/excessive:1.0
weight:2.09861228866811
gain:2.09861228866811
and/or:1.0
distorted:1.0
sense:1.0
taste:1.0
smell:1.0
azmacort:1.0
topical:1.0
steroid:1.0
prevent:1.0
asthma:1.0
vancenase:1.0
astemizole:2.09861228866811
definitely:1.0
really:1.6931471805599454
peculiar:1.0
antihistamines:1.6931471805599454
effect:1.6931471805599454
even:1.0
antihistamine:1.0
like:1.0
purportedly:1.0
doesnt:1.6931471805599454
cross:1.6931471805599454
blood-brain:1.6931471805599454
barrier:1.6931471805599454
tends:1.0
cause:2.09861228866811
drowsiness:1.0
way:1.0
find:1.0
dont:1.0
doctor:1.6931471805599454
obviously:1.0
asleep:1.0
wheel:1.0
original:1.0
poster:1.0
mentioned:1.0
fatigue:1.0
mostly:1.0
due:1.0
bizarre:1.0
dreams:1.0
wasnt:1.0
getting:1.0
rest:1.0
said:1.0
common:1.0
reaction:1.0
ideas:1.0
seas:1.0
computing:1.0
facility:1.0
staffsheryl:1.0
george:1.0
washington:1.0
university:1.0
202:1.0
994-6853:1.0
