andrew:1.0
robinson:1.0
andy:1.6931471805599454
maine.maine.edu:1.0
subject:1.0
reasons:1.0
hospitals:1.6931471805599454
join:1.0
internet:1.6931471805599454
resources:1.0
services:1.6931471805599454
available:1.0
internet/bitnet:1.0
would:1.0
interest:1.6931471805599454
medical:1.6931471805599454
care:1.0
providers:1.0
im:1.0
interested:1.0
anything:1.0
relelvant:1.0
including:1.0
institutions:1.0
businesses:1.0
profession:1.0
special:1.0
online:1.0
access:1.0
libraries:1.0
diagnostic:1.0
information:1.0
etc:1.6931471805599454
please:1.0
reply:1.0
directly:1.0
maine.edu:1.0
