jge:1.6931471805599454
cs.unc.edu:1.6931471805599454
john:1.6931471805599454
eyles:1.6931471805599454
subject:1.0
diet:1.0
crohns:2.09861228866811
ibd:1.0
friend:1.0
apparently:1.0
fairly:1.0
minor:1.0
case:1.0
disease:1.6931471805599454
cant:1.0
seem:1.0
eat:1.0
certain:1.0
foods:1.0
fresh:1.0
vegetables:1.0
without:1.0
discomfort:1.0
course:1.0
wants:1.0
avoid:1.0
recurrence:1.0
question:1.0
nutritionists:1.0
specialize:1.0
problems:1.0
people:1.0
saw:1.0
suggestion:1.0
lipoxygnase:1.0
inhibitors:1.0
like:1.0
tea:1.0
turmeric:1.0
thanks:1.0
advance:1.0
