debbie:1.6931471805599454
csd4.csd.uwm.edu:1.0
forest:1.0
subject:1.0
hismanal:1.6931471805599454
et:1.0
al:1.0
side:1.6931471805599454
effects:1.0
article:1.6931471805599454
1993apr21.231301.3050:1.0
seas.gwu.edu:1.6931471805599454
sheryl:1.6931471805599454
coppenger:1.0
writes:1.6931471805599454
1993apr21.024103.29880:1.0
spdcc.com:1.6931471805599454
dyer:1.6931471805599454
steve:1.0
astemizole:2.09861228866811
definitely:1.0
linked:1.0
weight:1.0
gain:1.0
really:2.09861228866811
peculiar:1.0
antihistamines:1.0
effect:1.6931471805599454
even:1.0
antihistamine:1.0
like:1.6931471805599454
purportedly:1.0
doesnt:1.6931471805599454
cross:1.6931471805599454
blood-brain:1.6931471805599454
barrier:1.6931471805599454
tends:1.0
cause:1.6931471805599454
drowsiness:1.0
original:1.0
poster:1.0
mentioned:1.0
fatigue:1.0
mostly:1.0
due:1.0
bizarre:1.6931471805599454
dreams:1.6931471805599454
wasnt:1.0
getting:1.0
rest:1.0
doctor:1.6931471805599454
said:2.09861228866811
common:1.0
reaction:1.0
ideas:1.0
made:1.6931471805599454
bitchy:1.0
first:1.0
weeks:1.6931471805599454
think:1.0
feel:1.0
something:1.0
time:1.0
keep:1.0
taking:1.0
symptoms:1.0
seem:1.0
go:1.0
away:1.0
hang:1.0
