egb7390:1.0
ucs.usl.edu:1.0
boutte:1.0
erika:1.0
g:1.0
subject:1.0
contagiosem:1.6931471805599454
wondering:1.0
anyone:1.0
information:1.6931471805599454
molluscous:1.0
acquired:1.0
fortunately:1.0
got:1.0
rid:1.0
question:1.0
still:1.0
lingers:1.0
mind:1.0
come:1.0
little:1.0
bit:1.0
info:1.0
received:1.0
past:1.0
states:1.0
transmitted:1.0
sexually:1.0
also:1.0
occurs:1.0
small:1.0
children:1.0
hands:1.0
feet:1.0
genitalia:1.0
greatly:1.0
appreciated:1.0
grow:1.6931471805599454
old:1.6931471805599454
shall:1.0
wear:1.0
trousers:1.0
rolled:1.0
eliot:1.0
