tron:2.09861228866811
fafnir.la.locus.com:1.0
michael:1.0
trofimoff:1.0
subject:1.0
request:1.0
gyro:1.0
souvlaki:1.6931471805599454
sauce:1.6931471805599454
hi:1.0
would:1.0
anyone:1.0
net-land:1.0
happen:1.0
authentic:1.0
sure-fire:1.0
way:1.0
making:1.0
great:1.0
used:1.0
adorn:1.0
gyros:1.0
thanks:1.0
e-mail:1.0
locus.com*vidi:1.0
vici:1.0
veni:1.0
