akins:1.0
cbnewsd.cb.att.com:1.0
kay.a.akins:1.0
subject:1.0
seizure:1.6931471805599454
information:1.6931471805599454
infant:1.0
tollfree:1.0
hotline:1.0
epilepsy:1.0
foundation:1.6931471805599454
america:1.0
1-800-efa-1000:1.0
able:1.0
answer:1.0
questions:1.0
send:1.0
references:1.6931471805599454
types:1.0
medication:1.0
etc:1.0
also:1.6931471805599454
give:1.0
pediatric:1.0
neorologist:1.0
area:1.0
ask:1.0
number:1.0
local:1.0
put:1.0
touch:1.0
parent:1.0
support:1.0
group:1.0
social:1.0
workers:1.0
good:1.0
luck:1.0
