tas:1.0
pegasus.com:1.0
len:1.6931471805599454
howard:1.6931471805599454
subject:1.0
foreskin:1.6931471805599454
troubles:1.0
article:1.0
1993apr18.042100.2720:1.0
radford.vak12ed.edu:1.6931471805599454
mmatusev:1.0
melissa:1.6931471805599454
n:1.0
matusevich:1.0
writes:1.0
done:1.0
short:1.0
circumcision:2.09861228866811
adult:1.0
male:1.0
whose:1.0
retract:1.0
simpler:1.6931471805599454
procedure:1.0
called:1.0
dorsal:1.0
slit:1.0
really:1.0
first:1.0
step:1.0
usual:1.0
quicker:1.0
pain:1.0
anesthetic:1.0
wears:1.0
aesthetic:1.0
result:1.0
post:1.0
healing:1.0
good:1.0
see:1.0
friendly:1.0
urologist:1.0
details:1.0
