mmatusev:1.0
radford.vak12ed.edu:1.0
melissa:1.0
n:1.0
matusevich:1.0
subject:1.0
help:1.0
inject:1.6931471805599454
according:1.0
previous:1.0
poster:1.0
one:1.6931471805599454
seek:1.0
doctors:1.0
assistance:1.0
injections:1.0
sumatriptin:1.0
sp:1.0
doesnt:1.0
oneself:1.0
immediately:1.0
upon:1.0
onset:1.0
migraine:1.0
