sjha:1.0
cs.cmu.edu:1.0
somesh:1.6931471805599454
jha:1.0
subject:1.0
intersection:1.6931471805599454
syndrome:1.6931471805599454
near:1.0
forearm/wrist:1.0
hi:1.0
went:1.0
orthopedist:1.0
tuesday:1.0
diagnosed:1.0
prescribed:1.0
feldene:1.0
want:1.0
know:1.0
disease:1.0
drug:1.0
thanks:1.0
