ske:2.09861228866811
pkmab.se:1.6931471805599454
kristoffer:1.6931471805599454
eriksson:1.6931471805599454
subject:1.0
science:1.6931471805599454
methodology:1.6931471805599454
homeopathy:1.0
tradition:1.0
article:1.0
1quqlginn83q:1.0
im4u.cs.utexas.edu:1.0
turpin:1.6931471805599454
cs.utexas.edu:1.0
russell:1.0
writes:1.0
definition:1.6931471805599454
investigation:1.0
empirical:1.0
avoids:1.0
mistakes:1.6931471805599454
reasoning:1.0
discovered:1.0
previous:1.6931471805599454
work:1.0
reading:1.0
wonder:1.0
recognize:1.0
something:1.0
mistake:1.6931471805599454
seems:1.0
proponents:1.0
pseudo-sciences:1.0
might:1.0
ideas:1.0
constitutes:1.0
discoveries:1.0
accept:1.0
peridot:1.0
konsult:1.0
ab:1.0
stallgatan:1.0
2:1.0
s-702:1.0
26:1.0
oerebro:1.0
sweden:1.0
phone:1.0
46:1.6931471805599454
19-33:1.6931471805599454
13:1.6931471805599454
00:1.0
e-mail:1.0
fax:1.0
30:1.0
mail.swip.net:1.0
kullmar:1.0
pkmab:1.0
