etxmow:1.0
garbo.ericsson.se:1.0
mats:1.6931471805599454
winberg:1.6931471805599454
subject:1.0
help:1.0
kidney:2.09861228866811
stones:1.6931471805599454
isnt:1.0
relatively:1.0
new:1.0
treatment:2.09861228866811
involving:1.0
non-invasive:1.0
use:1.0
ultra-sound:1.0
patient:1.0
lowered:1.0
sort:1.0
liquid:1.0
he/she:1.0
undergoes:1.0
im:1.0
sure:1.0
ive:1.0
read:1.0
somewhere:1.0
remember:1.0
correctly:1.0
painless:1.0
effective:1.0
couple:1.0
weeks:1.0
ago:1.0
visited:1.0
hospital:1.0
stockholm:1.6931471805599454
saw:1.0
big:1.0
signs:1.0
showing:1.0
way:1.0
stone:1.0
chrusher:1.0
sweden:1.0
