bbenowit:2.09861228866811
telesciences.com:1.6931471805599454
barry:1.6931471805599454
benowitz:1.6931471805599454
subject:1.0
prk:1.6931471805599454
photo:1.0
refractive:1.0
keratostomy:1.0
interested:1.0
procedure:1.6931471805599454
able:1.0
add:1.0
following:1.0
facts:1.0
1:1.6931471805599454
done:1.0
philadelphia:1.0
2:1.0
performed:1.6931471805599454
maryland:1.0
johns:1.0
hopkins:1.0
corrections:1.6931471805599454
0:1.6931471805599454
5:1.0
10:1.0
20:1.0
diopters:1.0
think:1.6931471805599454
units:1.0
3:1.0
new:1.6931471805599454
york:1.0
city:1.0
manhattan:1.0
eye:1.0
ear:1.0
6:1.0
magic:1.0
words:1.0
use:1.0
requesting:1.0
information:1.0
mean:1.0
rk:1.0
excimer:1.0
laser:1.0
study:1.0
protocol:1.0
get:1.0
proper:1.0
people:1.0
email:1.0
pyrnj:1.0
telesci:1.0
phone:1.0
609:1.0
866:1.0
1000:1.0
x354:1.0
snail:1.0
telesciences:1.0
co:1.0
systems:1.0
351:1.0
albany:1.0
rd:1.0
moorestown:1.0
nj:1.0
08057-1177:1.0
