ffujita:1.0
s.psych.uiuc.edu:1.0
frank:1.6931471805599454
fujita:1.6931471805599454
subject:1.0
choleric:1.0
great:1.0
nt/nf:1.0
semantic:1.0
war:1.0
also:1.0
remember:1.0
people:1.0
map:1.0
sanguine/choleric/melencholic/phlegmatic:1.0
division:1.0
onto:1.0
extraversion:1.0
neuroticism:1.6931471805599454
dimensions:1.0
like:1.0
eysenck:1.0
mbti:1.0
deal:1.0
costa:1.0
mccrae:1.0
