candee:1.6931471805599454
brtph5.bnr.ca:1.0
ellis:1.0
p885:1.0
subject:1.0
help:1.0
kidney:2.09861228866811
stones:2.09861228866811
think:1.0
doctor:1.0
tells:1.0
definitely:1.0
follow:1.0
sister:1.0
diagnosed:1.0
1:1.0
1/2:1.0
years:1.0
ago:1.0
given:1.0
medication:1.0
take:1.6931471805599454
dissolve:1.0
failed:1.0
continued:1.0
great:1.0
pain:1.0
decided:1.0
endometriosis:1.0
exploratory:1.0
surgery:1.0
discovered:1.0
tumor:1.0
turned:1.0
rhabdomyosarcoma:1.0
rare:1.0
agressive:1.0
cancer:1.0
realize:1.0
happens:1.0
majority:1.0
cases:1.0
never:1.0
know:1.0
happen:1.0
shouldnt:1.0
chances:1.0
