elg:2.09861228866811
silver.lcs.mit.edu:1.6931471805599454
elizabeth:1.6931471805599454
glaser:1.6931471805599454
subject:1.0
net:1.0
address:2.386294361119891
looking:1.0
email:1.0
world:1.6931471805599454
health:1.6931471805599454
organization:1.6931471805599454
particular:1.0
department:1.0
nursing:1.6931471805599454
chief:1.0
scientist:1.0
dr:1.0
miriam:1.0
hirschfeld:1.0
snail-mail:1.0
following:1.0
20:1.0
avenue:1.0
appia:1.0
1211:1.0
geneva:1.0
27:1.0
switzerland:1.0
please:1.0
respond:1.0
directly:1.0
thank:1.0
assistance:1.0
rn:1.0
