vrao:1.6931471805599454
nyx.cs.du.edu:1.6931471805599454
vinay:2.09861228866811
rao:1.6931471805599454
subject:1.0
density:1.6931471805599454
skull:1.6931471805599454
bone:1.6931471805599454
could:1.0
someone:1.0
tell:1.0
direct:1.0
reference:1.0
contains:1.0
info:1.0
would:1.0
appreciate:1.0
much:1.0
thanks:1.0
j:1.0
