subject:1.0
calcium:1.6931471805599454
deposits:1.6931471805599454
heart:1.6931471805599454
valve:1.0
john.greze:1.6931471805599454
execnet.com:1.6931471805599454
john:1.0
greze:1.0
friend:1.0
62:1.0
year:1.0
old:1.0
man:1.0
one:1.0
valves:1.0
causes:1.0
happen:1.0
done:1.0
