x91hozak:1.0
gw.wmich.edu:1.0
subject:1.0
prk:1.6931471805599454
referral:1.0
canada:1.6931471805599454
could:1.6931471805599454
please:1.6931471805599454
refer:1.0
someone:1.6931471805599454
perform:1.0
photo:1.0
refractive:1.0
keratostomy:1.0
preferably:1.0
eastern:1.0
portion:1.0
ive:1.0
looked:1.0
yellow:1.0
pages:1.0
little:1.0
success:1.0
good:1.0
bad:1.0
matter:1.0
experience:1.0
would:1.0
especially:1.0
helpful:1.0
let:1.0
know:1.0
thanks:1.0
kurt:1.0
hozak:1.0
92hozak:1.0
lab.cc.wmich.edu:1.0
preferred:1.0
address:1.0
