haynes:2.386294361119891
cats.ucsc.edu:1.6931471805599454
jim:1.0
subject:1.0
poisoning:1.0
heavy:1.6931471805599454
water:1.6931471805599454
many:1.0
mris:1.0
remember:1.0
article:1.0
scientific:1.0
american:1.0
maybe:1.0
20:1.0
years:1.0
ago:1.0
someone:1.0
else:1.0
noted:1.0
rats:1.0
mice:1.0
fed:1.0
nothing:1.0
eventually:1.0
died:1.0
explanation:1.0
given:1.0
cats.bitnet:1.0
ya:2.09861228866811
talk:1.0
wan:1.0
na:1.0
difrent:1.0
aint:1.0
got:1.0
ta:1.0
know:1.0
territory:1.0
meredith:1.0
willson:1.0
music:1.0
man:1.0
