subject:1.0
hypodermic:1.6931471805599454
needle:1.6931471805599454
bolsen:1.0
eis.calstate.edu:1.0
becky:1.6931471805599454
olsen:1.6931471805599454
hi:1.0
term:1.0
paper:1.0
syringe:1.0
found:1.6931471805599454
information:1.6931471805599454
said:1.0
charles:1.0
pravaz:1.0
invented:1.6931471805599454
also:1.0
alexander:1.0
wood:1.0
anyone:1.6931471805599454
know:1.0
one:1.0
else:1.0
anymore:1.0
could:1.0
please:1.0
send:1.0
thank:1.0
much:1.0
