doyle:2.386294361119891
pitt.edu:1.6931471805599454
howard:1.6931471805599454
r:1.0
subject:1.0
roc:2.09861228866811
curves:1.0
software:1.0
understand:1.0
robert:1.0
centor:1.0
program:1.0
called:1.0
analyzer:1.0
used:1.0
receiver:1.0
operating:1.0
characteristic:1.0
curve:1.0
analysis:1.0
anyone:1.6931471805599454
know:1.6931471805599454
avaliable:1.0
ftp:1.0
site:1.0
get:1.0
copy:1.0
