jowalker:1.6931471805599454
polyslo.csc.calpoly.edu:1.0
thespian:1.0
subject:1.0
request:1.0
gyro:1.0
souvlaki:1.0
sauce:1.0
got:1.0
recipe:1.6931471805599454
watier:1.0
greek:1.6931471805599454
island:1.0
samos:1.0
use:1.0
spread:1.0
bread:1.0
butit:1.0
excellent:1.0
gyros:1.0
well:1.0
way:1.0
actual:1.0
name:1.0
tzatziki:1.0
yoghurt:1.0
chopped:1.6931471805599454
garlic:1.0
peeled:1.0
cucumber:1.0
salt:1.0
white:1.0
pepper:1.0
little:1.6931471805599454
olive:1.0
oil:1.0
vinegar:1.0
would:1.0
love:1.0
hear:1.0
good:1.0
recipes:1.0
jon:1.0
walker:1.0
oboe.calpoly.edu:1.0
