ipj:2.09861228866811
unix.brighton.ac.uk:1.0
fleg:1.0
software:1.0
subject:1.0
artificial:1.6931471805599454
intelligence:1.6931471805599454
medicine:1.6931471805599454
information:1.0
would:1.0
appreciate:1.0
could:1.0
mail:1.0
whatever:1.0
informations:1.0
needed:1.0
project:1.0
thank:1.0
ian:1.6931471805599454
jukes:1.0
bsc:1.0
computer:1.0
science:1.0
hons:1.0
year:1.0
2:1.0
university:1.0
brighton:1.0
janet:1.0
e-mail:1.0
uk.ac.bton.unix:1.0
uk.ac.bton.vms:1.0
