stephen:2.09861228866811
mont.cs.missouri.edu:1.0
montgomery-smith:1.0
subject:1.0
pregnency:1.0
without:1.6931471805599454
sex:1.0
school:1.0
boy:1.0
biology:1.6931471805599454
teacher:1.6931471805599454
told:1.0
us:1.6931471805599454
incident:1.0
couple:1.0
passionate:1.0
actually:1.6931471805599454
sexual:1.0
intercourse:1.0
somehow:1.0
girl:1.0
became:1.0
pregnent:1.0
sperm:1.0
cells:1.0
made:1.0
way:1.0
clothes:1.0
via:1.0
persperation:1.0
misinforming:1.0
incidents:1.0
occur:1.0
