jtpoupor:2.09861228866811
undergrad.math.uwaterloo.ca:2.09861228866811
jeff:2.09861228866811
poupore:2.09861228866811
subject:1.0
barbecued:2.09861228866811
foods:1.6931471805599454
health:1.0
risk:1.0
hi:1.0
thought:1.0
id:1.0
add:1.0
something:1.0
conversation:1.0
girlfriend:1.0
used:1.0
work:1.0
lab:1.0
studying:1.0
different:1.0
natural:1.6931471805599454
carcinogens:1.0
mentioned:1.0
cancerous:1.0
effect:1.0
food:1.0
basically:1.0
said:1.0
eat:1.0
strawberries:1.0
carcinogen:1.0
slight:1.0
carcinogenic:1.0
properties:1.0
cancel:1.0
