dh:1.0
fncrd6.fnal.gov:1.0
husby:1.0
subject:1.0
krillean:1.0
photography:1.6931471805599454
poor:1.0
persons:1.0
kirlian:1.0
try:1.0
home:1.0
1:1.0
hold:1.0
hand:1.6931471805599454
cold:1.0
window:1.6931471805599454
2:1.0
look:1.0
closely:1.0
stunning:1.0
corona:1.0
effects:1.0
around:1.0
fingertips:1.0
3:1.0
remove:1.0
observe:1.0
image:1.0
4:1.0
invent:1.0
crackpot:1.0
theory:1.0
explain:1.0
effect:1.0
