chorley:1.0
vms.ocom.okstate.edu:1.0
subject:1.0
cs:1.6931471805599454
gas:1.6931471805599454
allergic:1.6931471805599454
response:1.6931471805599454
ques:1.0
question:1.0
derives:1.0
waco:1.0
incident:1.0
could:1.0
particles:1.0
create:1.0
would:1.0
result:1.0
laryngospasm:1.0
asphyxiation:1.0
especially:1.0
children:1.0
dnc:1.0
ok:1.0
osu-com:1.0
disavow:1.0
opinion:1.0
existence:1.0
necessary:1.0
