n3022:1.0
cray.com:1.0
jim:1.0
knoll:1.0
subject:1.0
patti:1.6931471805599454
dukes:1.0
problem:1.0
anyone:1.0
information:1.0
struggles:1.0
duke:1.0
went:1.0
personal:1.0
life:1.0
severe:1.0
mood:1.0
swings:1.0
form:1.0
chemical:1.0
imbalance:1.0
triggered:1.0
problems:1.0
recall:1.0
wrote:1.0
book:1.6931471805599454
troubles:1.0
someone:1.0
title:1.0
