aj2a:1.0
galen.med.virginia.edu:1.0
amir:1.0
anthony:1.0
jazaeri:1.0
subject:1.0
heat:1.0
shock:1.0
proteins:1.0
way:1.0
ms:1.0
olmstead:1.0
dna:1.0
degraded:1.6931471805599454
stomach:1.0
ph:1.6931471805599454
2:1.0
duodenum:1.0
approx:1.0
neutral:1.0
dnaase:1.0
enzymes:1.0
secreted:1.0
pancreas:1.0
point:1.0
check:1.0
facts:1.0
yelling:1.0
people:1.0
friendly:1.0
suggestion:1.0
aaj:1.0
4/26/93:1.0
