renee:1.6931471805599454
rme1:1.6931471805599454
cornell.edu:1.6931471805599454
subject:1.0
chelation:2.09861228866811
therapy:2.09861228866811
anyone:1.0
know:1.0
anything:1.0
using:1.0
edta:1.6931471805599454
uncle:1.0
emphesema:1.0
doctor:1.0
wants:1.0
try:1.0
wondering:1.0
1:1.0
evidence:1.0
beneficial:1.0
condition:1.6931471805599454
2:1.0
possible:1.0
side:1.0
effects:1.0
mimimized:1.0
please:1.0
respond:1.0
via:1.0
e-mail:1.0
thanks:1.0
