klaus:2.09861228866811
ipri.go.jp:1.0
hofmann:1.6931471805599454
6663:1.0
subject:1.0
cats:1.6931471805599454
pregnancy:1.0
hello:1.0
heard:1.0
certain:1.0
disease:1.0
toxoplasmosys:1.0
transmitted:1.0
harm:1.0
unborn:1.0
fetus:1.0
anybody:1.0
know:1.0
problem:1.0
cat:1.0
apartment:1.0
thanks:1.0
national:1.0
institute:1.0
materials:1.0
chemical:1.0
research:1.0
1-1:1.0
higashi:1.0
tsukuba:1.0
ibaraki:1.0
305:1.0
japan:1.0
