ebrandt:1.6931471805599454
jarthur.claremont.edu:1.6931471805599454
eli:1.6931471805599454
brandt:1.0
subject:1.0
krillean:1.0
photography:2.386294361119891
article:1.0
mmeyer.93apr26102056:1.0
m2.dseg.ti.com:1.6931471805599454
mmeyer:1.0
mark:1.0
meyer:1.0
writes:1.0
besides:1.0
kirilian:1.0
actually:1.0
friends:1.0
two-year-old:1.0
son:1.0
kiril:1.0
perhaps:1.0
meant:1.0
kirlian:1.0
think:1.0
typo:1.0
karelian:1.0
practice:1.0
taking:1.0
pictures:1.0
either:1.0
finns:1.0
russians:1.0
depending:1.0
one:1.0
asks:1.0
