badboy:1.6931471805599454
netcom.com:1.6931471805599454
jay:1.6931471805599454
keller:1.6931471805599454
subject:1.0
men:1.6931471805599454
get:2.09861228866811
yeast:2.6094379124341005
infections:1.6931471805599454
spread:1.6931471805599454
kind:1.0
symptoms:1.0
ent:1.0
doctor:1.0
told:1.0
uncommon:1.0
wife:2.09861228866811
vaginal:1.0
infection:1.6931471805599454
husband:1.0
takes:1.0
antibiotics:1.6931471805599454
fact:1.0
recently:1.0
happened:1.0
explanation:1.0
kill:1.0
yeasts:1.0
competition:1.0
thrive:1.0
increased:1.0
around:1.0
penis:1.0
intercourse:1.0
ceclor:1.0
30:1.0
days:1.0
got:1.0
