spp:1.0
zabriskie.berkeley.edu:1.0
steve:1.6931471805599454
pope:1.0
subject:1.0
men:1.0
get:1.0
yeast:1.6931471805599454
infections:1.0
woman:1.0
told:1.6931471805599454
doctor:1.0
could:1.0
catch:1.0
asymptomatically:1.0
infection:1.0
give:1.0
back:1.0
causing:1.0
relapse:1.0
probably:1.0
bogus:1.0
another:1.0
reason:1.0
use:1.0
latex:1.0
