gary:2.09861228866811
concave.cs.wits.ac.za:1.0
taylor:1.6931471805599454
subject:1.0
umbilical:1.6931471805599454
hernia:1.6931471805599454
could:1.6931471805599454
anyone:1.0
give:1.0
information:1.0
hernias:1.0
patient:1.0
weight:1.0
protruding:1.0
surgery:1.0
may:1.0
risky:1.0
due:1.0
obesity:1.0
remedies:1.0
try:1.0
thanx:1.0
advance:1.0
dr:1.0
