badboy:1.0
netcom.com:1.0
jay:1.6931471805599454
keller:1.6931471805599454
subject:1.0
proventil:2.09861228866811
inhaler:1.6931471805599454
article:1.0
16bb6cdeb.rick:1.0
ysub.ysu.edu:1.6931471805599454
rick:1.6931471805599454
marsico:1.0
writes:1.0
asthma:1.0
relief:1.0
fall:1.0
steroid:1.0
nonsteroid:1.0
category:1.0
looking:1.0
product:1.0
literature:1.0
clear:1.0
non-steroid:1.0
brand:1.0
albuterol:1.0
bronchodilator:1.0
regards:1.0
asthmatic:1.0
proventil-head:1.0
