chcho:1.0
vnet.ibm.com:1.0
chul-hee:1.6931471805599454
cho:1.6931471805599454
subject:1.0
prohibit:1.6931471805599454
spiral:1.6931471805599454
meningitis:1.6931471805599454
like:1.0
know:1.0
effective:1.0
prevent:1.0
child:1.0
five:1.0
years:1.0
old:1.0
heard:1.0
canada:1.0
sort:1.0
side:1.0
effects:1.0
etc:1.0
