chungy2:1.0
rebecca.its.rpi.edu:1.0
yau:1.0
felix:1.0
chung:1.0
subject:1.0
nasopharinx:1.0
carcenoma:1.6931471805599454
hi:1.0
anyone:1.0
know:1.0
possible:1.0
causes:1.0
nasoparynx:1.0
chances:1.0
hereditary:1.0
also:1.0
advacned:1.0
cases:1.0
general:1.0
procedure:1.0
reduce:1.0
pain:1.6931471805599454
area:1.0
prevents:1.0
patient:1.0
eating:1.0
due:1.0
excessive:1.0
swallowing:1.0
even:1.0
talking:1.0
thanks:1.0
f:1.0
