tegarr01:1.0
ulkyvx.louisville.edu:1.0
subject:1.6931471805599454
herpes:1.6931471805599454
question:1.0
looking:1.6931471805599454
clarification:1.0
trying:1.0
find:1.0
information:1.0
hsv-2:1.0
transmitted:2.09861228866811
currently:1.0
know:1.6931471805599454
inflammation:1.0
periods:1.0
also:1.0
want:1.0
accurately:1.0
tested:1.0
showing:1.0
symtoms:1.0
help:1.0
would:1.0
greatly:1.0
appreciate:1.0
teg:1.0
