donald:1.0
mackie:1.6931471805599454
donald_mackie:1.0
med.umich.edu:1.0
subject:1.0
iridology:1.6931471805599454
credence:1.0
article:1.0
9304261811.aa07821:1.0
dpw.com:1.6931471805599454
janice:1.0
price:1.0
jprice:1.0
writes:1.0
much:1.0
tell:1.0
persons:1.0
health:1.0
looking:2.09861228866811
eyes:1.0
iris:1.0
virtually:1.0
nothing:1.0
retina:1.0
allows:1.0
one:1.0
visualise:1.0
small:1.0
blood:1.0
vessels:1.0
helpful:1.0
assessing:1.0
various:1.0
systemic:1.0
diseases:1.0
hypertension:1.0
diabetes:1.0
example:1.0
opinion:1.0
um:1.0
disavow:1.0
