lawrence:1.0
curcio:1.0
lc2b:1.0
andrew.cmu.edu:1.0
subject:1.0
men:1.6931471805599454
get:2.09861228866811
yeast:2.09861228866811
infections:2.09861228866811
wife:1.0
used:1.0
recurrent:1.0
one:1.0
day:1.6931471805599454
doctor:1.0
sent:1.0
home:1.0
medication:1.0
pill:1.6931471805599454
took:1.0
upon:1.0
insistence:1.0
relieved:1.0
next:1.0
looked:1.0
pdr:1.0
rarely:1.0
causes:1.0
testicular:1.0
atrophy:1.0
anyway:1.0
apparently:1.0
