matthews:1.6931471805599454
oswego.edu:1.0
harry:1.0
subject:1.0
pregnency:1.0
without:1.0
sex:1.0
right:1.0
listen:1.0
possibilities:1.0
transmission:1.0
swimming:1.6931471805599454
pool:1.0
water:1.0
especially:1.0
chlorination:1.0
isnt:1.0
par:1.0
ive:1.0
heard:1.0
community:1.0
pools:1.0
refered:1.0
public:1.0
urinals:1.0
else:1.0
going:1.0
