kryan:1.0
stein.u.washington.edu:1.0
kerry:1.0
ryan:1.0
subject:1.0
looking:1.0
info:1.6931471805599454
kemotherapy:1.6931471805599454
sp:1.6931471805599454
hello:1.0
friend:1.0
going:1.0
breast:1.0
cancer:1.0
im:1.0
trying:1.0
learn:1.0
would:1.0
appreciated:1.0
thanks:1.0
