werckme1:1.0
eecs.uic.edu:1.0
robert:1.0
werckmeister:1.0
subject:1.0
ecg:1.6931471805599454
data:1.6931471805599454
needed:1.0
need:1.0
uncompressed:1.0
hopefully:1.0
ascii:1.0
format:1.0
dont:1.0
care:1.0
looks:1.0
like:1.0
signal:1.0
processing:1.0
project:1.0
