samuel:1.6931471805599454
paul.rutgers.edu:1.6931471805599454
empress:1.0
carrena:1.0
kristina:1.0
subject:1.0
request:1.0
faq:1.6931471805599454
hi:1.0
friend:1.0
interested:1.0
subscribing:1.0
newsgroup:1.6931471805599454
unfortunatly:1.0
usenet:1.0
access:1.0
someone:1.0
could:1.0
send:1.6931471805599454
info:1.0
subscribe:1.0
wed:1.0
appreciative:1.0
want:1.0
get:1.0
read:1.0
regularly:1.0
though:1.0
e-mail:1.6931471805599454
please:1.0
thank:1.0
jody:1.6931471805599454
rebeccacolby:1.0
collegemajors:1.0
history/sociology:1.0
class:1.0
94:1.0
jrgould:1.0
colby.edu:1.0
fantasy:1.0
music:1.0
colors:1.0
animals:1.0
lead:1.0
society:1.0
oppression:1.0
