samuel:1.6931471805599454
paul.rutgers.edu:1.6931471805599454
empress:1.0
carrena:1.0
kristina:1.0
subject:1.0
oops:1.0
silly:1.0
sorry:1.6931471805599454
friends:1.0
address:1.0
wants:1.0
faq:1.0
info:1.0
jjsulliv:1.0
colby.edu:1.6931471805599454
folks:1.0
jody:1.6931471805599454
rebeccacolby:1.0
collegemajors:1.0
history/sociology:1.0
class:1.0
94:1.0
e-mail:1.0
jrgould:1.0
fantasy:1.0
music:1.0
colors:1.0
animals:1.0
lead:1.0
society:1.0
oppression:1.0
