enea1:1.0
applelink.apple.com:1.0
horace:1.6931471805599454
enea:1.0
subject:1.0
persistent:2.09861228866811
vs:1.6931471805599454
chronic:2.09861228866811
anyone:1.0
tell:1.0
difference:1.0
disease:1.0
one:1.0
example:1.0
hepatitis:1.6931471805599454
thanks:1.0
