opdbs:1.6931471805599454
vm.cc.latech.edu:1.6931471805599454
subject:1.0
sell:1.6931471805599454
tens:1.6931471805599454
unit:1.6931471805599454
sci:1.0
med:1.0
people:1.0
sold:1.0
physician:1.0
liscened:1.0
person:1.0
doug:1.0
