brenda:2.09861228866811
bookhouse.eng.sun.com:1.0
bowden:1.0
subject:1.0
feverfew:2.6094379124341005
migraines:2.09861228866811
heard:1.0
short:1.0
blurb:1.0
news:1.6931471805599454
yesterday:1.0
herb:1.0
called:1.0
say:1.0
good:1.6931471805599454
preventing:1.0
think:1.0
said:1.0
two:1.0
double-blind:1.0
studies:1.6931471805599454
found:1.0
effective:1.0
anyone:1.0
know:1.0
experience:1.0
im:1.0
skeptical:1.0
open:1.0
trying:1.0
find:1.0
much:1.0
would:1.0
take:1.0
prevent:1.0
idea:1.0
known:1.0
risks:1.0
side:1.0
effects:1.0
thanks:1.0
advance:1.0
info:1.0
