mmm:1.0
cup.portal.com:1.0
mark:1.0
robert:1.0
thorson:1.0
subject:1.0
info:1.0
colonics:1.6931471805599454
purification:1.0
health:1.0
fad:1.0
19th:1.0
century:1.0
persists:1.0
day:1.0
except:1.0
certain:1.0
medical:1.0
conditions:1.0
reason:1.0
certainly:1.0
normal:1.6931471805599454
person:2.09861228866811
frequent:1.0
use:1.0
enemas:1.6931471805599454
lead:1.0
condition:1.6931471805599454
unable:1.0
bowel:1.0
passage:1.0
essentially:1.0
becomes:1.0
addicted:1.0
understand:1.0
unpleasant:1.0
would:1.0
best:1.0
avoid:1.0
