dozonoff:1.6931471805599454
bu.edu:1.0
david:1.6931471805599454
ozonoff:1.6931471805599454
subject:1.0
food-related:1.0
seizures:1.6931471805599454
michael:1.0
covington:1.0
mcovingt:1.0
aisun3.ai.uga.edu:1.0
wrote:1.0
contaminants:1.0
corn:1.0
e.g:1.0
aflatoxin:1.0
little:1.0
alflatoxin:1.0
commercial:1.0
cereal:1.0
products:1.0
certainly:1.0
wouldnt:1.0
cause:1.0
md:1.0
mph:1.0
boston:1.6931471805599454
university:1.0
school:1.0
public:1.0
health:1.0
med-itvax1.bu.edu:1.0
80:1.0
east:1.0
concord:1.0
st:1.0
t3c:1.0
617:1.0
638-4620:1.0
02118:1.0
