subject:1.0
experts:1.0
edward:1.6931471805599454
jenner:1.6931471805599454
look:1.0
pkwok:1.0
eis.calstate.edu:1.0
philip:1.0
kwok:1.0
student:1.0
san:1.0
leandro:1.0
high:1.0
school:1.0
research:1.0
project:1.0
physics:1.0
would:1.6931471805599454
like:1.0
information:1.6931471805599454
vaccination:1.0
small:1.0
pox:1.0
greatly:1.0
apprectiated:1.0
thank:1.0
