hoss:1.6931471805599454
panix.com:1.6931471805599454
felix:1.6931471805599454
cat:2.09861228866811
subject:1.0
good:1.0
place:1.0
back:1.6931471805599454
surgery:2.6094379124341005
gary.schuetter:1.0
garyws:1.0
cbnewsg.cb.att.com:1.0
wrote:1.0
hello:1.0
one:1.6931471805599454
quick:1.0
question:1.0
father:1.0
problem:1.0
long:1.0
time:1.0
doctors:1.6931471805599454
diagnosed:1.0
operation:1.0
needed:1.0
since:1.0
lives:1.0
mexico:1.0
wants:1.0
know:2.09861228866811
hospital:2.6094379124341005
anywhere:1.0
united:1.0
states:1.0
particulary:1.0
famous:1.6931471805599454
kind:1.6931471805599454
like:1.0
houston:1.0
reputation:1.0
excellent:1.0
eye:1.0
additional:1.0
info:1.6931471805599454
pointers:1.0
appreciated:1.0
whole:1.0
lot:1.0
new:2.09861228866811
york:2.09861228866811
city:1.0
orthopedists:1.0
namely:1.0
special:1.6931471805599454
located:1.0
upper:1.0
east:2.09861228866811
side:1.0
manhattan:1.0
want:1.0
address:1.0
phone:1.0
let:1.0
ill:1.0
get:1.0
dont:1.0
hand:1.0
interested:1.0
hospitals:1.0
referring:1.0
535:1.0
70th:1.0
street:1.6931471805599454
ny:1.6931471805599454
10021:1.0
212-606-1555:1.0
physician:1.0
referral:1.0
service:1.0
joint:1.0
diseases:1.0
301:1.0
17th:1.0
10003:1.0
212-598-7600:1.0
0:1.6931471805599454
wonderful:1.6931471805599454
meow:1.0
