msnyder:1.0
nmt.edu:1.0
rebecca:1.6931471805599454
snyder:1.0
subject:1.0
centi:1.0
milli:1.0
pedes:1.0
anyone:1.0
know:1.6931471805599454
posionous:1.0
centipedes:1.0
millipedes:1.0
someone:1.0
bitten:1.6931471805599454
soon:1.0
would:1.6931471805599454
medical:1.0
treatment:1.0
needed:1.0
liable:1.0
happen:1.0
person:1.0
clarification:1.0
one:1.0
house:1.0
seems:1.0
infested:1.0
want:1.0
case:1.0
