rrome:1.6931471805599454
nyx.cs.du.edu:1.6931471805599454
robert:1.0
rome:1.0
subject:1.0
need:1.0
prozac:1.6931471805599454
info:1.0
im:1.0
looking:1.0
information:1.6931471805599454
regarding:1.6931471805599454
dosages:1.0
used:1.0
minor:1.0
depression:1.0
also:1.0
drug:1.0
helpful:1.0
please:1.0
send:1.0
responses:1.0
direct:1.0
thanks:1.0
