nigel:1.0
allen:1.0
nigel.allen:1.0
canrem.com:1.0
subject:1.0
results:2.6094379124341005
gusto:3.3978952727983707
heart:2.9459101490553135
attack:2.386294361119891
study:2.6094379124341005
released:1.6931471805599454
friday:2.386294361119891
press:3.302585092994046
release:1.0
medical:2.791759469228055
science:2.09861228866811
communications:1.6931471805599454
assignment:1.0
desk:1.0
writer:1.0
contact:2.09861228866811
jim:1.6931471805599454
augustine:1.6931471805599454
communication:1.0
703-644-6824:1.6931471805599454
steve:1.6931471805599454
hull:1.6931471805599454
tracy:1.6931471805599454
furey:1.6931471805599454
800-477-9626:1.6931471805599454
april:2.386294361119891
29-30:1.0
202-393-2000:1.6931471805599454
202-662-7592:1.6931471805599454
j.w:1.6931471805599454
marriott:1.6931471805599454
news:1.6931471805599454
advisory:1.0
largest:1.0
ever:1.0
undertaken:1.0
global:1.0
utilization:1.0
streptokinase:1.0
t-pa:1.0
occluded:1.0
coronary:1.0
arteries:1.6931471805599454
trial:1.6931471805599454
presented:1.6931471805599454
30:2.09861228866811
clinical:2.6094379124341005
research:2.09861228866811
meeting:2.09861228866811
conference:3.0794415416798357
held:1.6931471805599454
12:30:1.6931471805599454
p.m:2.09861228866811
evaluates:1.0
aggressive:1.0
emergency-room:1.0
treatment:1.6931471805599454
strategies:2.09861228866811
available:2.09861228866811
clear:1.0
blocked:1.0
restore:1.0
blood:1.6931471805599454
flow:1.0
process:1.0
called:1.0
thrombolysis:1.0
thrombolytic:1.0
compared:1.6931471805599454
use:1.0
powerful:1.0
drugs:1.0
break:1.0
clots:1.6931471805599454
vessels:1.0
quickly:1.0
prevent:1.0
recurring:1.0
never:1.0
directly:1.0
large-scale:1.0
expected:1.0
important:1.0
impact:1.0
worldwide:1.0
two:1.0
locations:1.0
live:1.0
national:1.0
club:1.0
main:1.0
lounge:1.0
13th:1.0
floor:1.6931471805599454
529:1.0
14th:1.0
st:1.0
n.w:1.0
washington:2.09861228866811
d.c:1.0
via:1.6931471805599454
satellite:1.6931471805599454
hotel:1.0
macklowe:1.0
145:1.0
w:1.0
44th:1.0
street:1.0
4th:1.0
new:1.0
york:1.0
city:1.0
broadway:1.0
6th:1.0
avenue:1.0
eric:1.0
topol:1.0
m.d:2.09861228866811
chairman:1.6931471805599454
professor:2.09861228866811
department:1.0
cardiology:1.6931471805599454
cleveland:1.0
clinic:1.0
foundation:1.0
robert:1.0
califf:1.0
director:1.6931471805599454
coordinating:1.0
center:2.09861228866811
associate:1.0
medicine:1.0
duke:1.0
university:1.6931471805599454
allan:1.0
ross:1.0
coordinator:1.0
angiographic:1.0
substudy:1.0
division:1.0
george:1.0
editorial:1.0
notes/attention:1.0
television:1.0
may:1.0
viewed:1.0
entirety:1.0
starting:1.0
edt:1.0
c-band:1.0
telestar:1.0
302:1.0
transponder:1.6931471805599454
2v:1.0
dual:1.0
audio:1.0
6.2:1.0
6.8:1.0
kusbs6:1.0
8:1.0
following:1.0
package:1.0
b-roll:1.0
feed:1.0
camera-ready:1.0
illustrations:1.0
also:1.6931471805599454
telephone:1.0
hook:1.0
planned:1.0
availability:1.0
limited:1.0
please:1.0
call:1.0
mcs:1.6931471805599454
information:2.09861228866811
reporters:1.0
sheraton:1.6931471805599454
attending:1.0
morning:1.0
minibus:1.0
transportation:1.0
provided:1.0
bus:1.0
depart:1.0
12:1.0
return:1.0
group:1.0
29:1.0
canada:1.0
remote:1.0
systems:1.0
toronto:1.0
ontario:1.0
416-629-7000/629-7044:1.0
