eileen:1.6931471805599454
microware.com:1.0
beck:1.0
subject:1.0
cortisone:2.09861228866811
shots:2.386294361119891
need:1.0
information:1.0
implications:1.0
receiving:1.0
seasonal:1.0
allergic:1.0
condition:1.0
ive:1.6931471805599454
usual:1.0
skin:1.0
prick:1.0
tests:1.0
common:1.0
allergies:1.0
reacted:1.0
none:1.0
substances:1.0
last:1.0
two:1.6931471805599454
seasons:1.0
received:1.0
doctors:1.0
seem:1.0
reluctant:1.0
give:1.0
three:1.0
dangers:1.0
