andrewm:1.6931471805599454
bio.uts.edu.au:1.0
andrew:2.09861228866811
mears:2.09861228866811
subject:1.0
sheep:1.6931471805599454
models:1.6931471805599454
cardiology:1.0
dear:1.0
news:1.0
readers:1.0
anyone:1.0
using:1.0
cardiac:1.6931471805599454
research:1.0
specifically:1.0
concerned:1.0
arrhythmias:1.0
pacing:1.0
defibrillation:1.0
would:1.0
like:1.0
hear:1.0
many:1.0
thanks:1.0
please:1.0
email:1.6931471805599454
h:1.0
61-2-9774245:1.0
crc:1.0
technology:1.0
uts:1.0
w:1.0
61-2-3304091:1.0
westbourne:1.0
st:1.0
gore:1.0
hill:1.0
f:1.0
61-2-3304003:1.0
n.s.w:1.0
2065:1.0
iris.bio.uts.edu.au:1.0
