randy_faneuf:1.0
vos.stratus.com:1.0
subject:1.0
urine:2.09861228866811
analysis:1.6931471805599454
someone:1.0
please:1.6931471805599454
help:1.0
searching:1.0
find:1.0
many:1.0
others:1.0
may:1.0
absolute:1.0
cure:1.0
removing:1.0
detectable:1.0
traces:1.0
marijuana:1.0
persons:1.0
body:1.0
chemical:1.0
natural:1.0
substance:1.0
ingested:1.0
added:1.0
make:1.0
undetectable:1.0
substances:1.0
found:1.0
know:1.0
information:1.0
email:1.0
directly:1.0
thank:1.0
kindly:1.0
support:1.0
randy:1.0
