rdd:1.6931471805599454
uts.ipp-garching.mpg.de:1.0
reinhard:1.6931471805599454
drube:1.0
subject:1.0
allergic:1.6931471805599454
reactions:1.6931471805599454
laser:1.6931471805599454
printers:1.6931471805599454
hello:1.0
anyone:1.0
know:1.0
caused:1.0
developer/toner:1.0
chemical:1.0
stuff:1.0
involved:1.0
thanks:1.0
advance:1.0
email:1.0
ibma.ipp-garching.mpg.de:1.0
