lmtra:1.6931471805599454
uts.amdahl.com:1.6931471805599454
leon:1.6931471805599454
traister:1.6931471805599454
subject:1.0
vitamin:1.6931471805599454
b6:2.386294361119891
doses:1.0
forgive:1.0
day:1.0
read:1.0
newsgroup:1.0
physicians:1.0
posting:1.0
theraputic:1.6931471805599454
uses:1.0
cant:1.0
seem:1.0
locate:1.0
article:1.0
recall:1.0
mention:1.0
safe:1.6931471805599454
limits:1.0
looked:1.0
balanced:1.0
100:1.6931471805599454
time:1.0
release:1.0
formulation:1.0
walgreens:1.0
noted:1.0
mg:1.0
thousands:1.0
times:1.0
rda:1.0
also:1.0
condition:1.0
mail:1.0
would:1.0
fine:1.0
dont:1.0
want:1.0
clog:1.0
net:1.0
thanks:1.0
