rhca80:1.6931471805599454
melton.sps.mot.com:1.6931471805599454
henry:1.6931471805599454
melton:1.6931471805599454
subject:1.0
chromium:1.6931471805599454
dietary:1.0
suppliment:1.0
weight:1.0
loss:1.0
wife:1.0
requested:1.0
poll:1.0
sages:1.0
usenet:1.0
see:1.0
known:1.0
use:1.0
weight-control:1.0
diet:1.0
suppliments:1.0
seen:1.0
multiple:1.0
products:1.0
advertising:1.0
would:1.0
like:1.0
kind:1.0
real:1.0
information:1.0
first:1.0
impulse:1.0
yuck:1.0
metal:1.0
zero:1.0
data:1.0
know:1.0
