stephen:2.09861228866811
mont.cs.missouri.edu:1.0
montgomery-smith:1.0
subject:1.0
earwax:1.6931471805599454
healthiest:1.0
way:1.0
deal:1.0
one:1.0
leave:1.0
ear:1.6931471805599454
mess:1.0
clean:1.0
every:1.0
often:1.0
cleaning:1.0
damage:1.0
eardrums:1.0
tubes:1.0
might:1.0
get:1.0
blocked:1.0
