mikeq:1.0
freddy.cna.tek.com:1.0
mike:1.6931471805599454
quigley:1.0
subject:1.0
angry:1.0
doctor:2.09861228866811
going:1.0
get:1.0
minor:1.0
surgery:1.6931471805599454
done:1.0
refuses:1.0
risky:1.0
still:1.0
charges:1.0
50:1.0
go:1.0
home:1.0
problem:1.0
involved:1.0
digging:1.0
pine:1.0
needle:1.0
buried:1.0
tongue:1.0
