mcovingt:1.6931471805599454
aisun4.ai.uga.edu:1.0
michael:1.6931471805599454
covington:1.6931471805599454
subject:1.0
allergic:1.0
reactions:1.0
laser:1.6931471805599454
printers:1.6931471805599454
often:1.0
emit:1.0
ozone:1.0
smells:1.0
sort:1.0
like:1.0
clorox:1.0
adequate:1.0
ventilation:1.0
recommended:1.0
associate:1.0
research:1.0
scientist:1.0
artificial:1.0
intelligence:1.0
programs:1.0
ai.uga.edu:1.0
university:1.0
georgia:1.6931471805599454
phone:1.0
706:1.0
542-0358:1.0
athens:1.0
30602-7415:1.0
u.s.a:1.0
amateur:1.0
radio:1.0
n4tmi:1.0
