icbal:1.0
asuacad.bitnet:1.0
subject:1.0
depression:2.09861228866811
believe:1.0
dietary:1.0
component:1.0
also:1.0
various:1.6931471805599454
chemical:1.0
environmental:1.0
components:1.0
noticed:1.0
became:1.0
depressed:1.0
buildings:1.0
home:1.0
air:1.6931471805599454
conditioning:1.0
subsequent:1.0
testing:1.0
revealed:1.0
allergic:1.0
stemphyllium:1.0
mold:1.0
commonly:1.0
found:1.0
conditioners:1.0
began:1.0
taking:1.0
antigens:1.0
problem:1.0
disappeared:1.0
bruce:1.0
l:1.0
