twain:1.0
carson.u.washington.edu:1.0
barbara:1.6931471805599454
hlavin:1.0
subject:1.0
help:1.0
kidney:2.386294361119891
stones:1.0
article:1.0
c697ij.iua:1.0
srgenprp.sr.hp.com:1.0
jeffs:1.0
sr.hp.com:1.0
jeff:1.0
silva:1.0
writes:1.0
pk115050:1.0
wvnvms.wvnet.edu:1.0
wrote:1.0
move:1.0
little:1.0
pain:1.6931471805599454
excrutiating:1.0
told:1.0
doctor:1.6931471805599454
time:1.0
comparable:1.0
childbirth:1.0
yes:1.0
male:1.0
im:1.0
sure:1.0
women:1.6931471805599454
disagree:1.0
id:1.0
really:1.0
like:1.0
know:1.0
truth:1.0
maybe:1.0
baby:1.6931471805599454
stone:2.09861228866811
could:1.0
fill:1.0
ive:1.0
neither:1.0
according:1.0
aunt:1.0
plenty:1.0
worse:1.0
