roxannen:1.6931471805599454
cruzio.santa-cruz.ca.us:1.6931471805599454
subject:1.0
sumatripton:1.6931471805599454
spelling:1.6931471805599454
recently:1.0
heard:1.0
testing:1.6931471805599454
new:1.6931471805599454
migraine:1.0
drug:1.6931471805599454
called:1.0
idea:1.0
actual:1.0
supposedly:1.0
utilizes:1.0
chemical:1.0
trips:1.0
neuro-transmitters:1.0
mother:1.0
regular:1.0
migraines:1.0
nothing:1.0
seems:1.0
help:1.6931471805599454
anyone:1.0
know:1.0
anything:1.0
phaze:1.0
anywhere:1.0
near:1.0
approval:1.0
seem:1.0
working:1.0
information:1.0
would:1.0
please:1.0
feel:1.0
free:1.0
e-mail:1.0
rather:1.0
take:1.0
bandwidth:1.0
prefer:1.0
thanks:1.0
advance:1.0
rox:1.0
virtue:1.0
relative:1.0
term:1.0
