tung:1.0
paaiec.enet.dec.com:1.0
subject:1.0
opinions:1.0
allergy:2.09861228866811
hay:1.0
fever:1.0
shots:2.09861228866811
started:1.0
taking:1.0
month:1.0
ago:1.0
still:1.0
wondering:1.0
getting:1.0
friend:1.0
mine:1.0
told:1.0
body:1.0
change:1.0
every:1.0
7:1.0
years:1.0
whatever:1.0
means:1.0
dont:1.0
need:1.0
antibody-building:1.0
make:1.0
sense:1.0
anyone:1.0
btw:1.0
someone:1.0
summarize:1.0
consumer:1.0
report:1.0
february:1.0
1988:1.0
article:1.0
