mou:1.6931471805599454
nova1.stanford.edu:1.0
alex:1.6931471805599454
subject:1.0
cure:1.6931471805599454
dry:2.09861228866811
skin:2.386294361119891
hi:1.0
general:1.0
serious:1.0
part:1.0
located:1.0
knees:1.0
looks:1.0
like:1.6931471805599454
segmented:1.0
segmentation:1.0
actually:1.0
happens:1.0
beneath:1.0
would:1.0
know:1.0
supermarkets:1.0
pharmacies:1.0
quite:1.0
lot:1.0
stuffs:1.0
skins:1.0
chose:1.0
thanks:1.0
advance:1.0
advices:1.0
hints:1.0
reply:1.0
email:1.0
preferred:1.0
