green:1.6931471805599454
island.com:1.0
robert:1.6931471805599454
greenstein:1.6931471805599454
subject:1.0
iridology:1.0
credence:1.0
article:1.0
9304261811.aa07821:1.0
dpw.com:1.6931471805599454
jprice:1.0
janice:1.0
price:1.0
writes:1.0
saw:1.0
printed:1.0
flyer:1.0
stated:1.0
person:1.0
licensed:1.0
herbologist:1.0
iridologist:1.0
dont:1.0
believe:1.0
state:1.0
licenses:1.0
herbologists:1.0
iridologists:1.0
fool:1.0
learn:1.0
laughs:1.0
thinking:1.0
srilanka.island.com:1.0
laughter:1.0
shows:1.0
superiority:1.0
instead:1.0
latent:1.0
idiocy:1.0
corelli:1.0
