alan.barclay:1.0
almac.co.uk:1.0
alan:1.0
barclay:1.0
subject:1.0
need:1.0
info:1.0
circumci:1.0
menon:1.6931471805599454
boulder.colorado.edu:1.0
ravi:1.0
deantha:1.0
ro:1.6931471805599454
first:1.0
use:1.0
decent:1.0
terms:1.0
ya:1.0
dont:1.0
mind:1.0
sci.med:1.0
alt.sex:1.0
would:1.0
like:1.0
rephrase:1.0
atp/unix1.40a:1.0
gday:1.0
mate:1.0
throw:1.0
another:1.0
cat:1.0
barbie:1.0
