atae:1.0
spva.ph.ic.ac.uk:1.0
ata:1.6931471805599454
etemadi:1.0
subject:1.0
krillean:1.0
photography:1.6931471805599454
article:1.6931471805599454
c67g01.2j1:1.0
efi.com:1.6931471805599454
alanm:1.0
alan:1.0
morgan:1.0
writes:1.6931471805599454
c65oil.436:1.0
vuse.vanderbilt.edu:1.6931471805599454
alex:1.0
alexander:1.0
p:1.0
zijdenbos:1.0
okay:1.0
name:1.0
one:1.6931471805599454
single:1.0
effect:1.0
kirlian:1.0
gives:1.0
cant:1.0
explained:1.0
corona:1.0
discharge:1.0
dozens:1.0
funny:1.0
postings:1.0
sci.image.processing:1.0
may:1.0
