cindy:2.09861228866811
berkp.uadv.uci.edu:1.0
windham:1.0
subject:1.0
whats:1.0
bone:2.09861228866811
scan:2.09861228866811
mother:1.0
advised:1.0
performed:1.0
procedure:1.0
painful:1.0
shes:1.0
leg:1.0
back:1.0
pain:1.0
gp:1.0
said:1.6931471805599454
sciatica:1.6931471805599454
oncologist:1.0
listened:1.0
symptoms:1.0
didnt:1.0
sound:1.0
like:1.0
get:1.0
w:1.0
