subject:1.0
earwax:1.6931471805599454
nicholson_s:1.0
kosmos.wcc.govt.nz:1.0
article:1.0
stephen.736092732:1.0
mont:1.0
stephen:2.09861228866811
mont.cs.missouri.edu:1.0
montgomery-smith:1.0
writes:1.0
healthiest:1.0
way:1.6931471805599454
deal:1.0
one:1.0
leave:1.6931471805599454
ear:1.6931471805599454
mess:1.0
clean:1.6931471805599454
every:1.0
often:1.0
cleaning:1.0
damage:1.0
eardrums:1.0
tubes:1.0
might:1.0
get:1.0
blocked:1.0
best:1.0
thing:1.0
work:1.0
surface:1.0
anything:1.0
stick:1.0
try:1.0
going:1.0
push:1.0
wax:1.0
eardrum:1.0
pack:1.0
solid:1.0
thus:1.0
impairing:1.0
hearing:1.0
sean:1.0
