barkdoll:2.386294361119891
lepomis.psych.upenn.edu:1.6931471805599454
edwin:1.6931471805599454
subject:1.0
thermogenics:1.0
article:1.0
80389:1.0
cup.portal.com:1.6931471805599454
mmm:1.0
mark:1.0
robert:1.0
thorson:1.0
writes:1.0
first:1.0
im:1.0
mistaken:1.0
hibernating:1.6931471805599454
animals:1.6931471805599454
brown:2.09861228866811
fat:2.386294361119891
humans:1.6931471805599454
human:1.0
infants:1.0
bown:1.0
deposits:1.0
adult:1.0
believed:1.0
also:1.0
may:1.0
play:1.0
important:1.0
role:1.0
rousing:1.0
hibernators:1.0
definitely:1.0
limited:1.0
common:1.0
energy:1.0
source:1.0
nonshivering:1.0
thermogenesis:1.0
eb3:1.0
world.std.com:1.0
