levin:1.6931471805599454
bbn.com:1.0
joel:1.0
b:1.0
subject:1.0
biological:1.6931471805599454
alchemy:1.6931471805599454
mcelwre:1.0
cnsvax.uwec.edu:1.0
writes:1.0
another:1.0
form:1.0
cold:1.0
fusion:1.0
gee:1.0
id:1.0
forgotten:1.0
nut:1.0
un-altered:1.0
reproduction:1.0
dissemination:1.0
important:1.0
information:1.0
encouraged:1.0
robert:1.0
e:1.0
mcelwaine:1.0
b.s:1.6931471805599454
physics:1.0
astronomy:1.0
uw-ec:1.0
know:1.0
prove:1.0
stands:1.0
case:1.0
