yozzo:2.386294361119891
watson.ibm.com:1.6931471805599454
ralph:1.6931471805599454
subject:1.0
cold:2.6094379124341005
sore:2.09861228866811
location:1.0
ive:1.6931471805599454
sores:1.6931471805599454
past:1.0
always:1.0
corner:1.0
mouth:1.6931471805599454
recently:1.0
appears:1.0
lower:1.0
lip:1.0
middle:1.0
chin:1.0
appear:1.0
anywhere:1.0
around:1.0
body:1.0
medical:1.0
term:1.0
beautiful:1.0
historic:1.0
new:1.0
york:1.0
state:1.0
mid-hudson:1.0
valley:1.0
