ningeg:1.0
leland.stanford.edu:1.0
nick:1.6931471805599454
ingegneri:1.6931471805599454
subject:1.0
ethics:1.6931471805599454
regarding:1.6931471805599454
placebo/homeopathic:1.0
medicines:1.0
would:1.0
like:1.0
know:1.0
medical:1.0
consensus:1.6931471805599454
within:1.0
group:1.0
following:1.0
1:1.0
prescription:1.0
placebo:1.6931471805599454
medications:1.6931471805599454
patient:1.6931471805599454
specifically:1.0
request:1.0
sort:1.0
treatment:1.0
2:1.0
selling:1.0
medication:1.0
profit:1.0
3:1.0
prescribing:1.0
homeopathic:1.6931471805599454
remedies:1.6931471805599454
without:1.0
advising:1.0
controversial:1.0
nature:1.0
4:1.0
representing:1.0
counter:1.0
thanks:1.0
