donrm:1.6931471805599454
sr.hp.com:1.6931471805599454
montgomery:1.6931471805599454
subject:1.0
feverfew:2.09861228866811
migraines:1.6931471805599454
brenda:1.6931471805599454
bowden:1.0
bookhouse.eng.sun.com:1.0
wrote:1.0
anyone:1.0
know:1.0
studies:1.0
experience:1.0
keep:1.0
accurate:1.0
log:1.0
migraine:1.6931471805599454
attack:1.0
frequency:1.0
didnt:1.0
seem:1.0
anything:1.0
however:1.0
eliminating:1.0
caffeine:1.6931471805599454
seems:1.0
pre:1.0
vent:1.0
onset:1.0
case:1.0
words:1.0
