klier:1.6931471805599454
iscsvax.uni.edu:1.0
subject:1.0
allergic:1.6931471805599454
reactions:1.6931471805599454
laser:1.6931471805599454
printers:1.6931471805599454
article:1.0
1993apr29.124806.4599:1.0
informatik.tu-muenchen.de:1.0
rdd:1.0
uts.ipp-garching.mpg.de:1.0
reinhard:1.0
drube:1.0
writes:1.0
anyone:1.0
know:1.0
caused:1.0
developer/toner:1.0
chemical:1.0
stuff:1.6931471805599454
involved:1.0
mainly:1.0
carbon:1.0
dust:1.0
iron:1.0
plastic:1.0
binder:1.0
melted:1.0
paper:1.6931471805599454
dry:1.0
photocopiers:1.0
allergies:1.6931471805599454
havent:1.0
heard:1.0
anythings:1.0
possible:1.0
kay:1.0
biology:1.0
dept:1.0
uni:1.0
