jhilmer:1.0
ruc.dk:1.0
jakob:1.6931471805599454
hilmer:1.0
subject:1.0
need:1.6931471805599454
values:1.6931471805599454
aorta:2.6094379124341005
following:1.0
data:1.6931471805599454
human:1.0
tear:1.0
shear:1.0
stress:1.0
plot:1.0
aortic:1.6931471805599454
cross-sectional:1.0
area:1.0
stroke-volume:1.0
root:1.0
approximate:1.0
distribution:1.0
blood:1.6931471805599454
major:1.0
arterial:1.0
branches:1.0
flow:1.6931471805599454
velocity:1.6931471805599454
various:1.0
remember:1.0
give:1.0
us:1.0
references:1.0
include:1.0
report:1.0
stud:1.0
hilmerfax:1.0
45:1.6931471805599454
93:1.0
34:1.6931471805599454
hus:1.0
7.1:1.0
gr:1.0
8a:1.0
roskilde:1.6931471805599454
university:1.0
denmark:1.0
postbox:1.0
260:1.0
dk-4000:1.0
