gecko:1.6931471805599454
camelot.bradley.edu:1.6931471805599454
anastasia:1.6931471805599454
defend:1.0
subject:1.0
physical:1.6931471805599454
therapy:1.6931471805599454
students:1.6931471805599454
interested:1.0
finding:1.0
net:1.0
one:1.0
know:1.0
anyone:1.0
could:1.0
get:1.0
contact:1.0
via:1.0
email:1.0
address:1.0
thankyou:1.0
