abruno:1.0
adobe:1.0
andrea:1.0
bruno:1.0
subject:1.0
thyroidal:1.0
deficiency:1.6931471805599454
article:1.0
19930430140738sfb2763:1.0
mvs.draper.com:1.6931471805599454
sfb2763:1.0
eileen:1.0
bauer:1.0
writes:1.0
thyroxin:1.0
controls:1.0
energy:1.0
production:1.0
explains:1.0
sleepiness:1.0
coldness:1.0
weight:1.0
gain:1.0
also:1.0
water:1.0
retention:1.0
possibly:1.0
around:1.0
heart:1.0
changes:1.0
vision:1.0
coarser:1.0
hair:1.0
skin:1.0
among:1.0
things:1.0
relation:1.0
thyroid:1.0
depression:1.0
