george:2.09861228866811
crayola.east.sun.com:1.0
perkins:1.6931471805599454
sun:1.6931471805599454
microsystems:1.6931471805599454
tampa:1.6931471805599454
fl:1.6931471805599454
systems:1.6931471805599454
engineer:1.6931471805599454
subject:1.0
lithium:2.386294361119891
questions:1.0
doctor:1.0
wants:1.6931471805599454
10:1.6931471805599454
year:1.6931471805599454
old:1.6931471805599454
hi:1.0
sci.med:1.0
folks:1.6931471805599454
would:2.386294361119891
like:2.09861228866811
know:2.09861228866811
anything:1.0
tell:1.0
regarding:1.6931471805599454
son:1.0
lives:1.0
ex-wife:1.0
difficulty:1.0
behavior:1.0
ritalin:1.0
tofranil:1.0
try:1.0
lithuim:1.0
local:1.0
doctors:1.0
suggestion:1.0
whatever:1.0
important:1.0
worry:1.0
sort:1.0
thing:1.0
pros/cons:1.0
therapy:1.0
booklet:1.0
information:1.6931471805599454
center:1.0
based:1.0
university:1.0
wisconsin:1.0
feel:1.0
pro-lithium:1.0
interested:1.0
comments:1.0
necessarily:1.0
pro:1.0
side:1.0
fence:1.0
concerned:1.0
father:1.0
wish:1.0
well:1.0
informed:1.0
thanks:1.0
provide:1.0
please:1.0
email:1.6931471805599454
directly:1.0
computer:1.0
corporation:1.0
6200:1.0
courtney:1.0
campbell:1.0
causeway:1.0
suite:1.0
840:1.0
33607:1.0
phone:1.0
813:1.6931471805599454
289-7228:1.0
fax:1.0
281-0219:1.0
george.perkins:1.0
east.sun.com:1.0
