donald:1.0
mackie:1.6931471805599454
donald_mackie:1.0
med.umich.edu:1.0
subject:1.0
cure:1.0
dry:1.6931471805599454
skin:1.6931471805599454
article:1.0
1993apr30.035235.26613:1.0
pbs.org:1.6931471805599454
jlecher:1.0
writes:1.0
matter:1.0
fact:1.0
saw:1.0
dermatologist:1.6931471805599454
day:1.0
seeing:1.0
sounds:1.0
like:1.0
good:1.0
idea:1.0
worried:1.0
opinions:1.0
