claude:2.6094379124341005
banana.fedex.com:1.6931471805599454
bowie:1.6931471805599454
subject:1.0
vitamin:1.6931471805599454
hearing:1.6931471805599454
loss:1.0
heard:1.6931471805599454
news:1.0
report:1.0
indicating:1.0
research:1.6931471805599454
showing:1.0
improved:1.0
people:1.0
taking:1.0
showed:1.0
new:1.0
growth:1.0
replaced:1.0
damaged:1.0
hairlike:1.0
nerves:1.0
anyone:1.0
thanks:1.0
voice:1.0
901:1.6931471805599454
797-6332:1.0
federal:1.0
express:1.0
corp:1.0
fax:1.0
797-6388:1.0
box:1.0
727-2891:1.0
memphis:1.0
tn:1.0
38194:1.0
email:1.0
