grante:1.6931471805599454
aquarius.rosemount.com:1.6931471805599454
grant:1.6931471805599454
edwards:1.6931471805599454
subject:1.0
krillean:1.0
photography:1.0
ttrusk:1.0
its.mcw.edu:1.0
thomas:1.0
trusk:1.0
writes:1.0
say:1.0
youre:1.0
atheist:1.6931471805599454
suggest:1.0
proof:1.6931471805599454
god:1.6931471805599454
politically-correct:1.0
skeptic:1.0
better:1.0
go:1.0
agnostic:1.6931471805599454
like:1.0
self-proclaimed:1.0
position:1.6931471805599454
believe:1.0
dont:1.0
claim:1.0
interpret:1.0
beliefs:1.0
gods:1.0
existence:1.0
yow:1.0
yet:1.0
rosemount:1.0
inc:1.0
mind:1.0
submarine:1.0
