stephen:2.09861228866811
mont.cs.missouri.edu:1.0
montgomery-smith:1.0
subject:1.0
nose:2.09861228866811
picking:1.0
two:1.0
quations:1.0
ask:1.0
1:1.0
cause:1.0
body:1.0
harm:1.0
one:1.6931471805599454
picks:1.0
ones:1.6931471805599454
example:1.0
might:1.0
lead:1.0
loss:1.0
ability:1.0
smell:1.0
2:1.0
harmful:1.0
eat:1.0
pickings:1.0
