mmatusev:1.0
radford.vak12ed.edu:1.0
melissa:1.0
n:1.0
matusevich:1.0
subject:1.0
nose:1.0
picking:1.0
dont:1.0
know:1.0
causes:1.0
body:1.0
harm:1.0
23:1.0
years:1.6931471805599454
ive:1.6931471805599454
teaching:1.0
nine:1.0
ten:1.0
olds:1.0
never:1.0
one:1.6931471805599454
fall:1.0
eating:1.0
boogers:1.0
many:1.0
kids:1.0
regular:1.0
basis:1.0
think:1.0
looking:1.0
