gwgreg01:1.6931471805599454
ukcc.uky.edu:1.6931471805599454
subject:1.0
pregnency:1.0
without:1.0
sex:1.0
article:1.6931471805599454
c6botf.137:1.0
r-node.hub.org:2.09861228866811
taob:1.6931471805599454
brian:1.6931471805599454
tao:1.6931471805599454
writes:1.6931471805599454
1993apr27.182155.23426:1.0
oswego.oswego.edu:1.0
harry:1.0
matthews:1.0
ive:1.0
heard:1.0
community:1.0
swimming:1.6931471805599454
pools:1.0
refered:1.0
public:1.6931471805599454
urinals:1.0
else:1.0
going:1.0
swim:1.0
nude:1.0
pool:1.0
doubt:1.0
sperm:1.0
penetrate:1.0
swimsuit:1.0
material:1.0
assuming:1.0
arent:1.0
immediately:1.0
dispersed:1.0
water:1.0
currents:1.0
r-node:1.0
bbs:1.0
416-249-5366:1.0
free:1.0
90taobri:1.0
wave.scar.utoronto.ca:1.0
university:1.6931471805599454
toronto:1.0
go:1.0
u:2.09861228866811
uk:1.6931471805599454
k:2.09861228866811
gary:1.0
w:1.0
gregory:1.0
kentucky:1.6931471805599454
ukkk:1.0
uu:1.0
uuk:1.0
kk:1.6931471805599454
uuu:1.0
department:1.0
ob/gyn:1.0
ms:1.0
335:1.0
medical:1.0
center:1.0
lexington:1.0
40536-0084:1.0
