jim.zisfein:1.6931471805599454
factory.com:1.6931471805599454
jim:1.6931471805599454
zisfein:1.6931471805599454
subject:1.0
data:1.0
skull:2.09861228866811
gt:1.6931471805599454
gary:1.6931471805599454
concave.cs.wits.ac.za:1.0
taylor:1.0
hi:1.0
trying:1.0
develop:1.0
image:1.0
reconstruction:1.0
simulation:1.0
could:1.6931471805599454
high:1.0
resolution:1.0
ct:1.6931471805599454
computed:1.0
tomographic:1.0
scanning:1.0
many:1.0
scanners:1.0
algorithm:1.0
3-d:1.0
reconstructions:1.6931471805599454
plane:1.0
want:1.0
every:1.0
2:1.0
degrees:1.0
planes:1.0
use:1.0
resultant:1.0
images:1.0
create:1.0
user-controlled:1.0
animation:1.0
slmr:1.0
2.1:1.0
e-mail:1.0
