stanley:1.6931471805599454
skyking.oce.orst.edu:1.0
john:1.0
subject:1.0
krillean:1.0
photography:1.0
article:1.6931471805599454
c6bot5.12a:1.0
r-node.hub.org:1.6931471805599454
taob:1.0
writes:1.6931471805599454
c65oil.436:1.0
vuse.vanderbilt.edu:1.0
alexander:1.0
p:1.0
zijdenbos:1.0
neither:1.0
real:1.0
believer:1.0
disbeliever:1.0
comes:1.0
one:1.0
least:1.0
many:1.0
people:1.0
trying:1.0
pass:1.0
god:1.0
please:1.0
keep:1.0
crap:1.0
sci.image.processing:1.0
