collopy:1.6931471805599454
leland.stanford.edu:1.0
paul:1.0
dennis:1.0
subject:1.0
antidepressants:1.0
without:1.0
restating:1.0
thread:1.0
going:1.0
zoloft:1.0
stimulating:1.0
antidepressant:1.6931471805599454
unfortunate:1.0
therapy:1.0
trial:1.0
error:1.0
help:1.6931471805599454
lot:1.0
people:1.0
using:1.0
side:1.0
effects:1.0
many:1.0
medications:1.0
manage:1.0
conditions:1.0
hang:1.0
maybe:1.0
someday:1.0
brain:1.0
chemistry:1.0
set:1.0
available:1.0
serotonin:1.0
questions:1.0
answers:1.0
please:1.0
flames:1.0
enough:1.0
deal:1.0
