j.thornton:1.0
hawkesbury.uws.edu.au:1.0
jason:1.6931471805599454
thornton:1.0
x640:1.0
subject:1.0
cancer:1.6931471805599454
testis:1.0
could:1.0
someone:1.0
give:1.0
information:1.0
cause:1.0
pathophysiology:1.0
clinical:1.0
manifestations:1.0
treatment:1.0
type:1.0
thank:1.0
advance:1.0
