ashwin:2.09861228866811
gatech.edu:1.0
ram:1.0
subject:1.0
often:2.9459101490553135
kids:2.386294361119891
fall:2.386294361119891
sick:2.9459101490553135
etc:1.0
20-month:1.0
son:1.6931471805599454
started:1.6931471805599454
falling:1.0
quite:1.0
every:1.0
since:1.0
going:1.0
day:2.386294361119891
care:2.6094379124341005
home:1.6931471805599454
first:1.6931471805599454
year:1.0
even:1.0
seems:1.0
like:1.0
sort:1.0
cold:1.6931471805599454
flu:1.0
pretty:1.0
much:1.6931471805599454
month:1.0
time:1.0
leads:1.0
ear:1.6931471805599454
infection:1.0
well:1.0
result:1.0
ends:1.0
antibiotics:2.09861228866811
3:1.0
weeks:1.0
4:1.0
know:1.0
beginning:1.6931471805599454
wonder:1.6931471805599454
really:1.6931471805599454
whether:1.6931471805599454
susceptible:1.6931471805599454
lower:1.0
immunity:2.09861228866811
average:1.0
longer-term:1.0
effects:1.6931471805599454
constantly:1.0
taking:1.6931471805599454
build:2.09861228866811
resistance:1.6931471805599454
enjoys:1.0
think:1.6931471805599454
great:1.0
getting:1.0
nanny:1.0
studies:1.0
help:1.0
answer:1.0
questions:1.0
second:1.0
third:1.0
years:1.0
get:1.0
colds:1.0
flus:1.0
infections:1.0
data:1.6931471805599454
vs:1.0
leading:1.6931471805599454
less:1.0
illness:2.09861228866811
later:1.6931471805599454
make:1.0
weaker:1.0
long:1.6931471805599454
term:1.6931471805599454
effect:1.0
regular:1.0
basis:1.0
negative:1.0
one:1.6931471805599454
tell:1.0
child:1.0
normal:1.0
way:1.0
information:1.0
advice:1.0
relating:1.0
would:1.0
appreciated:1.0
thanks:1.0
lot:1.0
