antonio:1.6931471805599454
qualcom.qualcomm.com:1.0
franklin:1.0
subject:1.0
thermoscan:1.6931471805599454
ear:3.1972245773362196
thermometer:1.6931471805599454
article:1.0
ashwin.93may1225032:1.0
leo.gatech.edu:1.0
ashwin:1.6931471805599454
cc.gatech.edu:1.0
ram:1.0
writes:1.0
instrument:1.6931471805599454
really:1.0
work:2.386294361119891
supposed:1.0
give:1.6931471805599454
fast:1.0
accurate:1.0
temperature:2.386294361119891
reading:2.386294361119891
far:1.0
one:2.386294361119891
insert:1.0
worth:1.0
100:1.0
currently:1.0
selling:1.0
well:1.6931471805599454
doctor:1.0
started:1.0
using:1.0
recently:1.6931471805599454
thought:1.6931471805599454
concept:1.0
amazing:1.0
bought:1.0
thing:2.386294361119891
works:1.0
infrared:1.6931471805599454
emissions:1.0
drum:1.6931471805599454
hotter:1.0
canal:1.6931471805599454
walls:1.0
point:1.0
carefully:1.0
means:1.0
tugging:1.0
top:1.0
straighten:1.0
inserting:1.0
snugly:1.0
pushing:1.0
button:2.09861228866811
unfortunately:1.0
many:1.6931471805599454
things:1.0
go:1.0
wrong:1.6931471805599454
almost:1.0
impossible:1.6931471805599454
aim:1.0
correctly:1.6931471805599454
get:2.386294361119891
readings:2.386294361119891
differ:1.6931471805599454
2:2.09861228866811
degrees:1.6931471805599454
may:1.6931471805599454
oral:1.6931471805599454
talked:1.6931471805599454
nurses:2.09861228866811
doctors:1.0
office:1.6931471805599454
said:2.09861228866811
didnt:1.0
like:1.6931471805599454
either:1.0
reasons:1.0
instruction:1.0
tug:1.0
correct:1.0
insertion:1.0
feels:1.0
ones:1.0
self:1.0
also:1.6931471805599454
complained:1.0
company:1.6931471805599454
inaccurate:1.0
someone:1.0
told:1.0
take:1.6931471805599454
great:1.6931471805599454
care:1.0
clean:1.0
window:1.0
end:1.0
probe:2.09861228866811
alcohol:1.0
time:1.6931471805599454
demonstrated:1.0
prior:1.0
managed:1.0
within:1.0
0.5:1.0
degree:1.0
took:1.0
home:1.0
driving:1.0
drs:1.0
noticed:1.0
tha:1.0
click:1.0
remove:1.0
immediately:1.0
causes:1.0
experience:1.0
leave:1.0
good:1.6931471805599454
1:1.0
seconds:1.0
clicking:1.0
measurement:1.0
nurse:1.0
agreed:1.0
suspect:1.0
people:1.0
dont:1.0
realize:1.0
therefore:1.0
bad:1.0
yet:1.0
another:1.0
reason:1.0
short:1.0
idea:1.0
folks:1.0
believe:1.0
doesnt:1.0
person:1.0
wants:1.0
