rob.welder:1.6931471805599454
cccbbs.uucp:1.0
rob:1.0
welder:1.0
subject:1.0
thermoscan:1.6931471805599454
ear:1.0
thermomete:1.0
ashwin:1.6931471805599454
cc.gatech.edu:1.0
ram:1.0
ar:1.0
instrument:1.0
really:1.0
work:1.0
supposed:1.0
give:1.0
absolutely:1.0
ya:1.0
dont:1.0
end:1.0
accurate:1.0
technique:1.0
important:1.0
cccbbs:1.0
uceng.uc.edu:1.0
qmpro:1.0
1.02:1.0
41-4771:1.0
see:1.0
hurts:1.0
little:1.0
