diane.mayronne:1.0
f232.n109.z1.cobaka.com:1.0
diane:1.0
mayronne:1.0
subject:1.0
fever:1.6931471805599454
blisters:1.6931471805599454
cause:1.0
cures:1.0
respectfully:1.0
requested:1.0
thanks:1.0
iane:1.0
origin:1.0
another:1.0
permannet:1.0
kit:1.0
1:109/232:1.0
