wang:1.6931471805599454
ssd.intel.com:1.0
wen-lin:1.6931471805599454
subject:1.0
often:2.791759469228055
kids:2.791759469228055
fall:2.386294361119891
sick:2.791759469228055
etc:1.0
article:1.0
ashwin.93may2131021:1.0
leo.gatech.edu:1.0
ashwin:1.6931471805599454
cc.gatech.edu:1.0
ram:1.0
writes:1.0
20-month:1.0
son:1.0
started:1.6931471805599454
falling:1.0
quite:1.0
every:1.6931471805599454
since:1.6931471805599454
going:1.0
day:2.386294361119891
care:2.6094379124341005
home:2.09861228866811
first:2.09861228866811
year:1.6931471805599454
even:1.0
seems:1.0
like:2.386294361119891
sort:1.0
cold:2.386294361119891
flu:1.0
pretty:2.386294361119891
much:1.6931471805599454
month:1.6931471805599454
time:1.6931471805599454
leads:1.0
ear:2.09861228866811
infection:2.09861228866811
well:2.09861228866811
result:1.0
ends:1.0
antibiotics:2.9459101490553135
3:1.0
weeks:1.0
4:1.0
know:1.0
sounds:1.0
familiar:1.0
posted:1.0
similar:1.0
cries:1.0
last:2.09861228866811
september:1.6931471805599454
caroline:1.6931471805599454
entered:1.6931471805599454
daycare:1.6931471805599454
two:1.6931471805599454
continuous:1.0
colds:2.6094379124341005
march:1.0
spring:1.0
approaches:1.0
slowed:1.0
meanwhile:1.0
grew:1.0
relaxed:1.0
doctor:1.0
diagnosed:1.0
twice:1.6931471805599454
due:1.0
sinus:1.0
wished:1.0
give:1.6931471805599454
awful:1.0
septra:1.0
studies:2.09861228866811
help:1.0
answer:1.0
questions:1.6931471805599454
net:1.6931471805599454
read:1.6931471805599454
newsgroup:1.0
round:1.0
might:1.0
formal:1.0
bear:1.0
academic:1.0
experience:1.0
okay:1.0
second:1.0
third:1.0
years:1.0
get:2.791759469228055
flus:1.0
infections:1.0
gee:1.0
bet:1.0
50/50:1.0
youll:1.0
hear:1.6931471805599454
cases:1.0
catagories:1.0
data:1.0
vs:1.0
sure:2.6094379124341005
insulated:1.0
child:2.9459101490553135
sicks:1.0
less:2.09861228866811
still:1.0
face:1.0
world:1.0
one:2.09861228866811
build:1.6931471805599454
immunity:1.6931471805599454
leading:1.6931471805599454
illness:2.386294361119891
later:1.6931471805599454
thats:1.6931471805599454
believe:1.0
comfort:1.0
learned:1.0
stick:1.0
hand:1.0
mouth:1.0
let:1.0
virus:1.0
mutate:1.0
easily:1.0
however:1.6931471805599454
hope:1.6931471805599454
immune:1.0
system:1.0
stronger:1.6931471805599454
fight:1.6931471805599454
diseases:1.0
would:1.6931471805599454
severely:1.0
affected:1.0
everytime:1.6931471805599454
make:1.6931471805599454
blow:1.0
nose:1.0
frequently:1.0
dorcol:1.0
dimetapp:1.0
night:1.0
good:1.6931471805599454
rest:1.0
thanks:1.0
suggestions:1.0
needs:1.0
us:1.0
try:1.6931471805599454
hard:1.0
keep:1.0
ped:1.0
gave:1.0
choice:1.6931471805599454
decide:1.0
whether:1.0
waited:1.0
long:2.09861228866811
enough:1.0
3-4:1.0
days:1.0
see:1.6931471805599454
fought:1.0
understand:1.0
dont:1.0
pain:1.0
and/or:1.0
high:1.0
fever:1.0
weaker:1.0
term:1.6931471805599454
effect:1.0
doesnt:1.0
rely:1.0
sickness:1.0
taking:1.0
regular:1.0
basis:1.0
negative:1.0
effects:1.0
ill:1.0
leave:1.0
expert:1.0
tell:1.0
susceptible:1.0
normal:1.0
im:1.0
6:1.0
months:1.0
hardest:1.0
used:1.6931471805599454
boy:1.0
hate:1.0
typing:1.0
sentence:1.0
recall:1.0
something:1.0
said:1.0
oh:1.0
people:1.0
say:1.0
better:1.0
looking:1.0
forward:1.0
healthier:1.0
next:1.0
winter:1.0
gets:1.0
warmer:1.0
break:1.0
soon:1.0
way:1.0
resistance:1.0
eat:1.0
sleep:1.0
use:1.0
absolutely:1.0
necessary:1.0
luck:1.0
