disraeli:1.6931471805599454
leland.stanford.edu:1.6931471805599454
jamie:1.0
lara:1.0
bronstein:1.6931471805599454
subject:1.0
bacteria:2.09861228866811
invasion:1.0
swimming:1.6931471805599454
pools:1.0
struck:1.0
past:1.0
week:1.0
stomach:1.0
bug:1.0
fever:1.0
went:1.0
away:1.0
quickly:1.0
treated:1.0
antibiotic:1.6931471805599454
pharmacist:1.0
told:1.0
effective:1.0
wide:1.0
variety:1.0
gram-negative:1.0
wondering:1.0
might:1.0
acquired:1.0
could:1.0
hang:1.0
pool:1.0
water:1.0
would:1.0
chlorine:1.0
kill:1.0
feeling:1.0
better:1.0
j:1.0
