renee:2.09861228866811
cup.portal.com:1.0
linda:1.0
roberts:1.6931471805599454
subject:1.0
muscle:2.09861228866811
spasms:2.386294361119891
post-surgically:1.0
ankle:2.09861228866811
reconstruction:1.0
grafting:1.0
extensor:1.0
digitorum:1.0
longus:1.0
lateral:1.6931471805599454
side:1.6931471805599454
along:2.09861228866811
video:1.0
arthroscopy:1.0
interesting:1.0
watch:1.0
say:1.0
least:1.0
since:1.0
periodic:1.0
cramping:1.0
twitching:1.0
fast:1.0
groups:1.0
top:1.0
foot:1.0
tx:1.0
quinine:1.0
sulfate:1.0
produced:1.0
ringing:1.0
ears:1.0
help:1.6931471805599454
flexeril:1.0
discernable:1.0
ideas:1.0
one:1.0
thing:1.0
short:1.0
leg:1.0
cast:1.0
heat:1.0
answer:1.0
