bj368:1.0
cleveland.freenet.edu:1.0
mike:1.0
e:1.0
romano:1.0
subject:1.0
drop:1.0
drawers:1.0
doctor:1.6931471805599454
see:1.0
unusual:1.0
practice:1.0
also:1.0
member:1.0
nudist:1.0
colony:1.0
sir:1.0
admit:1.0
genral:1.0
rule:1.0
every:1.6931471805599454
poet:1.6931471805599454
fool:1.6931471805599454
may:1.0
serve:1.0
show:1.0
pope:1.0
