bobmon:1.6931471805599454
cs.indiana.edu:1.6931471805599454
bob:1.0
montante:1.0
subject:1.0
wanted:1.0
bus:1.6931471805599454
card:1.0
logitech:1.6931471805599454
mouse:2.386294361119891
ive:1.0
acquired:1.0
old:1.6931471805599454
series:1.0
7:1.0
3-button:1.0
im:1.0
told:1.0
anyone:1.0
want:1.0
unload:1.0
pc-clone:1.0
bus-card:1.0
email:1.0
replies:1.0
thanks:1.0
