jmgree01:1.6931471805599454
starbase.spd.louisville.edu:1.6931471805599454
jude:1.6931471805599454
greer:1.6931471805599454
subject:1.0
gateway:2.09861228866811
2000:1.6931471805599454
ati:1.6931471805599454
lb:1.6931471805599454
problem:2.386294361119891
wondering:1.0
anyone:1.6931471805599454
486-33dx:1.0
vl-bus:1.0
system:1.0
graphics:1.0
ultra:1.0
pro:1.0
computer:1.6931471805599454
resolution:1.0
800x600:2.09861228866811
everything:1.6931471805599454
fine:1.0
whenever:1.6931471805599454
use:1.0
windows:1.0
autocad:1.0
gifs:1.0
screen:2.386294361119891
gets:1.0
1:1.0
1/2:1.0
inches:1.0
shorter:1.0
top:1.6931471805599454
bottom:1.6931471805599454
3/4:1.0
bar:1.0
black:1.0
isnt:1.0
cut:1.6931471805599454
squeezes:1.0
smaller:1.0
space:1.0
messes:1.0
aspect:1.0
ratio:1.0
manually:1.6931471805599454
change:1.0
v-size:1.0
back:1.6931471805599454
pain:1.0
ass:1.0
shouldnt:1.0
happen:1.0
anyway:1.0
ive:1.0
called:1.0
numerous:1.0
times:2.09861228866811
havent:1.0
able:1.0
help:1.0
two:1.0
different:1.6931471805599454
sent:1.0
new:1.6931471805599454
card:2.6094379124341005
didnt:1.6931471805599454
work:1.6931471805599454
even:1.0
tried:1.6931471805599454
bill:1.0
first:1.0
get:1.0
couple:1.0
days:1.0
told:1.0
phone:1.0
would:1.0
wait:1.0
2:1.0
weeks:1.0
billing:1.0
customer:1.0
support:1.0
story:1.0
please:1.0
let:1.6931471805599454
know:2.386294361119891
hell:1.0
dont:1.0
solution:1.0
im:1.0
one:1.0
thanks:1.0
advance:1.0
p.s:1.0
already:1.0
going:1.0
mach:1.0
32:1.0
install:1.0
program:1.0
set:1.0
ting:1.0
doesnt:1.0
try:1.0
increase:1.0
vertical:1.0
size:1.0
starts:1.0
