uzun:2.09861228866811
crash.cts.com:1.6931471805599454
roger:1.6931471805599454
subject:1.0
winmarks:1.6931471805599454
get:1.6931471805599454
benchmark:1.0
run:1.0
pc:1.0
via:1.0
ftp:1.0
would:1.0
best:1.0
bix:1.0
ruzun:1.0
net:1.0
