calvin:1.6931471805599454
swartzentruber:1.0
cs6t:1.0
andrew.cmu.edu:1.0
subject:1.0
attn:1.0
ken:1.0
smith:1.0
model:1.0
number:1.6931471805599454
7033d:1.0
14:1.0
interlaced:1.0
28dp:1.0
btw:1.0
contact:1.0
company:1.0
would:1.6931471805599454
really:1.0
helpful:1.0
thanks:1.0
replying:1.0
beginning:1.0
believe:1.0
never:1.0
going:1.0
get:1.6931471805599454
reply:1.0
posted:1.0
netnews:1.0
bboard:1.0
first:1.0
message:1.6931471805599454
sent:1.0
returned:1.0
didnt:1.0
know:1.0
second:1.0
