nshah:1.6931471805599454
acs2.bu.edu:1.0
subject:1.0
simm:2.09861228866811
sale:2.09861228866811
1:1.0
4mx9:1.0
70ns:1.6931471805599454
36pin:1.0
perfect:1.0
condition:1.0
work:1.0
system:1.0
requires:1.0
72:1.6931471805599454
pin:1.6931471805599454
simms:1.0
would:1.0
like:1.0
get:1.0
paid:1.0
115:1.0
3:1.0
insured:1.0
shipping:1.0
addition:1.0
4mb:1.0
eisa:1.0
ps/2:1.0
type:1.0
drop:1.0
line:1.0
thanks:1.0
nimesh:1.0
shah:1.0
acs.bu.edu:1.0
