glang:1.0
slee01.srl.ford.com:1.0
gordon:1.0
lang:1.0
subject:1.0
shadow:1.6931471805599454
mask:1.6931471805599454
andrew:1.0
bw:1.0
colfelt:1.6931471805599454
ucsu.colorado.edu:1.0
wrote:1.0
put:1.0
face:1.0
main:1.0
memory:1.0
keep:1.0
day:1.0
job:1.0
