neil:2.386294361119891
stone.oz.au:1.6931471805599454
watkinson:1.6931471805599454
subject:1.0
com3:2.386294361119891
com4:2.386294361119891
hardware:1.6931471805599454
standard:1.6931471805599454
help:1.0
need:1.0
implement:1.0
board:1.0
im:1.6931471805599454
designing:1.0
finding:1.0
dificult:1.0
track:1.0
definition:1.0
io:1.0
adresses:1.0
fact:1.0
shares:1.6931471805599454
irq4:1.0
com1:1.0
irq3:1.0
com2:1.0
except:1.0
exactly:1.0
irq:2.09861228866811
sharing:1.6931471805599454
done:1.0
clear:1.0
especially:1.0
existing:1.0
com1/2:1.0
allow:1.6931471805599454
different:1.0
used:1.0
please:1.0
answer:1.0
email:1.0
thanks:1.0
advance:1.0
