ich344:2.09861228866811
djukfa11.bitnet:1.0
subject:1.0
wanted:1.0
slot:1.0
card:2.09861228866811
vga:1.6931471805599454
hdd-contr:1.0
hello:1.0
looking:1.0
pc:1.0
following:1.0
features:1.0
controller:1.6931471805599454
ide:1.0
at-bus:1.0
harddiskdrive:1.0
2:1.0
floppydiskdrives:1.0
standard:1.0
256kb:1.0
graphics:1.0
including:1.0
feature:1.0
connector:1.0
important:1.0
manufacturors/distributors:1.0
kind:1.0
found:1.0
yet:1.0
help:1.0
please:1.0
mail:1.0
djukfa11:1.0
zam001.zam.kfa-juelich.de:1.0
thanks:1.0
lot:1.0
martin:1.0
mueller:1.0
