hamilton:2.386294361119891
romulus.ehs.uiuc.edu:1.0
wayne:1.6931471805599454
subject:1.0
null:2.791759469228055
modem:3.0794415416798357
25:1.6931471805599454
pin:1.6931471805599454
serial:1.0
bruce:1.0
maynard:1.0
drac:1.0
uumeme.chi.il.us:1.0
wrote:1.0
article:1.0
93083.215554mal112:1.0
psuvm.psu.edu:2.09861228866811
mitch:1.0
lewars:1.0
mal112:1.6931471805599454
writes:1.0
someone:1.6931471805599454
give:1.0
specs:1.0
cable:1.6931471805599454
ferget:1.0
get:1.0
crossed:1.6931471805599454
thats:1.0
easy:1.0
one:1.6931471805599454
carry:1.6931471805599454
pins:2.09861228866811
straight:1.0
thru:1.6931471805599454
exception:1.0
2:3.302585092994046
3:3.1972245773362196
else:1.0
already:1.0
mentioned:1.0
dont:1.6931471805599454
23:1.0
plan:2.386294361119891
minimal:1.0
sg:3.0794415416798357
7:3.0794415416798357
td:3.0794415416798357
rd:3.0794415416798357
youre:1.6931471805599454
transfering:1.0
files:1.0
betwen:1.0
pcs:1.0
ought:1.0
work:1.0
unless:1.0
persnickity:1.0
comm:1.6931471805599454
program:1.0
b:1.6931471805599454
control:2.09861228866811
dcd:2.791759469228055
8:2.386294361119891
dtr:2.791759469228055
20:2.386294361119891
software:1.6931471805599454
wait:1.0
transferring:1.0
anything:1.0
raise:1.0
enable:1.0
accept:1.0
call:1.0
sides:1.0
drive:1.0
others:1.0
c:1.6931471805599454
hardware:1.0
flow:1.6931471805599454
rts:2.386294361119891
4:2.386294361119891
cts:2.386294361119891
5:2.386294361119891
high-speed:1.0
transfers:1.0
want:1.0
deluxe:1.0
combine:1.0
ideal:1.0
leaves:1.0
dsr:1.0
ri:1.0
rarely:1.0
used:1.0
anymore:1.0
really:1.0
paranoid:1.0
8th:1.0
wire:1.0
spend:1.0
might:1.0
add:1.0
fg:1.6931471805599454
1:1.6931471805599454
numbers:1.0
obviously:1.0
25-pin:1.0
connectors:1.0
9-pin:1.0
pinout:1.0
handy:1.0
inet:1.0
osiris.cso.uiuc.edu:1.0
lowtek:1.0
box:1.0
476:1.0
urbana:1.0
il:1.0
61801:1.0
217:1.0
384-4310:1.0
voice:1.0
4311:1.0
bbs:1.0
