robert.desonia:1.0
hal9k.ann-arbor.mi.us:1.6931471805599454
robert:1.0
desonia:1.0
subject:1.0
simm:1.0
speed:1.0
b:1.0
bk:2.6094379124341005
possible:1.6931471805599454
plug:1.6931471805599454
70ns:2.09861228866811
60ns:1.6931471805599454
simms:2.6094379124341005
motherboard:1.6931471805599454
saying:1.0
wants:1.0
80ns:1.0
shouldnt:1.0
troubles:1.0
heard:1.0
machines:1.0
problems:1.0
slower:1.0
recommended:1.0
memory:1.0
speeds:2.09861228866811
never:1.0
faster:1.0
also:1.0
different:1.0
ie:1.0
2:1.6931471805599454
megs:1.6931471805599454
6:1.0
something:1.0
like:1.0
sure:1.0
4:1.6931471805599454
one:1.0
bank:1.6931471805599454
486:1.0
wouldnt:1.0
recommend:1.0
mixing:1.0
within:1.0
safe:1.0
side:1.0
rdd:1.0
rdesonia:1.0
erim.org:1.0
winqwk:1.0
2.0b:1.0
0:1.0
unregistered:1.0
evaluation:1.0
copy:1.0
kmail:1.6931471805599454
2.95d:1.0
w-net:1.0
hq:1.0
1:1.6931471805599454
313:1.6931471805599454
663:2.09861228866811
4173:1.6931471805599454
3959:1.6931471805599454
hal:1.0
9000:1.0
bbs:1.0
qwk-to-usenet:1.0
gateway:1.0
four:1.0
14400:1.0
v.32bis:1.0
dial-ins:1.0
free:1.0
usenet:1.0
mail:1.0
200:1.0
newsgroups:1.0
pcboard:1.0
14.5am:1.0
uupcb:1.0
call:1.0
member:1.0
eff:1.0
asp:1.0
asad:1.0
1500mb:1.0
disk:1.0
serving:1.0
ann:1.0
arbor:1.0
since:1.0
1988:1.0
