dfr:1.6931471805599454
ioc.co.uk:1.6931471805599454
doug:1.6931471805599454
rabson:1.6931471805599454
subject:1.0
vesa:1.6931471805599454
local:1.0
bus:1.0
possible:1.0
plug:1.0
ordinary:1.0
isa:1.0
card:1.0
localbus:1.6931471805599454
slot:1.6931471805599454
running:1.0
slots:1.0
one:1.0
spare:1.0
ioc:1.0
ltd:1.0
email:1.0
phone:1.0
44:1.6931471805599454
81:1.6931471805599454
528:1.6931471805599454
9864:1.0
drabson:1.0
cix.compulink.co.uk:1.0
fax:1.0
9878:1.0
