v063kcbp:1.0
ubvmsd.cc.buffalo.edu:1.0
mitch:1.6931471805599454
subject:1.0
thanks:1.6931471805599454
backing:1.6931471805599454
masters:1.6931471805599454
quick:1.0
many:1.0
explained:1.0
apparently:1.0
copy-protected:1.0
used:1.0
program:1.0
unable:1.0
handle:1.0
high-density:1.6931471805599454
old:1.0
shit:1.0
surprised:1.0
hear:1.0
programs:1.0
disks:1.0
copy:1.0
protection:1.0
someone:1.0
back:1.0
said:1.0
huh:1.0
learn:1.0
something:1.0
new:1.0
every:1.0
day:1.0
