robert.desonia:1.0
hal9k.ann-arbor.mi.us:1.6931471805599454
robert:1.0
desonia:1.0
subject:1.0
dont:1.6931471805599454
understand:1.6931471805599454
si:1.0
mg:3.0794415416798357
joohwee:1.0
students:1.0
neural:1.0
iss.nus.sg:1.0
wrote:1.0
went:1.0
buying:1.0
simms:3.5649493574615367
recently:1.0
sales:1.0
person:1.0
told:1.6931471805599454
9-chip:1.0
3-chip:1.6931471805599454
one:3.302585092994046
use:2.09861228866811
interchan:1.0
type:1.6931471805599454
believe:1.0
everything:1.0
tell:1.0
mixing:2.09861228866811
banks:2.386294361119891
ok:1.0
cant:1.0
see:1.6931471805599454
bank:2.386294361119891
unless:1.0
different:1.6931471805599454
speeds:1.0
e.g:2.09861228866811
60ns:1.0
100ns:1.0
two:2.6094379124341005
differ:1.0
chips:1.6931471805599454
uses:2.09861228866811
assuming:1.6931471805599454
1mx9:2.09861228866811
9:1.0
bit:2.09861228866811
wide:3.6390573296152584
equivalent:1.6931471805599454
configuration:1.0
simm:2.9459101490553135
4-bit:1.6931471805599454
4mbit:1.0
1m:1.0
nibbles:1.0
1-bit:1.6931471805599454
1mbit:1.6931471805599454
chip:1.0
total:1.6931471805599454
9-bit:2.386294361119891
1mbyte:1.6931471805599454
nine:1.0
way:1.0
pinned:1.0
board:1.0
interface:1.0
act:1.0
2*4+1=9*1:1.0
sorry:1.0
techie:1.0
ya:1.0
similarly:1.0
plug:1.6931471805599454
1mb:1.0
4mb:1.6931471805599454
gi:1.0
system:1.6931471805599454
6:1.0
meg:1.6931471805599454
supports:1.0
8:1.6931471805599454
slots:1.0
4:2.386294361119891
give:1.0
16mb:1.0
sounds:1.0
correct:1.0
problem:1.0
computer:2.09861228866811
takes:1.0
mix:1.0
sizes:1.0
ask:1.0
simple:2.09861228866811
32-bit:2.386294361119891
cpu:1.0
386dx:1.0
486:1.0
data:2.9459101490553135
bus:1.6931471805599454
mechanism:1.0
retrieve:1.0
memory:1.0
32-bits:1.0
expects:1.0
32:1.6931471805599454
bits:2.09861228866811
asks:1.0
get:2.09861228866811
bandwidth:1.0
motherboard:1.0
links:1.0
parity:1.6931471805599454
ignore:1.0
explaination:1.0
32bits:1.0
9-1:1.0
4=32:1.0
means:1.0
stores:1.0
1/4:1.0
16-bit:1.6931471805599454
linked:1.0
together:1.0
reason:1.0
286:1.0
2:1.0
required:1.0
1mx36:1.0
used:1.0
ps/2s:1.0
asts:1.0
could:1.6931471805599454
upgrade:1.0
time:1.0
hope:1.0
message:1.0
head:1.0
answer:1.0
question:1.0
said:1.6931471805599454
rdd:1.0
winqwk:1.0
2.0b:1.0
0:1.0
unregistered:1.0
evaluation:1.0
copy:1.0
kmail:1.6931471805599454
2.95d:1.0
w-net:1.0
hq:1.0
1:1.6931471805599454
313:1.6931471805599454
663:2.09861228866811
4173:1.6931471805599454
3959:1.6931471805599454
hal:1.0
9000:1.0
bbs:1.0
qwk-to-usenet:1.0
gateway:1.0
four:1.0
14400:1.0
v.32bis:1.0
dial-ins:1.0
free:1.0
usenet:1.0
mail:1.0
200:1.0
newsgroups:1.0
pcboard:1.0
14.5am:1.0
uupcb:1.0
call:1.0
member:1.0
eff:1.0
asp:1.0
asad:1.0
1500mb:1.0
disk:1.0
serving:1.0
ann:1.0
arbor:1.0
since:1.0
1988:1.0
