robert:2.6094379124341005
pest:1.0
merlicek:1.6931471805599454
subject:1.0
ati:1.6931471805599454
gup:1.0
vpic:1.6931471805599454
could:1.0
someone:1.0
tell:1.0
graphic:1.0
ultra:1.0
pro:1.0
supported:1.0
version:1.0
located:1.0
thanks:1.0
email:1.0
replies:1.0
would:1.0
appreciated:1.0
cbr600:1.0
hell:1.0
ctpm.uq.oz.au:1.0
engage:1.0
ludicrous:1.0
speed:1.0
