robert.desonia:1.0
hal9k.ann-arbor.mi.us:1.6931471805599454
robert:1.0
desonia:1.0
subject:1.0
486dx-50:1.6931471805599454
vs:1.0
486dx2-50:1.0
ay:3.0794415416798357
many:1.6931471805599454
recent:1.0
advertisements:1.0
seen:1.0
486dx:1.0
based:1.0
systems:1.6931471805599454
first:1.0
really:1.0
exists:1.0
imply:1.0
circuitry:1.0
motherboard:1.0
works:1.0
speed:1.6931471805599454
opposite:1.0
latter:1.0
internals:1.0
cpu:1.0
working:1.0
50mhz:2.6094379124341005
thanx:1.0
advance:1.0
andrew:1.6931471805599454
yes:1.0
dx:2.09861228866811
dx2:1.6931471805599454
version:1.0
486:1.0
considering:1.0
buying:1.0
one:1.0
definitely:1.0
go:1.0
nice:1.0
size:1.0
external:1.0
cache:2.09861228866811
performance:1.0
far:1.0
greater:1.0
internal:1.0
8k:1.0
work:1.6931471805599454
potentially:1.0
much:1.0
larger:1.0
neither:1.0
could:1.0
actually:1.0
run:1.0
program:1.0
main:1.0
memory:1.0
since:1.6931471805599454
dram:1.0
still:1.0
slow:1.0
high:1.0
bus:1.0
60ns:1.0
16.66mhz:1.0
rdd:1.0
winqwk:1.0
2.0b:1.0
0:1.0
unregistered:1.0
evaluation:1.0
copy:1.0
kmail:1.6931471805599454
2.95d:1.0
w-net:1.0
hq:1.0
1:1.6931471805599454
313:1.6931471805599454
663:2.09861228866811
4173:1.6931471805599454
3959:1.6931471805599454
hal:1.0
9000:1.0
bbs:1.0
qwk-to-usenet:1.0
gateway:1.0
four:1.0
14400:1.0
v.32bis:1.0
dial-ins:1.0
free:1.0
usenet:1.0
mail:1.0
200:1.0
newsgroups:1.0
pcboard:1.0
14.5am:1.0
uupcb:1.0
call:1.0
member:1.0
eff:1.0
asp:1.0
asad:1.0
1500mb:1.0
disk:1.0
serving:1.0
ann:1.0
arbor:1.0
1988:1.0
