spring:2.386294361119891
diku.dk:1.6931471805599454
jesper:2.09861228866811
honig:1.6931471805599454
subject:1.0
compaq:2.386294361119891
standard:1.6931471805599454
simm:1.6931471805599454
ram:2.09861228866811
help:1.0
hello:1.0
anyone:1.0
tell:1.0
possible:1.0
put:1.0
ordinary:1.0
chips:1.6931471805599454
70:1.0
ns:1.0
prolinea:1.0
4/50:1.0
require:1.0
special:1.0
please:1.0
also:1.0
email:1.0
thanks:1.0
advance:1.0
animals:1.0
believed:1.0
god:1.0
university:1.0
copenhagen:1.0
denmark:1.0
devil:1.0
would:1.0
man:1.0
