gerthd:2.09861228866811
mvs.sas.com:2.09861228866811
thomas:2.09861228866811
dachsel:2.09861228866811
subject:1.0
quantum:1.6931471805599454
prodrive:1.6931471805599454
80at:1.6931471805599454
drive:2.09861228866811
parameters:2.09861228866811
needed:1.0
hi:1.0
got:1.0
ide:1.0
harddisk:1.0
would:1.0
like:1.0
format:2.386294361119891
trying:1.0
low-level:1.0
fdisk:2.09861228866811
dos:1.0
somehow:1.0
messed:1.0
entered:1.0
mbr:1.0
exactly:1.0
knowing:1.0
suggested:1.0
type:2.386294361119891
38:1.0
formats:1.0
21mb:1.0
tried:1.0
25:1.0
gives:1.0
around:1.0
70mb:1.0
nominal:1.0
80mb:1.0
could:1.6931471805599454
use:1.0
user:1.6931471805599454
47:1.6931471805599454
however:1.0
dont:1.0
know:1.0
actual:1.0
cylinders:1.0
heads:1.0
someone:1.0
give:1.0
work:1.6931471805599454
together:1.0
please:1.0
reply:1.0
email:1.0
thank:1.0
internet:1.0
fidonet:1.0
thomas_dachsel:1.0
camel.fido.de:1.0
2:247/40:1.0
subnet:1.0
rnivh.rni.sub.org:1.0
uucp:1.0
germany:1.0
active:1.0
phone:1.0
49:2.09861228866811
6221:1.6931471805599454
4150:1.0
6203:1.0
12274:1.0
home:1.0
fax:1.0
415101:1.0
snail:1.0
sas:1.0
institute:1.0
gmbh:1.0
p.o.box:1.0
105307:1.0
d-w-6900:1.0
heidelberg:1.0
tagline:1.0
one:1.0
bad:1.0
sector:1.0
ruin:1.0
whole:1.0
day:1.0
