volkert:2.09861228866811
kub.nl:1.6931471805599454
subject:1.0
80486dx-50:1.6931471805599454
vs:1.0
80586dx2-50:1.0
anonymous:1.0
saw:1.0
posting:1.0
choice:1.6931471805599454
80486dx2-50:1.0
wondering:1.0
although:1.0
dx-50:1.6931471805599454
faster:1.6931471805599454
path:1.0
external:1.0
cache:1.6931471805599454
shouldnt:1.0
dx2-50:1.6931471805599454
one:1.6931471805599454
made:1.0
work:1.0
properly:1.0
local-bus:1.6931471805599454
mean:1.0
speed:1.6931471805599454
thing:1.0
blocked:1.0
video:1.0
i/o:1.0
get:1.0
im:1.0
willing:1.0
speculate:1.0
2-4:1.0
times:1.0
fast:1.0
probably:1.0
expensive:1.0
cheap:1.0
regards:1.0
jv:1.0
name:1.0
j-v:1.0
meuldijk:1.0
address:1.0
gildelaar:1.0
4:1.0
4847:1.0
hw:1.0
teteringen:1.0
holland:1.0
e-mail:1.0
oooo___oooo:1.0
