aaron_bratcher:1.0
fpm.uchicago.edu:1.0
aaron:1.0
l:1.0
bratcher:1.0
subject:1.0
appletalk:1.6931471805599454
hookup:1.0
ways:1.0
hook:1.0
network:1.0
use:1.6931471805599454
apple:1.0
laserwriter:1.0
way:1.0
appleshare:1.0
file:1.0
server:1.0
also:1.0
less:1.0
memory:1.0
used:1.0
better:1.0
thanks:1.0
help:1.0
greatly:1.0
appreciated:1.0
