m88max:1.6931471805599454
tdb.uu.se:1.6931471805599454
max:1.6931471805599454
brante:1.6931471805599454
subject:1.0
vga:1.6931471805599454
atari:1.6931471805599454
monoitor:1.0
possible:1.0
connect:1.0
monochrome:1.0
monitor:1.0
kind:1.0
card:1.0
someone:1.0
done:1.0
please:1.0
let:1.0
know:1.0
thanx:1.0
l:3.302585092994046
l_/l:1.0
institutionen:1.0
f|r:1.0
teknisk:1.0
databehandling:1.0
l_l:2.09861228866811
uppsala:1.0
universitet:1.0
