chau:1.0
hao.ucar.edu:1.0
national:1.0
center:1.0
atmospheric:1.0
research:1.0
subject:1.0
looking:1.6931471805599454
books:2.09861228866811
hi:1.0
netters:1.0
im:1.0
showing:1.0
fix:1.0
hardware:1.0
problem:1.0
please:1.0
let:1.0
know:1.0
mind:1.0
thanks:1.0
