dejesus:1.6931471805599454
eniac.seas.upenn.edu:1.6931471805599454
cavalier:1.0
subject:1.0
help:1.6931471805599454
needed:1.0
hello:1.0
hope:1.0
somebody:1.0
currently:1.6931471805599454
working:1.0
project:1.0
trying:1.6931471805599454
communicate:1.0
ibm:1.0
386:1.0
phoenix:1.0
bios:1.0
using:2.6094379124341005
c:3.0794415416798357
board:1.6931471805599454
made:1.0
intel:1.6931471805599454
8085:1.6931471805599454
cpu:1.0
uart:2.791759469228055
chip:1.0
works:1.0
fine:1.0
transmit:1.6931471805599454
command:2.791759469228055
terminal:1.0
emulation:1.0
mode:1.0
kermit:1.0
seems:1.0
something:1.6931471805599454
wrong:1.6931471805599454
initialization:1.0
protocol:1.0
used:1.0
try:1.0
need:1.0
access:1.0
unit:1.0
built:1.0
sizable:1.0
chunk:1.0
code:2.386294361119891
perform:1.0
calculations:1.0
operations:1.0
difficult:1.0
assembly:2.09861228866811
language:1.6931471805599454
included:1.0
running:1.0
use:1.0
anyone:1.0
show:1.0
blatantly:1.0
incorrectly:1.0
missing:1.0
lack:1.0
knowledge:1.0
rs-232:1.0
serial:1.0
communications:1.0
please:1.0
e-mail:1.0
wrote:1.0
wait:1.0
character:3.1972245773362196
received:2.09861228866811
check:1.0
0x20:2.6094379124341005
leds:2.09861228866811
indicate:1.0
two:1.0
programs:1.0
written:1.0
nothing:1.0
set:2.09861228866811
com:1.0
port:2.386294361119891
2:2.09861228866811
send:2.09861228866811
one:1.0
uses:1.6931471805599454
bioscom:2.6094379124341005
function:1.6931471805599454
bios.h:2.09861228866811
software:1.0
interrupt:1.6931471805599454
int86:2.386294361119891
dos.h:1.6931471805599454
triple:1.0
checked:1.0
baud:1.0
rate:1.0
2400:1.0
parity:1.6931471805599454
none:1.0
stop:1.6931471805599454
bits:2.9459101490553135
1:2.386294361119891
length:1.0
8:2.386294361119891
calls:1.0
0x14:2.09861228866811
loss:1.0
may:1.0
hardware:1.0
gurus:1.0
want:1.0
comment:1.0
thanks:1.0
alot:1.0
hubert:1.0
de:1.0
jesus:1.0
asm:1.0
equ:2.791759469228055
3000h:1.0
register:2.386294361119891
8155:2.386294361119891
porta:2.09861228866811
3001h:1.0
timerlo:1.6931471805599454
3004h:1.0
high:1.6931471805599454
timer:2.6094379124341005
timerhi:1.6931471805599454
3005h:1.0
low:1.6931471805599454
uartdata:2.09861228866811
e000h:1.0
data:2.386294361119891
uartcmd:3.0794415416798357
e001h:1.0
org:1.0
4000h:1.0
sram:1.0
location:1.0
mvi:3.1972245773362196
a,08h:1.0
sta:3.3978952727983707
a,40h:1.0
a,11111101b:1.0
start:2.09861228866811
enable:1.6931471805599454
a,11h:1.0
display:1.6931471805599454
11:1.0
7-segment:1.6931471805599454
a,00h:1.0
clear:1.0
a,01000000b:1.0
internally:1.0
reset:1.0
lda:2.09861228866811
remove:1.0
extraneous:1.0
a,01001111b:1.0
init:2.791759469228055
bit:1.0
64x:1.0
async:1.0
a,00100111b:1.0
receive:1.6931471805599454
read:1.6931471805599454
status:2.09861228866811
ani:1.0
02h:1.0
rxrdy:1.0
jz:1.0
loop:1.6931471805599454
cpi:1.0
jnz:1.0
a,22h:1.0
22:1.0
hlt:1.0
end:1.0
include:2.9459101490553135
stdio.h:1.6931471805599454
stdlib.h:1.6931471805599454
define:2.6094379124341005
0:1.6931471805599454
3:1.0
com2:2.6094379124341005
void:1.0
main:1.6931471805599454
char:1.0
abyte:2.6094379124341005
0xa3:1.0
printf:2.386294361119891
initialized:1.6931471805599454
comm:1.0
0x4000:1.0
sent:1.6931471805599454
union:1.0
regs:1.0
registers:2.6094379124341005
registers.h.ah:1.6931471805599454
0x00:1.0
registers.h.al:1.6931471805599454
0xa7:1.0
registers.x.dx:1.6931471805599454
0x01:2.09861228866811
