root:1.0
zeos.com:1.0
superuser:1.0
subject:1.0
zeos:2.09861228866811
vesa:2.386294361119891
video:2.6094379124341005
changes:1.0
specs:1.0
know:1.0
recently:1.0
changed:1.0
standard:1.6931471805599454
local-bus:1.0
card:2.09861228866811
ncr-based:1.0
new:1.0
diamond:2.9459101490553135
stealth:2.791759469228055
24:2.6094379124341005
vlb:2.791759469228055
packages:1.0
2:1.0
3:1.0
4:1.0
package:1.0
1:1.0
still:1.0
ncr:2.6094379124341005
screamer:1.0
also:1.6931471805599454
added:1.0
149:1.0
upgrade:1.6931471805599454
viper:2.6094379124341005
product:1.0
list:1.0
comparisons:1.0
different:1.0
cards:2.09861228866811
configurations:1.0
offer:1.0
64ox480:1.6931471805599454
colors:2.6094379124341005
16,256:2.6094379124341005
16,256,32k,64k,16.7m:1.6931471805599454
8oox6oo:2.09861228866811
16,256,32k,64k:1.6931471805599454
1024x768:2.386294361119891
1280x1024:1.0
16:2.09861228866811
processor:1.6931471805599454
77c22e:1.0
s3:1.6931471805599454
86c805:1.0
weitek:1.0
power:1.0
9000:1.0
ram:2.6094379124341005
1m:2.09861228866811
max:1.0
addressable:1.0
vid:1.0
3m:1.0
2m:2.09861228866811
type:1.0
dram:1.6931471805599454
vram:1.0
user:1.0
sockets:1.6931471805599454
yes:3.6390573296152584
thru:1.0
refresh:2.6094379124341005
60-72:2.09861228866811
hz:3.4849066497880004
56-72:2.09861228866811
44-70:1.0
43-72:1.6931471805599454
128oxl024:1.0
43:1.0
43-60:1.0
43-74:1.0
26:1.0
pin:1.0
feature:1.0
connector:1.0
conflict:2.386294361119891
x2e8:1.0
port:1.6931471805599454
addr:1.0
com4:1.0
drivers:2.386294361119891
win:2.09861228866811
3.1:1.6931471805599454
acad:1.6931471805599454
9/10/11:1.0
12:1.6931471805599454
os/2:1.6931471805599454
winnt:1.0
winmarks:1.0
10.5m:1.0
21:1.0
50m:1.0
l:1.0
gives:1.0
16.7m:1.0
32k:1.0
64k:1.0
1280xl:1.0
024:1.0
256:1.6931471805599454
color:1.0
s3-based:1.0
since:1.0
downward:1.0
compatible:1.0
2e8:1.0
admits:1.0
exist:1.0
prelim:1.0
manual:1.0
incorrectly:1.0
lists:1.0
addresses:1.0
autocad:1.0
currently:1.6931471805599454
available:2.09861228866811
speedstar:1.0
24x:1.0
obtained:1.0
tech:1.6931471805599454
support:1.6931471805599454
408-736-2000:1.0
bbs:1.0
2.0:1.0
supported:1.6931471805599454
vga:1.0
svga:1.0
near:1.0
future:1.0
windows:1.0
nt:2.09861228866811
released:1.0
yet:1.0
hopes:1.0
current:1.0
products:1.0
release:1.0
disks:1.0
testing:1.0
coming:1.0
tests:1.0
ran:1.0
department:1.0
1024x768x256:1.0
dx2-66:1.6931471805599454
results:1.6931471805599454
official:1.0
7ohz:1.0
