tal:2.09861228866811
brownvm.brown.edu:1.6931471805599454
subject:1.0
eps:2.09861228866811
technologies:2.09861228866811
experience:1.0
anyone:2.09861228866811
rough:1.0
start:1.0
purchasing:1.0
486:1.0
system:2.09861228866811
see:1.6931471805599454
earlier:1.0
post:1.0
im:2.6094379124341005
trying:1.0
looking:1.0
following:1.0
offered:1.0
486dx:1.0
33mhz:1.0
w:1.6931471805599454
256k:1.0
static:1.0
ram:2.09861228866811
cache:1.6931471805599454
ami:1.0
bios:1.0
3:2.09861228866811
32-bit:1.6931471805599454
vesa:1.6931471805599454
local:1.6931471805599454
bus:1.6931471805599454
slots:1.6931471805599454
16-bit:1.0
1:1.6931471805599454
8-bit:1.0
slot:1.0
teac:1.0
1.2:1.0
1.44:1.0
mb:2.09861228866811
floppy:1.0
drives:1.0
maxtor:1.0
170:1.0
hard:1.0
drive:1.0
15:1.6931471805599454
ms:1.0
ide:1.0
w/64k:1.0
buffer:1.0
video:1.0
card:1.6931471805599454
1mb:1.0
1024:1.6931471805599454
x:1.6931471805599454
768:1.6931471805599454
ni:1.6931471805599454
think:1.0
orchid:1.0
fahrenheit:1.0
1280:1.0
14:1.0
multisync:1.0
monitor:1.6931471805599454
101:1.0
keyboard:1.0
200:1.0
watt:1.0
power:1.0
supply:1.0
windows:1.0
3.1:1.0
mouse:1.0
dos:1.0
6.0:1.0
years:1.0
limited:1.0
warranty:1.0
year:1.0
on-site:1.0
service:1.6931471805599454
probably:1.0
going:1.0
add:1.0
125:1.0
flat-screen:1.0
digital:1.0
also:1.0
want:1.0
go:1.0
least:1.0
8:1.0
159:1.0
extra:1.0
bought:1.0
particularly:1.0
like:1.0
one:1.0
considering:1.0
especially:1.0
interested:1.0
warrantee:1.0
recommend:1.0
companies:1.0
offer:1.0
similar:1.0
packages:1.0
support:1.0
comparable:1.0
prices:1.0
fastmicro:1.0
bit:1.0
thanks:1.0
advance:1.0
toby:1.0
loftus:1.0
brownvm:1.0
brown:1.0
university:1.0
