chau:1.0
hao.ucar.edu:1.0
national:1.0
center:1.0
atmospheric:1.0
research:1.0
subject:1.0
please:1.0
help:1.6931471805599454
looking:1.0
books:1.0
hi:1.0
netters:1.0
often:1.0
troubles:1.0
pc:2.09861228866811
would:1.6931471805599454
like:1.0
fix:1.6931471805599454
book:1.6931471805599454
show:1.0
hardware:1.0
monitor:1.0
printer:1.0
problems..etc:1.0
course:1.0
tell:1.0
exact:1.0
problem:1.0
least:1.0
give:1.0
general:1.0
idea:1.0
might:1.0
wrong:1.0
thanks:1.0
lot:1.0
