mrm:1.0
st-andrews.ac.uk:1.0
malcolm:1.0
r:1.0
mcleod:1.0
subject:1.0
wen:1.0
20:1.0
monitor:1.6931471805599454
help:1.6931471805599454
anybody:1.0
info:1.0
manufacturers:1.0
e-mail:1.0
please:1.0
scotty:1.0
