enavarro:1.0
nyx.cs.du.edu:1.0
emilio:1.6931471805599454
navarro:1.0
subject:1.0
netbios:1.6931471805599454
bios:1.6931471805599454
hello:1.0
everyone:1.0
could:1.0
anyone:1.0
tell:1.0
find:1.0
information:1.0
interrupt:1.0
calls:1.0
book:1.0
maybe:1.0
ftp:1.0
site:1.0
thank:1.0
advance:1.0
