studner:1.6931471805599454
rintintin.colorado.edu:1.0
roger:1.0
alan:1.0
subject:1.0
modem:2.09861228866811
sale:1.0
selling:1.0
usr:1.0
hst:1.0
14.4k:1.0
baud:1.0
v42bis:1.0
compression:1.0
upgrades:1.0
manual:1.0
lost:1.0
going:1.0
one:1.0
side:1.0
u.s:1.0
point:1.0
setup:1.0
max:1.0
throughput:1.0
built:1.0
help:1.0
quick:1.0
reference:1.0
guide:1.0
bottom:1.0
use:1.0
difficult:1.0
means:1.0
offers:1.0
