tso:1.6931471805599454
cephalo.neusc.bcm.tmc.edu:1.0
dan:1.0
subject:1.0
much:1.0
memory:2.09861228866811
wp:1.0
windows:2.386294361119891
article:1.0
1ps6pjinndua:1.0
rave.larc.nasa.gov:1.0
jka:1.0
air77.larc.nasa.gov:1.0
writes:1.0
documentation:1.0
says:1.0
wordperfect:1.0
requires:1.0
4:1.0
ram:1.0
try:1.0
install:1.0
laptop:1.0
get:1.0
enough:1.6931471805599454
error:1.0
message:1.0
ive:1.0
unloaded:1.0
everything:1.0
possibly:1.0
could:1.0
still:1.0
anyone:1.0
ideas:1.0
might:1.0
happening:1.0
sure:1.0
youre:1.0
running:1.0
real:1.0
mode:1.0
3.1:1.0
permanent:1.0
swapfile:1.0
built:1.0
