glang:1.0
slee01.srl.ford.com:1.0
gordon:1.6931471805599454
lang:1.0
subject:1.0
ibm:2.386294361119891
value/point:1.0
acifuent:2.09861228866811
isluga.puc.cl:1.6931471805599454
wrote:1.0
hi:1.0
change:1.0
286:1.0
soon:1.0
read:1.0
something:1.0
ps:1.6931471805599454
value-point:1.0
anyone:1.0
one:1.6931471805599454
video:1.6931471805599454
card:1.6931471805599454
really:1.0
24:1.0
bit:1.0
much:1.6931471805599454
cost:1.0
u.s:1.0
last:1.0
question:1.0
value:2.386294361119891
point:2.09861228866811
486:1.6931471805599454
sx:1.6931471805599454
25mhz:1.0
upgrade:1.6931471805599454
dx2:1.0
66mhz:1.0
thank:1.0
veeery:1.0
advance:1.0
alejandro:1.0
cifuentes:1.0
h:1.0
questions:1.0
answered:1.0
dealer:1.0
points:1.0
provide:1.0
unsolicited:1.0
advice:1.6931471805599454
amusing:1.0
kind:1.0
today:1.0
tueday:1.0
4-6-93:1.0
supposed:1.0
officially:1.0
announce:1.0
introduction:1.0
vesa:1.6931471805599454
local:1.6931471805599454
bus:1.6931471805599454
systems:2.09861228866811
still:1.0
on-board:1.0
disk:1.6931471805599454
far:1.6931471805599454
better:1.6931471805599454
prior:1.0
get:1.6931471805599454
future:1.0
upgrades:1.0
going:1.6931471805599454
buy:1.6931471805599454
three:1.6931471805599454
17:1.0
monitors:1.0
also:1.0
newly:1.0
available:1.0
immediately:1.0
upgraded:1.0
ultrastor:1.0
34f:1.0
caching:1.0
scsi:1.0
controller:1.0
either:1.0
ati:1.0
gup:1.0
viper:1.0
graphics:1.0
board:1.0
486sx:1.0
sytem:1.0
personal:1.0
philosophy:1.0
policy:1.0
loss-free:1.0
earn:1.0
money:1.6931471805599454
pay:1.6931471805599454
taxes:1.6931471805599454
spend:1.0
i.e:1.0
coming:1.0
translated:1.0
means:1.0
take:1.0
infrequent:1.0
large:1.0
steps:1.0
short:1.0
term:1.6931471805599454
long:1.0
avoid:1.0
models:1.6931471805599454
go:1.0
straight:1.0
dx:1.0
dx-2:1.0
