biediger:1.6931471805599454
lonestar.utsa.edu:1.0
david:1.6931471805599454
subject:1.0
tangent:2.09861228866811
computer:1.0
eisa:1.6931471805599454
lb:1.0
system:1.6931471805599454
anyone:1.6931471805599454
dealt:1.0
im:1.0
looking:1.0
486:1.0
backplane:1.0
vesa:1.0
slot:1.0
video:1.0
scsi:1.0
contoller:1.0
use:1.0
made:1.0
aorta:1.0
ive:1.0
never:1.0
heard:1.0
brand:1.0
comment:1.0
controller:1.0
thanks:1.0
