mpalmer:1.0
encore.com:1.0
mike:1.0
palmer:1.0
subject:1.0
dos:1.6931471805599454
6.0:1.6931471805599454
interlink:2.09861228866811
jka:1.0
air77.larc.nasa.gov:1.0
j:1.0
keith:1.0
alston:1.0
writes:1.0
hi:1.0
anyone:1.0
know:1.0
type:1.0
cabling:1.0
required:1.0
use:1.0
capability:1.0
provided:1.0
tried:1.0
null:1.0
modem:1.0
cable:1.0
two:1.0
copies:1.0
procomm:1.0
talking:1.0
happily:1.0
one:1.0
another:1.0
kept:1.0
saying:1.0
connection:1.0
made:1.0
gave:1.0
used:1.0
floppies:1.0
