walker:2.386294361119891
thufir.cs.umn.edu:1.0
robert:1.6931471805599454
paul:1.0
subject:1.0
dos:1.6931471805599454
board:1.6931471805599454
16:1.6931471805599454
ports:1.6931471805599454
im:1.6931471805599454
posting:1.0
friend:1.0
runs:1.0
bbs:1.0
sure:1.0
windows:1.0
interested:1.0
another:1.0
post:1.0
someone:1.6931471805599454
suggeted:1.0
digiboard:1.0
didnt:1.0
much:1.0
info:1.0
could:1.0
give:1.0
information:1.0
boards:1.0
know:1.0
mentioned:1.0
configuration:1.0
models:1.0
specifications:1.0
prices:1.0
manufacturers:1.0
thanks:1.0
rob:1.0
cs.umn.edu:1.0
computer:1.0
science:1.0
dept:1.0
university:1.0
minnesota:1.0
