ted:2.9459101490553135
isgtec.com:2.09861228866811
richards:2.09861228866811
subject:1.0
pc-x:1.0
following:1.0
note:1.0
wrote:1.6931471805599454
al:1.6931471805599454
devilbiss:1.0
col.hp.com:1.0
looks:2.386294361119891
like:2.09861228866811
everything:1.0
works:1.0
advertised:1.0
disappointed:1.0
speed:1.0
im:1.0
using:2.6094379124341005
intel:1.0
400:1.0
internal:1.0
14.4k:1.6931471805599454
modem:2.386294361119891
pc:2.386294361119891
telebit:1.0
unix:2.09861228866811
end:1.0
currently:1.0
limited:1.0
19.2kbits:1.0
com:1.0
link:1.6931471805599454
get:1.0
quantitative:1.0
comparison:1.0
cat:2.09861228866811
file:2.6094379124341005
20:1.0
kbyte:1.0
uncompressed:1.0
ascii:1.0
text:1.0
took:1.0
75:1.0
seconds:2.09861228866811
scroll:1.0
x:1.0
window:2.9459101490553135
270:1.0
chars/sec:1.6931471805599454
identical:1.0
hardware:1.0
procomm+fw:1.0
takes:1.0
11:1.6931471805599454
1820:1.0
btw:1.0
use:1.0
ncd:1.0
xview:1.0
work:1.0
hp:1.0
every:1.0
day:1.0
access:1.0
lan:1.6931471805599454
fine:1.0
scrolls:1.0
2:1.6931471805599454
connection:1.0
tried:1.6931471805599454
experiments:1.0
catd:1.0
20261-byte:1.0
471:1.0
lines:1.0
various:1.0
scenarios:1.0
pc-xview:2.09861228866811
dos:2.6094379124341005
full-screen:1.6931471805599454
os/2:2.791759469228055
1024x768x16:1.0
18:1.0
sec:2.6094379124341005
telix:2.09861228866811
1024xs768x256:1.0
107:1.0
standard:1.0
vga:1.0
windows:1.6931471805599454
3.1:1.6931471805599454
1024x768x256:2.09861228866811
30:1.6931471805599454
uw/win:2.09861228866811
seamless:1.6931471805599454
gave:1.6931471805599454
4:1.0
min:1.6931471805599454
faster:1.6931471805599454
pg:1.0
could:1.0
little:1.0
keep:1.0
hitting:1.0
space:1.0
bar:1.0
ati:1.0
wonder:1.0
xl:1.0
video:1.0
card:1.0
way:1.0
pretty:2.09861228866811
good:1.6931471805599454
line-by-line:1.0
scrolling:1.0
desktop:1.0
pathetic:1.0
although:1.0
full-page:1.0
redraws:1.0
normal:1.0
9x15bold:1.0
10x20:1.0
font:1.6931471805599454
small:1.0
difference:1.0
times:1.0
receive:1.0
light:1.0
solidly:1.0
bottleneck:1.0
9600-baud:1.0
screen:1.0
drawing:1.0
uunet.ca:1.0
isgtec:1.0
isg:1.0
technologies:1.0
inc:1.0
6509:1.0
airport:1.0
rd:1.0
mississauga:1.0
ont:1.0
canada:1.0
l4v:1.0
1s7:1.0
