bgrubb:1.0
dante.nmsu.edu:1.0
grubb:1.0
subject:1.0
ide:2.6094379124341005
vs:1.0
scsi:3.70805020110221
wlsmith:1.0
valve.heart.rri.uwo.ca:1.0
wayne:1.0
smith:1.0
writes:1.0
doesnt:1.0
answer:1.0
original:1.0
question:1.0
os/2:1.0
multi-user:1.0
os:1.0
mention:1.0
made:1.0
ether:1.0
card:1.6931471805599454
either:1.6931471805599454
disk/data:1.0
point:1.0
view:1.0
advantage:1.0
comes:1.6931471805599454
multi:1.0
tasking:1.0
data:2.6094379124341005
could:1.0
anywhere:1.0
drive:3.3978952727983707
find:1.0
faster:2.09861228866811
get:1.0
computer:1.0
better:1.0
cache:1.0
system:1.0
thought:1.0
good:1.0
managing:1.6931471805599454
bus:1.0
multiple:1.0
devices:2.6094379124341005
attached:1.0
talking:1.0
single:1.0
explain:1.0
inherently:1.0
hard:2.386294361119891
making:1.0
mistake:1.0
confusing:1.0
interface:2.9459101490553135
throughput:1.6931471805599454
mac:2.6094379124341005
ibm:2.9459101490553135
info:1.0
sheet:1.0
available:1.0
ftp:1.0
sumex-aim.stanford.edu:1.0
36.44.0.6:1.0
info-mac/report:1.0
mac-ibm-compare173.txt:1.0
expansion:2.09861228866811
external:1.6931471805599454
device:2.09861228866811
common:1.6931471805599454
allows:1.6931471805599454
use:1.6931471805599454
printer:1.0
scanner:1.0
nubus:1.0
plus:1.0
monitors:1.0
cd-rom:1.0
apple:1.0
developed:1.0
specifications:1.6931471805599454
controlers:1.0
exact:1.0
controller:2.386294361119891
results:1.0
added:1.0
incompatibilities:1.0
machines:1.0
main:1.0
problem:1.6931471805599454
lot:1.0
internal:1.0
terminated:1.6931471805599454
causes:1.6931471805599454
problems:1.6931471805599454
two:1.0
devises:1.0
port:1.0
chain:1.0
supposed:1.0
begining:1.0
end:1.0
set:1.0
scsi-1:2.9459101490553135
7:1.6931471805599454
per:1.6931471805599454
8-bit:2.09861228866811
asynchronous:2.386294361119891
1.5mb/s:1.0
ave:1.0
synchronous:1.0
5mb/s:1.6931471805599454
max:1.6931471805599454
transfer:2.09861228866811
base:1.0
16-bit:2.386294361119891
requires:1.0
scsi-2:3.6390573296152584
controler:1.0
chip:1.0
provide:1.0
fast:2.386294361119891
wide:1.6931471805599454
interfaces:1.6931471805599454
see:1.0
10:1.0
mode:2.6094379124341005
fully:1.0
complient:1.0
tends:1.6931471805599454
implimented:1.0
since:1.0
needs:1.0
different:1.0
hardware:1.0
expendsive:1.0
software:1.0
speeds:1.0
4-6mb/s:1.0
10mb/s:1.0
burst:2.09861228866811
8-12mb/s:1.0
20mb/s:1.0
15-20mb/s:1.0
40mb/s:1.0
32-bit/wide:1.0
limited:2.09861228866811
reduced:1.0
due:1.0
difference:1.0
ports:1.0
hd:1.0
drives:1.6931471805599454
design:1.0
lack:1.0
development:1.0
integrated:1.0
electronics:1.0
currently:1.0
standard:1.0
mainly:1.0
used:1.0
medium:1.0
sized:1.0
one:1.0
lowest:1.0
setting:1.0
averages:1.0
put:2.6094379124341005
maximum:1.0
full:1.0
blows:1.0
poor:1.0
window:1.0
street:1.0
garbage:1.0
becomes:1.0
mechanisim:1.0
keep:1.0
rates:1.0
bottleneck:1.0
cost:2.6094379124341005
mechanisims:1.6931471805599454
self:1.0
fulliling:1.0
prophisy:1.0
people:1.0
buy:1.0
expencive:1.6931471805599454
pc:1.0
turn:1.0
convices:1.0
makes:1.0
mass:1.0
producing:1.0
would:1.0
reduce:1.0
unwarented:1.0
effect:1.0
rule:1.0
scale:1.0
items:1.0
sold:1.0
less:1.6931471805599454
item:1.6931471805599454
bare:1.0
brunt:1.0
manufacture:1.0
limits:1.0
