yjwu:1.6931471805599454
eng.umd.edu:1.0
yu-jen:1.6931471805599454
wu:1.6931471805599454
subject:1.0
whats:1.0
difference:1.6931471805599454
30-pin:1.6931471805599454
72-pin:1.6931471805599454
simms:2.386294361119891
hi:1.0
anyone:1.0
tell:1.0
wish:1.0
get:1.0
detailed:1.0
information:1.6931471805599454
origin:1.0
two:1.0
different:1.0
types:1.0
preferably:1.0
magazine:1.0
review:1.0
aricle:1.0
way:1.0
faq:1.0
group:1.0
covers:1.0
please:1.0
also:1.0
direct:1.0
help/information:1.0
would:1.0
much:1.0
appreciated:1.0
sincerely:1.0
dept:1.0
ee:1.0
univ:1.0
maryland:1.0
eng.umd.eu:1.0
