spiro:2.386294361119891
netcom.com:1.6931471805599454
philip:1.0
n:1.0
subject:1.0
new:1.0
cd-rom:1.0
gateways:1.0
misc:1.0
info:1.0
terry:1.0
clark:1.0
tclark:1.0
news.weeg.uiowa.edu:1.0
wrote:1.0
upgrade:1.0
nanao:1.6931471805599454
550i:1.6931471805599454
765:1.0
monitor:1.0
handle:1.0
1280x1024:1.6931471805599454
vertical:1.0
refresh:1.0
72-76hz:1.0
according:1.0
better:1.0
60hz:1.0
btw:1.0
gateway:1.0
told:1.0
thing:1.0
phil:1.6931471805599454
415-964-6647:1.0
