ong_mang:1.6931471805599454
iastate.edu:1.6931471805599454
sleeping_dragon:1.0
subject:1.0
wanted:1.0
opinions:1.6931471805599454
mag:1.6931471805599454
17s:1.6931471805599454
nanao:1.6931471805599454
560i:1.6931471805599454
monitor:2.6094379124341005
hi:1.0
im:1.0
looking:1.0
buy:1.6931471805599454
17:1.6931471805599454
soon:1.0
seems:1.0
cant:1.0
decide:1.0
25:1.0
dpi:1.0
version:1.0
using:1.0
triniton:1.0
tube:1.0
mind:1.0
anyone:1.0
know:1.0
specification:1.0
problems:1.0
actually:1.0
related:1.0
buying:1.0
welcomed:1.0
thanks:1.0
advance:1.0
