phill:1.0
dnbf01.bram.cdx.mot.com:1.0
phil:1.6931471805599454
longstaff:1.0
subject:1.0
wanted:1.0
chipset:2.09861228866811
info:1.0
286:1.0
m205:1.0
motherboard:1.0
last:1.0
byte:1.0
memory:1.6931471805599454
manager:1.0
downloaded:1.0
trial:1.0
reports:1.0
addtech:1.0
pcchip1:1.0
able:1.0
activate:1.6931471805599454
ram:1.0
behind:1.0
segments:1.0
a000-ffff:1.0
used:1.0
umbs:1.0
except:1.0
video/bios:1.0
would:1.0
like:1.0
write:1.0
driver:1.0
anyone:1.0
know:1.0
get:1.0
programming:1.0
information:1.0
chip:1.0
