marka:1.6931471805599454
hcx1.ssd.csd.harris.com:1.0
mark:1.0
ashley:1.0
subject:1.0
tape:2.09861228866811
backup:1.6931471805599454
windows:1.6931471805599454
im:1.6931471805599454
looking:1.6931471805599454
complete:1.0
hw/sw:1.0
solution:1.0
need:1.0
isa/vlb:1.0
scsi:1.6931471805599454
controller:1.0
e.g:1.0
ultrastor:1.0
34f:1.0
plus:1.6931471805599454
drive:1.0
500mb:1.0
less:1.0
like:1.6931471805599454
archive:1.0
program:1.0
work:1.0
intended:1.0
system:1.0
32mb:1.0
ram:1.0
plain:1.0
isa:1.0
controllers:1.0
longer:1.0
also:1.0
hear:1.0
world:1.0
organized:1.0
anybody:1.0
setup:1.0
please:1.6931471805599454
describe:1.0
thanks:1.0
e-mail:1.0
gcx1.ssd.csd.harris.com:1.0
