goyal:1.6931471805599454
utdallas.edu:1.0
mohit:1.0
k:1.0
subject:1.0
refresh:1.6931471805599454
rates:1.6931471805599454
nec:1.6931471805599454
5fgx:1.6931471805599454
someone:1.0
tell:1.0
maximum:1.0
horizontal:1.0
vertical:1.0
5fge:1.0
thanks:1.0
