gregof:1.0
jsp.umontreal.ca:1.0
grego:1.0
filippo:1.0
subject:1.0
info:1.6931471805599454
wanted:1.0
tseng:1.6931471805599454
labs:1.6931471805599454
et4000:1.6931471805599454
vlb:1.6931471805599454
hi:1.0
fellow:1.0
netters:1.0
anybody:1.0
card:1.6931471805599454
price:1.0
speed:1.0
compatibility:1.0
existing:1.0
up-comming:1.0
softwares:1.0
performance:1.0
compared:1.0
others:1.0
cards:1.0
s3:1.0
based:1.0
thank:1.0
