bagels:1.0
gotham.east.sun.com:1.0
alex:1.6931471805599454
beigelman:1.0
nyc:1.0
se:1.0
subject:1.0
ncr:1.6931471805599454
1204:1.6931471805599454
external:1.6931471805599454
floppy:1.6931471805599454
drive:1.0
hi:1.0
inherited:1.0
thing:1.6931471805599454
every:1.0
port:1.0
known:1.0
man:1.0
back:1.0
question:1.0
anyone:1.0
know:1.0
connect:1.0
pc:1.0
hardware:1.0
needed:1.0
software:1.0
tia:1.0
p.s:1.0
please:1.0
respond:1.0
directly:1.0
alias:1.0
