genek:1.6931471805599454
ucsb.edu:1.0
gene:1.0
kostruba:1.0
subject:1.0
diamond:1.6931471805599454
speedstar:1.6931471805599454
hicolor:2.09861228866811
card:2.386294361119891
486dx33:1.0
isa:1.0
system:1.6931471805599454
4:1.0
meg:1.6931471805599454
using:1.0
video:1.6931471805599454
1:1.0
vram:1.0
standard:1.0
ctx:1.0
14-in:1.0
svga:1.0
monitor:1.0
running:1.6931471805599454
windows:1.6931471805599454
overlapping:2.09861228866811
say:1.0
application:2.09861228866811
program:1.0
manager:1.0
window:2.09861228866811
close:1.0
active:1.0
erasure:1.0
slow:1.6931471805599454
part:1.0
erased:1.0
first:1.0
slowly:1.0
also:1.0
happens:1.0
iconify:1.0
advertised:1.0
faster-than-standard:1.0
accelerator:1.6931471805599454
chip:1.6931471805599454
800x600x32k:1.0
speed:1.0
simply:1.0
expected:1.0
without:1.0
something:1.0
else:1.0
bottlenecking:1.0
unaware:1.0
thanks:1.0
mail:1.0
directly:1.0
wish:1.0
cs.ucsb.edu:1.0
