rmbult01:2.09861228866811
starbase.spd.louisville.edu:2.09861228866811
robert:2.09861228866811
bultman:2.09861228866811
subject:1.0
ast:1.6931471805599454
hot:1.6931471805599454
shot:1.6931471805599454
286:1.6931471805599454
recently:1.0
acquired:1.0
accellerator:1.0
board:1.0
8088:1.0
sans:1.0
documentation:1.0
anyone:1.0
know:1.0
dip:1.0
switches:1.0
back:1.0
card:1.6931471805599454
come:1.0
software:1.0
help:1.0
information:1.0
would:1.0
greatly:1.0
appreciated:1.0
thanks:1.0
rob:1.0
speed:1.6931471805599454
scientific:1.6931471805599454
school:1.6931471805599454
university:1.6931471805599454
louisville:1.6931471805599454
internet:1.6931471805599454
