bgrubb:1.0
dante.nmsu.edu:1.0
grubb:1.0
subject:1.0
ide:3.0794415416798357
vs:1.0
scsi:3.8903717578961645
wlsmith:1.0
valve.heart.rri.uwo.ca:1.0
wayne:1.0
smith:1.0
writes:1.0
200-400:1.0
meg:1.0
5:1.0
megs/sec:1.0
drive:3.0794415416798357
cost:1.6931471805599454
since:1.6931471805599454
quadra:1.0
mac:2.791759469228055
able:1.0
deal:1.0
5mb/s:1.0
hard:2.386294361119891
drives:2.09861228866811
start:1.0
160mb:1.0
idea:1.0
following:1.0
external:1.0
20mb:1.0
299:1.0
15/mb:1.0
52mb:1.0
379:1.0
7.3/mb:1.0
80mb:1.0
449:1.0
5.63/mb:1.0
120mb:1.0
569:1.0
639:1.0
4.75:1.0
5.33/mb:1.0
210mb:1.0
979:1.0
1029:1.0
4.67:1.0
4.90/mb:1.0
320mb:1.0
1499:1.0
1549:1.0
4.68:1.0
4.84/mb:1.0
510mb:1.0
1999:1.0
2119:1.0
3.92:1.0
4.31/mb:1.0
etc:1.6931471805599454
scsi-1/scsi-2:1.0
goes:1.6931471805599454
price/mb:1.0
size:1.0
assume:1.0
pc:1.0
world:2.09861228866811
wont:1.0
argue:1.0
standard:1.6931471805599454
makes:1.0
good:1.0
well:2.09861228866811
implimented:1.0
data:1.6931471805599454
highway:1.0
still:1.6931471805599454
want:1.0
know:1.0
intrinsically:1.0
better:1.0
isa:1.0
bus:1.0
comes:1.0
multi-tasking:1.6931471805599454
oss:1.0
managing:1.0
single:1.0
also:1.6931471805599454
floppy:2.09861228866811
interface:2.386294361119891
inteface:1.0
non-card:1.0
non-modem:1.0
not-keyboard:1.0
device:1.0
id:1.0
7:1.0
used:2.09861228866811
called:1.0
cpu:1.6931471805599454
identifiers:1.0
allows:1.0
cross:1.0
interfacing:1.0
fast:1.0
os:2.09861228866811
program:1.6931471805599454
handle:1.0
shows:1.0
best:1.0
quatra:1.0
line:1.0
ibm:1.0
uses:1.0
happen:1.0
printers:1.0
scanners:1.0
expandsion:1.0
cards:1.0
showed:1.0
plus:1.0
nubus:1.0
cage:1.0
cd-rom:1.0
seems:1.6931471805599454
mainly:1.0
specs:1.0
nobody:1.0
given:1.0
cant:1.0
find:1.0
besides:1.0
advertizments:1.0
call:1.0
make:1.0
jack:1.0
trades:1.0
master:1.0
one:1.6931471805599454
alone:1.0
puts:1.0
scsi-2:1.0
blows:1.0
water:1.0
remember:1.0
high:2.386294361119891
priced:1.0
machines:1.0
18:1.0
months:1.0
ago:1.0
prices:1.0
came:1.6931471805599454
earth:1.0
rule:1.0
scale:1.0
played:1.0
remained:1.0
cheap:1.0
mean:1.0
chezzy:1.0
end:1.6931471805599454
computer:1.6931471805599454
times:1.0
anything:1.0
else:1.0
proably:1.0
kept:1.0
statosphere:1.0
price:1.0
wise:1.0
multitasking:1.0
part:1.0
next:1.0
could:1.0
choose:1.0
16-bit:1.0
32-bit:1.0
mode:1.0
desined:1.0
8-bit:1.6931471805599454
braindead:1.0
run:1.0
interfaces:1.0
least:1.0
way:1.0
use:1.0
scsi.ugh:1.0
