phil:2.791759469228055
howtek.mv.com:1.6931471805599454
hunt:1.6931471805599454
subject:1.0
com:2.386294361119891
ports:2.386294361119891
modem:2.9459101490553135
mouse:2.791759469228055
conflict:1.6931471805599454
really:1.6931471805599454
article:1.0
1993apr11.120848.493:1.0
wnbbs.nbg.sub.org:1.6931471805599454
comp.sys.ibm.pc.hardware:1.0
alt.msdos.programmer:1.0
comp.sys.ibm.pc.misc:1.0
uw.pc.general:1.0
uw.pc.ibm:1.0
misc.forsale.computers.d:1.0
comp.dcom.modems:1.0
oli:1.6931471805599454
oliver:1.0
duesel:1.0
writes:1.6931471805599454
hi:1.6931471805599454
yuri:1.6931471805599454
windy.berkeley.edu:1.0
yulaev:1.0
1s/1p/1g:1.0
i/o:1.0
card:1.0
386/40:1.0
pc:1.6931471805599454
plug:1.6931471805599454
wang:1.0
com4:1.0
works:1.0
change:1.6931471805599454
com1:2.791759469228055
doesnt:1.0
program:1.0
chkport:1.0
gives:1.0
diagnostics:1.0
like:1.6931471805599454
possible:1.0
irq:2.09861228866811
driver:1.0
memory:1.0
since:1.0
io-card:1.0
one:1.6931471805599454
serial:1.6931471805599454
port:1.0
default:1.0
ms-dos:1.0
cant:1.6931471805599454
share:1.6931471805599454
irqs:2.386294361119891
youll:1.0
set:2.09861228866811
either:1.0
com2:1.6931471805599454
using:1.6931471805599454
different:1.6931471805599454
adresses:1.0
two:1.0
devices:1.0
onto:1.0
com3:2.09861228866811
2:1.6931471805599454
4:2.09861228866811
latter:1.0
always:1.0
win:1.0
i.e:1.0
start:1.0
work:1.6931471805599454
stop:1.0
reboot:1.0
problem:1.0
setting:1.0
didnt:1.0
write:1.0
anything:1.0
peripherals:1.0
hope:1.0
helped:1.0
bit:1.0
e:1.0
im:1.0
kind:1.0
new:1.0
stuff:1.0
machine:1.0
1:1.0
and3:1.0
mean:1.0
expect:1.0
answer:1.0
matter:1.0
wherever:1.0
go:1.0
howtek:1.6931471805599454
inc:1.0
internet:1.0
uucp:1.0
decvax|harvard:1.0
mv:1.0
