brentw:1.6931471805599454
netcom.com:1.6931471805599454
brent:1.6931471805599454
c:2.6094379124341005
williams:1.6931471805599454
subject:1.0
colorado:2.09861228866811
jumbo:1.6931471805599454
250:2.791759469228055
gateway:2.09861228866811
2000:1.0
pd:1.6931471805599454
world.std.com:1.0
peter:1.0
f:1.0
davis:1.0
writes:1.0
ive:1.0
installed:1.0
new:1.0
tape:3.1972245773362196
backup:2.6094379124341005
unit:1.6931471805599454
couple:1.6931471805599454
complaints:1.0
dont:1.0
know:1.0
common:1.0
serious:1.0
problems:1.6931471805599454
may:1.0
would:2.09861228866811
appreciate:1.6931471805599454
feedback:1.6931471805599454
others:1.0
used:1.0
system:2.6094379124341005
btw:1.0
4dx2-66v:1.0
tower:1.6931471805599454
similar:1.0
configuration:1.6931471805599454
250mb:2.09861228866811
66:1.0
dx/2:1.0
ofirstly:1.0
shipped:1.0
120:1.0
mb:2.6094379124341005
tapes:1.0
even:1.0
though:1.0
drive:2.386294361119891
called:1.0
complain:1.0
said:1.0
thats:1.0
carry:1.0
compression:1.6931471805599454
fit:1.0
one:1.0
maybe:1.0
pay:1.0
extra:1.0
large:1.0
capacity:1.6931471805599454
got:1.0
suckered:1.0
way:1.6931471805599454
silly:1.0
believing:1.0
logo:1.0
front:1.0
meant:1.0
actual:1.0
carrying:1.0
people:1.0
sort:1.0
thing:1.6931471805599454
living:1.0
call:1.6931471805599454
marketing:1.0
lawyers:1.0
prosecute:1.0
fraud:1.0
perhaps:1.0
bunch:1.0
duped:1.0
buyers:1.0
march:1.0
corporate:1.0
headquarters:1.0
oi:1.0
230:1.0
data:1.6931471805599454
choose:1.0
space-optimizing:1.0
scheme:1.0
started:1.0
full:1.0
software:1.0
estimated:1.0
take:1.0
22:1.0
minutes:1.6931471805599454
took:1.0
4:1.0
1/2:1.0
hours:1.6931471805599454
sound:1.0
right:1.0
bit:1.0
long:1.0
takes:1.0
45:1.0
usually:1.0
4.5:1.0
particularly:1.0
grinding:1.0
away:1.0
whole:1.0
time:1.0
means:1.0
block:1.6931471805599454
size:2.386294361119891
write:2.09861228866811
small:1.0
change:1.0
buffer:1.0
bigger:1.0
oduring:1.0
dozen:1.0
files:2.386294361119891
came:1.0
access:1.0
denied:1.0
errors:1.0
windowssystem:1.0
comm.drv:1.0
keyboard.drv:1.0
shell.dll:1.0
etc:1.0
also:1.6931471805599454
windowsprogman.exe:1.0
ape:1.0
directory:2.09861228866811
anyone:1.0
else:1.0
happen:1.0
opened:1.0
dos:1.6931471805599454
likely:1.0
executable:1.0
file:1.6931471805599454
recommend:1.0
running:1.0
make:1.0
complete:1.0
thanks:1.6931471805599454
id:1.0
hearing:1.0
good:1.6931471805599454
sources:1.0
blank:1.0
cartridges:1.6931471805599454
preferably:1.0
wont:1.6931471805599454
since:1.0
physical:1.0
san:1.0
jose:1.0
california:1.0
