wong:2.386294361119891
ws13.webo.dg.com:1.6931471805599454
e:1.0
subject:1.0
help:1.0
24bit:1.6931471805599454
mode:1.6931471805599454
ati:1.6931471805599454
finally:1.0
got:1.0
vesa:1.0
driver:1.0
graphics:1.0
ultra:1.0
plus:1.0
2m:1.0
however:1.0
tried:1.0
use:1.0
view:1.0
get:1.0
lines:1.0
picture:1.6931471805599454
16bit:1.0
fine:1.0
someone:1.0
tell:1.0
wrong:1.0
card:1.0
software:1.0
thanks:1.0
8:1.0
users:1.0
name:1.0
edward:1.0
internet:1.0
telephone:1.0
508:1.0
870-9352:1.0
