msmith:1.0
beta.tricity.wsu.edu:1.0
mark:1.6931471805599454
smith:1.0
subject:1.0
toshiba:2.09861228866811
3401b:1.0
cd-rom:2.09861228866811
problems:2.09861228866811
im:1.0
thinking:1.0
getting:1.6931471805599454
3401:1.6931471805599454
hooking:1.0
scsi:1.0
port:1.0
media:1.0
vision:1.0
pro:1.0
audio:1.0
spectrum:1.0
sound:1.0
board:1.0
anybody:1.6931471805599454
configuration:1.0
work:1.0
general:1.0
drive:1.0
hadware:1.0
door:1.6931471805599454
opening:1.0
scratched:1.0
disks:1.0
closing:1.6931471805599454
stuck:1.0
way:1.0
cd:1.6931471805599454
holder:1.0
jamming:1.0
related:1.0
thanks:1.0
advance:1.0
