ronaldm:2.386294361119891
extro.ucc.su.oz.au:2.386294361119891
ron:2.386294361119891
mastus:2.09861228866811
subject:1.0
problem:1.0
adaptec:2.6094379124341005
1542b:2.09861228866811
scsi:2.386294361119891
jumbo:2.6094379124341005
tape:2.386294361119891
drive:2.791759469228055
hi:1.0
ive:1.0
replaced:1.0
existing:1.6931471805599454
dtc:1.0
controller:2.09861228866811
trouble:2.09861228866811
restoring:1.6931471805599454
250:1.6931471805599454
installing:1.0
dos:1.0
recognises:1.0
ide:2.6094379124341005
however:1.0
went:1.0
restore:1.0
backups:1.0
found:1.0
extremely:1.0
slow:1.0
estimated:1.0
time:1.6931471805599454
3:1.0
mins:1.0
actual:1.0
15:1.0
min:1.0
seem:1.0
remember:1.0
reading:1.0
settings:1.0
changed:1.0
enable:1.0
work:2.09861228866811
together:1.0
cant:1.0
find:1.0
mention:1.0
manuals:1.0
system:1.0
config:1.0
i486dx/33:1.0
4mb:1.0
running:2.09861228866811
180mb:1.0
fujitsu:1.0
200mb:1.0
floppy:1.0
help:1.0
would:1.0
appreciated:1.0
thanks:1.0
41:1.6931471805599454
mariposa:1.6931471805599454
rd:1.6931471805599454
phone:1.6931471805599454
61:2.09861228866811
2:2.09861228866811
bilgola:1.6931471805599454
plateau:1.6931471805599454
2107:1.6931471805599454
918-8152:1.0
home:1.0
australia:1.0
