catone:2.09861228866811
compstat.wharton.upenn.edu:1.6931471805599454
tony:1.6931471805599454
subject:1.0
17:1.0
monitors:1.6931471805599454
article:1.0
c5geh5.n1d:1.0
utdallas.edu:1.6931471805599454
goyal:1.6931471805599454
mohit:1.0
k:1.0
writes:1.0
oh:1.0
yeah:1.0
read:1.0
another:1.0
newsgroup:1.0
t560i:1.0
uses:1.0
high:1.6931471805599454
quality:1.0
trinitron:1.0
tube:1.0
sony:1.0
1604s:1.0
example:1.0
extra:1.0
cost:1.0
comes:1.6931471805599454
also:1.6931471805599454
bandwidth:1.0
fantastic:1.0
image:1.6931471805599454
large:1.0
size:1.0
etc:1.6931471805599454
two:1.6931471805599454
annoying:1.0
lines:1.0
across:1.0
screen:1.0
one:1.0
third:1.0
thirds:1.0
come:1.0
