cs3sd3ae:1.0
maccs.mcmaster.ca:1.0
holly:1.6931471805599454
ks:1.0
subject:1.0
western:1.6931471805599454
digital:1.6931471805599454
hd:1.0
info:1.0
needed:1.0
also:1.0
three:1.0
sets:1.0
pins:1.0
back:1.0
using:1.0
another:1.0
hard:1.0
drive:1.6931471805599454
well:1.0
settings:1.0
jumpers:1.0
written:1.0
right:1.0
circuit:1.6931471805599454
board:1.6931471805599454
wd:1.0
sl:1.0
cant:1.6931471805599454
remember:1.0
last:1.0
one:1.0
find:1.0
markings:1.0
ill:1.0
open:1.0
machine:1.0
tell:1.0
mine:1.0
kevin:1.0
mcmaster:1.0
university:1.0
hamilton:1.0
ontario:1.0
hollyk:1.0
mcmail.cis.mcmaster.ca:1.0
