cscon101:1.0
uoft02.utoledo.edu:1.0
subject:1.0
1-800-832-4778:1.6931471805599454
western:1.6931471805599454
digital:1.0
reply:1.0
digitals:1.0
voice:1.0
mail:1.0
get:1.0
information:1.0
many:1.0
drives:1.0
actual:1.0
person:1.0
end:1.0
