mblawson:1.6931471805599454
midway.ecn.uoknor.edu:1.0
matthew:1.6931471805599454
b:1.6931471805599454
lawson:1.6931471805599454
subject:1.0
high-performance:2.09861228866811
vlb:1.6931471805599454
video:1.6931471805599454
card:2.09861228866811
brother:1.0
market:1.0
supports:1.0
vesa:1.0
local:1.6931471805599454
bus:1.6931471805599454
1-2mb:1.0
ram:1.0
anyone:1.0
suggestions/ideas:1.0
diamond:1.0
stealth:1.0
pro:1.6931471805599454
orchid:1.0
farenheit:1.0
1280:1.0
ati:1.0
graphics:1.0
ultra:1.0
please:1.0
post:1.0
email:1.0
thank:1.0
matt:1.0
essex.ecn.uoknor.edu:1.0
nebuchadnezzar:1.6931471805599454
praise:1.0
exalt:1.0
glorify:1.0
king:1.6931471805599454
heaven:1.0
everything:1.0
right:1.0
ways:1.0
babylon:1.0
562:1.0
b.c:1.0
