greg:2.09861228866811
anacapa.ncel.navy.mil:1.0
gregory:1.0
k:1.0
ramsey:1.0
subject:1.0
micron:1.6931471805599454
computer:1.6931471805599454
inc:1.6931471805599454
formerly:1.0
edge:1.0
technology:1.0
since:1.0
net:1.0
convinced:1.0
try:1.0
fastmicro:1.0
still:1.0
answering:1.0
phones:1.0
anybody:1.0
opinions:1.0
486vl:1.0
magnum:1.0
got:1.0
editors:1.0
choice:1.0
jan:1.0
26th:1.0
roundup:1.0
486/66s:1.0
email:1.0
ill:1.0
sumarize:1.0
ncel.navy.mil:1.0
