s903146:1.0
mailserv.cuhk.hk:1.0
subject:1.6931471805599454
dos6:1.6931471805599454
boot:2.09861228866811
disk:1.6931471805599454
required:2.09861228866811
dont:1.6931471805599454
want:2.386294361119891
emm386:1.6931471805599454
load:1.6931471805599454
article:1.0
ls91poinnsvf:1.0
levelland.cs.utexas.edu:1.0
sms:1.6931471805599454
cs.utexas.edu:1.6931471805599454
stephen:1.6931471805599454
mark:1.6931471805599454
sanderson:1.6931471805599454
writes:1.0
date:1.0
8:1.0
apr:1.0
1993:1.0
15:12:40:1.0
0500:1.0
everybody:1.0
dos:2.386294361119891
6:1.6931471805599454
users:1.0
particular:1.0
take:1.0
note:1.0
play:1.0
games:1.0
hate/use:1.0
upper:1.0
memory:1.0
manager:1.0
problem:1.6931471805599454
disks:1.0
system:1.0
starts:1.0
hit:1.0
f5:1.0
key:2.09861228866811
tells:1.0
bypass:1.6931471805599454
config:1.0
autoexec:1.0
altogether:1.0
get:1.0
plain:1.0
generic:1.0
session:1.0
nothing:1.0
loaded:1.0
theres:1.0
another:1.0
function:1.6931471805599454
actually:1.0
steps:1.0
thru:1.0
config.sys:2.386294361119891
asking:1.0
execute:1.0
line:1.0
ive:1.0
forgotten:1.0
moment:1.0
try:1.0
finding:1.0
think:1.0
f9:1.0
need:1.0
6.0:1.0
multi-config:1.6931471805599454
tried:1.0
boot.sys:1.6931471805599454
kind:1.0
choose:1.0
startup:1.0
find:1.0
good:1.0
conflict:1.0
qemm:1.0
using:1.0
say:1.0
f8:1.0
trace:1.0
step:1.6931471805599454
sorry:1.0
error:1.0
phillip:1.0
phillipau:1.0
cuhk.hk:1.0
