spring:2.386294361119891
diku.dk:1.6931471805599454
jesper:1.6931471805599454
honig:1.6931471805599454
subject:1.0
486/66dx2:1.6931471805599454
isa:1.0
vs:1.0
486/50dx2:1.6931471805599454
eisa:1.0
hello:1.0
anyone:1.0
give:1.0
opinion:1.0
system:1.6931471805599454
got:1.0
best:1.0
overall:1.0
performance:1.0
isa-bus:1.0
eisa-bus:1.0
systems:1.0
equal:1.0
areas:1.0
thanks:1.0
advance:1.0
animals:1.0
believed:1.0
god:1.0
university:1.0
copenhagen:1.0
denmark:1.0
devil:1.0
would:1.0
man:1.0
