s913579:1.6931471805599454
minyos.xx.rmit.oz.au:1.6931471805599454
lost:1.0
cause:1.0
subject:1.0
connection:1.6931471805599454
machine:1.6931471805599454
hiya:1.0
realise:1.0
little:1.0
pcs:1.0
lot:1.0
hardware:1.0
nay:1.0
heard:1.0
computer:1.0
called:1.0
could:1.0
e-mail:1.0
info:1.0
eg:1.0
references:1.0
ideas:1.0
etc:1.0
help:1.0
appreciated:1.0
caviar:1.0
dreams:1.0
l.cause:1.0
royal:1.0
melbourne:1.0
institute:1.0
technology:1.0
music:1.6931471805599454
like:1.0
directing:1.0
sounds:1.0
theatrically:1.0
moulding:1.0
landscapes:1.0
wanted:1.0
link:1.0
places:1.0
architectural:1.0
environments:1.0
visual:1.0
techniques:1.0
j.m.jarre:1.0
