marka:1.6931471805599454
hcx1.ssd.csd.harris.com:1.0
mark:1.6931471805599454
ashley:1.6931471805599454
subject:1.0
eisa:1.6931471805599454
tape:1.6931471805599454
controllers:1.6931471805599454
qic-80:1.0
format:1.0
drive:1.0
comes:1.0
controller:1.0
colorados:1.0
250:1.0
isa:1.0
mca:1.0
thanks:1.0
e-mail:1.0
please:1.0
disclaimer:1.0
opinions:1.0
harris:1.0
gcx1.ssd.csd.harris.com:1.0
lost:1.0
los:1.0
angelino:1.0
