penev:2.386294361119891
rockefeller.edu:1.0
penio:1.6931471805599454
subject:1.0
486/66dx2:1.6931471805599454
isa:1.0
vs:1.0
486/50dx2:1.6931471805599454
eisa:1.0
fri:1.0
16:1.0
apr:1.0
1993:1.0
10:00:19:1.0
gmt:1.0
jesper:1.0
honig:1.0
spring:1.6931471805599454
diku.dk:1.0
wrote:1.0
anyone:1.0
give:1.0
opinion:1.0
system:2.09861228866811
got:1.0
best:1.0
overall:1.0
performance:1.0
isa-bus:1.0
eisa-bus:1.0
468dx2/66:1.0
eisa/vesa:1.0
royal:1.0
among:1.0
others:1.0
celling:1.0
2010:1.0
x7423:1.0
212:1.0
327-7423:1.0
w:1.0
internet:1.0
venezia.rockefeller.edu:1.0
disclaimer:1.0
oppinions:1.0
mine:1.0
