wyatt:1.0
chem.nrl.navy.mil:1.0
jrw:1.0
subject:1.6931471805599454
shopping:1.6931471805599454
new:1.6931471805599454
nec:2.9459101490553135
monitor:2.6094379124341005
article:1.6931471805599454
1qjfa0inn6g5:1.0
titan.ucs.umass.edu:2.09861228866811
dtodd:1.6931471805599454
david:2.09861228866811
todd:2.09861228866811
writes:1.6931471805599454
date:1.0
15:1.6931471805599454
apr:1.0
1993:1.0
07:01:20:1.0
0400:1.0
1qhppp:1.0
gha:1.0
darwin.sura.net:1.0
wbarnes:1.0
sura.net:1.0
bill:1.0
barnes:1.0
basically:1.0
im:1.6931471805599454
looking:1.0
svga:1.0
1024x768:1.6931471805599454
non-interlaced:1.0
4fg:2.09861228866811
one:1.6931471805599454
computer:1.0
mags:1.0
use:1.0
standard:1.0
ive:1.6931471805599454
seen:1.6931471805599454
heard:1.0
looks:1.0
pretty:1.0
good:1.6931471805599454
bit:1.0
expensive:1.0
700:1.0
bucks:1.0
best:1.0
deal:1.0
thought:1.6931471805599454
perhaps:1.0
might:2.09861228866811
find:1.0
something:1.0
less:1.0
recommendations:1.0
also:1.6931471805599454
3fgx:2.386294361119891
specs:1.0
except:1.0
scan:1.0
frequency:1.0
limited:1.0
anybody:1.0
comments:1.6931471805599454
would:1.6931471805599454
work:1.0
believe:1.0
replacing:1.0
4fge:1.6931471805599454
3fge:1.6931471805599454
models:1.0
reportedly:1.0
released:1.0
end:1.0
month:1.0
waiting:1.0
main:1.0
difference:1.0
3:1.0
year:1.0
warranty:1.0
higher:1.6931471805599454
refresh:1.6931471805599454
rates:1.0
resolutions:1.0
sounded:1.0
pc:2.386294361119891
magazine:1.0
note:1.0
boosted:1.0
number:1.6931471805599454
ways:1.0
call:1.0
800:1.0
send:1.0
info:1.0
department:1.0
psychology:1.0
university:1.0
massachusetts:1.0
amherst:1.0
01003:1.0
usa:1.0
phone:1.0
413/545-0158:1.0
david.todd:1.0
psych.umass.edu:1.0
fax:1.0
413/545-0996:1.0
using:1.0
several:1.6931471805599454
months:1.0
others:1.6931471805599454
problems:1.0
personally:1.0
spend:1.0
extra:1.6931471805599454
money:1.6931471805599454
sacrifice:1.0
features:1.0
33:1.0
mhz:1.6931471805599454
viz:1.0
50:1.0
based:1.0
want:1.0
view:1.0
vs:1.0
4:1.0
series:1.0
running:1.0
windows:1.0
rate:1.0
appears:1.0
ok:1.0
feel:1.0
differently:1.0
finally:1.0
speaking:1.0
spending:1.0
size:1.0
todays:1.0
files:1.0
etc:1.0
tape:1.0
backup:1.0
certainly:1.0
worth:1.0
200:1.0
300:1.0
recently:1.0
set:1.0
friends:1.0
50mhz:1.0
vesa:1.0
local:1.0
bus:1.0
redraw:1.0
time:1.0
graphics:1.0
program:1.0
factor:1.0
2:1.0
faster:1.0
doubt:1.0
warrants:1.0
cost:1.0
