wlsmith:1.0
valve.heart.rri.uwo.ca:1.0
wayne:1.0
smith:1.0
subject:1.0
recommendations:1.0
local:1.0
bus:2.791759469228055
cached:1.0
ide:2.9459101490553135
controller:2.386294361119891
article:1.0
1993apr16.074836.6819:1.0
sol.ctr.columbia.edu:1.0
penev:1.0
venezia.rockefeller.edu:1.0
writes:1.0
would:1.6931471805599454
like:1.6931471805599454
hear:1.0
net.wisdom:1.0
net.opinions:1.0
controllers:1.0
liek:1.0
get:1.0
card:1.0
vlb:2.09861228866811
dx2:1.0
66:1.0
motherboard:1.0
good:1.0
options:1.0
preferably:1.0
200:1.0
must:1.0
also:1.0
work:1.0
os/2:1.0
compatible:1.0
stacker:1.0
disk:1.0
compression:1.0
s/w:1.0
maxtor:2.09861228866811
212mb:1.0
isa:2.09861228866811
although:1.0
machine:1.0
dx2/66:1.0
save:1.6931471805599454
transfer:1.0
rate:1.0
0.647:1.0
mb/s:1.0
regardless:1.0
variations:1.0
speed:2.09861228866811
tested:1.0
5.5mhz:1.0
8.33mhz:1.0
difference:1.0
problem:1.0
interface:1.0
memory:1.0
advice:1.0
buy:1.0
4megs:1.0
ram:1.0
70:1.0
enjoy:1.0
performance:1.0
computer:1.0
286-25:1.0
mhz:2.386294361119891
12.5:1.0
drive:1.6931471805599454
7213a:1.0
213:1.0
mb:1.0
config.sys:1.0
autoexec.bat:1.0
ms:1.0
dos:1.0
5:1.0
win:1.0
3.1:1.0
smartdrv.sys:1.0
cache:1.0
smartdrv.exe:1.0
core:1.0
v:1.6931471805599454
2.7:1.0
6950:1.0
k/sec:2.9459101490553135
1390:1.0
1395:1.0
norton:1.0
si:1.0
5.0:1.0
730:1.0
980:1.0
982:1.0
id:1.0
still:2.09861228866811
people:1.0
vlb-ide:1.0
want:1.6931471805599454
know:1.6931471805599454
used:1.0
drives:1.6931471805599454
handle:1.0
speeds:1.0
8:1.6931471805599454
ps:1.0
friend:1.0
286-20:1.0
new:1.0
7245:1.0
245:1.0
meg:1.0
gets:1.0
800:1.0
1000:1.0
cant:1.0
remember:1.0
exactly:1.0
think:1.0
running:1.0
case:1.0
