scip2060:1.6931471805599454
nusunix1.nus.sg:1.6931471805599454
sardjono:1.6931471805599454
insani:1.6931471805599454
subject:1.0
connecting:1.6931471805599454
apple:1.6931471805599454
laserwriter:1.6931471805599454
ii:1.6931471805599454
ibm:1.0
pc:1.6931471805599454
anyone:1.0
tried:1.0
need:1.0
special:1.0
controller:1.0
card:1.0
software:1.0
thanks:1.0
comments:1.0
