bgrubb:1.0
dante.nmsu.edu:1.0
grubb:1.0
subject:1.0
ide:2.6094379124341005
vs:1.6931471805599454
scsi:2.791759469228055
dxb132:1.6931471805599454
psuvm.psu.edu:1.6931471805599454
writes:1.0
scsi-i:1.6931471805599454
ranges:2.6094379124341005
0-5mb/s:1.0
scsi-ii:1.0
0-40mb/s:1.0
0-8.3mb/s:1.0
esdi:2.09861228866811
always:1.0
1.25mb/s:1.0
although:1.0
non-standard:1.0
versions:1.0
tell:2.386294361119891
proper:1.0
story:1.0
8-bit:2.791759469228055
asynchronous:1.6931471805599454
1.5mb/s:1.0
ave:1.0
synchronous:1.6931471805599454
5mb/s:1.0
max:1.6931471805599454
transfer:1.0
base:1.0
scsi-1:4.178053830347945
faster:2.09861228866811
requires:1.0
scsi-2:3.8903717578961645
controller:2.386294361119891
chip:2.791759469228055
provides:1.0
16-bit:2.386294361119891
speeds:2.09861228866811
controlers:1.0
4-6mb/s:1.0
10mb/s:1.6931471805599454
burst:2.386294361119891
8-12mb/s:1.0
20mb/s:1.6931471805599454
15-20mb/s:1.0
40mb/s:1.0
32-bit/wide:1.0
fast:2.6094379124341005
wide:2.09861228866811
depends:1.0
port:2.09861228866811
designed:1.0
quadras:1.0
support:1.0
os:1.0
manager:1.0
rewritten:1.0
since:1.6931471805599454
quardas:1.0
use:1.6931471805599454
non-wide:1.0
article:2.6094379124341005
pc:1.6931471805599454
mag:1.0
4/27/93:29:1.0
talking:1.6931471805599454
uses:1.6931471805599454
ten:1.0
10:1.0
devices:2.6094379124341005
native:1.6931471805599454
mode:2.386294361119891
outside:1.0
behaves:1.0
lot:1.0
like:1.0
7:1.0
slower:1.0
put:1.6931471805599454
figures:1.6931471805599454
indeed:1.0
twice:1.0
pointed:1.0
20:1.6931471805599454
seems:1.6931471805599454
using:1.0
contoler:1.0
mac:1.6931471805599454
quadra:1.6931471805599454
controler:1.6931471805599454
gets:1.0
6mb/s:1.0
far:1.0
excess:1.0
normal:1.0
output:1.0
120:1.0
8.3:1.0
9.96:1.0
near:1.6931471805599454
machine:1.6931471805599454
world:1.0
mixed:1.0
fact:1.0
chips:2.6094379124341005
allow:1.0
device:2.09861228866811
shown:1.0
skews:1.0
data:1.0
test:1.0
agree:1.0
could:1.0
stated:1.0
came:1.6931471805599454
maybe:1.0
editor:1.0
killed:1.0
dealing:1.0
understand:1.0
effect:1.0
limited:1.0
5/mb:1.0
becoming:1.0
common:1.0
produce:1.0
version:1.0
ports:1.0
cource:1.0
prime:1.0
piece:1.0
wierdness:1.0
accurately:1.0
allows:1.0
best:1.0
worlds:1.0
high:1.0
cheeper:1.0
costs:1.0
full:1.0
hardware:1.0
electronic:1.0
etc:1.0
expensive:1.0
also:1.0
creates:1.0
logistic:1.0
nightmare:1.0
goes:1.0
one:1.6931471805599454
knows:1.6931471805599454
facts:1.0
behind:1.0
numbers:1.0
realizes:1.0
even:1.6931471805599454
throwing:1.0
dont:1.0
squat:1.0
ignores:1.0
less:1.0
intended:1.0
