scott:2.386294361119891
hpcvccl.cv.hp.com:1.6931471805599454
linn:1.6931471805599454
subject:1.0
32-bit:2.09861228866811
box:1.0
gateway:1.6931471805599454
playing:1.0
around:1.0
2000:1.0
local-bus:1.0
machine:1.0
last:1.0
night:1.0
became:1.0
apparent:1.0
windows:1.0
3.1:1.0
didnt:1.0
give:1.0
option:1.6931471805599454
access:1.0
virtual:1.0
memory:1.0
using:1.0
permanent:1.0
swap:1.0
file:1.0
disk:1.0
drive:1.0
local:1.0
bus:1.0
interface:1.0
expected:1.0
investigating:1.0
appears:1.0
thanks:1.0
help:1.0
