cas:1.0
spl1.spl.loral.com:1.0
carl:1.6931471805599454
swanson:1.0
subject:1.0
pc:2.09861228866811
sound:1.6931471805599454
sb:1.6931471805599454
read:1.0
sometime:1.0
last:1.0
couple:1.0
weeks:1.0
article:2.09861228866811
desribed:1.0
play:1.0
soundblaster:1.0
didnt:1.0
save:1.0
old:1.0
articles:1.0
purged:1.0
system:1.0
would:1.0
whomever:1.0
posted:1.0
detailing:1.0
connect:1.6931471805599454
wires:1.6931471805599454
please:1.0
re-post:1.0
specifically:1.0
need:1.0
know:1.0
speaker:1.0
card:1.0
thx:1.0
advance:1.0
