delman:2.6094379124341005
mipg.upenn.edu:1.6931471805599454
lee:1.6931471805599454
subject:1.0
tandberg:2.791759469228055
3600:1.6931471805599454
future:2.6094379124341005
domain:2.6094379124341005
tmc-1660:2.09861228866811
seagate:2.6094379124341005
st-21m:1.6931471805599454
problem:1.0
trying:1.0
get:1.0
system:3.0794415416798357
work:1.0
mfm:2.386294361119891
controller:2.09861228866811
boots:1.6931471805599454
disconnected:1.0
course:1.6931471805599454
scsi:2.09861228866811
devices:1.6931471805599454
found:1.6931471805599454
removed:1.0
card:1.6931471805599454
reports:1.0
finding:1.0
3660:1.0
bus:1.0
stops:1.0
booting:1.0
hard:1.0
disks:1.0
cant:1.0
hangs:1.6931471805599454
three:1.0
looks:1.0
like:1.0
conflict:1.6931471805599454
funny:1.0
thing:1.0
connected:1.0
checked:1.0
bios:1.0
addresses:1.0
irq:1.0
i/o:1.0
port:1.0
missed:1.0
anything:1.0
lost:1.0
suggestions:1.0
welcomed:1.0
thanks:1.0
advance:1.0
tel:1.0
1-215-662-6780:1.0
medical:1.0
image:1.0
processing:1.0
group:1.0
fax:1.0
1-215-898-9145:1.0
university:1.0
pennsylvania:1.0
4/f:1.0
blockley:1.0
hall:1.0
418:1.0
service:1.0
drive:1.0
philadelphia:1.0
pa:1.0
19104-6021:1.0
u.s.a:1.0
internet:1.0
