egzondag:1.6931471805599454
prl.philips.nl:1.6931471805599454
eddy:1.6931471805599454
zondag:1.6931471805599454
subject:1.0
question:1.0
get:1.6931471805599454
serial:2.09861228866811
mouse:2.6094379124341005
working:1.6931471805599454
ibm:1.6931471805599454
notebook:1.6931471805599454
l40:1.6931471805599454
happen:1.0
know:1.0
9:1.0
pins:1.0
kind:1.0
bus:1.0
connection:1.0
besides:1.0
parallel:1.0
interfaces:1.0
manual:1.0
doesnt:1.0
say:1.0
anything:1.0
ive:1.0
tried:1.0
two:1.0
drivers:1.0
result:1.0
left:1.0
right:1.0
buttons:1.0
recognized:1.0
movement:1.0
cut:1.0
shortcut:1.0
wires:1.0
to/from:1.0
thanks:1.0
help:1.0
philips:1.0
research:1.0
