cunning:1.0
mksol.dseg.ti.com:1.0
patrick:1.0
w:1.0
cunningham:1.0
subject:1.0
leading:2.386294361119891
tech:1.0
question:1.0
hey:1.0
anybody:1.6931471805599454
know:1.6931471805599454
anything:1.0
technology:1.6931471805599454
computers:1.0
6000sx:1.6931471805599454
need:1.0
new:1.0
mother:1.0
board:1.0
get:1.0
one:1.0
technoology:1.0
really:1.0
made:1.0
samsung:1.6931471805599454
model:1.0
sd-700:1.0
