kentiler:1.0
matt.ksu.ksu.edu:1.0
kent:1.6931471805599454
p:1.0
iler:1.0
subject:1.0
comments:1.0
accelerated:1.6931471805599454
video:2.09861228866811
card:2.09861228866811
isa:1.6931471805599454
bus:1.6931471805599454
hi:1.0
looking:1.0
buy:1.0
486:1.0
dx:1.0
50:1.0
14:1.0
svga:1.0
ni:1.0
monitor:1.0
im:1.6931471805599454
currently:1.0
running:1.0
dos:1.0
5.0:1.0
windows:1.0
3.1:1.0
although:1.0
considering:1.0
os/2:1.0
future:1.0
anyone:1.0
make:1.0
suggestion:1.0
would:1.0
suit:1.0
needs:1.0
diamond:1.0
speedstar:1.0
stealth:1.0
etc:1.0
thanks:1.0
