luttik:2.09861228866811
fwi.uva.nl:1.6931471805599454
bas:1.6931471805599454
i91:1.0
subject:1.0
question:1.0
connect:1.6931471805599454
two:1.6931471805599454
harddisk:2.6094379124341005
one:2.09861228866811
controller:2.791759469228055
hi:1.0
ive:1.0
got:1.6931471805599454
victor:1.0
pc/xt:1.0
20:1.6931471805599454
mb:1.6931471805599454
toshiba:1.0
mfm:1.0
additional:1.0
9:2.386294361119891
pins:1.0
connector:1.0
2:1.0
busses:1.0
wires:1.6931471805599454
another:1.0
34:2.09861228866811
connectors:1.0
wire-bus:1.6931471805599454
wire:1.6931471805599454
bus:1.6931471805599454
friend:1.0
mine:1.0
wondered:1.0
whether:1.0
second:1.0
room:1.0
solve:1.0
problem:1.0
suggestions:1.0
need:1.0
info:1.0
mail:1.0
please:1.0
