tracyb:1.6931471805599454
bnr.ca:1.6931471805599454
tracy:1.6931471805599454
blomquist:1.6931471805599454
subject:1.0
17:2.386294361119891
monitors:2.09861228866811
tony:1.0
catone:1.6931471805599454
compstat.wharton.upenn.edu:1.0
wrote:1.0
article:1.0
c5geh5.n1d:1.0
utdallas.edu:1.6931471805599454
goyal:1.6931471805599454
mohit:1.0
k:1.0
writes:1.0
oh:1.0
yeah:1.0
read:1.0
another:1.0
newsgroup:1.0
t560i:2.09861228866811
uses:1.6931471805599454
high:2.09861228866811
quality:1.0
trinitron:2.791759469228055
tube:2.6094379124341005
sony:2.09861228866811
1604s:1.0
example:1.0
extra:1.0
cost:1.0
comes:1.6931471805599454
also:1.6931471805599454
bandwidth:1.0
fantastic:1.0
image:1.6931471805599454
large:1.0
size:1.0
etc:2.09861228866811
two:1.6931471805599454
annoying:1.0
lines:2.09861228866811
across:1.0
screen:1.6931471805599454
one:1.6931471805599454
third:1.0
thirds:1.0
come:1.0
2:1.6931471805599454
result:1.0
end:1.0
wires:1.0
found:1.0
tubes:1.6931471805599454
e.g:1.0
mitsubishi:1.0
1604:1.0
14:1.0
youll:1.0
find:1.0
wire:1.0
level:1.0
annoyance:1.0
purely:1.0
subjective:1.0
im:1.0
happy:1.0
sharpness:1.0
dont:1.0
even:1.0
notice:1.0
sa:1.0
viewed:1.0
complete:1.0
larger:1.0
diameter:1.0
standard:1.6931471805599454
results:1.0
flatter:1.0
using:1.0
vertically:1.0
flat:1.6931471805599454
horizontally:1.0
surface:1.0
apparently:1.0
ability:1.0
provide:1.0
tighter:1.0
beam:1.0
focus:1.0
karl:1.0
e-mail:1.0
fax:1.0
1-613-765-4018:1.0
consultant:1.0
opinions:1.0
ph:1.0
1-613-765-4886:1.0
bell-northern:1.0
research:1.0
p.o.box:1.0
3511:1.0
stn:1.0
c:1.0
ottawa:1.0
ont:1.0
k1y-4h7:1.0
