s106275:1.6931471805599454
ee.tut.fi:1.6931471805599454
anssi:2.09861228866811
saari:1.6931471805599454
subject:1.0
soundblaster:1.0
irq:2.386294361119891
port:1.0
settings:1.0
1993apr16.105809.22218:1.0
walter.cray.com:1.0
huot:1.6931471805599454
cray.com:1.0
tom:1.0
writes:1.0
would:1.0
also:1.0
like:1.0
explanation:1.0
anyone:1.0
explain:1.0
sb:1.0
pro:1.0
lpt:1.0
1:1.0
share:1.6931471805599454
please:1.0
think:1.0
simply:1.0
dos:1.0
doesnt:1.0
use:1.0
anything:1.0
os/2:1.0
cant:1.0
tampere:1.0
university:1.0
technology:1.0
finland:1.0
europe:1.0
