jon:1.6931471805599454
umcc.umcc.umich.edu:1.0
zeeff:1.0
subject:1.0
s3:1.6931471805599454
video:1.6931471805599454
card:2.09861228866811
different:1.0
address:1.6931471805599454
id:1.0
like:1.0
add:1.0
second:1.0
based:1.0
system:1.0
anyone:1.0
know:1.0
company:1.0
sells:1.0
coexist:1.0
another:1.0
one:1.6931471805599454
really:1.0
need:1.0
color:1.6931471805599454
text:1.0
monitor:1.0
fast:1.0
graphics:1.0
probably:1.0
configurable:1.0
would:1.0
