pdavies:1.6931471805599454
alchemy.chem.utoronto.ca:1.6931471805599454
paul:1.6931471805599454
davies:1.6931471805599454
subject:1.0
help:1.6931471805599454
video:1.0
problems:1.0
using:1.0
8507:1.0
ibm:1.0
monitor:1.6931471805599454
19:1.0
greysale:1.0
trident:1.0
1mb:1.0
card:1.0
screen:1.0
looks:1.0
great:1.0
windows:1.0
640x480:1.0
total:1.0
shit:1.0
1024x768:1.0
lots:1.0
lines:1.0
image:1.0
sorta:1.0
blurry:1.0
anything:1.0
think:1.0
know:1.0
interlaced:1.0
res:1.0
still:1.0
thanks:1.0
