bspahh:1.6931471805599454
gdr.bath.ac.uk:1.6931471805599454
andrew:1.6931471805599454
henry:1.6931471805599454
subject:1.0
fujitsu:2.791759469228055
seagate:2.09861228866811
ide:1.6931471805599454
drive:2.386294361119891
compatibility:1.0
ive:1.6931471805599454
trying:1.0
get:1.0
m2611t:1.0
45mb:1.0
hard:1.6931471805599454
disk:1.6931471805599454
circa:1.0
1990:1.0
share:1.0
card:1.0
new:1.6931471805599454
st3283a:1.0
245mb:1.0
one:1.6931471805599454
tried:1.0
fiddling:1.0
jumpers:1.0
set:1.0
master:1.0
slave:1.0
drives:1.6931471805599454
without:1.6931471805599454
success:1.0
table:1.0
specs:1.0
newsgroup:1.0
couldnt:1.0
got:2.386294361119891
far:1.0
anyone:1.6931471805599454
else:1.0
combination:1.0
work:1.6931471805599454
place:1.0
muttered:1.0
something:1.0
like:1.0
hmmm:1.0
nice:1.0
compatible:1.0
hell:1.0
let:1.0
swap:1.0
another:1.6931471805599454
brand:1.0
thought:1.0
problem:1.0
similar:1.0
cheapish:1.0
want:1.0
buy:1.0
cute:1.0
cuddly:1.0
little:1.0
