donh:1.0
cup.portal.com:1.0
hirschfeld:1.0
subject:1.0
toshiba:1.6931471805599454
3401b:1.0
cd-rom:1.0
problems:1.6931471805599454
pas16:1.0
3401:1.0
combo:1.0
