roking:1.6931471805599454
lynx.dac.northeastern.edu:1.6931471805599454
robert:1.0
king:1.0
subject:1.0
specs:1.6931471805599454
wd:1.0
drive:1.6931471805599454
greetings:1.0
could:1.0
kind:1.0
sole:1.0
email:1.0
western:1.0
digital:1.0
model:1.0
wd93044-a:1.0
782:1.0
cyl:1.0
4:1.0
hds:1.0
know:1.0
sectors:1.0
per:1.0
track:1.0
information:1.0
feed:1.0
bios:1.0
get:1.0
running:1.0
thanx:1.0
help:1.0
bob:1.0
k:1.0
nope:1.0
sig:1.0
honest:1.0
