mikgr:2.09861228866811
wpsun4.uucp:1.0
michael:1.6931471805599454
grant:1.6931471805599454
subject:1.0
comments:1.0
video:2.386294361119891
blaster:2.09861228866811
creative:1.0
labs:1.0
article:1.6931471805599454
1993apr14.062219.11573:1.0
ultb.isc.rit.edu:1.0
mej0381:1.0
ritvax.isc.rit.edu:1.0
writes:1.6931471805599454
115080:1.0
bu.edu:1.0
heiser:1.6931471805599454
acs2.bu.edu:1.0
bill:1.0
c4rdy0.fw9:1.0
chinet.chi.il.us:1.6931471805599454
randy:1.6931471805599454
suess:1.0
w:1.0
rites:1.0
doesnt:1.6931471805599454
work:2.386294361119891
ati:1.0
graphics:1.0
ultra:1.0
pro:1.0
15m:1.0
system:1.0
ram:1.0
serious:1.0
cant:1.0
use:1.0
16mb:1.0
486/33:1.0
alternatives:1.0
removing:1.0
memory:1.0
get:1.0
better:1.0
one:1.0
hows:1.0
win/tv:1.6931471805599454
thing:1.0
wailer:1.0
gates:1.0
dawn:1.0
banshee:2.09861228866811
cats.ucsc.edu:1.0
calling:1.0
froofroo:1.0
head:1.0
od:1.0
0667:1.0
friend:1.0
beast:1.0
ucscb.ucsc.edu:1.0
2,3,5,7,13,17,19,31,61,89,107,127,521,607:1.0
ucscb.bitnet:1.0
good:1.6931471805599454
perfer:1.0
watchit:2.09861228866811
tv:2.09861228866811
run:1.6931471805599454
dos:1.0
windows:1.6931471805599454
sorry:1.0
still:1.0
local:1.0
bus:1.0
high:1.0
reolution:1.0
modes:1.0
either:1.0
people:1.0
make:1.0
card:1.6931471805599454
assure:1.0
available:1.0
june:1.0
supports:1.0
local-bus:1.0
hi-res:1.0
btw:1.0
anyone:1.0
know:1.0
name:1.0
company:1.0
makes:1.0
phone:1.0
bbs:1.0
internet:1.0
thanks:1.0
wordperfect.com:1.0
wpsun4.uunet.uu.net:1.0
