adykes:2.09861228866811
jpradley.jpr.com:1.0
al:1.6931471805599454
dykes:1.6931471805599454
subject:1.0
need:1.6931471805599454
definition:1.0
spec:1.6931471805599454
dhrystone:1.6931471805599454
benchmarks:1.6931471805599454
definitions:1.0
background:1.0
material:1.0
would:1.0
also:1.0
welcome:1.0
anyoneand:1.0
email:1.0
something:1.0
point:1.0
anonymous:1.0
ftp:1.0
server:1.0
id:1.0
appreciate:1.0
thanks:1.0
jpr.com:1.0
ad.com:1.0
