craycrof:1.6931471805599454
ruchbah.rtp.semi.harris.com:1.0
bob:1.6931471805599454
craycroft:1.6931471805599454
x629:1.0
subject:1.0
q:1.0
asus:1.6931471805599454
motherboards:1.6931471805599454
im:1.0
considering:1.0
purchase:1.0
486dx-33:1.0
vlb:1.0
system:1.6931471805599454
run:1.0
linux:1.0
asus-brand:1.0
motherboard:1.0
anyone:1.0
comments:1.0
thanks:1.0
rtp.semi.harris.com:1.0
systems:1.0
analyst:1.0
phone:1.0
919:1.0
549-3629:1.0
harris:1.0
semiconductor:1.0
rtp:1.0
nc:1.0
usa:1.0
