ab245:1.0
cleveland.freenet.edu:1.0
sam:1.6931471805599454
latonia:1.0
subject:1.0
need:1.0
phone:1.0
number:1.0
western:1.6931471805599454
digital:1.6931471805599454
esdi:1.0
problem:1.0
1-800-832-4778:1.0
gosh..i:1.0
think:1.0
installed:1.0
virus..it:1.0
called:1.0
ms:1.0
dos6:1.0
dont:1.0
copy:1.0
floppy..burn:1.0
love:1.0
windows:1.0
crash:1.0
