begolej:1.0
csgrad.cs.vt.edu:2.09861228866811
james:1.6931471805599454
begole:1.0
subject:1.0
16mb:2.09861228866811
isa:2.09861228866811
limit:1.6931471805599454
reading:1.0
pc:2.09861228866811
magazine:1.0
peripherals:1.0
bus:1.6931471805599454
access:1.0
memory:2.6094379124341005
also:1.0
video:1.6931471805599454
cards:1.0
look:1.0
aperture:1.0
map:1.6931471805599454
wanted:1.0
put:1.0
card:1.0
wouldnt:1.0
anywhere:1.0
someone:1.0
explain:1.0
detail:1.0
way:1.0
around:1.0
email:1.0
response:1.0
summarize:1.0
bobegolej:1.0
bo:1.0
begolebegolej:1.0
