dxb132:1.6931471805599454
psuvm.psu.edu:1.6931471805599454
subject:1.0
ide:2.6094379124341005
vs:1.0
scsi:3.0794415416798357
article:2.09861228866811
1qmgtrinnf2a:1.0
dns1.nmsu.edu:1.6931471805599454
bgrubb:1.6931471805599454
dante.nmsu.edu:1.6931471805599454
grubb:1.6931471805599454
says:1.6931471805599454
writes:1.0
1qlbrlinn7rk:1.0
pc:1.6931471805599454
magazine:1.6931471805599454
april:1.0
27:1.0
1993:29:1.0
although:2.09861228866811
twice:2.09861228866811
fasst:1.0
esdi:2.6094379124341005
20:1.6931471805599454
faster:1.6931471805599454
support:1.6931471805599454
7:1.0
devices:1.0
acceptance:1.0
long:1.0
stalled:1.0
incompatability:1.0
problems:1.0
installation:1.0
headaches:1.0
love:1.0
writers:1.0
make:1.6931471805599454
stupid:1.0
statements:1.0
like:2.09861228866811
performance:2.09861228866811
get:1.0
numbers:1.6931471805599454
ill:1.0
list:1.0
actual:1.0
ranges:2.386294361119891
convince:1.0
anyone:1.0
statement:1.6931471805599454
absurd:1.0
scsi-i:1.0
0-5mb/s:1.0
scsi-ii:1.0
0-40mb/s:1.0
0-8.3mb/s:1.0
always:1.0
1.25mb/s:1.0
non-standard:1.0
versions:1.0
data:1.0
fast:1.6931471805599454
correct:1.6931471805599454
0-40:1.0
1.25:1.0
pick:1.0
whatever:1.0
setup:1.0
makes:1.0
statment:1.0
even:1.0
could:1.0
would:1.6931471805599454
meaningless:1.0
unless:1.0
understood:1.0
include:1.0
ata:1.6931471805599454
completely:1.0
different:1.0
device-level:1.0
mfm/rll:1.0
scsi-2:2.386294361119891
controller:1.6931471805599454
chip:2.6094379124341005
scsi-1:2.09861228866811
reach:1.0
10mb/s:1.6931471805599454
indeed:1.0
120:1.0
8.3:1.0
9.96:1.0
facts:1.0
great:1.0
compare:1.0
two:1.0
several:1.0
speed:1.0
modes:1.0
way:1.0
said:1.6931471805599454
misleading/wrong:1.0
posted:1.0
newsgroup:1.0
mac:2.09861228866811
ibm:2.09861228866811
info:1.0
sheet:1.0
available:1.0
ftp:1.0
sumex-aim.stanford.edu:1.0
36.44.0.6:1.0
info-mac/report:1.0
mac-ibm-compare:1.0
version:1.0
txt:1.0
173:1.0
161:1.0
may:1.0
still:1.0
recommend:1.0
people:1.0
call:1.0
ncr:1.6931471805599454
board:1.0
download:1.0
ansi:1.0
specs:1.0
really:1.0
interested:1.0
stuff:1.0
part:1.0
problem:1.0
inconsiant:1.0
though:1.0
well:1.0
documented:1.0
quadra:1.6931471805599454
apple:1.0
salesperson:1.0
uses:1.6931471805599454
6mb/s:1.0
burst:1.0
5mb/s:1.0
maximum:1.0
synchronous:1.0
ansynchronous:1.0
slower:1.0
seems:1.0
see:1.0
something:1.0
missing:1.0
anyway:1.0
agree:1.0
theres:1.0
lot:1.0
opportunity:1.0
marketing:1.0
jingo:1.0
compliant:1.0
tells:1.0
nothing:1.0
whether:1.0
wide:1.0
etc:1.0
one:1.0
reference:1.0
quadras:1.0
digital:1.0
review:1.0
oct:1.0
21:1.0
1991:1.0
v8:1.0
n33:1.0
p8:1.0
1:1.0
use:1.0
hopefully:1.0
good:1.0
e.g:1.0
53c710:1.0
