limagen:1.0
hpwala.wal.hp.com:1.0
subject:1.0
cant:1.0
write:2.09861228866811
720:1.6931471805599454
floppy:1.6931471805599454
ok:1.0
experts:1.0
need:1.0
answer:1.0
quick.386:1.0
machine:1.0
1.44:1.0
unable:1.0
formated:1.0
disk.machine:1.0
claims:1.0
disk:1.0
protected:1.0
note:1.0
read:1.0
720s:1.0
problem:1.0
please:1.0
e_mail:1.0
post:1.0
