ren:2.386294361119891
ccwf.cc.utexas.edu:1.6931471805599454
hoek:1.6931471805599454
subject:1.0
number:1.6931471805599454
prongs:1.6931471805599454
chip:2.386294361119891
one:1.6931471805599454
tell:1.0
prong:1.0
basic:1.0
20:1.6931471805599454
realize:1.0
chunk:1.0
missing:1.0
orient:1.0
correctly:1.0
using:1.0
hole:1.0
guide:1.0
count:1.0
find:1.0
please:1.0
help:1.0
internet:1.0
crazy:1.0
mad:1.0
