subject:1.0
looking:1.0
replacement:1.6931471805599454
jvc-disk:1.0
michael:2.791759469228055
pcmith.rks.se:1.6931471805599454
thurbin:2.09861228866811
hi:1.0
got:1.0
hold:1.0
old:1.0
zenith:1.6931471805599454
286:1.0
laptop:1.0
model:1.6931471805599454
zwl-183-45:1.0
hard-disk:1.0
dead:1.0
rest:1.0
seems:1.0
work:1.0
took:1.0
apart:1.0
found:1.0
strange:1.0
disk:2.09861228866811
wich:1.0
try:1.0
replace:1.0
marked:1.0
jvc:1.0
jd3824r00-1:1.0
anyone:1.0
specs:1.0
suggestion:1.0
find:1.0
cheap:1.0
thanks:1.0
help:1.0
sommarvagen:1.0
1phone:1.0
46:1.6931471805599454
0:1.6931471805599454
47021340:1.0
s-352:1.0
37:1.0
vaxjoefax:1.0
47048978:1.0
sweden:1.0
