apoylis:1.6931471805599454
inode.com:1.6931471805599454
subject:1.0
faq:1.6931471805599454
cyrix:1.6931471805599454
486dlc:1.6931471805599454
could:1.0
anyone:1.0
please:1.0
repost:1.0
email:1.0
missed:1.0
thanks:1.0
advance:1.0
alexander:1.0
poylisher:1.0
internet:1.0
fidonet:1.0
1:2603/106:1.0
blue:1.0
wave/qwk:1.0
v2.12:1.0
