subject:1.0
conner:1.0
cp30061g:1.6931471805599454
info:1.6931471805599454
please:1.6931471805599454
michael:2.386294361119891
pcmith.rks.se:1.0
thurbin:1.6931471805599454
conner-disk:1.0
model:1.0
200mb:1.0
thing:1.0
know:1.0
normally:1.0
used:1.0
compaq-machines:1.0
send:1.0
information:1.0
switch-settings:1.0
geometry:1.0
looks:1.0
like:1.0
normal:1.0
ide-disk:1.0
possible:1.0
use:1.0
standard:1.0
ide-controller:1.0
sommarvagen:1.0
1phone:1.0
46:1.6931471805599454
0:1.6931471805599454
47021340:1.0
s-352:1.0
37:1.0
vaxjoefax:1.0
47048978:1.0
sweden:1.0
