richard.solomon:2.09861228866811
colospgs.ncr.com:1.6931471805599454
richard:2.09861228866811
solomon:1.6931471805599454
subject:1.6931471805599454
jumper:1.6931471805599454
settings:1.6931471805599454
omti:1.6931471805599454
8610:1.6931471805599454
esdi:1.6931471805599454
controller:1.6931471805599454
says:1.0
im:1.0
looking:1.0
sms:1.0
at-bus:1.0
card:1.0
thanks:1.0
advance:1.0
ncr:1.0
microelectronics:1.0
1635:1.0
aeroplaza:1.0
drive:1.0
colorado:1.0
springs:1.0
co:1.0
80916:1.0
uunet:1.0
ncrcom:1.0
ncr-mpd:1.0
719:1.0
573-3227:1.0
