goyal:1.6931471805599454
utdallas.edu:1.0
mohit:1.0
k:1.0
subject:1.0
buslogic:2.09861228866811
542b:1.0
questions:1.0
beta:1.6931471805599454
support:1.0
cards:2.09861228866811
included:1.0
os/2:1.6931471805599454
2.0:1.0
longer:1.0
rather:1.0
disappointing:1.0
wish:1.0
install:1.0
cd/rom:1.0
need:1.0
rem:1.0
adaptec:2.386294361119891
device:1.0
drivers:1.6931471805599454
nasty:1.0
tendency:1.0
crash:1.0
attempts:1.0
use:1.0
thanks:1.0
yep:1.0
thats:1.0
cause:1.0
latest:1.0
presumably:1.0
future:1.0
look:1.0
string:1.0
something:1.0
effect:1.0
bios:1.0
