wlsmith:1.6931471805599454
valve.heart.rri.uwo.ca:1.6931471805599454
wayne:1.6931471805599454
smith:1.6931471805599454
subject:1.0
ide:1.0
vs:1.0
scsi:3.302585092994046
article:1.0
1qpu0uinnbt1:1.0
dns1.nmsu.edu:1.0
bgrubb:1.0
dante.nmsu.edu:1.0
grubb:1.0
writes:1.6931471805599454
since:1.0
mac:2.09861228866811
uses:1.0
scsi-1:2.09861228866811
hard:1.0
drives:1.0
yes:1.0
figure:1.0
includes:1.0
hundred:1.0
drivers:1.0
sloppy:1.0
people:1.6931471805599454
dumb:1.0
group:2.09861228866811
ok:1.0
spec:1.6931471805599454
list:1.6931471805599454
talking:2.09861228866811
pc:2.09861228866811
unix:1.0
box:1.0
isa:1.6931471805599454
bus:1.6931471805599454
possibly:1.0
eisa:1.6931471805599454
vlb:1.6931471805599454
isint:1.6931471805599454
comp.periphs.scsi:1.0
tell:1.0
performance:1.6931471805599454
figures:1.6931471805599454
single:1.0
drive:1.0
theoretical:1.0
relevant:1.0
debate:1.0
im:1.0
sure:1.0
platforms:1.0
handle:1.0
40:1.0
megs/sec:1.0
xyz:1.0
widenfast:1.0
one:1.0
continue:1.0
thread:1.0
state:1.0
clearly:1.0
scsi-2:1.6931471805599454
make:1.0
difference:1.0
well:1.0
maybe:1.6931471805599454
design:1.0
act:1.0
together:1.0
pcs:1.0
would:1.0
built:1.0
ports:1.0
