bgrubb:1.0
dante.nmsu.edu:1.0
grubb:1.0
subject:1.0
ide:2.9459101490553135
vs:1.0
scsi:3.3978952727983707
wlsmith:1.0
valve.heart.rri.uwo.ca:1.0
wayne:1.0
smith:1.0
writes:1.0
bought:1.0
quantum:1.0
240:1.0
mac:2.386294361119891
home:1.0
paid:1.0
369:1.0
havent:1.0
seen:1.0
drives:1.6931471805599454
cheaper:1.0
friend:1.0
mine:1.0
got:1.0
maxtor:1.0
245:1.6931471805599454
meg:1.0
drive:1.0
320:1.0
thats:1.0
million:1.0
bytes:1.0
234:1.0
mega-bytes:1.0
basic:1.0
20:2.09861228866811
interface:1.0
gets:1.0
close:1.6931471805599454
1:1.0
meg/sec:1.0
transfer:1.0
286-20:1.0
figure:1.6931471805599454
include:1.0
hundred:1.6931471805599454
drivers:2.6094379124341005
since:1.0
uses:1.6931471805599454
scsi-1:3.9444389791664403
hard:1.0
yes:1.0
includes:1.0
sloppy:1.0
people:1.6931471805599454
dumb:1.0
point:1.0
faster:2.09861228866811
get:1.0
performance:1.0
money:1.0
ok:1.0
spec:1.0
list:1.0
controler:1.0
chip:2.9459101490553135
synchronous:1.6931471805599454
range:2.09861228866811
indeed:1.0
0-5mb/s:1.6931471805599454
asynchronous:3.0794415416798357
slower:1.6931471805599454
0-3mb/s:1.0
scsi-2:3.8903717578961645
controller:1.0
4-6mb/s:1.6931471805599454
10mb/s:1.6931471805599454
burst:2.386294361119891
8-bit:2.791759469228055
note:1.6931471805599454
increase:1.0
speed:2.09861228866811
quadra:1.6931471805599454
version:1.0
exist:1.0
pcs:1.0
use:2.386294361119891
set:1.6931471805599454
8-bit/scsi-1:1.0
mode:1.6931471805599454
want:1.6931471805599454
dont:1.0
pay:1.0
16-bit:1.6931471805599454
32-bit:1.6931471805599454
hardware:1.0
mess:1.0
software:1.0
controllers:1.0
usable:1.0
devices:1.0
speeds:1.0
16-bit/wide:1.0
fast:2.6094379124341005
8-12mb/s:1.0
20mb/s:1.0
32-bit/wide:1.0
15-20mb/s:1.0
40mb/s:1.0
interfaces:1.6931471805599454
let:1.0
dxb132:1.0
psuvm.psu.edu:1.0
speak:1.0
ranges:1.0
0-8.3mb/s:1.0
modes:1.0
much:1.0
esdi:2.386294361119891
always:1.0
1.25mb/s:1.0
although:2.386294361119891
non-standard:1.0
versions:1.0
one:1.6931471805599454
problem:1.0
inconsitant:1.6931471805599454
term:1.0
articles:1.0
proper:1.0
meaning:1.0
composed:1.0
look:1.0
quote:1.6931471805599454
comments:1.0
pc:1.0
magazine:1.0
april:1.0
27:1.0
1993:29:1.0
twice:1.6931471805599454
read:1.6931471805599454
consitantly:1.0
third:1.0
eight:1.0
times:1.0
nonuse:1.0
eliminates:1.0
ambaguity:1.0
somewhat:1.0
reasonable:1.0
expansive:1.0
little:1.0
degridation:1.0
exactly:1.0
continue:1.0
thread:1.0
state:1.0
clearly:1.0
talking:1.0
make:1.0
difference:1.0
