august1:1.0
server.uwindsor.ca:1.0
augustyn:1.0
robert:1.6931471805599454
subject:1.0
data:2.6094379124341005
path:2.09861228866811
width:2.09861228866811
16:1.6931471805599454
32:1.6931471805599454
bits:1.6931471805599454
speed:2.09861228866811
less:1.0
double:1.0
evolution:1.0
80-x86:1.0
doubled:1.0
8:1.0
t0:1.0
processing:1.6931471805599454
increased:1.0
rate.the:1.0
question:1.0
relationship:1.0
bettween:1.0
thanks:1.0
advance:1.0
input:1.0
