schewe:1.6931471805599454
fraser.sfu.ca:1.0
tim:1.0
subject:1.0
25.00:1.6931471805599454
network:1.6931471805599454
heard:1.0
something:1.0
called:1.0
allows:1.0
two:1.0
pcs:1.0
networked:1.0
joining:1.0
serial:1.0
ports:1.0
someone:1.0
know:1.0
anything:1.0
would:1.0
greatly:1.0
appreciate:1.0
e-mail:1.0
thanks:1.0
tschewe:1.0
first.etc.bc.ca:1.0
wq:1.0
