august1:1.0
server.uwindsor.ca:1.0
augustyn:1.0
robert:1.6931471805599454
subject:1.0
address:1.6931471805599454
interliving:2.09861228866811
memmory:1.0
modules:1.0
thanks:1.0
advance:1.0
info:1.0
