ssa:1.6931471805599454
unity.ncsu.edu:1.6931471805599454
alavi:1.6931471805599454
subject:1.0
looking:1.6931471805599454
large:1.0
mono/color:1.0
vga:1.0
monitor:1.6931471805599454
17:1.0
larger:1.0
could:1.0
1024x748:1.0
8514/a:1.0
card:1.0
ps2/70:1.0
guess:1.0
would:1.0
prefere:1.0
19:1.0
mono:1.0
later:1.0
becuase:1.0
lower:1.0
price:1.6931471805599454
please:1.6931471805599454
email:1.0
brand:1.0
model:1.0
condition:1.0
asking:1.0
include:1.0
message:1.0
reference:1.0
919:1.6931471805599454
467-7909:1.0
h:1.0
515-8063:1.0
w:1.0
