lioness:1.0
maple.circa.ufl.edu:1.0
subject:1.0
adaptec:2.386294361119891
1542b:1.6931471805599454
problems:1.0
okay:1.0
configuration:1.0
80486-33:1.0
gateway:1.0
433c:1.0
micronics:1.0
isa:1.0
12mb:1.0
ram:1.0
wd212mb:1.0
ide:2.09861228866811
hd:1.6931471805599454
drive:2.9459101490553135
c:1.6931471805599454
st3144a:1.0
125mb:1.0
scsi:2.386294361119891
controller:1.0
bios:2.09861228866811
enabled:1.0
seagate:2.386294361119891
st296n:1.0
80mb:1.0
alrighty:1.0
boot:1.0
get:2.09861228866811
message:1.0
says:1.0
something:1.0
like:1.0
installed:2.09861228866811
cant:1.0
go:1.0
phoenixbios:1.0
setup:1.0
remove:1.0
entry:1.0
boom:1.0
access:1.0
way:1.0
two:1.0
drives:1.0
time:1.0
aspi4dos.sys:1.0
hangs:1.0
system:1.0
brian:1.0
