bss_brucep:1.6931471805599454
vd.seqeb.gov.au:1.6931471805599454
bruce:1.6931471805599454
powell:1.0
subject:1.0
esdi:2.386294361119891
ide:2.791759469228055
yes:1.0
possible:2.09861228866811
article:1.6931471805599454
1993apr16.033802.6605:1.0
monu6.cc.monash.edu.au:1.0
els390r:1.0
fawlty1.eng.monash.edu.au:1.0
g:1.0
chow:1.0
writes:1.6931471805599454
1qegfd:1.0
dqi:1.0
wsinis03.info.win.tue.nl:1.6931471805599454
monty:1.6931471805599454
guido:2.09861228866811
leenders:1.0
hi:1.0
use:2.09861228866811
esdi-controller:1.0
hdd:1.0
together:1.0
ide-harddisk:1.0
controller:2.386294361119891
one:1.0
isa-system:1.0
ive:1.0
read:1.0
stuff:1.0
secondary:1.0
controllers:1.6931471805599454
trick:1.6931471805599454
work:1.6931471805599454
thanx:1.0
advance:1.0
win.tue.nl:1.0
question:1.0
drive:2.09861228866811
master:2.09861228866811
slave:1.6931471805599454
definitily:1.0
say:1.0
rll:2.09861228866811
upgraded:1.0
machine:1.0
200mb:1.0
custom:1.0
mdl:1.0
ci-1010:1.0
extended:1.0
maintaining:1.0
rlld:1.0
wren:1.0
supports:1.0
4:1.0
drives:1.0
coexisting:1.0
existing:1.0
mfm:1.0
scsi:1.0
according:1.0
documentation:1.0
assure:1.0
works:1.0
powellemail:1.0
