al885:1.0
cleveland.freenet.edu:1.0
gerard:1.6931471805599454
pinzone:1.6931471805599454
subject:1.0
cd:2.09861228866811
speedway:1.6931471805599454
good:1.6931471805599454
anybody:1.0
use:1.0
say:1.0
hate:1.0
waiting:1.0
around:1.0
finish:1.0
loading:1.0
next:1.0
level:1.0
wc:1.0
much:1.0
memory:1.0
eat:1.0
small:1.0
nose:1.0
loose:1.0
girls:1.0
nipples:1.0
iczer:1.0
curls:1.0
gpinzone:1.0
tasha.poly.edu:1.0
v:1.0
join:1.0
eca:1.0
wehrmacht:1.0
kill:1.0
cm:1.0
