i3y092:1.6931471805599454
rick.cs.ubc.ca:1.6931471805599454
adam:1.6931471805599454
nicolas:1.0
cheal:1.6931471805599454
subject:1.0
jumper:1.0
settings:1.0
microscience:1.6931471805599454
hd:1.0
ok:1.0
ill:1.0
try:1.0
one:1.6931471805599454
time:1.0
anyone:1.0
information:1.0
hard:1.0
drives:1.0
set:1.0
jumpers:1.0
master/slave:1.0
configurations:1.0
gladly:1.0
accept:1.0
info:1.0
110mer:1.0
sitting:1.0
room:1.0
collecting:1.0
dust:1.0
waiting:1.0
install:1.0
huge:1.0
applications:1.0
thanks:1.0
advance:1.0
yes:1.0
regulary:1.0
check:1.0
ide:1.0
harddisk:1.0
spec:1.0
posted:1.0
