schwabam:1.0
columbia.dsu.edu:1.0
michael:1.0
schwabauer:1.0
subject:1.0
tseng:1.6931471805599454
labs:1.6931471805599454
video:2.09861228866811
card:2.09861228866811
problem:1.0
gives:1.0
problems:1.0
anything:1.0
super:1.0
vga:1.0
mode:1.0
checkit:1.0
v3.0:1.0
reports:1.0
page:1.6931471805599454
frame:1.6931471805599454
address:1.0
error:1.0
7:1.0
mean:1.0
could:1.0
fixed:1.0
says:1.0
et4000ax:1.0
thanks:1.0
