mark.seltzer:1.0
rose.com:1.0
mark:2.09861228866811
seltzer:1.0
subject:1.0
alr:2.09861228866811
proveisa:1.6931471805599454
anyone:1.0
experience:1.0
486dx2:1.0
system:1.0
would:1.0
interested:1.0
hear:1.0
impressions:1.0
general:1.0
thank:1.0
winqwk:1.0
2.0b:1.0
108:1.0
seltzer,28:1.0
ravina:1.0
cres:1.0
toronto:1.0
ont:1.0
m4j:1.0
3m1:1.0
canada:1.0
rosemail:1.0
2.10:1.0
rosenet:1.0
usenet:1.0
gateway:1.0
rose:1.0
media:1.0
416-733-2285:1.0
