jschief:1.0
finbol.toppoint.de:1.0
joerg:1.6931471805599454
schlaeger:1.0
subject:1.0
16mb:2.09861228866811
isa:1.0
limit:1.6931471805599454
rpao:1.0
mts.mivj.ca.us:1.6931471805599454
writes:1.6931471805599454
article:1.0
c5j6zn.681:1.0
marka:1.0
ssd.csd.harris.com:1.0
mark:1.0
ashley:1.0
writer:1.0
claims:1.0
glitches:1.0
occur:1.0
systems:1.0
part:1.0
dont:1.0
understand:1.0
ram:1.6931471805599454
right:1.0
motherboard:1.6931471805599454
cpu:1.0
problems:1.0
talking:1.0
anybody:1.0
explain:1.0
floppy:1.0
served:1.0
dma:1.0
original:1.0
dma-controller:1.0
cant:1.0
reach:1.0
first:1.0
address-space:1.0
isa-bus:1.0
