hhaldre:1.6931471805599454
stacken.kth.se:1.0
heikki:1.6931471805599454
haldre:1.6931471805599454
subject:1.0
q:1.0
conner:1.6931471805599454
hd:1.6931471805599454
specs:1.0
anybody:1.0
send:1.0
cp-321:1.0
harddisk:1.0
specifications:1.0
612:1.0
cyl:1.0
4:1.0
intrested:1.0
time-out:1.0
values:1.0
precomp:1.0
etc:1.0
internet:1.0
sune.stacken.kth.se:1.0
