skcgoh:1.6931471805599454
tartarus.uwa.edu.au:1.6931471805599454
shaw:1.0
goh:1.0
subject:1.6931471805599454
1.44mb:1.0
f/d:1.0
wanted:1.0
says:1.0
please:1.0
email:1.0
soon:1.0
