subject:1.0
hint:1.6931471805599454
486:1.0
vlb/isa/eisa:1.6931471805599454
motherboard:1.0
schauf:1.0
iastate.edu:1.0
brian:2.09861228866811
j:1.6931471805599454
schaufenbuel:2.09861228866811
looking:1.0
buying:1.0
companion:1.0
brand:1.0
motherboards:1.0
chipsets:1.0
anybody:1.0
experience:1.0
board:1.0
good:1.0
bad:1.0
information:1.0
would:1.0
helpful:1.0
thanks:1.0
art:1.0
one:1.0
government:1.0
sooner:1.0
learns:1.0
helser:1.0
3644:1.0
halsted:1.0
draining:1.0
money:1.0
pockets:1.0
ames:1.0
ia:1.0
50012:1.0
people:1.0
especially:1.0
college:1.0
students:1.0
adam:1.0
smith:1.0
