dtodd:1.0
titan.ucs.umass.edu:1.0
david:1.6931471805599454
todd:1.6931471805599454
subject:1.0
swap:1.6931471805599454
boot:1.0
drive:2.386294361119891
486:1.6931471805599454
machine:1.0
3.5:1.6931471805599454
5.25:1.0
b:1.0
want:1.0
tia:1.0
department:1.0
psychology:1.0
university:1.0
massachusetts:1.0
amherst:1.0
01003:1.0
usa:1.0
phone:1.0
413/545-0158:1.0
david.todd:1.0
psych.umass.edu:1.0
fax:1.0
413/545-0996:1.0
