jon:2.09861228866811
chopin.udel.edu:1.6931471805599454
deutsch:1.0
subject:1.0
nec:1.6931471805599454
p5200:1.6931471805599454
printer:1.6931471805599454
question:1.0
picked:1.0
second-hand:1.0
color:1.0
option:1.0
24pin:1.0
dot:1.0
matrix:1.0
alas:1.0
installation:1.0
instructions:1.0
totally:1.0
confused:1.0
wont:1.0
go:1.0
remove:1.0
actaual:1.0
print:1.0
head:1.0
seems:1.0
almost:1.0
fit:1.0
quite:1.0
please:1.0
info:1.0
would:1.0
appreciated:1.0
x:2.386294361119891
2:1.0
cents:1.0
eutsch:1.0
id:1.0
pay:1.0
dollar:1.0
