bgrubb:1.0
dante.nmsu.edu:1.0
grubb:1.0
subject:1.0
ide:2.386294361119891
vs:1.6931471805599454
scsi:3.1972245773362196
richk:1.0
grebyn.com:1.0
richard:1.0
krehbiel:1.0
writes:1.0
stuff:1.0
connection:1.0
ida:1.6931471805599454
deleated:1.0
8mhz:1.0
clock:1.0
16:1.0
bit:1.0
width:1.0
5mb/sec:1.0
speed:2.386294361119891
come:1.6931471805599454
8.3mb/s:1.0
sighted:1.0
complex:1.0
way:1.0
industry:1.0
uses:1.6931471805599454
talks:1.0
three:1.0
key:1.0
differences:1.0
controller:1.0
chip:2.6094379124341005
port:2.6094379124341005
software:3.1972245773362196
let:1.0
us:1.0
look:1.0
stand:1.0
point:1.0
scsi-1:2.9459101490553135
asynchronous:2.386294361119891
synchronous:2.386294361119891
modes:1.0
driver:2.6094379124341005
slower:1.6931471805599454
mode:2.6094379124341005
0-3mb/s:1.0
0-5mb/s:1.0
speeds:1.6931471805599454
reached:1.0
divices:1.0
rewrite:1.0
case:1.0
mac:1.6931471805599454
quadra:1.0
scsi-2:3.70805020110221
8-bit:2.386294361119891
main:1.0
source:1.0
confusion:1.0
differs:1.0
controler:1.6931471805599454
machines:1.0
pcs:1.6931471805599454
called:1.0
fast:2.386294361119891
ports:1.0
drivers:1.0
produce:1.0
inspite:1.0
even:1.0
average:1.0
4-6mb/s:1.0
8mb/s:1.0
see:1.0
quadras:1.0
higher:1.6931471805599454
end:1.0
allows:1.0
burst:1.6931471805599454
rate:1.0
10/mb/s:1.0
16-bit:1.6931471805599454
two:2.09861228866811
versions-wide/fast:1.0
wide:2.386294361119891
requires:2.09861228866811
things:1.6931471805599454
machine:1.0
external:1.0
device:1.0
also:2.09861228866811
recieving:1.6931471805599454
devise:1.0
support:1.0
8-12mb/s:1.0
20mb/s:1.0
32-bit:1.6931471805599454
know:1.0
devices:1.0
expected:1.0
expencive:1.0
15-20mb/s:1.0
40mb/s:1.0
bursts:1.0
said:1.0
simple:1.0
seven:1.0
versions:1.6931471805599454
seperated:1.0
standarize:1.0
drops:1.0
five:1.0
seperate:1.0
hardware:1.0
