cdw:2.386294361119891
dcs.ed.ac.uk:2.386294361119891
chris:2.09861228866811
walton:1.0
subject:1.0
upgrading:1.6931471805599454
modem:2.09861228866811
old:1.0
tandon:1.0
type:1.0
thats:1.0
info:1.6931471805599454
apart:1.0
fact:1.0
black:1.0
anyone:1.0
reply:1.0
e-mail:2.09861228866811
please:1.0
c.walton:1.6931471805599454
ed:1.6931471805599454
p92019:1.6931471805599454
cplab.ph.ed.ac.uk:1.6931471805599454
tel:1.6931471805599454
031-667-9764:1.6931471805599454
0334-74244:1.6931471805599454
weekends:1.6931471805599454
write:1.6931471805599454
4/2:1.6931471805599454
romero:1.6931471805599454
place:1.6931471805599454
edinburgh:1.6931471805599454
eh16:1.6931471805599454
5bj:1.6931471805599454
finagles:1.0
fourth:1.0
law:1.0
job:1.0
fouled:1.0
anything:1.0
done:1.0
improve:1.0
makes:1.0
worse:1.0
