nsl:1.6931471805599454
doe.carleton.ca:1.6931471805599454
nelson:1.6931471805599454
lup:1.0
shun:1.0
liu:1.0
subject:1.0
conner:1.6931471805599454
cp3204f:1.6931471805599454
info:1.0
please:1.6931471805599454
looking:1.0
information:1.0
drive:1.0
switch:1.0
settings:1.0
geometry..etc:1.0
reply:1.0
via:1.0
e-mail:1.0
many:1.0
thanks:1.0
advance:1.0
