dab6:1.0
po.cwru.edu:1.6931471805599454
douglas:1.0
bell:1.0
subject:1.0
pentium:2.09861228866811
previous:1.0
article:1.0
rrn:1.0
robert:1.0
r:1.0
novitskey:1.0
says:1.0
qestion:1.0
pc-ers:1.0
upcoming:1.0
systems:1.0
compatible:1.0
current:1.0
simms:1.6931471805599454
vlb:1.6931471805599454
cards:1.0
info:1.0
would:1.6931471805599454
helpful:1.0
like:1.0
know:1.0
plunk:1.0
new:1.0
hardware:1.0
thanks:1.0
bob:1.0
well:1.0
depends:1.0
motherboard:1.6931471805599454
implimentation:1.0
im:1.6931471805599454
sure:1.6931471805599454
someone:1.0
make:1.0
takes:1.0
1x9:1.0
uses:1.0
processor:1.0
also:1.0
motherboards:1.0
wont:1.0
