rash:2.09861228866811
access.digex.com:1.0
wayne:1.6931471805599454
subject:1.0
17:2.6094379124341005
monitors:2.6094379124341005
mreamy:1.6931471805599454
rock.concert.net:1.6931471805599454
michael:1.6931471805599454
g:1.6931471805599454
reamy:1.6931471805599454
support:1.0
writes:1.0
said:1.6931471805599454
nanao:3.0794415416798357
t560i:2.09861228866811
best:2.6094379124341005
monitor:2.386294361119891
get:1.0
money:1.0
also:2.09861228866811
mitsubishi:2.791759469228055
diamond:1.0
pro:1.0
next:1.0
choice:1.0
superb:1.0
picture:1.0
quality:1.0
around:1.0
1070:1.0
anyone:1.0
actually:1.0
seen:1.0
responsible:1.0
choosing:1.0
standard:1.0
components:1.0
company:1.0
part:1.0
review:1.6931471805599454
got:1.0
viewsonic:1.6931471805599454
7:1.6931471805599454
f550is:1.0
picked:1.0
f550i:2.09861228866811
even:1.0
though:1.0
costs:1.0
two:1.0
choices:1.0
clarity:1.0
text:1.0
fuzzy:1.0
worst:1.0
much:1.6931471805599454
better:2.09861228866811
blows:1.0
water:1.0
dont:1.6931471805599454
understand:1.6931471805599454
since:1.0
one:2.386294361119891
would:1.6931471805599454
think:1.0
trinitron:1.0
tube:1.0
imagine:1.0
must:1.0
incredible:1.0
beter:1.0
light:1.0
end:1.0
tunnel:1.0
may:2.386294361119891
oncoming:1.0
dragon:1.0
reviewed:2.09861228866811
june:1.0
issue:1.6931471805599454
windows:2.6094379124341005
magazine:1.0
new:1.0
f550iw:1.0
released:1.0
last:1.6931471805599454
year:2.09861228866811
92:1.0
several:1.0
including:1.0
theres:1.6931471805599454
question:1.0
available:1.0
difference:1.6931471805599454
ranking:2.09861228866811
sources:1.6931471805599454
due:1.0
mainly:1.0
testing:2.09861228866811
criteria:1.6931471805599454
scoring:1.6931471805599454
used:1.0
different:1.0
tests:1.6931471805599454
scored:1.6931471805599454
differently:1.6931471805599454
nothing:1.0
wrong:1.0
highly:1.0
points:1.0
shy:1.0
perfect:1.0
incidentally:1.0
things:1.0
everyone:1.0
theyre:1.0
reading:1.6931471805599454
reviews:1.0
product:1.6931471805599454
whether:1.6931471805599454
mice:1.0
read:1.0
methodology:1.0
carefully:1.0
unless:1.6931471805599454
know:2.09861228866811
done:1.0
scores:1.0
based:1.0
cant:1.6931471805599454
possibly:1.0
really:1.0
mean:1.0
seeing:1.0
rank:1.0
meaningless:1.0
without:1.0
knowing:1.0
likewise:1.6931471805599454
impossible:1.0
tell:1.6931471805599454
meet:1.0
needs:1.0
apply:1.6931471805599454
closely:1.0
another:1.0
always:1.0
anything:1.0
300:1.0
words:1.0
commentary:1.0
write:1.0
