browning:2.791759469228055
nscf.org:1.0
charles:1.6931471805599454
w:1.6931471805599454
subject:1.0
mitsubishi:1.6931471805599454
mr535:1.6931471805599454
hard:1.6931471805599454
drive:2.791759469228055
help:1.0
new:1.0
rll:1.0
mfm:1.0
storage:1.0
format:1.0
suspected:1.0
switch:1.6931471805599454
settings:1.6931471805599454
may:1.0
moved:1.0
movement:1.0
one:1.6931471805599454
place:1.0
another:1.0
anyone:1.0
j1:1.0
sw1:1.0
6:1.0
switches:1.6931471805599454
sw2:1.6931471805599454
8:1.0
selects:1.0
number:1.6931471805599454
info:1.0
know:1.6931471805599454
call:1.0
configure:1.0
please:1.6931471805599454
let:1.0
email:1.0
977:1.0
cyl:1.0
5:1.0
heads:1.0
think:1.0
type:1.0
17:1.0
thanks:1.0
advance:1.0
chuck:1.0
galois.nscf.org:1.0
university:1.0
ga:1.0
moe.coe.uga.edu:1.0
augusta:1.0
georgia:1.0
cbrowni:1.0
eis.calstate.edu:1.0
