subject:1.0
ats:1.0
need:1.6931471805599454
kinda:1.0
battery:1.6931471805599454
grisch:1.6931471805599454
uceng.uc.edu:1.6931471805599454
george:1.6931471805599454
risch:1.0
hello:1.0
im:1.0
proud:1.0
owner:1.0
ibm:1.0
without:1.0
know:1.0
hooks:1.0
jumper:1.0
j21:1.0
info:1.0
replace:1.0
whats:1.0
voltage:1.0
suggestions:1.0
replacement:1.0
get:1.0
one:1.0
please:1.0
respond:1.0
thanks:1.0
