pallis:1.6931471805599454
server.uwindsor.ca:1.0
dimitrios:1.0
subject:1.0
shopping:1.0
new:1.6931471805599454
nec:1.6931471805599454
monitor:1.0
well:1.0
people:1.0
recomend:1.0
non-flat-screen:1.0
no-hype:1.0
no-nonsense:1.0
3ds:1.0
plus:1.0
advantage:1.0
one:1.0
flat:1.0
screen:1.0
tubes:1.0
oversensitive:1.0
fragile:1.0
break:1.0
often:1.0
15:1.0
heavy-duty:1.0
rugged:1.0
set:1.0
insist:1.0
well-proven:1.0
reliable:1.0
technologies:1.0
jim:1.0
