ggg:1.6931471805599454
kepler.unh.edu:1.6931471805599454
gregory:1.0
g:1.0
greene:1.6931471805599454
subject:1.0
ide:2.09861228866811
vs:1.0
scsi:1.0
first:1.0
huge:1.0
software:1.0
packages:1.0
files:1.0
produce:1.0
may:1.0
longer:1.0
sufficient:1.0
510:1.0
mb:1.0
limit:1.6931471805599454
micropolis:1.0
seems:1.0
broken:1.0
560meg:1.0
1050meg:1.0
hds:1.0
available:1.0
greg:1.0
mark:1.0
ashley:1.0
disclaimer:1.0
opinions:1.0
harris:1.0
marka:1.0
gcx1.ssd.csd.harris.com:1.0
lost:1.0
los:1.0
angelino:1.0
