rnichols:1.6931471805599454
cbnewsg.cb.att.com:1.0
robert.k.nichols:1.0
subject:1.0
need:1.0
info:1.0
ps/2:1.6931471805599454
mouse:2.386294361119891
port:2.09861228866811
would:1.0
someone:1.0
please:1.0
email:1.0
pinout:1.0
6-pin:1.0
mini:1.0
din:1.0
im:1.0
trying:1.0
make:1.6931471805599454
adapter:1.6931471805599454
serial:1.0
dealer:1.0
knows:1.0
works:1.0
bought:1.0
doesnt:1.0
stock:1.0
several:1.0
different:1.0
adapters:1.0
none:1.0
sense:1.0
based:1.0
sketchy:1.0
information:1.0
connections:1.0
reserved:1.0
pins:1.0
bob:1.0
nichols:1.0
bell:1.0
laboratories:1.0
ihlpm.ih.att.com:1.0
