sreck:1.6931471805599454
rebox.in-berlin.de:1.6931471805599454
stefan:2.09861228866811
reck:1.6931471805599454
subject:1.0
adaptec:1.6931471805599454
acb-2322:1.6931471805599454
wright:1.6931471805599454
lims01.lerc.nasa.gov:1.0
ted:1.0
writes:1.0
rev:1.0
b:1.0
disk:1.0
controller:2.09861228866811
come:1.0
hands:1.0
documentation:1.0
esdi:1.6931471805599454
mfm:1.0
rll:1.0
something:1.0
else:1.0
bios:1.0
dated:1.0
1987:1.0
help:1.6931471805599454
think:1.0
need:1.0
doco:1.0
inet:1.0
berlin:1.0
germany:1.0
thats:1.0
