goyal:1.6931471805599454
utdallas.edu:1.0
mohit:1.0
k:1.0
subject:1.0
17:1.0
monitors:1.0
mitsubishi:1.0
also:1.0
reviewed:1.6931471805599454
new:1.6931471805599454
nanao:1.0
f550iw:1.0
released:1.0
last:1.0
year:1.0
may:1.0
92:1.0
issue:1.0
windows:1.0
specs:1.0
monitor:1.0
changed:1.0
f550i:1.0
know:1.0
going:1.0
t560i:1.0
soon:1.0
t560iw:1.0
thanks:1.0
