swartzjh:1.0
rosevc.rose-hulman.edu:1.0
subject:1.0
custom:1.6931471805599454
keys:2.09861228866811
looking:1.0
company:1.6931471805599454
make:1.0
instance:1.0
need:1.0
key:1.0
says:1.0
help:1.6931471805599454
main:1.0
menu:1.0
etc:1.6931471805599454
going:1.0
use:1.0
instead:1.0
f1:1.0
f2:1.0
f3:1.0
anyone:1.0
point:1.0
also:1.0
special:1.0
keyboard:1.0
pop:1.6931471805599454
old:1.0
new:1.0
ones:1.0
thanks:1.0
jeff:1.0
swartz:1.0
