bing:2.386294361119891
zinc.cchem.berkeley.edu:1.6931471805599454
ho:1.6931471805599454
subject:1.0
know:1.0
anything:1.0
eisa-2:2.09861228866811
read:1.0
development:1.0
time:1.0
ago:1.0
dismissed:1.0
light:1.0
intense:1.0
interest:1.0
vesa:1.0
pci:1.0
however:1.0
recently:1.0
disheartened:1.0
hear:1.0
isa:1.0
address:1.0
16mb:1.0
ram:1.0
limit:1.0
many:1.0
us:1.0
hit:1.0
soon:1.0
recall:1.0
support:1.0
64-bit:1.0
transfer:1.0
among:1.0
enhancements:1.0
standard:1.0
developed:1.0
university:1.0
california:1.0
berkeley:1.0
