chang:1.0
hsu:1.0
liu:1.6931471805599454
cliu:1.0
silver.ucs.indiana.edu:1.0
subject:1.0
upgrade:1.6931471805599454
286:1.6931471805599454
486:2.791759469228055
help:1.0
needed:1.0
greetings:1.0
please:1.6931471805599454
forgive:1.0
faq:1.0
source:1.0
kind:1.0
info:1.0
let:1.0
know:1.0
got:1.0
station:2.6094379124341005
around:1.0
21*16.5*7:1.0
dimension:1.6931471805599454
thinking:1.0
386:1.0
power:1.0
supply:1.0
two:1.0
floppy:1.6931471805599454
disk:1.6931471805599454
drives:1.0
big:1.0
case:1.6931471805599454
sony:1.0
1304:1.0
monitor:1.0
syquest:2.09861228866811
drive:1.6931471805599454
mac:1.6931471805599454
maybe:1.0
cd-rom:2.09861228866811
reader:1.0
questions:1.0
far:1.0
1:1.0
motherboard:1.6931471805599454
could:1.0
use:1.6931471805599454
2:1.0
original:1.0
owener:1.0
controller:1.6931471805599454
hard:1.0
removed:1.0
control:1.6931471805599454
devices:1.0
much:2.09861228866811
pay:1.0
new:1.6931471805599454
controllers:1.0
old:1.0
ones:1.0
wont:1.0
work:1.6931471805599454
3:1.0
make:1.6931471805599454
scsi:2.386294361119891
heard:1.0
cheap:1.0
sound:1.6931471805599454
board:2.09861228866811
built-in:1.0
whats:1.0
quality:1.6931471805599454
usually:1.0
cost:1.6931471805599454
ftp:1.0
sites:1.0
driver:1.6931471805599454
pc:1.0
everything:1.0
hooked:1.0
ok:1.0
4:1.0
want:1.0
mpc:1.0
would:1.0
worth:1.0
hussle:1.0
buy:1.6931471805599454
btw:1.0
need:1.0
keyboard:1.0
input:1.0
welcome:1.0
thank:1.0
peter:1.0
