arthur:2.09861228866811
hardy.u.washington.edu:1.0
howard:1.0
roark:1.0
subject:1.0
problem:1.6931471805599454
printer:2.09861228866811
emm386.exe:2.386294361119891
recently:1.0
decided:1.0
try:1.0
using:1.6931471805599454
memory:1.0
manager:1.0
tried:1.0
print:1.0
lpt1:1.0
word55:1.0
wouldnt:1.0
work:1.0
would:2.386294361119891
send:1.6931471805599454
linefeeds:1.0
top:1.0
margin:1.0
ready:1.0
light:1.0
go:1.0
stop:1.0
working:1.0
disabled:1.0
went:1.0
away:1.0
like:1.0
continue:1.0
possible:1.0
greatly:1.0
appreciate:1.0
comments:1.0
suggestions:1.0
please:1.0
u.washingt:1.0
u.washington.edu:1.0
