subject:1.0
trident:1.6931471805599454
8900:1.6931471805599454
switch:2.9459101490553135
settings:2.9459101490553135
someone:1.0
archive:1.0
j3gum:1.6931471805599454
vax1.mankato.msus.edu:1.6931471805599454
t8900dip.txt:1.0
jeffrey:1.0
e:1.0
hundstad:1.0
8900c:1.0
9:2.386294361119891
xx:2.386294361119891
8:4.218875824868201
1:3.833213344056216
6:3.1972245773362196
10:2.386294361119891
4:3.4849066497880004
2:3.70805020110221
j1:2.6094379124341005
j2:2.6094379124341005
3:3.833213344056216
5:3.3978952727983707
7:2.09861228866811
vga:2.6094379124341005
graphics:2.386294361119891
adapter:2.09861228866811
layout:2.386294361119891
8-dram:1.0
j3:2.791759469228055
11:2.6094379124341005
2/4/8:2.09861228866811
dram:3.302585092994046
dip:1.6931471805599454
switches:1.0
db-15:1.0
connector:2.386294361119891
analog:1.0
monitors:1.6931471805599454
db-9:1.0
ttl:1.0
note:1.6931471805599454
jumers:1.0
j4:2.09861228866811
layouts:1.0
video:2.09861228866811
bios:1.0
basic:1.0
input/ouput:1.0
system:1.0
tvga:1.0
chip:1.6931471805599454
edge:1.0
ibm:1.0
pc/xt:1.0
pc/at:1.0
compatible:1.0
systems:1.0
1mb:1.0
feature:1.6931471805599454
special:1.0
applications:1.0
dac:1.0
jumper:1.6931471805599454
blocks:1.0
jp1:1.0
jp2:1.0
board:1.6931471805599454
hardware:1.0
option:1.0
present:1.0
versions:1.0
box:1.0
figures:1.0
scan:1.0
rate:1.0
less:1.0
48khz:1.0
default:2.386294361119891
38-49khz:1.0
fast:1.6931471805599454
slow:1.6931471805599454
address:2.09861228866811
decode:2.09861228866811
8/16:1.0
bit:1.0
data:2.09861228866811
path:2.09861228866811
16-bit:1.0
8-bit:1.0
irq9:1.0
xxx:2.386294361119891
def:1.6931471805599454
bus:1.0
size:1.0
detections:1.0
x:2.386294361119891
autodetect:1.0
standard:1.0
interface:1.0
configuration:1.0
two:1.6931471805599454
four:1.0
eight:1.0
clock:1.0
select:1.0
40:1.0
mhz:1.6931471805599454
48:1.0
4/8:1.0
sw1:1.6931471805599454
sw2:1.6931471805599454
swich:1.0
setings:1.0
mode:2.386294361119891
ega:1.0
cga:1.0
mda/hercules:1.0
