charles:1.6931471805599454
gremlin.muug.mb.ca:1.0
subject:1.0
multiport:1.0
com:2.09861228866811
boards:1.6931471805599454
info:1.6931471805599454
needed:1.0
4:1.0
port:1.0
available:1.0
pcs:1.0
want:1.0
standard:1.0
ports:1.0
need:1.0
mention:1.0
expensive:1.0
coprocessed:1.0
ones:1.0
either:1.0
able:1.6931471805599454
share:1.0
irqs:1.6931471805599454
use:1.0
8-15:1.0
thanks:1.0
