x89olarte1:1.0
gw.wmich.edu:1.0
subject:1.0
computer:2.09861228866811
gets:2.09861228866811
locked:2.09861228866811
help:1.6931471805599454
weird:1.0
thing:1.0
happened:1.0
lately:1.0
stops:1.0
anything:1.0
instance:1.0
without:1.0
reason:1.0
whatsover:1.0
might:1.6931471805599454
using:1.0
edit:1.0
prompt:1.0
occurs:1.0
happens:1.0
almost:1.0
every:1.0
3:1.0
times:1.0
connect:1.0
anyone:1.0
slight:1.0
idea:1.0
whats:1.0
wrong:1.0
try:1.0
use:1.0
ctrl-alt-del:1.0
response:1.0
turn:1.0
back:1.0
thanks:1.0
really:1.0
appreciated:1.0
e-mail:1.0
possible:1.0
sometimes:1.0
cant:1.0
access:1.0
service:1.0
enrique:1.0
