hodgen:2.9459101490553135
ozzy.uni-koblenz.de:1.6931471805599454
wayne:2.09861228866811
subject:1.0
weitek:1.6931471805599454
p9000:1.0
future:1.0
plans:1.0
article:1.6931471805599454
1993apr13.000531.25096:1.0
jetsun.weitek.com:1.0
robert:1.6931471805599454
weitek.com:1.0
plamondon:1.0
writes:1.6931471805599454
1q0n5pinn60m:1.0
uniko.uni-koblenz.de:1.0
sum:1.0
accelerated:1.6931471805599454
board:2.386294361119891
4mb:1.6931471805599454
vram:1.6931471805599454
true:1.0
colour:1.6931471805599454
1280x1024:1.6931471805599454
fast:1.6931471805599454
vga:1.0
side:1.0
available:1.6931471805599454
500:1.0
buy:2.791759469228055
one:2.09861228866811
whats:1.6931471805599454
funny:1.0
really:1.0
product:1.0
probably:1.6931471805599454
wont:1.6931471805599454
seem:1.0
mouth-watering:1.0
today:1.0
holograms:1.0
get:1.6931471805599454
outta:1.0
wait:2.386294361119891
cos:1.6931471805599454
ive:1.6931471805599454
already:1.0
got:1.0
card:2.386294361119891
16:1.0
may:1.6931471805599454
mock:1.0
cards:1.6931471805599454
quickly:1.0
enough:2.6094379124341005
odd:1.0
things:1.0
computer:1.0
industry:1.0
since:1.0
always:1.0
something:1.6931471805599454
better:1.6931471805599454
people:2.09861228866811
forever:1.0
know:1.6931471805599454
deferred:1.0
updating:1.0
original:1.0
ibm:1.0
pc:1.0
decade:1.0
every:1.0
time:2.09861228866811
look:1.0
see:1.0
coming:1.0
road:1.0
whove:1.0
dumped:1.0
pcs:1.0
garage:1.0
havent:1.0
replaced:1.0
theyre:1.6931471805599454
afraid:1.0
isnt:1.0
right:1.0
gave:1.0
using:1.0
computers:1.0
difference:1.6931471805599454
current:1.0
system:1.6931471805599454
new:2.6094379124341005
stuff:1.0
big:1.0
warrant:1.0
changing:1.0
instance:1.0
ill:2.386294361119891
upgrading:1.0
486:1.0
33:1.0
486dx-2:1.0
66:1.0
eisa:1.0
vlb:1.0
rsn:1.0
performance:1.0
linux:1.0
great:1.0
worthwhile:1.0
buying:1.6931471805599454
graphic:1.0
scsi:1.0
controller:1.0
s3:1.0
x11:1.0
drivers:1.0
itll:1.0
2mb:1.0
like:1.6931471805599454
9000:1.0
also:1.0
much:2.6094379124341005
cheaper:1.0
affordable:1.0
arrive:1.0
personally:1.0
home:1.0
needs:1.0
disk:1.6931471805599454
subsystem:1.0
larger:1.0
monitor:1.6931471805599454
super-fast:1.0
graphics:1.0
you-know-who:1.0
cpu:1.0
keep:1.0
case:1.0
mouse:1.6931471805599454
come:1.0
think:1.0
dont:1.6931471805599454
dream:1.0
products:1.0
hit:1.0
market:1.0
way:1.0
im:1.0
gon:1.0
na:1.0
soon:1.0
money:1.0
last:1.0
year:1.6931471805599454
done:1.0
need:1.0
19:1.0
memory:1.0
20mb:1.0
aint:1.0
gb:1.0
1.2gb:1.0
space:1.0
left:1.0
oh:1.0
well:1.0
stay:1.0
single:1.0
smoke:1.0
afford:1.0
infko.uni-koblenz.de:1.0
opinions:1.0
c:1.0
1991:1.0
intel:1.0
sx:1.0
uni:1.0
koblenz:1.6931471805599454
unido:1.0
infko:1.0
keeper:1.0
scrolls:1.0
rheinau:1.0
3-4:1.0
voice:1.0
49:1.6931471805599454
261:1.6931471805599454
9119-645:1.0
defender:1.0
net:1.0
say:1.0
5400:1.0
fax:1.0
9119-499:1.0
name:1.0
root:1.0
