joedal:2.09861228866811
dfi.aau.dk:1.6931471805599454
lars:1.6931471805599454
subject:1.0
80386:2.386294361119891
80486:2.09861228866811
whats:1.6931471805599454
difference:1.6931471805599454
except:1.0
clock:1.0
frequency:1.0
differences:1.0
various:1.0
types:1.0
386:1.0
486:1.0
processors:1.0
following:1.0
list:1.0
know:1.6931471805599454
perhaps:1.0
think:1.0
anybody:1.0
extend:1.0
correct:2.09861228866811
true:1.6931471805599454
32:1.6931471805599454
bit:2.09861228866811
processor:1.6931471805599454
cache:1.6931471805599454
80386sx:1.0
emulates:1.0
16:1.0
bus:1.0
internal:1.6931471805599454
mathematical:1.0
coprocessor:1.0
big:1.0
extended:1.0
instruction:1.0
set:1.0
way:1.0
80486sx:1.0
probably:1.6931471805599454
sorta:1.6931471805599454
like:1.6931471805599454
80486dx:1.0
well:1.0
much:1.0
im:1.0
sure:1.0
lot:1.6931471805599454
people:1.0
add:1.0
information:1.0
post:1.0
email:1.6931471805599454
prefer:1.0
j|dal:1.0
q:1.0
quantum:1.6931471805599454
mechanic:2.09861228866811
auto:1.0
physics:1.0
student:1.0
get:1.0
car:1.0
university:1.0
aarhus:1.0
garage:1.0
without:1.0
opening:1.0
door:1.0
denmark:1.0
david:1.0
kra:1.0
