hakamata:2.09861228866811
dpcdc.sony.co.jp:1.0
atsushi:1.6931471805599454
subject:1.0
need:1.0
info:1.0
font:1.6931471805599454
cartridge:2.09861228866811
hp:2.09861228866811
laserjet:2.09861228866811
ii:1.6931471805599454
looking:1.0
good:1.0
add-on:1.0
found:1.0
pc:1.0
magazine:1.0
article:1.0
iq:1.0
enginnering:1.0
pacific:1.0
data:1.0
products:1.6931471805599454
well-known:1.0
maker:1.0
series:1.0
couldnt:1.0
find:1.0
model:1.0
name:1.0
suggestions:1.0
please:1.0
thanks:1.0
advance:1.0
sony:1.0
corporation:1.0
osaki:1.0
technology:1.0
center:1.0
