rtfuhge:2.09861228866811
immd8.informatik.uni-erlangen.de:1.0
robert:2.386294361119891
fuhge:2.09861228866811
subject:1.0
booting:1.6931471805599454
b:2.386294361119891
drive:2.09861228866811
hi:1.0
think:1.0
vga-copy:2.09861228866811
need:1.0
create:1.0
new:1.0
floppy:1.0
5:1.0
1/4:1.0
turn:1.0
modify:1.0
switch:1.6931471805599454
boot:2.09861228866811
using:1.0
diskette:1.0
message:1.0
appears:1.0
system:1.0
disk:1.6931471805599454
1:1.0
replace:1.0
another:1.0
2:1.0
harddisk:1.0
3:1.0
drives:1.0
reboot:1.0
becomes:1.6931471805599454
type:1.0
choice:1.0
select:1.0
third:1.0
item:1.0
called:1.0
seems:1.6931471805599454
work:1.0
good:1.0
example:1.0
drdos6:1.0
installation:1.0
disks:1.0
3.5:1.6931471805599454
format:1.0
problem:1.0
friend:1.0
mine:1.0
hope:1.0
helps:1.0
p.s:1.0
shareware:1.0
easy:1.0
get:1.0
newest:1.0
version:1.0
5.0:1.0
haagstrasse:1.6931471805599454
17:1.6931471805599454
8520:1.6931471805599454
erlangen:2.386294361119891
tel:1.6931471805599454
privat:1.6931471805599454
09131/204103:1.6931471805599454
email:1.6931471805599454
cip.informatik.uni-erlangen.de:1.6931471805599454
demnaechst:1.6931471805599454
91054:1.6931471805599454
wars:1.6931471805599454
see:1.6931471805599454
right:1.6931471805599454
left:1.6931471805599454
