s106275:1.6931471805599454
ee.tut.fi:1.6931471805599454
anssi:2.09861228866811
saari:1.6931471805599454
subject:1.0
80386:2.6094379124341005
80486:2.6094379124341005
whats:1.0
difference:1.0
joedal.735221221:1.0
dfi.aau.dk:1.6931471805599454
joedal:1.6931471805599454
lars:1.0
writes:1.0
except:1.0
clock:1.0
frequency:1.0
differences:1.0
various:1.0
types:1.0
386:1.0
486:1.0
processors:1.6931471805599454
following:1.0
list:1.6931471805599454
know:1.6931471805599454
perhaps:1.0
think:1.0
anybody:1.0
extend:1.0
correct:2.386294361119891
true:1.6931471805599454
32:1.6931471805599454
bit:2.09861228866811
processor:1.6931471805599454
cache:2.09861228866811
80386sx:1.0
emulates:1.0
16:1.0
bus:1.0
internal:1.6931471805599454
mathematical:1.6931471805599454
coprocessor:1.6931471805599454
big:1.0
8kb:1.0
extended:1.0
instruction:1.0
set:1.0
way:1.0
six:1.0
instructions:1.0
80486sx:1.0
probably:1.6931471805599454
sorta:1.6931471805599454
like:1.6931471805599454
80486dx:2.09861228866811
without:1.0
fpu:1.0
actually:1.0
described:1.0
separate:1.0
either:1.0
intel:1.0
anyone:1.0
complete:1.0
cyrix:1.0
ibm:1.0
products:1.0
tampere:1.0
university:1.0
technology:1.0
finland:1.0
europe:1.0
