thia:1.6931471805599454
sce.carleton.ca:1.0
yong:1.0
subject:1.6931471805599454
vesa:1.6931471805599454
local:1.0
bus:1.0
hi:1.0
wondering:1.0
anyone:1.0
could:1.0
point:1.0
get:1.0
specifications:1.0
relevant:1.0
books:1.0
regards:1.0
jimmy:1.0
