phu.luong:1.0
u2u.lonestar.org:1.0
phu:1.0
luong:1.0
subject:1.0
help:1.0
somone:1.0
explain:1.6931471805599454
stuff:1.0
modems:1.6931471805599454
like:1.0
v.32:1.0
v.42:1.0
hst:1.0
usrobotics:1.0
cheap:1.0
14.4:1.0
connect:1.0
fast:1.0
everything:1.0
thanks:1.0
must:1.0
believe:1.0
free:1.0
choice:1.0
blue:1.0
wave/qwk:1.0
v2.12:1.0
