mancus:2.6094379124341005
sweetpea.jsc.nasa.gov:1.6931471805599454
keith:1.6931471805599454
subject:1.0
cant:1.0
get:1.6931471805599454
1280x1024:2.6094379124341005
work:1.0
w/2m:1.0
ati:1.6931471805599454
ultra:1.6931471805599454
pro:1.6931471805599454
unable:1.0
gateway:1.6931471805599454
486dx2/66:1.0
run:1.0
windows:1.6931471805599454
ordered:1.0
2m:1.6931471805599454
im:1.0
pretty:1.0
sure:1.0
really:1.0
select:1.6931471805599454
1024x768x65536:1.0
matter:1.0
flex:1.6931471805599454
program:1.6931471805599454
atis:1.0
group:1.0
remains:1.0
ghosted:1.6931471805599454
3.1:1.0
build:1.0
59:1.0
drivers:1.6931471805599454
dos:1.0
5.0:1.0
installed:1.0
perhaps:1.0
theres:1.0
file:1.0
missing:1.0
hard:1.0
drive:1.0
runs:1.0
1024x768:1.6931471805599454
fine:1.0
go:1.0
desktop:1.6931471805599454
window:1.6931471805599454
sometimes:1.0
refuses:1.0
time:1.6931471805599454
accepts:1.0
hit:1.0
ok:1.0
re-enter:1.0
back:1.0
unghost:1.0
main:1.0
help:1.0
butch.jsc.nasa.gov:1.0
n5wvr:1.0
black:1.0
powder:1.0
alcohol:1.0
states:1.0
cities:1.0
fall:1.0
backs:1.0
wall:1.0
leslie:1.0
fish:1.0
