dcoleman:2.6094379124341005
ccwf.cc.utexas.edu:1.6931471805599454
daniel:1.6931471805599454
coleman:1.6931471805599454
subject:1.0
cant:1.0
get:1.6931471805599454
1280x1024:2.791759469228055
work:1.0
w/2m:1.0
ati:1.6931471805599454
ultra:1.6931471805599454
pro:1.6931471805599454
article:1.0
1993apr19.144814.17736:1.0
aio.jsc.nasa.gov:1.0
mancus:1.6931471805599454
sweetpea.jsc.nasa.gov:1.0
keith:1.0
writes:1.0
unable:1.0
gateway:1.6931471805599454
486dx2/66:1.0
run:1.0
windows:1.6931471805599454
ordered:1.0
2m:1.6931471805599454
im:1.0
pretty:1.0
sure:1.0
really:1.0
select:1.6931471805599454
1024x768x65536:1.0
matter:1.0
flex:1.6931471805599454
program:1.6931471805599454
atis:1.0
group:1.0
remains:1.0
ghosted:1.6931471805599454
3.1:1.0
build:1.0
59:1.0
drivers:1.6931471805599454
dos:1.0
5.0:1.0
installed:1.0
perhaps:1.0
theres:1.0
file:1.0
missing:1.0
hard:1.0
drive:1.0
runs:1.0
1024x768:1.6931471805599454
fine:1.0
go:1.6931471805599454
desktop:1.6931471805599454
window:1.6931471805599454
sometimes:1.0
refuses:1.0
time:1.6931471805599454
accepts:1.0
hit:1.0
ok:1.0
re-enter:1.0
back:1.0
unghost:1.0
main:1.0
help:1.0
maybe:1.0
need:1.6931471805599454
mach32install:1.0
set:1.0
refresh:1.0
rate:1.0
might:1.0
use:1.0
custom:1.0
monitor:1.0
option:1.0
dan:1.0
matthew:1.0
internet:1.0
utxvms.cc.utexas.edu:1.0
university:1.0
texas:1.0
austin:1.0
decnet:1.0
utxvms:1.6931471805599454
electrical/computer:1.0
engineering:1.0
bitnet:1.6931471805599454
