lee:2.386294361119891
tosspot.sv.com:1.6931471805599454
reynolds:1.0
subject:1.0
16:1.6931471805599454
bit:1.6931471805599454
mfm:1.6931471805599454
hd:1.0
controller:1.0
wanted:1.0
hi:1.0
okay:1.0
getting:1.0
old:1.0
type:1.0
together:1.0
well:1.0
anyone:1.0
hdc:1.0
theyd:1.0
like:1.0
sell:1.0
wd:1.0
preferred:1.0
adaptec:1.0
dtk:1.0
fine:1.0
matter:1.0
almost:1.0
anything:1.0
long:1.0
works:1.0
