e2s:1.0
icf.hrb.com:1.0
eric:1.6931471805599454
sebastian:1.6931471805599454
subject:1.0
question:1.0
fastmicro:1.6931471805599454
thought:1.0
read:1.0
financial:1.0
difficulties:1.0
true:1.0
cant:1.0
seem:1.0
find:1.0
posting:1.0
wondering:1.0
someone:1.0
confirm:1.0
thanks:1.0
