lee:2.386294361119891
tosspot.sv.com:1.6931471805599454
reynolds:1.0
subject:1.0
serial:1.6931471805599454
multiport:1.6931471805599454
card:2.09861228866811
sale:1.0
selling:1.0
arnet:1.0
four:1.0
ports:1.0
one:1.0
16450s:1.0
docs:1.0
drivers:1.0
os/2:1.0
dos:1.0
works:1.0
great:1.0
unix:1.0
flavors:1.0
aggregate:1.0
probably:1.0
around:1.0
64kb:1.0
offers:1.0
also:1.0
willing:1.0
swap:1.0
monitor:1.0
