richard:2.09861228866811
soderberg:1.6931471805599454
richard.soderberg:1.0
mic.ki.se:1.0
subject:1.0
disk:1.0
drives:1.6931471805599454
sw:1.0
delivered:1.0
often:1.0
always:1.0
get:1.0
360:1.0
k:1.0
diskettes:1.0
opt:1.0
5:1.0
1/4:1.0
inch:1.0
format:1.0
big:1.0
tage:1.0
existing:1.0
pc/xt/at/ps2s:1.0
low:1.0
capacity:1.0
diskette:1.0
station:1.0
ooo:1.6931471805599454
md:1.0
karolinska:1.0
institute:1.0
systems:1.0
analyst:1.0
mic-kibic:1.0
voice:1.0
8:1.6931471805599454
46:1.6931471805599454
728:1.0
80:1.0
00:1.0
library:1.0
fax:1.0
33:1.0
04:1.0
81:1.0
medical:1.0
information:1.0
center:1.0
snail:1.0
po:1.0
box:1.0
602:1.0
01:2.09861228866811
doktorsringen:1.0
21:1.0
c:1.0
s-104:1.6931471805599454
stockholm:1.6931471805599454
email:1.0
micb.mic.ki.se:1.0
sweden:1.0
