lee:2.386294361119891
tosspot.sv.com:1.6931471805599454
reynolds:1.0
subject:1.0
cga:1.0
card/monitor:1.0
wanted:1.0
title:1.0
says:1.0
