cs1442au:2.09861228866811
news.uta.edu:1.0
subject:1.0
dos:1.0
6.0:1.0
question:1.6931471805599454
could:1.0
kind:1.0
soul:1.0
please:1.0
email:1.0
response:1.0
since:1.0
dont:1.0
much:1.6931471805599454
time:1.0
read:1.0
group:1.0
170:1.0
mb:2.09861228866811
hard:1.0
drive:1.0
currently:1.0
10:1.0
left:1.0
space:1.0
doublespace:1.0
allow:1.0
486:1.0
50:1.0
w:1.0
4:1.0
ram:1.0
matters:1.0
thanks:1.0
advance:1.0
jason:1.6931471805599454
brown:1.0
decster.uta.edu:1.0
fav:1.0
player:1.0
ruben:1.0
sierra:1.0
