lee:2.386294361119891
tosspot.sv.com:1.6931471805599454
reynolds:1.0
subject:1.0
help:1.6931471805599454
magitronic:1.6931471805599454
8:2.386294361119891
bit:1.6931471805599454
memory:1.6931471805599454
card:2.09861228866811
needed:1.0
hi:1.0
im:1.0
busy:1.0
resurrecting:1.0
old:1.0
machines:1.0
hey:1.0
theyre:1.0
cheap:1.0
work:1.0
would:1.0
grateful:1.6931471805599454
following:1.0
full:1.0
length:1.0
room:1.0
rows:1.0
256k:1.0
dips:1.0
total:1.0
2mb:1.0
ram:1.0
position:1.0
dip:1.0
switch:1.0
presumably:1.0
addressing:1.0
kind:1.0
soul:1.0
docs:1.0
drivers:1.0
beast:1.0
id:1.0
disgustingly:1.0
thanks:1.0
