mikey:1.6931471805599454
eukanuba.wpd.sgi.com:1.0
mike:1.6931471805599454
yang:1.6931471805599454
subject:1.0
17:1.0
monitors:1.6931471805599454
article:1.0
1qulqa:1.0
hp2:1.0
access.digex.net:1.0
rash:1.6931471805599454
access.digex.com:1.0
wayne:1.0
writes:1.0
f550iw:1.6931471805599454
optimized:1.0
windows:1.0
powers:1.6931471805599454
screen:1.0
blanker:1.0
appears:1.0
turn:1.0
computer:1.0
meets:1.0
swedish:1.0
standards:1.0
also:1.0
protected:1.0
emi:1.0
adjacent:1.0
thanks:1.0
info:1.0
personally:1.0
think:1.0
f550i:1.0
bang:1.0
buck:1.0
right:1.0
much:1.0
cost:1.0
silicon:1.0
graphics:1.0
inc:1.0
sgi.com:1.0
415/390-1786:1.0
