rash:2.386294361119891
access.digex.com:1.6931471805599454
wayne:1.6931471805599454
subject:1.0
17:1.0
monitors:1.6931471805599454
mikey:1.6931471805599454
sgi.com:1.6931471805599454
mike:1.6931471805599454
yang:1.6931471805599454
writes:1.6931471805599454
article:1.0
1qslfs:1.0
bm1:1.0
access.digex.net:1.0
also:1.6931471805599454
reviewed:1.0
new:1.6931471805599454
nanao:1.0
f550iw:2.386294361119891
released:1.0
whats:1.0
difference:1.0
f550i:2.09861228866811
im:1.0
buy:1.0
gateway:1.0
system:1.0
going:1.0
take:1.0
upgrade:1.0
get:1.0
instead:1.0
silicon:1.0
graphics:1.0
inc:1.0
415/390-1786:1.0
optimized:1.0
windows:1.0
powers:1.6931471805599454
screen:1.0
blanker:1.0
appears:1.0
turn:1.0
computer:1.0
meets:1.0
swedish:1.0
standards:1.0
protected:1.0
emi:1.0
adjacent:1.0
personally:1.0
think:1.0
bang:1.0
buck:1.0
right:1.0
