ebd:1.6931471805599454
fang.att.com:1.0
elliot:2.09861228866811
b:1.0
dierksen:1.6931471805599454
subject:1.0
help:2.09861228866811
dtk:1.6931471805599454
i/o:1.6931471805599454
plus:1.6931471805599454
ii:1.6931471805599454
card:2.09861228866811
needed:1.0
trying:1.0
friend:1.0
mine:1.0
get:1.6931471805599454
second:2.09861228866811
serial:2.386294361119891
port:2.791759469228055
working:1.0
want:1.0
cooperate:1.0
documentation:1.0
example:1.0
says:1.0
changed:1.0
com2:1.6931471805599454
com1:1.6931471805599454
moving:1.0
jumpers:2.6094379124341005
say:1.0
move:1.0
2:1.0
banks:1.0
first:1.6931471805599454
one:1.0
labeled:1.6931471805599454
follows:1.0
c1:1.6931471805599454
c2:1.6931471805599454
s2:1.6931471805599454
p2:1.6931471805599454
p1:1.6931471805599454
g:1.6931471805599454
bank:2.09861228866811
irq:1.6931471805599454
following:1.0
labels:1.0
5c:1.0
5s:1.0
4:1.0
3:1.0
3s:1.0
2c:1.0
2s:1.0
determined:1.0
tell:2.09861228866811
address:1.0
use:1.6931471805599454
printer:1.0
lpt1:1.0
lpt2:1.0
guessing:1.0
enables:1.0
game:1.0
enable:1.0
cant:1.0
work:1.0
tried:1.0
numerous:1.0
setting:1.0
without:1.0
success:1.0
assume:1.0
must:1.0
irqs:1.0
ports:1.0
know:1.0
suggestions:1.0
would:1.0
greatly:1.0
appreciated:1.0
real:1.0
poncho:2.09861228866811
mean:1.0
mexican:1.0
sears:1.0
hmmm:1.0
foolin:1.0
f:1.0
zappa:1.0
w:1.0
e.dierksen:1.0
att.com:1.0
407:1.6931471805599454
660-3377:1.0
h:1.0
alfred.uucp:1.0
290-9744:1.0
