rlb534:1.0
ibm-03.nwscc.sea06.navy.mil:1.0
subject:1.0
fastmicro:1.6931471805599454
business:1.6931471805599454
heard:1.0
went:1.0
true:1.0
dont:1.0
answer:1.0
800:1.0
number:1.0
800-821-9000:1.0
