fragante:1.6931471805599454
unixg.ubc.ca:1.0
gv:1.0
subject:1.0
winjet:1.6931471805599454
accelerator:1.0
card:2.09861228866811
anyone:1.0
familiar:1.0
video:1.6931471805599454
chipset:1.6931471805599454
use:1.0
s3:1.6931471805599454
market:1.0
vlg:1.0
best:1.0
among:1.0
cirrus:1.0
logic:1.0
tseng:1.0
lab:1.0
ati:1.0
question:1.0
expensive:1.0
thanks:1.0
