d.l.p.li1:1.0
lut.ac.uk:1.0
dlp:1.0
li:1.6931471805599454
subject:1.0
new:2.09861228866811
svga:1.6931471805599454
card:1.6931471805599454
hi:1.0
hardware:1.0
netters:1.0
ive:1.0
seen:1.0
recently:1.0
magazines:1.0
advertising:1.0
trident:1.0
graphics:1.0
call:1.0
8900cl:1.0
ad:1.0
said:1.0
faster:1.0
compare:1.0
tseng:1.0
et4000:1.0
btw:1.0
fastest:1.0
non-accelerated:1.0
market:1.0
info:1.0
benchmark:1.0
welcome:1.0
thanks:1.0
advance:1.0
regards:1.0
desmond:1.0
lut:1.0
uk:1.0
