d.l.p.li1:1.0
lut.ac.uk:1.0
dlp:1.0
li:1.6931471805599454
subject:1.0
cyrix:1.6931471805599454
486dlc-40:1.0
cpu:2.09861228866811
2:1.0
anyone:1.0
using:1.0
impressions:1.0
performance:1.0
compatability:1.0
benchmark:1.0
program:1.6931471805599454
called:1.0
comptest:1.0
said:1.0
cpus:1.0
bug:1.0
run:1.0
also:1.0
may:1.0
nextstep:1.0
486:1.0
regards:1.0
desmond:1.0
lut:1.0
uk:1.0
