ihno:2.9459101490553135
generics.ka.sub.org:2.09861228866811
krumreich:2.09861228866811
subject:1.0
cd-rom:1.0
drives:1.0
someone:1.0
list:1.0
cd-roms:1.0
scsi-interface:1.0
known:1.0
much:1.0
present:1.0
market:1.0
please:1.0
mail:1.0
direcktly:1.0
reguarly:1.0
reading:1.0
group:1.0
ill:1.0
post:1.0
summary:1.0
wanted:1.0
thanks:1.0
phone:1.6931471805599454
49:2.09861228866811
721:2.09861228866811
955:1.6931471805599454
253:1.6931471805599454
0:1.6931471805599454
u:3.4849066497880004
n:3.4849066497880004
iii:2.09861228866811
x:3.5649493574615367
synerix:1.6931471805599454
gmbh:1.6931471805599454
email:1.6931471805599454
nn:2.09861228866811
bach:1.0
strasse:1.0
24:1.0
fax:1.0
59:1.0
02:1.0
11:1.0
d-w7500:1.0
karlsruhe:1.0
21:1.0
uuu:1.0
