sinn:2.386294361119891
carson.u.washington.edu:1.6931471805599454
philip:1.6931471805599454
subject:1.0
need:1.0
info:1.0
maxtor:1.0
340sy:1.0
scsi:1.6931471805599454
jumper:1.6931471805599454
id:1.0
setting:1.0
got:1.0
harddisk:1.0
shipped:1.0
ide:1.0
specification:1.0
spec:1.0
would:1.0
someone:1.0
tell:1.0
set:1.0
harddrive:1.0
thanks:1.0
please:1.0
email:1.0
response:1.0
university:1.0
washington:1.0
