willisw:1.0
willisw.eng.clemson.edu:1.0
bill:2.09861228866811
willis:1.6931471805599454
subject:1.0
help:2.386294361119891
installing:1.0
second:1.6931471805599454
ide:2.386294361119891
drive:3.1972245773362196
article:1.0
1qn627:1.0
iv:1.0
darwin.sura.net:1.0
wbarnes:1.6931471805599454
sura.net:1.6931471805599454
barnes:1.6931471805599454
writes:1.0
recently:1.0
cousin:1.0
got:1.6931471805599454
internal:1.0
seagate:1.6931471805599454
210mb:1.6931471805599454
look:1.0
model:1.6931471805599454
number:1.6931471805599454
important:1.0
ive:2.9459101490553135
trying:1.0
install:1.0
vested:1.0
interest:1.0
since:1.0
machines:1.0
busted:1.0
use:1.0
get:2.09861228866811
mine:1.0
fixed:1.0
already:1.6931471805599454
85mb:2.09861228866811
hd:1.0
forget:1.0
find:1.6931471805599454
anyway:1.0
cant:2.09861228866811
seem:1.0
bloody:1.0
thing:2.386294361119891
managed:1.0
one:2.791759469228055
disconnected:1.0
time:1.0
whenever:1.0
try:1.0
hangs:1.0
bootup:1.0
never:1.0
gets:1.0
past:1.0
system:1.6931471805599454
test:1.0
controllers:1.0
instruction:1.0
sheet:1.0
says:1.0
supports:1.0
two:2.6094379124341005
drives:2.09861228866811
think:2.386294361119891
configured:1.6931471805599454
cmos:2.09861228866811
correctly:1.0
powers:1.0
plugged:1.0
properly:1.6931471805599454
even:1.0
learned:1.0
master/slave:1.0
relationship:1.0
hds:1.0
supposed:1.0
didnt:1.0
know:1.6931471805599454
pcs:1.0
8:1.0
jumpers:1.0
master:2.386294361119891
new:1.0
slave:2.386294361119891
maybe:1.0
im:1.6931471805599454
cabling:1.0
wrong:1.0
tried:1.6931471805599454
several:1.0
combinations:1.0
controller:2.386294361119891
none:1.0
worked:1.0
unfortunately:1.0
others:1.6931471805599454
another:1.6931471805599454
possibility:1.0
partitioned:1.0
seperate:1.0
c:1.6931471805599454
asks:1.0
setup:1.6931471805599454
info:1.6931471805599454
rather:1.0
1:1.0
2:1.0
like:2.09861228866811
seen:1.0
could:1.0
confusing:1.0
things:1.0
need:1.0
came:1.0
bereft:1.0
docs:1.0
except:1.0
little:1.0
piece:1.0
paper:1.0
size:1.0
index:1.0
card:1.0
cannibalized:1.0
cable:1.0
connector:1.0
end:1.0
middle:1.0
looks:1.0
serial:1.0
connection:1.0
lost:1.0
many:1.6931471805599454
thanks:1.6931471805599454
advance:1.6931471805599454
practically:1.0
emergency:1.0
papers:1.0
monday:1.0
william:1.0
suranet:1.6931471805599454
operations:1.0
301:1.6931471805599454
982-4600:1.0
voice:1.0
982-4605:1.0
fax:1.0
disclaimer:1.0
dont:1.6931471805599454
speak:1.6931471805599454
told:1.0
local:1.0
computer:1.0
guru:1.0
unless:1.0
perform:1.0
low:1.0
level:1.0
format:1.0
existing:1.0
hard:1.6931471805599454
set:1.0
beginning:1.0
took:1.0
word:1.0
going:1.0
back:1.0
everything:1.0
add:1.0
hdd:1.0
anyone:1.0
knows:1.0
sure:1.0
scoop:1.0
would:1.0
also:1.6931471805599454
