wil:1.6931471805599454
shell.portal.com:1.6931471805599454
ville:1.6931471805599454
v:1.6931471805599454
walveranta:1.6931471805599454
subject:1.0
winjet:2.09861228866811
accelerator:1.6931471805599454
card:2.386294361119891
gv:1.0
fragante:1.6931471805599454
unixg.ubc.ca:1.0
wrote:1.0
anyone:1.0
familiar:1.0
video:2.09861228866811
chipset:1.6931471805599454
use:1.0
s3:1.6931471805599454
market:1.0
vlg:1.0
best:1.0
among:1.0
cirrus:1.0
logic:1.0
tseng:1.0
lab:1.0
ati:1.0
question:1.0
expensive:1.0
thanks:1.0
printer:1.0
manufactured:1.0
lasermaster:1.0
eden:1.0
prairie:1.0
mn:1.0
willy:1.0
tel./fax:1.0
510:1.0
420-0729:1.0
96:1.0
linda:1.0
ave:1.0
apt:1.0
5:1.0
finland:1.0
990-1-510-420-0729:1.0
oakland:1.0
ca:1.0
94611-4838:1.0
faxes:1.0
automatically:1.0
recognized:1.0
usa:1.0
email:1.0
