gwni:1.0
troi.cc.rochester.edu:1.0
g:1.0
wayne:1.0
nichols:1.0
subject:1.0
help:1.0
ten:1.0
beeps:2.386294361119891
386/40:1.6931471805599454
ami:1.6931471805599454
bios:1.6931471805599454
motherboard:1.6931471805599454
havent:1.0
located:1.0
little:1.0
manual:1.0
yet:1.0
suddenly:1.0
giving:1.0
10:2.09861228866811
turn:1.0
power:1.0
working:1.0
fine:1.0
morning:1.0
gave:1.0
kinds:1.0
problems:1.0
windows:1.0
outside:1.0
multiple:1.0
reboots:1.0
gives:1.0
sits:1.0
anybody:1.0
know:1.0
means:1.0
thanks:1.0
