lepper:2.09861228866811
logopolis.mct.anl.gov:1.0
matt:1.0
2-5950:1.0
subject:1.0
help:1.6931471805599454
3c503:1.6931471805599454
ncsa:1.6931471805599454
telnet:2.09861228866811
im:1.0
trying:1.0
configure:1.0
v2.3.05:1.0
work:1.0
ethernet:1.0
board:1.0
use:1.6931471805599454
ftp:1.0
fine:1.0
whenever:1.0
attempt:1.0
machine:1.0
hangs:1.0
blank:1.0
screen:1.0
blinking:1.0
green:1.0
cursor:1.0
ideas:1.0
please:1.0
e-mail:1.0
maat.mct.anl.gov:1.0
mjlepper:1.0
mtu.edu:1.0
