poe:1.0
wharton.upenn.edu:1.0
subject:1.0
amd:2.09861228866811
i486:1.6931471805599454
clones:1.6931471805599454
legal:1.6931471805599454
us:1.6931471805599454
friend:1.0
mine:1.0
called:1.0
phone:1.0
told:1.0
wathcing:1.0
cnn:1.0
saw:1.0
report:1.0
ruling:1.0
prohibiting:1.0
selling:1.0
thrown:1.0
making:1.0
ship:1.0
anyone:1.0
verify:1.0
thanks:1.0
advance:1.0
phil:1.0
