stam:2.386294361119891
netcom.com:1.6931471805599454
david:2.09861228866811
subject:1.0
recommendations:1.0
local:2.386294361119891
bus:3.4849066497880004
cache:2.09861228866811
penio:1.0
penev:1.6931471805599454
rockefeller.edu:1.0
wrote:1.6931471805599454
maxtor:2.6094379124341005
212mb:1.0
isa:2.09861228866811
ide:2.9459101490553135
controller:3.0794415416798357
although:1.0
machine:1.0
dx2/66:1.6931471805599454
vlb:1.0
save:1.0
transfer:2.791759469228055
rate:3.1972245773362196
0.647:1.0
mb/s:2.6094379124341005
regardless:1.0
variations:1.0
speed:2.09861228866811
tested:1.0
5.5mhz:1.0
8.33mhz:1.0
difference:1.0
problem:1.0
interface:2.6094379124341005
memory:1.0
chris:1.0
brinton:1.6931471805599454
icd.teradyne.com:1.0
also:1.6931471805599454
212:1.0
generic:1.0
get:2.6094379124341005
985:1.0
kb/s:1.6931471805599454
tried:1.0
swapping:1.0
went:1.0
830:1.0
specs:1.0
drive:1.6931471805599454
show:1.6931471805599454
maximum:2.09861228866811
platter:2.386294361119891
2.83:1.0
dont:1.0
know:1.6931471805599454
got:1.0
little:1.0
certainly:1.0
much:1.0
hoped:1.0
looking:1.0
way:1.0
deal:1.0
rates:1.6931471805599454
anybody:1.0
getting:2.09861228866811
throughput:1.0
anywhere:1.0
close:1.6931471805599454
havent:1.0
seen:1.0
anything:1.6931471805599454
even:2.09861228866811
5mb/sec:1.0
limit:1.0
drives:1.6931471805599454
1:1:1.0
non-interleaved:1.0
arent:1.0
1:1.0
sequential:1.6931471805599454
read:2.791759469228055
msdos:1.0
c:1.6931471805599454
program:1.6931471805599454
uses:1.0
bios:1.0
calls:1.0
64-sector:1.0
blocks:1.0
sequentially:1.0
outside:1.6931471805599454
first:1.0
track:1.6931471805599454
inward:1.0
8mhz:2.09861228866811
10mhz:2.09861228866811
lxt340:2.09861228866811
860kb/sec:1.0
976kb/sec:1.0
quantum:2.386294361119891
lps240:2.09861228866811
862kb/sec:1.6931471805599454
887kb/sec:1.0
2:1.6931471805599454
disk:2.09861228866811
buffer:2.6094379124341005
re-reads:1.0
block:1.0
repeatedly:1.0
effect:1.0
reading:1.0
ram:1.6931471805599454
1046kb/sec:1.0
1212kb/sec:1.0
1015kb/sec:1.0
1276kb/sec:1.0
3:1.6931471805599454
coretest:1.0
v2.7:1.0
seems:1.0
agree:1.0
1051kb/sec:1.0
1224kb/sec:1.0
1026kb/sec:1.0
1298kb/sec:1.0
managed:1.0
hold:1.0
lps240at:1.0
product:1.0
manual:1.6931471805599454
goes:1.0
excrutiating:1.0
detail:1.0
describing:1.0
bits:2.09861228866811
nowhere:1.0
see:1.0
like:1.0
whipped:1.0
high:2.09861228866811
sit:1.0
around:1.6931471805599454
thaw:1.0
sent:1.0
host:1.0
though:1.0
swear:1.0
thats:1.0
whats:1.0
happening:1.0
relevent:1.0
quotes:1.0
data:1.6931471805599454
transferred:1.0
3.75:1.0
1.87mb/s:1.0
minimum:1.6931471805599454
calculations:1.0
3121kb/sec:1.0
1578kb/sec:1.0
spins:1.0
4306:1.0
rpm:1.0
87:1.0
sectors:1.0
per:1.0
44:1.0
inside:1.0
single:1.0
burst:1.0
errors:1.0
24:1.0
within:1.0
one:1.0
sector:1.6931471805599454
corrected:1.0
on-the-fly:1.0
real:1.0
time:1.0
occur:1.0
allowing:1.0
degree:1.0
integrity:1.0
impact:1.0
performance:1.0
take:1.0
mean:1.0
error:1.0
correction:1.0
isnt:1.0
bottleneck:1.0
page-mode:1.0
operations:1.0
data-transfer:1.6931471805599454
10.0:1.0
allows:1.0
ic:1.0
communicate:1.0
5.0:1.0
dcs:1.0
simultaneously:1.0
controls:1.0
disk-to-ram:1.0
transfers:1.0
thing:1.0
pre-fetch:1.0
sending:1.0
requested:1.0
64kb:1.0
buffers:1.0
pre-fetching:1.0
guess:1.0
could:1.0
call:1.0
outer:1.0
tracks:1.0
measly:1.0
3mb/sec:1.0
hard-disk:1.0
engineers:1.0
wondering:1.0
disks:1.0
slow:1.0
ooo:1.6931471805599454
linux:1.0
choice:1.0
gnu:1.0
generation:1.0
386-un*x-x11r5-openlook-gcc-tex-free:1.0
