fragante:1.6931471805599454
unixg.ubc.ca:1.0
gv:1.0
subject:1.0
winjet:2.386294361119891
accelerator:2.09861228866811
card:2.09861228866811
c5r1ya.3ef:1.0
unix.portal.com:1.0
wil:1.0
shell.portal.com:1.0
ville:1.0
v:1.0
walveranta:1.0
writes:1.0
video:1.6931471805599454
printer:1.0
manufactured:1.0
lasermaster:1.0
eden:1.0
prairie:1.0
mn:1.0
know:1.0
theres:1.6931471805599454
laserjet:1.0
also:1.0
probably:1.0
available:1.0
us:1.0
sure:1.0
marketed:1.0
canada:1.0
thought:1.0
guys:1.0
would:1.0
heard:1.0
thing:1.0
