hwstock:1.6931471805599454
snll-arpagw.llnl.gov:1.0
stockman:1.6931471805599454
harlan:1.0
w:1.0
subject:1.0
pentium:1.6931471805599454
clock:1.6931471805599454
counts:1.6931471805599454
anyone:1.0
list:1.0
instructions:1.0
know:1.0
integer:1.0
mul:1.0
1:1.0
tick:1.0
thanks:1.0
hw:1.0
sandia.llnl.gov:1.0
