perry:2.09861228866811
wswiop13.win.tue.nl:1.0
egelmeers:1.6931471805599454
subject:1.0
somebody:1.0
create:1.6931471805599454
messie:1.0
dos:2.09861228866811
6.0:2.09861228866811
faq:1.6931471805599454
please:1.0
question:1.0
hi:1.0
think:1.0
time:1.0
ms:1.0
since:1.0
lots:1.0
questions:1.0
actually:1.0
flooding:1.0
net:1.0
wont:1.0
able:1.0
write:1.0
self:1.0
lack:1.0
time/knowledge/experience:1.0
