vmp:1.0
zombie.oulu.fi:1.0
vesa-matti:1.0
perttunen:1.0
subject:1.0
diamond:1.0
stealth:1.6931471805599454
24:1.6931471805599454
giving:1.0
9.4:1.0
winmarks:1.6931471805599454
row:1.0
dip:1.0
switches:1.0
back:1.0
plane:1.0
older:1.0
revision:1.6931471805599454
board:1.6931471805599454
winmark:1.0
results:1.0
absolutely:1.0
normal:1.0
later:1.0
b:1.0
benchmarks:1.0
13:1.0
15:1.0
million:1.0
least:1.0
mine:1.0
486dx-50:1.0
toy:1.0
v:1.0
