estasic:1.6931471805599454
ic.sunysb.edu:1.6931471805599454
edward:1.0
stasic:1.6931471805599454
subject:1.0
ide:1.0
vs:1.0
scsi:1.0
go:1.0
article:1.6931471805599454
1993apr16.205724.26258:1.0
mnemosyne.cs.du.edu:1.0
smace:1.0
nyx.cs.du.edu:1.0
scott:1.0
mace:1.0
writes:1.0
dont:1.0
belive:1.0
said:1.0
busmastering:1.6931471805599454
vlbus:1.6931471805599454
pick:1.0
back:1.6931471805599454
issue:1.6931471805599454
pc-week:1.0
whihc:1.0
tested:1.0
eisa:1.0
isa:1.0
cards:1.0
recall:1.0
posted:1.0
message:1.0
related:1.0
provoke:1.0
argument:1.0
could:1.0
get:1.0
straight:1.0
dope:1.0
would:1.0
probably:1.0
give:1.0
definitive:1.0
answers:1.0
want:1.0
ed:1.0
