westes:1.6931471805599454
netcom.com:1.6931471805599454
estes:1.0
subject:1.0
utility:1.6931471805599454
switch:2.09861228866811
cap:2.09861228866811
locks/ctrl:1.0
keys:2.09861228866811
big:1.0
fan:1.0
official:1.0
ibm:1.6931471805599454
keyboards:1.0
ps/2:1.0
keyboard:1.0
attached:1.0
clone:1.0
computer:1.0
want:1.0
know:1.0
software:1.0
used:1.6931471805599454
locations:1.0
ctrl:1.6931471805599454
locks:1.0
even:1.0
better:1.0
third:1.0
party:1.0
make:1.0
lock:1.0
key:1.0
replacements:1.0
visually:1.0
well:1.0
estesinternet:1.0
