rcomg:1.0
melomys.co.rmit.oz.au:1.0
mark:2.09861228866811
gregory:2.09861228866811
subject:1.0
avi:1.6931471805599454
file:1.6931471805599454
format:2.09861228866811
hi:1.0
would:1.0
someone:1.0
please:1.0
email:1.0
post:1.0
microsoft:1.0
wish:1.0
research:1.0
using:1.0
disks:1.0
available:1.0
video:1.6931471805599454
clips:1.0
interesting:1.0
interleaves:1.0
sound:1.0
thank:1.0
lecturer:1.6931471805599454
m.gregory:1.6931471805599454
rmit.edu.au:1.6931471805599454
ph:1.6931471805599454
03:2.386294361119891
6603243:1.6931471805599454
fax:1.6931471805599454
6621060:1.6931471805599454
royal:1.6931471805599454
melbourne:2.386294361119891
institute:1.6931471805599454
technology:1.6931471805599454
department:1.6931471805599454
communication:1.6931471805599454
electronic:1.6931471805599454
engineering:1.6931471805599454
p.o:1.6931471805599454
box:1.6931471805599454
2476v:1.6931471805599454
victoria:1.6931471805599454
3001:1.6931471805599454
australia:1.6931471805599454
