balog:2.386294361119891
eniac.seas.upenn.edu:1.6931471805599454
eric:1.6931471805599454
j:1.0
subject:1.0
diamond:1.0
stealth:1.0
24:1.0
giving:1.0
9.4:1.0
winmarks:1.0
hi:1.0
posting:1.0
winmark:1.0
results:1.0
good:1.0
idea:1.0
give:1.0
version:1.6931471805599454
winbench:1.0
used:1.0
obtain:1.0
scores:1.0
well:1.0
resolution:1.0
tested:1.0
drivers:1.0
