sextonm:1.0
univrs.decnet.lockheed.com:1.0
subject:1.0
cant:1.0
get:1.6931471805599454
1280x1024:2.6094379124341005
work:1.0
w/2m:1.0
ati:2.09861228866811
ultra:1.6931471805599454
pro:1.6931471805599454
article:1.0
1993apr19.144814.17736:1.0
aio.jsc.nasa.gov:1.0
mancus:1.6931471805599454
sweetpea.jsc.nasa.gov:1.0
keith:1.6931471805599454
writes:1.0
unable:1.0
gateway:1.6931471805599454
486dx2/66:1.0
run:1.0
windows:1.6931471805599454
ordered:1.0
2m:1.6931471805599454
im:1.0
pretty:1.0
sure:1.0
really:1.0
select:1.6931471805599454
1024x768x65536:1.0
matter:1.0
flex:2.09861228866811
program:2.09861228866811
atis:1.0
group:1.0
remains:1.0
ghosted:1.6931471805599454
3.1:1.0
build:1.0
59:1.0
drivers:1.6931471805599454
dos:1.0
5.0:1.0
installed:1.0
perhaps:1.0
theres:1.0
file:1.0
missing:1.0
hard:1.0
drive:1.0
runs:1.0
1024x768:1.6931471805599454
fine:1.0
go:1.0
desktop:1.6931471805599454
window:2.09861228866811
sometimes:1.0
refuses:1.0
time:1.6931471805599454
accepts:1.0
hit:1.0
ok:1.0
re-enter:1.0
back:1.0
unghost:1.0
main:1.0
help:1.0
problem:1.0
getting:1.0
256:1.0
colors:1.0
stuck:1.0
16:1.0
even:1.0
though:1.0
flex-stuff:1.0
said:1.0
1024-256:1.0
solved:1.0
entering:1.0
advanced:1.0
pannel:1.0
changing:1.0
color:1.0
palette:1.0
sorry:1.0
vaugeness:1.0
hope:1.0
helps:1.0
btw:1.0
gw2000-66v:1.0
1m:1.0
gup:1.0
matt:1.0
sexton:1.6931471805599454
claes.space.lockheed.com:1.0
