dunguyen:1.0
ecs.umass.edu:1.0
subject:1.0
hayes:1.6931471805599454
9600:1.6931471805599454
external:1.0
ac:2.09861228866811
pins:1.6931471805599454
hello:1.0
moden:1.0
cables:1.0
manuals:1.0
modem:1.0
requires:1.0
source:1.6931471805599454
14v:1.0
know:1.6931471805599454
connect:1.0
power:1.0
3:1.0
pin:1.6931471805599454
connector:1.0
top:1.0
ground:1.0
would:1.0
guess:1.0
two:1.0
right:1.0
hints:1.0
please:1.0
e-mail:1.0
really:1.0
need:1.0
help:1.0
thanks:1.0
duc:1.0
n:1.0
