stevela:1.6931471805599454
csulb.edu:1.6931471805599454
steve:2.09861228866811
la:1.6931471805599454
subject:1.0
cdrom:1.6931471805599454
audio:2.386294361119891
cable:1.6931471805599454
looking:1.0
connect:1.0
toshiba:1.0
3401b:1.0
l/r:1.0
pro:1.0
spectrum:1.0
16:1.0
sound:1.0
card:1.0
thanks:1.0
advance:1.0
pointers:1.0
network:1.0
manager:1.0
310:1.0
985-4750:1.0
calstate:1.0
university:1.0
long:1.6931471805599454
beach:1.6931471805599454
1250:1.0
bellflower:1.0
blvd:1.0
ca:1.0
90840:1.0
