tcking:1.6931471805599454
uswnvg.com:1.6931471805599454
tim:1.6931471805599454
king:1.6931471805599454
subject:1.0
gateway:2.09861228866811
2000:1.0
booting:1.0
floppy:2.09861228866811
4dx-33v:1.0
3.5:1.0
inch:1.0
drive:1.6931471805599454
accidentally:1.0
discovered:1.0
one:1.6931471805599454
particular:1.0
box:1.6931471805599454
diskettets:1.0
boot:1.6931471805599454
rather:1.0
getting:1.0
non-system:1.0
diskette:1.0
message:1.0
machine:1.0
hangs:1.0
cmos:1.6931471805599454
gets:1.0
overwritten:1.0
luckily:1.0
sends:1.0
print:1.0
standard:1.0
settings:1.0
systems:1.0
happens:1.0
pre-formatted:1.0
fuji:1.6931471805599454
disks:2.386294361119891
cause:1.0
problem:2.09861228866811
re-format:1.0
goes:1.0
away:1.0
virus:1.6931471805599454
scan:1.6931471805599454
v1.02:1.0
found:1.0
nothing:1.0
anyone:1.0
idea:1.0
going:1.0
hardware:1.0
cant:1.0
detected:1.0
system:1.0
reading:1.0
garbage:1.0
sector:1.0
