zrdf01:1.6931471805599454
trc.amoco.com:1.6931471805599454
rusty:1.6931471805599454
foreman:1.6931471805599454
subject:1.0
17:1.6931471805599454
monitors:1.0
anyone:1.0
taken:1.0
look:1.0
new:1.0
viewsonic:1.0
claim:1.0
1280x1024:1.0
76hz:1.0
compare:1.0
t560i:1.0
terms:1.0
price:1.0
quality:1.0
display:1.0
living:1.0
tulsa:1.6931471805599454
time:1.0
rforeman:1.0
amoco:1.0
production:1.0
research:1.0
uunet:1.0
apctrc:1.0
p.o:1.0
box:1.0
3385:1.0
phone:1.0
918:1.0
660-3488:1.0
ok:1.0
74102:1.0
fax:1.0
918-660-4163:1.0
