perry:2.09861228866811
wswiop15.win.tue.nl:1.0
egelmeers:1.6931471805599454
subject:1.0
funet.fi:2.386294361119891
artieb:1.0
vnet.ibm.com:1.0
writes:1.0
saw:1.0
posting:1.0
earlier:1.0
refered:1.0
directory:2.09861228866811
pub/msdos:1.0
however:1.0
log:1.0
cant:1.0
even:1.0
find:1.0
pub:1.0
let:1.0
alone:1.0
msdos:1.0
someone:1.0
tell:1.0
im:1.0
wrong:1.0
perhaps:1.0
try:1.0
nic.funet.fi:1.6931471805599454
instead:1.0
biggest:1.0
ftp:1.0
site:1.6931471805599454
europe:1.0
stuff:1.0
available:1.6931471805599454
also:1.0
big:1.0
pool:1.0
