khioe:1.6931471805599454
juno.jpl.nasa.gov:1.6931471805599454
kent:1.6931471805599454
hioe:1.0
subject:1.0
need:1.6931471805599454
advice:1.6931471805599454
select:2.09861228866811
sound:3.1972245773362196
card:2.6094379124341005
hi:1.0
netland:1.0
selecting:1.0
buy:1.6931471805599454
kid:1.6931471805599454
dont:1.0
know:1.6931471805599454
one:2.09861228866811
following:1.0
list:1.0
blaster:2.09861228866811
16:1.0
miscrosoft:1.0
audio:1.0
spectrum:1.0
pro:1.0
allocated:1.0
budget:1.0
around:1.0
250:1.0
could:1.0
cards:1.0
help:1.0
appropriate:1.0
486-33:1.0
mz:1.0
opti:1.0
mb:1.0
also:1.0
nec:1.0
cdrom:1.0
would:1.0
like:1.0
connect:1.0
thank:1.0
