gtewing:1.0
unix2.tcd.ie:1.0
gregory:1.0
ewing:1.0
subject:1.0
gamecards:2.09861228866811
80386sx:1.0
16mhz:1.0
2mb:1.0
ram:1.0
machine:2.09861228866811
finding:1.0
slow:1.0
certain:1.0
games:1.0
x-wing:1.0
computer:1.0
store:1.0
day:1.0
saw:1.0
series:1.0
claim:1.0
speed:1.0
80mhz:1.0
wondering:1.0
anyone:1.0
similar:1.0
bought:1.0
one:1.6931471805599454
seen:1.0
whether:1.0
actually:1.0
work:1.0
help:1.0
would:1.0
much:1.0
appreciated:1.0
thanks:1.0
advance:1.0
greg:1.0
man:1.0
lies:1.0
murders:1.0
part:1.0
world:1.0
eggman:1.0
