pastor:2.09861228866811
vfl.paramax.com:1.6931471805599454
jon:1.6931471805599454
subject:1.6931471805599454
32-bit:1.6931471805599454
box:1.0
gateway:2.09861228866811
got:1.0
gw2000:1.0
aol.com:1.6931471805599454
x-mailer:1.0
america:1.0
online:1.0
mailer:1.0
disk:1.0
access:1.6931471805599454
date:1.0
mon:1.0
29:1.0
mar:1.0
93:1.0
14:26:45:1.0
est:1.0
message-id:1.0
9303291426.tn05643:1.0
status:1.0
ro:1.0
get:1.0
32bit:1.0
windows:1.0
edit:1.0
system.ini:1.0
look:1.0
386enhanced:1.0
section:1.0
add:1.0
line:1.0
32bitdiskaccess=on:1.0
give:1.0
32bitdiskaccess:1.0
need:1.0
thanks:1.0
regards:1.0
scot:1.0
oehlerking:1.0
g2kscooter:1.0
2000:1.0
