subject:1.0
dos:2.09861228866811
6.0:2.386294361119891
venable:1.6931471805599454
faculty.coe.wvu.edu:1.0
wallace:1.0
know:1.6931471805599454
two:1.0
people:1.6931471805599454
horrer:1.0
stories:1.0
thats:1.0
100:1.0
reformat:1.0
disks:1.0
start:1.0
used:1.0
standard:1.0
installation:1.0
program:1.0
put:1.0
ms-dos:1.0
machine:1.0
stacker:1.6931471805599454
3.0:1.0
already:1.0
installed:1.0
problems:1.0
kept:1.0
rather:1.0
switch:1.0
pleased:1.0
memory:1.6931471805599454
gained:1.0
since:1.0
manager:1.0
also:1.0
like:1.0
multiple:1.0
boot:1.0
feature:1.0
