rkimball:1.6931471805599454
athena.qualcomm.com:1.0
robert:1.0
kimball:1.6931471805599454
subject:1.0
vlb:2.386294361119891
bus:2.09861228866811
master:1.0
problem:2.09861228866811
trying:1.0
put:1.0
together:1.0
new:1.0
pc:1.0
vesa:1.0
local:1.0
would:1.6931471805599454
like:1.6931471805599454
get:1.6931471805599454
cards:1.0
video:1.0
scsi:1.6931471805599454
heard:1.6931471805599454
mastering:1.0
controllers:1.0
something:1.0
effect:1.0
actually:1.0
slow:1.0
system:1.0
anyone:1.6931471805599454
specifically:1.0
interested:1.0
ultrastor:1.0
34f:1.0
controller:1.6931471805599454
shell:1.0
bucks:1.0
thing:1.0
straight:1.0
scoop:1.0
someone:1.0
knows:1.0
problems:1.0
bob:1.0
qualcomm.com:1.0
