westes:1.6931471805599454
netcom.com:1.6931471805599454
estes:1.0
subject:1.0
mounting:2.09861228866811
cpu:3.1972245773362196
cooler:2.386294361119891
vertical:1.6931471805599454
case:1.6931471805599454
installed:1.0
dx2-66:1.0
clone:1.0
motherboard:1.6931471805599454
tried:1.0
chip:1.0
1/2:1.0
hour:1.0
weight:1.6931471805599454
enough:1.0
dislodge:1.0
mount:1.0
ended:1.6931471805599454
bending:1.0
pins:1.0
luckily:1.0
power:1.0
yet:1.0
pressing:1.0
deeply:1.0
socket:1.6931471805599454
putting:1.0
back:1.0
far:1.0
good:1.0
others:1.0
problem:1.0
ensure:1.0
fan:1.0
heatsink:1.0
eventually:1.0
work:1.0
estesinternet:1.0
