kushmer:1.6931471805599454
bnlux1.bnl.gov:1.6931471805599454
christopher:1.0
kushmerick:1.6931471805599454
subject:1.0
hot:2.09861228866811
cpu:1.6931471805599454
486-33:1.0
dx:1.0
machine:1.0
currently:1.0
gets:1.0
hold:1.0
finger:1.0
0.5:1.0
keep:1.0
big:1.0
fan:1.0
blowing:1.0
considering:1.0
using:1.0
heat:1.0
sink:1.0
advice:1.0
chris:1.0
found:1.0
niche:1.0
life:1.0
didnt:1.0
fit:1.0
