ke_kimmell:1.6931471805599454
vax.cns.muskingum.edu:1.6931471805599454
kevin:1.6931471805599454
kimmell:1.0
computer:1.0
science/german:1.0
undergrad:1.0
subject:1.0
null:1.6931471805599454
modem:1.6931471805599454
cable:2.09861228866811
interrested:1.0
extrodinarily:1.0
simple:1.0
concept:1.0
actually:1.0
idea:1.0
dont:1.6931471805599454
count:1.0
last:1.0
statement:1.0
im:1.6931471805599454
asking:1.0
pins:1.0
use:1.6931471805599454
specifications:1.0
want:1.0
solder:1.0
one:1.6931471805599454
instead:1.0
buying:1.0
even:1.0
know:1.0
port:1.0
used:1.0
help:1.0
please:1.0
p.s:1.0
intending:1.0
pc-to-pc:1.0
transfers:1.0
via:1.0
lap-link:1.0
telix:1.0
ideas:1.0
info:1.0
gladly:1.0
accepted:1.0
