catone:1.6931471805599454
compstat.wharton.upenn.edu:1.0
tony:1.6931471805599454
subject:1.0
17:2.09861228866811
monitors:1.6931471805599454
article:1.0
c5shlj.ere:1.0
trc.amoco.com:1.6931471805599454
zrdf01:1.0
rusty:1.0
foreman:1.0
writes:1.0
anyone:1.6931471805599454
taken:1.0
look:1.0
new:1.6931471805599454
viewsonic:1.6931471805599454
claim:1.0
1280x1024:1.0
76hz:1.0
compare:1.0
t560i:1.0
terms:1.0
price:1.0
quality:1.0
display:1.0
im:1.0
interested:1.0
well:1.0
seen:1.0
one:1.0
flesh:1.0
