rxg3321:1.6931471805599454
ultb.isc.rit.edu:1.6931471805599454
r.x:1.0
getter:1.0
subject:1.0
put:1.6931471805599454
hd:1.0
xt:1.6931471805599454
may:1.0
dumb:1.0
question:1.0
need:1.0
hard:1.0
drive:2.09861228866811
fathers:1.0
pc/xt:1.0
either:1.0
mfm:1.0
rll:1.0
ide:1.6931471805599454
know:1.0
hook:1.0
tell:1.0
computer:1.6931471805599454
geometry:1.0
386:1.0
set:1.0
bios:1.0
doubt:1.0
thats:1.0
done:1.0
thought:1.0
might:1.0
software:1.0
controller:1.0
card:1.6931471805599454
xts:1.0
saw:1.0
didnt:1.0
come:1.0
also:1.0
low:1.0
level:1.0
format:1.0
assuming:1.0
needs:1.0
formatting:1.0
advthanksance:1.0
rob:1.0
