rrn:1.6931471805599454
po.cwru.edu:1.6931471805599454
robert:1.6931471805599454
r:1.0
novitskey:1.6931471805599454
subject:1.0
p24t:1.6931471805599454
hay:1.0
anyone:1.0
heard:1.0
performance:1.6931471805599454
stats:1.0
fabled:1.0
wondering:1.0
compared:1.0
486/66:1.0
and/or:1.0
pentium:1.0
would:1.6931471805599454
info:1.0
helpful:1.0
later:1.0
bob:1.0
216:1.0
754-2134:1.0
cwru:1.0
cleve:1.0
ohio:1.0
computer:1.0
engineer:1.0
c:1.0
programmer:1.0
seeking:1.0
summer:1.0
jobs:1.0
