jbuddenberg:1.6931471805599454
vax.cns.muskingum.edu:1.6931471805599454
jimmy:1.6931471805599454
buddenberg:1.6931471805599454
subject:1.0
get:1.0
vesa:1.6931471805599454
controller:1.6931471805599454
card:1.6931471805599454
486dx:1.0
25mhz:1.0
local:1.0
bus:1.0
would:1.0
see:1.0
much:1.0
increase:1.0
speed:1.0
drives:1.0
got:1.0
ide:1.0
need:1.0
advice:1.0
internet:1.0
muskingum:1.0
college:1.0
