ccmb:1.6931471805599454
musica.mcgill.ca:1.0
subject:1.0
dmas:1.6931471805599454
system:1.6931471805599454
using:1.6931471805599454
hello:1.0
small:1.0
problem:1.0
sound:1.0
blaster:1.0
pro:1.0
game:1.0
utility:1.0
would:1.0
tell:1.0
thanks:1.0
mark:1.0
brown:1.0
