rmoskal:1.0
panix.com:1.0
robert:1.6931471805599454
moskal:1.6931471805599454
subject:1.0
volante:1.6931471805599454
warp:1.0
10:1.0
board:1.6931471805599454
ive:1.6931471805599454
troubleshooting:1.0
existence:1.0
way:1.0
many:1.0
general:1.0
protection:1.0
faults:1.0
486-33:1.0
eisa-vlb:1.0
system:1.0
point:1.0
think:1.0
narrowed:1.0
problem:1.0
video:1.0
drivers:1.0
warp-10:1.0
adapter:1.0
national:1.0
design:1.0
inc:1.0
yet:1.0
somehow:1.0
find:1.0
hard:1.0
believe:1.0
anyone:1.0
else:1.0
experiences:1.0
thanx:1.0
brooklyn:1.0
usa:1.0
