reza:1.6931471805599454
magellan.ae.utexas.edu:1.6931471805599454
alireza:1.0
vali:1.6931471805599454
subject:1.6931471805599454
2mb:1.6931471805599454
ati:2.386294361119891
ultra:2.386294361119891
pro:2.386294361119891
16:2.6094379124341005
24:2.6094379124341005
bit:2.9459101490553135
windows:2.791759469228055
drivers:2.9459101490553135
work:2.09861228866811
hi:1.0
bought:1.0
486:1.6931471805599454
dx2/66:1.6931471805599454
gateway:2.09861228866811
system:1.6931471805599454
2:1.0
meg:1.0
video:1.0
card:1.0
everything:1.6931471805599454
seems:1.0
fine:1.0
except:1.0
800x600:1.6931471805599454
1024x768:1.0
modes:1.0
fonts:1.0
icons:1.0
start:1.0
deteriorating:1.0
startup:1.0
within:1.0
minutes:1.0
use:1.0
screen:1.0
totally:1.0
unintelligible:1.0
naturally:1.0
called:1.0
tech:1.0
support:1.0
inquire:1.0
technician:1.0
asked:1.0
told:1.6931471805599454
version:1.6931471805599454
1.5:1.6931471805599454
build:1.6931471805599454
59:1.6931471805599454
simply:1.6931471805599454
true:1.0
im:1.0
amazed:1.0
could:1.0
strange:1.0
thing:1.0
would:1.0
expected:1.0
see:1.6931471805599454
discussion:1.0
unless:1.0
made:1.0
faq:1.0
one:1.0
suspicious:1.0
point:1.0
came:1.0
later:1.0
stated:1.0
none:1.0
accelerator:1.0
boards:1.0
working:1.6931471805599454
and/or:1.0
3.1:1.6931471805599454
easily:1.0
challenged:1.0
ive:1.0
running:1.0
diamond:1.6931471805599454
24x:1.0
15:1.0
mode:1.6931471805599454
home:1.0
4:1.0
months:1.0
tested:1.0
used:1.0
well:1.6931471805599454
backed:1.0
said:1.0
much:1.0
longer:1.0
anyway:1.0
wanted:1.0
anyone:1.0
else:1.0
trouble:1.0
feedback:1.0
appreciated:1.0
configuration:1.0
local:2.09861228866811
bus:2.09861228866811
megs:1.0
ram:1.0
scsi:1.6931471805599454
hd:1.0
cd-rom:1.0
ultrastor:1.0
34f:1.0
controller:1.0
vram:1.0
dos:1.0
6.0:1.0
mach:1.0
32:1.0
thanks:1.0
advance:1.0
ali:1.0
r:1.0
