jeff:1.0
acps7117:1.6931471805599454
ryevm.ryerson.ca:1.6931471805599454
subject:1.0
sale:1.6931471805599454
sound:1.0
blaster:1.0
card:2.09861228866811
hurry:1.0
well:1.0
seems:1.0
soundblaster:1.0
since:1.0
recently:1.0
purchased:1.0
sbpro:1.0
comes:1.0
complete:1.0
mint:1.0
condition:1.0
box:1.0
manuals:1.0
docs:1.0
disks:1.0
original:1.0
packaging:1.0
make:1.0
offer:1.0
canadian:1.0
inquiries:1.0
prefered:1.0
respond:1.0
april:1.0
28:1.0
e-mail:1.0
j.m:1.0
