skcgoh:1.6931471805599454
tartarus.uwa.edu.au:1.6931471805599454
shaw:1.0
goh:1.0
subject:1.0
loopback:2.09861228866811
connector:2.09861228866811
made:1.0
35002_4401:1.0
uwovax.uwo.ca:1.0
wrote:1.0
need:1.0
know:1.0
pins:1.0
connect:1.0
make:1.0
serial:1.6931471805599454
port:1.6931471805599454
build:1.0
one:1.0
used:1.0
test:1.0
thanks:1.0
help:1.0
steve:1.0
