tds32845:1.0
uxa.cso.uiuc.edu:1.0
tony:1.6931471805599454
5:1.0
6+9b:1.0
subject:1.0
help:1.0
hooking:1.0
irwin:1.0
tape:1.6931471805599454
drive:2.09861228866811
pc:1.0
would:2.09861228866811
like:1.6931471805599454
thank:1.0
people:1.0
responded:1.0
post:1.0
however:1.0
clear:1.0
things:1.0
external:1.0
also:1.0
connector:1.0
back:1.0
male:1.0
db-37:1.0
pin:1.0
variety:1.0
result:1.0
easily:1.0
find:1.0
cost-effective:1.0
solution:1.0
use:1.0
advice:1.0
greatly:1.0
appreciated:1.0
prefer:1.0
email:1.0
thanks:1.0
tonys:1.0
uiuc.edu:1.0
