cctr132:1.0
csc.canterbury.ac.nz:1.6931471805599454
nick:1.6931471805599454
fitzgerald:1.6931471805599454
pc:1.6931471805599454
software:1.0
consultant:1.6931471805599454
csc:1.6931471805599454
uoc:1.0
nz:1.0
subject:1.0
3.5:2.09861228866811
floppy:2.9459101490553135
reads:1.6931471805599454
wrote:1.6931471805599454
article:1.0
1434:1.0
netxcom.netx.com:1.6931471805599454
pdressne:1.0
peter:1.0
dressner:1.0
writes:1.0
gateway:1.0
drive:2.6094379124341005
files:2.386294361119891
floppies:2.386294361119891
formatted:1.0
contain:1.0
machines:1.0
unreadable:1.6931471805599454
also:1.6931471805599454
written:1.0
defective:1.0
long:1.0
time:1.0
ago:1.0
sounds:1.0
like:1.0
head:1.6931471805599454
alignment:2.386294361119891
problem:1.6931471805599454
right:1.0
one:1.0
go:1.0
fixing:1.6931471805599454
screws:1.0
adjust:1.0
first:1.0
thing:1.0
make:1.0
sure:1.0
currently:1.0
read:1.6931471805599454
arent:1.0
already:1.0
hd:1.6931471805599454
another:1.0
two:1.0
drives:1.0
get:1.0
copied:1.0
and/or:1.0
dont:1.6931471805599454
kissd:1.0
goodbye:1.0
well:1.0
try:1.0
re-misalign:1.0
back:1.0
count:1.0
able:1.0
generally:1.0
something:1.0
id:1.0
trust:1.0
good:1.0
repair:1.0
shop:1.0
though:1.0
are/have:1.0
diy:1.0
guides:1.0
applications:1.0
uni:1.0
canterbury:1.0
n.z:1.0
n.fitzgerald:1.0
tel:1.0
64:1.6931471805599454
3:1.6931471805599454
364:1.6931471805599454
2337:1.0
fax:1.0
2332:1.0
