mark_tomlinson:1.0
equinox.gen.nz:1.0
mark:2.09861228866811
subject:1.0
com:1.6931471805599454
ports:1.6931471805599454
5-8:1.0
anyone:1.0
know:1.0
standard:1.6931471805599454
port:1.0
addresses:1.0
5:1.0
8:1.0
sort:1.0
please:1.0
e-mail:1.0
dont:1.0
read:1.0
group:1.0
often:1.0
tomlinson:1.0
garden.equinox.gen.nz:1.0
