alan:1.6931471805599454
hinds:1.6931471805599454
u32472:1.0
uicvm.uic.edu:1.0
subject:1.0
disk:2.6094379124341005
data:2.09861228866811
compression:1.6931471805599454
interleave:2.09861228866811
anyone:1.0
enough:1.0
experience:1.0
report:1.0
whether:1.0
effect:1.0
optimal:1.0
sector:1.6931471805599454
offhand:1.0
expect:1.0
time:1.0
required:1.0
decompress:1.0
would:1.0
increase:1.0
optimum:1.0
