tiger:2.09861228866811
netcom.com:1.0
zhao:1.0
subject:1.0
100:2.386294361119891
simms:2.09861228866811
sipps:2.09861228866811
1mb:1.6931471805599454
needed:1.0
yuri:2.386294361119891
atmos.washington.edu:2.09861228866811
writes:1.0
need:1.0
price:2.09861228866811
around:1.0
17-20/piece:1.0
assume:1.0
talking:1.0
1meg:1.6931471805599454
x:1.6931471805599454
9:1.6931471805599454
speed:1.0
70ns:1.0
would:1.0
take:1.0
10k:1.0
pieces:1.0
per:1.0
week:1.0
fob:1.0
us:1.0
port:1.0
waiting:1.6931471805599454
offer:1.6931471805599454
could:1.0
dream:1.0
yulaev:1.0
6553:1.0
38th:1.0
ave:1.0
ne:1.0
seattle:1.0
wa:1.0
98115:1.0
206:2.09861228866811
524-2806,524-9547:1.0
home:1.0
685-3793:1.0
work:1.0
524-7218:1.0
fax:1.0
internet:1.0
uucp:1.0
uw-beaver:1.0
