dcoleman:2.6094379124341005
utxvms.cc.utexas.edu:1.6931471805599454
daniel:1.6931471805599454
coleman:1.6931471805599454
subject:1.6931471805599454
2mb:1.6931471805599454
ati:2.386294361119891
ultra:2.386294361119891
pro:2.386294361119891
16:2.791759469228055
24:2.791759469228055
bit:3.0794415416798357
windows:2.791759469228055
drivers:2.9459101490553135
work:2.09861228866811
article:1.0
87402:1.0
ut-emx.uucp:1.0
reza:1.0
magellan.ae.utexas.edu:1.0
alireza:1.0
vali:1.0
writes:1.0
hi:1.0
bought:1.0
486:1.6931471805599454
dx2/66:1.6931471805599454
gateway:2.6094379124341005
system:2.09861228866811
2:1.0
meg:1.0
video:1.0
card:1.6931471805599454
everything:1.6931471805599454
seems:1.0
fine:1.0
except:1.0
800x600:1.6931471805599454
1024x768:1.0
modes:1.6931471805599454
fonts:1.0
icons:1.0
start:1.0
deteriorating:1.0
startup:1.0
within:1.0
minutes:1.0
use:1.6931471805599454
screen:1.0
totally:1.0
unintelligible:1.0
naturally:1.0
called:1.0
tech:1.0
support:1.0
inquire:1.0
technician:1.0
asked:1.0
told:1.6931471805599454
version:1.6931471805599454
1.5:1.6931471805599454
build:1.6931471805599454
59:1.6931471805599454
simply:1.6931471805599454
true:1.0
im:1.0
amazed:1.0
could:1.0
strange:1.0
thing:1.0
would:1.0
expected:1.0
see:1.6931471805599454
discussion:1.0
unless:1.0
made:1.0
faq:1.0
one:1.0
suspicious:1.0
point:1.0
came:1.0
later:1.0
stated:1.0
none:1.0
accelerator:1.0
boards:1.0
working:1.6931471805599454
and/or:1.0
3.1:1.6931471805599454
easily:1.0
challenged:1.0
ive:1.0
running:1.0
diamond:1.6931471805599454
24x:1.0
15:1.0
mode:1.6931471805599454
home:1.0
4:1.0
months:1.0
tested:1.0
used:1.0
well:1.6931471805599454
backed:1.0
said:1.0
much:1.0
longer:1.0
anyway:1.0
wanted:1.0
anyone:1.0
else:1.0
trouble:1.0
feedback:1.0
appreciated:1.0
configuration:1.0
local:2.09861228866811
bus:2.09861228866811
megs:1.0
ram:1.0
scsi:2.09861228866811
hd:1.0
cd-rom:1.0
ultrastor:1.0
34f:1.0
controller:1.0
vram:1.0
dos:1.0
6.0:1.0
mach:1.0
32:1.0
able:1.0
successfully:1.0
color:1.0
although:1.0
setup:1.0
less:1.0
complicated:1.0
sounds:1.0
may:1.0
hardware:1.0
conflict:1.0
problem:1.0
memory:1.0
aperture:1.0
16m:1.0
heard:1.0
rumors:1.0
incompatibilities:1.0
variety:1.0
systems:1.0
call:1.0
give:1.0
hell:1.0
help:1.0
fix:1.0
dan:1.0
matthew:1.0
internet:1.0
ccwf.cc.utexas.edu:1.0
university:1.0
texas:1.0
austin:1.0
decnet:1.0
utxvms:1.6931471805599454
electrical/computer:1.0
engineering:1.0
bitnet:1.6931471805599454
