richk:1.6931471805599454
grebyn.com:1.6931471805599454
richard:1.6931471805599454
krehbiel:1.6931471805599454
subject:1.0
vl-bus:2.386294361119891
hdd/fdd:2.6094379124341005
controller:2.9459101490553135
ide:2.791759469228055
article:1.0
62890018:1.0
hpsgm2.sgp.hp.com:1.6931471805599454
taybh:1.0
beng:1.0
hang:1.0
tay:1.0
writes:1.0
hi:1.0
buying:1.0
quantum:1.0
lps240at:1.0
245:1.0
mb:1.0
hardisk:1.0
deciding:1.0
32-bit:1.0
faster:1.6931471805599454
16:1.0
bit:1.0
card:1.0
isa:2.09861228866811
interface:1.0
fundamentally:1.0
nothing:1.0
extension:1.0
bus:1.6931471805599454
hook:1.0
itll:1.0
work:1.0
fast:1.0
slower:2.09861228866811
two:1.0
meaning:1.0
speed:1.0
hear:1.0
vl:1.0
hand:1.0
wouldnt:1.0
expect:1.0
os/2:1.0
2.0:1.0
amigados:1.0
386:1.0
comes:1.0
along:1.0
