twa2:1.0
ra.msstate.edu:1.0
todd:1.0
w:1.0
anderson:1.0
subject:1.0
diamond:1.0
stealth:1.6931471805599454
24:1.6931471805599454
giving:1.0
9.4:1.0
winmarks:1.6931471805599454
486dx33:1.0
vlb:1.0
get:1.0
11.4:1.0
ver:1.0
3.11:1.0
