montuno:2.09861228866811
physics.su.oz.au:1.0
lino:1.6931471805599454
subject:1.0
cpu:2.6094379124341005
temperature:1.6931471805599454
vs:1.0
activity:1.0
may:1.0
naive:1.0
question:1.0
basis:1.0
claim:1.0
get:1.0
hotter:1.0
computationally:1.6931471805599454
intensive:1.6931471805599454
job:1.6931471805599454
running:1.6931471805599454
friend:1.0
claims:1.0
little:1.0
difference:1.0
idle:1.0
