v117q38h:1.6931471805599454
ubvmsb.cc.buffalo.edu:1.0
adam:1.6931471805599454
c:1.0
solomon:1.0
subject:1.6931471805599454
know:1.0
cornell:1.6931471805599454
systems:1.6931471805599454
says:1.0
im:1.0
wondering:1.0
anyone:1.0
net:1.0
experiences:1.0
computer:1.6931471805599454
california:1.0
checking:1.0
ad:1.0
shopper:1.0
seem:1.0
good:1.0
balance:1.0
service:1.0
price:1.0
hardware:1.0
question:1.0
reliable:1.0
e-mail:1.0
responses:1.0
would:1.0
appreciated:1.0
thanks:1.0
ubvms.cc.buffalo.edu:1.0
