spart:1.6931471805599454
cs.uq.oz.au:1.6931471805599454
geoff:1.6931471805599454
green:1.6931471805599454
subject:1.0
multi:1.6931471805599454
i/o:2.386294361119891
card:2.6094379124341005
16550:1.6931471805599454
uarts:1.6931471805599454
possible:1.0
buy:1.6931471805599454
serial:2.09861228866811
built:1.0
rather:1.0
separately:1.0
socketing:1.0
current:1.0
uses:1.0
8250s:1.0
correct:1.0
number:1.0
braindead:1.0
ones:1.0
anyway:1.0
also:1.6931471805599454
controls:1.0
two:1.6931471805599454
floppy:1.0
drives:1.6931471805599454
ide:2.09861228866811
hard:1.6931471805599454
ideally:1.0
id:1.0
like:1.0
get:1.6931471805599454
new:1.0
2:1.6931471805599454
ports:1.6931471805599454
16550s:1.0
could:1.6931471805599454
control:1.0
another:1.0
hds:1.0
would:1.0
configurable:1.0
addresses:1.0
controller:1.0
co-exist:1.0
existing:1.0
beast:1.0
exist:1.0
part:1.0
one:1.0
australia:1.0
preferably:1.0
brisbane:1.0
thanks:1.0
