brw:1.0
yobbo.tusc.oz.au:1.0
brian:1.6931471805599454
wallis:1.6931471805599454
subject:1.0
dfi:1.6931471805599454
handy:1.6931471805599454
scanner:1.6931471805599454
talk:2.09861228866811
model:1.0
hs-3000plus:1.0
little:1.0
bit:1.0
software:1.0
running:1.0
dos:1.0
use:1.6931471805599454
id:1.0
like:1.0
make:1.0
extensive:1.0
device:1.6931471805599454
particular:1.0
write:1.0
driver:1.0
unix:1.0
anyone:1.0
give:1.0
description:1.0
connects:1.0
system:1.0
via:1.0
interface:1.0
card:1.0
info:1.0
would:1.0
help:1.0
cant:1.0
difficult:1.0
thanks:1.0
tusc:1.0
computer:1.0
systems:1.0
pty:1.0
ltd:1.0
