strataki:1.0
atalante.csi.forth.gr:1.0
manolis:1.6931471805599454
stratakis:1.6931471805599454
subject:1.0
comments:1.6931471805599454
eisa:2.386294361119891
bus:1.6931471805599454
book:1.0
hello:1.0
following:1.0
list:1.0
books:1.0
isa/eisa:1.0
buses:1.0
1:1.0
isa:2.09861228866811
system:1.6931471805599454
architecture:1.6931471805599454
tom:1.6931471805599454
shanley/don:1.6931471805599454
anderson:1.6931471805599454
mindshare:1.6931471805599454
press:1.6931471805599454
1993:1.6931471805599454
34.95:1.0
2:1.0
24.95:1.0
3:1.0
pc:1.0
xt:1.0
e-isa:1.0
i/o:1.0
timing:1.0
specs:1.0
edward:1.6931471805599454
solari:1.6931471805599454
copyright:2.09861228866811
1992:1.0
isbn:1.6931471805599454
0-929392-15-9:1.0
4:1.0
design:1.0
1990:1.6931471805599454
0-929392-08-6:1.0
5:1.0
interfacing:1.0
ibm:1.0
pc/xt:1.0
eggebrecht:1.0
lewis:1.0
c:1.0
please:1.0
reply:1.0
e-mail:1.0
thanks:1.0
advance:1.0
