kjetilk:1.0
stud.cs.uit.no:1.0
kjetil:1.6931471805599454
kolin:1.6931471805599454
subject:1.0
protected:2.09861228866811
mode:2.09861228866811
anybody:1.0
point:1.6931471805599454
right:1.0
direction:1.0
information:1.0
also:1.0
interested:1.0
viewed:1.0
os:1.0
view:1.0
thanks:1.0
advance:1.0
