wow:1.6931471805599454
cup.portal.com:1.6931471805599454
wallace:1.0
otis:1.0
waggoner:1.6931471805599454
subject:1.0
hayes:1.6931471805599454
jt:1.6931471805599454
fax:1.6931471805599454
card:1.0
sale:1.6931471805599454
125:1.6931471805599454
like:1.0
new:1.0
offer:1.0
trade:1.0
wally:1.0
