jamesc:1.6931471805599454
netcom.com:1.0
james:1.0
chuang:1.0
subject:1.0
diamond:1.0
stealth:1.0
24:1.6931471805599454
giving:1.0
9.4:1.0
winmarks:1.6931471805599454
pc:1.0
mag:1.0
got:1.0
around:1.0
9-10:1.0
tested:1.0
steal:1.0
sounds:1.0
like:1.0
ok:1.0
someone:1.0
asks:1.0
god:1.0
say:1.0
yes:1.0
