etobkkc:1.6931471805599454
etn.ericsson.se:1.0
karlsen:1.0
bjorn:1.0
subject:1.0
loopback:2.386294361119891
connector:2.791759469228055
made:1.0
35002_4401:1.0
uwovax.uwo.ca:1.0
writes:1.0
need:2.09861228866811
know:1.0
pins:2.386294361119891
connect:2.09861228866811
make:1.6931471805599454
serial:2.386294361119891
port:2.386294361119891
build:1.0
one:1.0
used:1.0
test:1.6931471805599454
thanks:1.0
help:1.0
recent:1.0
byte:1.0
magazine:1.0
got:1.0
following:1.0
question:1.0
part:1.0
answer:1.0
deleted:1.0
handy:1.0
soldering:1.0
iron:1.0
plugs:1.0
easy:1.0
rs-232:1.6931471805599454
nine-pin:1.0
use:1.6931471805599454
female:1.6931471805599454
db-9:1.0
1:2.09861228866811
7:1.6931471805599454
8:1.6931471805599454
2:2.09861228866811
3:1.6931471805599454
4:1.6931471805599454
6:1.6931471805599454
9:1.0
25-pin:1.6931471805599454
ports:1.0
youll:1.6931471805599454
db-25:1.6931471805599454
5:1.0
11:1.6931471805599454
20:1.0
22:1.0
15:1.6931471805599454
17:1.6931471805599454
23:1.0
18:1.0
25:1.0
connected:1.0
centronics:1.0
parallel:1.0
13:1.0
10:1.0
16:1.0
12:1.0
14:1.0
male:1.0
stan:1.0
wszola:1.0
havent:1.0
tried:1.0
risk:1.0
kkc:1.0
hisoy.etn.ericsson.se:1.0
