umeister:1.6931471805599454
hardy.u.washington.edu:1.0
starfleet:1.0
command:1.0
subject:1.0
256:1.6931471805599454
color:1.6931471805599454
drivers:1.0
would:1.6931471805599454
appreciate:1.0
driver:1.6931471805599454
name:1.0
cica:1.0
functions:1.0
quadtel:1.0
video:1.0
card:1.0
type:1.0
chip:1.0
chipset:1.0
used:1.0
suffice:1.0
well:1.0
u.washington.edu:1.0
