wow:1.6931471805599454
cup.portal.com:1.6931471805599454
wallace:1.0
otis:1.0
waggoner:1.6931471805599454
subject:1.0
2:1.6931471805599454
smc:1.6931471805599454
270e:1.6931471805599454
arcnet:1.6931471805599454
cars:1.0
sale:1.6931471805599454
50ea:1.0
new:1.6931471805599454
cards:1.0
brand:1.0
50:1.0
wally:1.0
