cg132sad:1.0
icogsci1.ucsd.edu:1.0
cims:1.0
subject:1.0
4sale:1.0
always:1.6931471805599454
in-2000:1.6931471805599454
scsi:1.6931471805599454
card:1.6931471805599454
sale:1.0
w/manuals:1.0
software:1.0
cables:1.0
make:1.0
best:1.0
offer:1.0
gyro:1.0
ucsd.edu:1.0
