catalino:2.09861228866811
e5st.v10.syr.ge.com:1.0
tom:1.6931471805599454
x1503:1.0
subject:1.0
monitors:1.0
close:1.0
ac:2.09861228866811
power:1.6931471805599454
source:1.0
ok:1.0
new:1.0
monitor:2.09861228866811
set:1.0
approximately:1.0
3-4:1.0
feet:1.0
enters:1.0
house:1.0
fuse:1.0
box:1.0
safe:1.0
will/can:1.0
emf:1.0
emitted:1.0
current:1.0
eventually:1.0
affect:1.0
damage:1.0
permanent:1.0
would:1.0
degaussing:1.0
fix:1.0
thanks:1.0
