166728647:1.0
vill.edu:1.0
dharmesh:1.6931471805599454
chovatia:1.0
subject:1.0
help:1.0
promplem:1.0
panasonic:1.6931471805599454
kx-1124:1.6931471805599454
printer:1.0
folks:1.0
inherited:1.0
documentation:1.0
giving:1.0
problem:1.0
cant:1.0
resolve:1.0
paper:1.6931471805599454
light:2.09861228866811
refuses:1.0
go:1.6931471805599454
starts:1.0
blink:1.6931471805599454
ever:1.0
turn:1.0
power:1.0
2:1.0
beeps:1.0
allow:1.0
line:1.0
green:1.0
lit:1.6931471805599454
simultanously:1.0
red:1.0
also:1.0
remains:1.0
please:1.0
give:1.0
references:1.0
manuals:1.0
dont:1.0
thanking:1.0
much:1.0
advance:1.0
sincerely:1.0
