bjones:1.0
novax.llnl.gov:1.0
bob:1.6931471805599454
jones:1.6931471805599454
subject:1.0
considering:1.6931471805599454
orchid:1.6931471805599454
vlb:2.09861228866811
seeking:1.0
comments:2.386294361119891
serious:1.0
purchase:1.0
486dx-33:1.0
uses:1.0
mother:1.0
board:2.6094379124341005
system:1.0
also:1.0
ide:1.0
fahrenheit:1.0
video:1.0
havent:1.0
seen:1.0
heard:1.0
bad:1.6931471805599454
anyone:1.0
good:1.0
primarily:1.0
orchids:1.0
reputation:1.0
long:1.0
standing:1.0
field:1.0
thanks:1.0
