guyd:2.09861228866811
austin.ibm.com:1.6931471805599454
guy:2.09861228866811
dawson:1.6931471805599454
subject:1.0
cpu:2.9459101490553135
temperature:1.6931471805599454
vs:1.0
activity:1.0
article:1.0
1993apr21.061246.11363:1.0
ucc.su.oz.au:1.0
montuno:2.09861228866811
physics.su.oz.au:1.0
lino:1.6931471805599454
writes:1.0
may:1.0
naive:1.0
question:1.0
basis:1.0
claim:1.0
get:1.0
hotter:1.0
computationally:1.6931471805599454
intensive:1.6931471805599454
job:1.6931471805599454
running:1.6931471805599454
friend:1.0
claims:1.0
little:1.0
difference:1.0
idle:1.6931471805599454
first:1.0
depends:1.0
im:1.0
sure:1.0
dos:1.0
many:1.0
multitasking:1.0
oss:1.0
loop:2.386294361119891
like:1.0
anything:1.0
yes:1.0
goto:1.6931471805599454
work:1.0
still:1.0
processing:1.0
instructions:1.0
also:1.0
respond:1.0
interupts:1.0
hoskyns:1.6931471805599454
group:1.0
plc:1.0
hoskyns.co.uk:1.0
tel:1.6931471805599454
uk:1.0
71:1.0
251:1.0
2128:1.0
ibm:1.0
austin:1.0
usa:1.0
512:1.0
838:1.0
3377:1.0
