jeremi:1.0
ee.ualberta.ca:1.0
william:1.0
jeremiah:1.0
subject:1.0
anyone:1.0
give:1.0
wd-1002-27x:1.6931471805599454
jumper:1.6931471805599454
settings:1.6931471805599454
st138:1.0
rll:1.0
hard:1.6931471805599454
drive:1.6931471805599454
got:1.0
another:1.0
32m:1.0
controller:1.0
machine:1.0
kind:1.0
soul:1.0
please:1.0
mail:1.0
tell:1.0
get:1.0
board:1.0
really:1.0
appreciate:1.0
thanks:1.0
advance:1.0
jerry:1.0
look:1.0
signature:1.0
