chugh:1.6931471805599454
niktow.canisius.edu:1.0
kevin:1.6931471805599454
subject:1.0
micro:1.6931471805599454
solutions:1.6931471805599454
backpack:1.6931471805599454
working:1.0
properly:1.0
hello:1.0
problem:1.0
sometimes:1.6931471805599454
works:1.6931471805599454
doesnt:1.0
either:1.6931471805599454
start:1.6931471805599454
backup:1.6931471805599454
tape:2.09861228866811
format:1.0
20:1.0
percent:1.0
get:1.0
error:1.0
saying:1.0
bad:1.0
backup/format:1.0
aborted:1.0
unknown:1.0
reason:1.0
turn:1.0
everything:1.0
wait:1.0
half:1.0
hour:1.0
fine:1.0
warm:1.0
anyone:1.0
similar:1.0
experiences:1.0
thanks:1.0
