west:2.09861228866811
mail:1.0
joe:1.6931471805599454
subject:1.0
bbs:2.386294361119891
read:1.0
back:1.0
thats:1.0
may:1.0
started:1.0
gateway2000:1.0
start:1.0
would:1.0
let:1.0
know:1.0
newsgroup:1.0
name:1.0
please:1.0
send:1.0
information:1.0
e-mail:1.6931471805599454
address:1.0
joe_west:1.0
lds.loral.com:1.0
thanks:1.0
