poe:1.6931471805599454
wharton.upenn.edu:1.6931471805599454
subject:1.0
bios:1.6931471805599454
fix:1.0
diamond:1.6931471805599454
ss24x:1.0
hello:1.0
world:1.0
posts:1.0
ive:1.0
heard:1.0
bugs:1.0
dss24x:1.0
drivers:1.6931471805599454
hear:1.0
ships:1.0
replacements:1.0
people:1.0
fixes:1.0
lot:1.0
problems:1.0
well:1.0
new:1.0
anyone:1.0
tell:1.0
get:1.0
mine:1.0
thanks:1.0
advance:1.0
phil:1.0
