cannon:2.09861228866811
mksol.dseg.ti.com:1.0
christopher:1.0
subject:1.6931471805599454
2mb:2.09861228866811
ati:2.6094379124341005
ultra:2.386294361119891
pro:2.386294361119891
16:2.386294361119891
24:2.6094379124341005
bit:2.791759469228055
windows:2.386294361119891
drivers:2.9459101490553135
work:2.09861228866811
article:1.0
87402:1.0
ut-emx.uucp:1.0
reza:1.0
magellan.ae.utexas.edu:1.0
alireza:1.0
vali:1.0
writes:1.0
hi:1.0
bought:1.0
486:2.09861228866811
dx2/66:1.6931471805599454
gateway:2.386294361119891
system:1.0
2:1.0
meg:1.0
video:1.0
card:1.0
everything:1.6931471805599454
seems:1.0
fine:1.0
except:1.0
800x600:2.09861228866811
1024x768:1.0
modes:1.0
fonts:1.0
icons:1.0
start:1.0
deteriorating:1.0
startup:1.0
within:1.0
minutes:1.0
use:1.0
screen:1.0
totally:1.0
unintelligible:1.0
naturally:1.0
called:1.0
tech:1.0
support:1.0
inquire:1.0
technician:1.0
asked:1.0
told:1.6931471805599454
version:2.09861228866811
1.5:1.6931471805599454
build:1.6931471805599454
59:2.6094379124341005
pure:1.0
bull:1.0
ive:1.0
mode:1.0
640x480:1.0
working:1.0
since:1.0
55:1.0
bld:1.6931471805599454
added:1.0
option:1.0
flexpanel:1.0
try:1.0
getting:1.0
ftp.cica.indiana.edu:1.0
wuarchive:1.0
simply:1.6931471805599454
true:1.0
im:1.0
amazed:1.0
could:1.0
strange:1.0
thing:1.0
would:1.0
expected:1.0
see:1.0
discussion:1.0
unless:1.0
made:1.0
faq:1.0
local:2.09861228866811
bus:2.09861228866811
megs:1.6931471805599454
ram:1.6931471805599454
scsi:1.6931471805599454
hd:1.6931471805599454
cd-rom:1.0
ultrastor:1.0
34f:1.0
controller:1.0
vram:1.0
dos:1.0
6.0:1.0
3.1:1.0
mach:1.0
32:1.0
mine:1.0
dx2/50:1.0
lb:1.0
8:1.0
ide:1.0
gup:1.0
w:1.0
installed:1.0
upgrade:1.0
lobby.ti.com:1.0
