cisko:1.6931471805599454
d0tokensun.fnal.gov:1.0
greg:1.0
subject:1.0
modem/windows:1.0
problems:1.0
article:1.0
1993apr12.174632.29009:1.0
magnus.acs.ohio-state.edu:1.6931471805599454
nstassen:1.0
nicki:1.0
stassen:1.6931471805599454
lantz:1.6931471805599454
writes:1.0
weekend:1.0
replaced:1.0
motherboard:1.0
upgraded:1.6931471805599454
dos:2.09861228866811
6:1.0
ms:1.6931471805599454
windows:2.9459101490553135
3.1:1.0
experience:1.6931471805599454
lockups:1.0
application:1.0
using:1.6931471805599454
modem:3.4849066497880004
386dx/dxl-40:1.0
cpu:1.0
amd:1.0
ami:1.0
bios:1.0
i/o:2.386294361119891
card:2.09861228866811
2:1.0
serial:1.6931471805599454
1:1.6931471805599454
parallel:1.0
game:1.0
ports:1.0
generic:1.0
cheapo:1.0
ide:1.0
controller:1.0
two:1.6931471805599454
hd:1.0
fd:1.0
internal:1.0
packard:1.0
bell:1.0
2400:2.09861228866811
mouse:2.386294361119891
set:1.6931471805599454
com1:1.0
irq4:1.0
via:1.0
jumper:1.0
board:1.6931471805599454
parms:1.0
driver:1.0
com2:1.0
irq3:1.0
jumpers:1.0
addition:1.0
think:1.0
disabled:1.0
second:1.6931471805599454
port:1.6931471805599454
since:1.0
unused:1.0
works:2.09861228866811
fine:2.09861228866811
heres:1.0
deal:1.0
procomm:2.09861228866811
version:1.0
cim:1.0
compuserve:1.0
terminal:1.0
lockup:1.6931471805599454
try:1.6931471805599454
anything:1.0
screen:1.6931471805599454
freezes:1.0
sound:1.0
comes:1.0
messages:1.0
im:1.6931471805599454
getting:1.0
real:1.0
frustrated:1.0
could:2.09861228866811
still:1.0
enabled:1.0
would:1.0
cause:1.0
problem:2.09861228866811
ive:1.0
software:1.0
routes:1.0
beggining:1.0
believe:1.0
maybe:1.0
hardware:1.0
anybody:1.6931471805599454
similar:1.0
ideas:1.0
please:1.0
thanks:1.0
advance:1.0
n:1.0
ran:1.0
14400:1.0
time:1.0
give:2.09861228866811
reset:1.0
command:2.386294361119891
atz:2.6094379124341005
computer:1.0
locks:1.0
work:1.0
solution:1.0
thru:1.0
install:1.0
process:1.0
told:1.0
program:1.6931471805599454
hayes:1.0
compatible:1.0
included:1.0
initialization:1.0
string:1.0
called:1.0
didnt:1.0
clue:1.0
memory/interupt:1.0
conflict:1.0
accures:1.0
comm:1.0
gives:1.0
