thacker:1.6931471805599454
enh.nist.gov:1.0
subject:1.0
experience:1.0
buying:1.0
tc:1.0
computers:1.6931471805599454
im:1.0
planning:1.0
buy:1.0
computer:1.0
like:1.0
tcs:1.0
ads:1.0
tell:1.0
anything:1.0
company:1.6931471805599454
also:1.0
anyone:1.0
would:1.0
prefer:1.0
please:1.0
let:1.0
know:1.0
thanks:1.0
carlisle:1.0
miami:1.0
fl:1.0
