orville:2.791759469228055
weyrich:2.6094379124341005
uunet.uu.net:1.0
r:1.6931471805599454
subject:1.0
wanted:1.0
floppy:2.386294361119891
controller:1.6931471805599454
handle:1.6931471805599454
multiple:1.0
floppies:2.386294361119891
need:1.0
duplicate:1.0
bunch:1.0
disks:1.0
3.5:1.0
ideally:1.0
would:1.0
like:1.0
able:1.0
keep:2.09861228866811
2:1.6931471805599454
4:2.09861228866811
busy:1.0
simultaneously:2.09861228866811
single:1.0
pc:1.6931471805599454
yes:1.0
know:2.386294361119891
services:1.0
exist:1.0
standard:1.0
isa:1.6931471805599454
bus:1.6931471805599454
controllers:1.6931471805599454
one:1.6931471805599454
drive:1.0
active:1.6931471805599454
time:1.0
available:1.0
serialized:1.0
access:1.0
microchannel:1.0
machines:1.0
anyone:1.0
going:1.0
eisa:1.0
machine:1.0
limitation:1.6931471805599454
software:1.0
work:1.0
around:1.0
using:1.0
os/2:1.0
1.3:1.0
pc-286:1.0
new:1.0
used:1.0
im:1.0
interested:1.0
jr:1.0
computer:1.6931471805599454
consulting:1.0
certified:2.09861228866811
data:1.0
processor:1.0
pob:1.0
5782:1.0
scottsdale:1.0
az:1.0
85261:1.0
systems:1.0
professional:1.0
voice:1.0
602:1.0
391-0821:1.0
programmer:1.0
internet:1.0
weyrich.com:1.0
freedom:1.0
without:1.0
responsibility:1.0
uucp:1.0
uunet:1.0
