uchima:1.6931471805599454
fncrdh.fnal.gov:1.0
mike:1.6931471805599454
subject:1.0
g2k/jumbo:1.0
250:1.6931471805599454
backup:1.0
problems:1.0
told:1.0
several:1.0
people:1.0
sony:1.6931471805599454
data:1.0
cartridges:1.0
dont:1.0
quite:1.0
cut:1.0
jumbo:1.0
tape:1.6931471805599454
drive:1.0
lots:1.0
bad:1.0
blocks:1.0
youre:1.0
using:1.0
try:1.0
switching:1.0
something:1.0
else:1.0
like:1.0
maybe:1.0
3m:1.0
