guyd:2.09861228866811
austin.ibm.com:1.6931471805599454
guy:2.09861228866811
dawson:1.6931471805599454
subject:1.0
66dx2:1.0
math:1.6931471805599454
co-pro:1.0
vs:1.0
50dx:1.0
article:1.0
1r3vs7innnr3:1.0
lynx.unm.edu:1.0
teague:2.09861228866811
us17503.mdc.com:1.0
chris:1.6931471805599454
7-1171:1.0
writes:1.0
486:1.0
cpu:1.0
give:1.0
better:1.0
performance:1.0
intensive:1.0
programs:1.0
486-66:1.0
dx2:1.0
486-50:1.0
dx:1.0
486dx2/66:1.6931471805599454
faster:1.6931471805599454
using:1.0
dos:1.0
pc:1.0
mag:1.0
reviewed:1.0
bunch:1.0
486dx50:1.0
the486dx2/66:1.0
review:1.0
last:1.0
month:1.0
two:1.0
thanks:1.0
advance:1.0
hoskyns:1.6931471805599454
group:1.0
plc:1.0
hoskyns.co.uk:1.0
tel:1.6931471805599454
uk:1.0
71:1.0
251:1.0
2128:1.0
ibm:1.0
austin:1.0
usa:1.0
512:1.0
838:1.0
3377:1.0
