evw2:1.0
po.cwru.edu:1.0
eric:1.6931471805599454
v:1.0
wong:1.0
subject:1.0
plus:1.6931471805599454
hardcard:2.09861228866811
owners:1.0
help:1.0
hi:1.0
problem:1.0
ive:1.0
lost:1.0
software:1.0
drivers:1.0
setup:1.0
programs:1.0
someone:1.0
email:1.0
files:1.0
let:1.0
know:1.0
development:1.0
bought:1.0
quantum:1.0
bbs:1.0
phone:1.0
ii:1.0
xl50:1.0
thanks:1.0
advance:1.0
