karll:1.0
ghoul:1.6931471805599454
akh104:1.0
psuvm.psu.edu:1.0
subject:1.0
achieve:1.6931471805599454
multi:1.0
io:1.6931471805599454
card:2.09861228866811
jumpers:1.0
needed:1.0
need:1.0
jumper:1.0
settings:1.0
usually:1.0
found:1.6931471805599454
xts:1.0
affecting:1.0
video:1.0
forcing:1.0
machine:1.0
40:1.0
col:1.0
mode:1.0
help:1.0
hath:1.0
spoken:1.0
small:1.0
obscure:1.0
world:1.0
somewhere:1.0
middle:1.0
nowhere:1.0
particular-nowhere:1.0
could:1.0
ever:1.0
since:1.0
protected:1.0
vast:1.0
field:1.0
unprobability:1.0
six:1.0
men:1.0
galaxy:1.0
key:1.0
raining:1.0
ii29.1:1.0
d.a:1.0
