hofkin:2.09861228866811
software.org:1.0
bob:1.6931471805599454
subject:1.0
ati:1.0
build:1.6931471805599454
59:1.6931471805599454
drivers:1.0
good:1.0
causes:1.0
2:1.0
exceptions:1.0
exit:1.0
windows:1.0
fact:1.0
happen:1.0
builds:1.0
44:1.0
shipped:1.0
gateway:1.0
system:1.0
something:1.0
wrong:1.0
problem:1.0
commonly:1.0
overlooked:1.0
