djohnson:1.6931471805599454
moose.uvm.edu:1.6931471805599454
tigger:1.6931471805599454
subject:1.0
ip:1.6931471805599454
numbers:1.6931471805599454
ethernet:1.6931471805599454
cards:1.0
hi:1.0
possible:1.0
either:1.0
pin:1.0
configuration:1.0
software:1.0
programming:1.0
change:1.0
card:1.0
thanks:1.0
advance:1.0
dave:1.6931471805599454
tiggers:1.0
wonderful:1.0
things:1.0
c:1.0
johnson:1.0
