st1r8:1.0
elroy.uh.edu:1.0
b.j:1.6931471805599454
guillot:1.6931471805599454
subject:1.0
mitsumi:1.0
sb:1.0
pro:1.0
article:1.0
1993apr20.074447.26955:1.0
zip.eecs.umich.edu:1.0
grover:1.6931471805599454
emunix.emich.edu:1.0
thomas:1.0
writes:1.0
poke:1.6931471805599454
little:1.0
pins:1.0
connector:1.0
replace:1.0
correct:1.0
slots:1.0
reverisible:1.0
unpoke:1.0
easy:1.0
regards:1.0
houston:1.0
texas:1.0
usa:1.0
dont:1.0
believe:1.0
coffee:1.0
