astrachan:2.6094379124341005
austlcm.sps.mot.com:2.09861228866811
paul:1.6931471805599454
subject:1.0
feature:1.6931471805599454
connector:2.09861228866811
vga:1.0
cards:1.0
would:1.0
someone:1.0
please:1.0
post:1.0
email:1.0
pin:1.0
assignments:1.0
sometimes:1.0
referred:1.0
aux:1.0
video:1.0
documentation:1.0
thanks:1.0
motorola:1.0
telecom:1.0
