jimd:2.09861228866811
cae.prds.cdx.mot.com:2.09861228866811
jim:2.09861228866811
duda:1.6931471805599454
subject:1.0
ibm:1.6931471805599454
pc-xt:1.6931471805599454
switches:2.09861228866811
old:1.0
motherboard:1.0
two:1.0
banks:1.0
dip:1.0
eight:1.0
per:1.0
bank:1.0
need:1.0
know:1.0
switch:1.0
required:1.0
install:1.0
hard:1.0
disk:1.0
anyone:1.0
archived:1.0
documentation:1.0
would:1.0
help:1.0
thanks:1.0
email:1.0
x.400:1.0
ljd009:1.0
email.mot.com:1.0
motorola:1.0
codex:1.0
a.k.a:1.0
m/s:1.0
c3-100:1.0
voice:1.0
617-821-7845:1.0
