subject:1.0
ide:2.386294361119891
cable:2.791759469228055
vacsc0qe:1.0
vax.csun.edu:1.0
bought:1.0
new:1.6931471805599454
hard:1.6931471805599454
drive:2.6094379124341005
system:1.6931471805599454
go:1.6931471805599454
one:2.386294361119891
already:1.0
problem:1.6931471805599454
buy:1.0
two:2.09861228866811
connectors:1.0
consequently:1.0
switch:1.0
cables:1.0
drives:1.6931471805599454
manual:1.0
refers:1.0
matching:1.0
pin:2.09861228866811
1:2.09861228866811
card:1.0
life:1.0
figure:1.6931471805599454
tell:1.0
way:1.0
plug:1.6931471805599454
align:1.0
secondly:1.0
like:1.0
connector:1.0
ends:1.0
end:1.0
goes:1.0
controler:1.0
matter:1.0
master:1.0
slave:1.0
help:1.0
appreciated:1.0
thanks:1.0
