zhang:2.09861228866811
gmsds.ms.ornl.gov:1.0
xiaoguang:1.0
subject:1.0
need:1.6931471805599454
spec:1.6931471805599454
miniscribe:1.6931471805599454
hard:1.0
drive:3.302585092994046
info:1.0
regarding:1.0
3.5:1.0
half-height:1.0
sticker:1.6931471805599454
following:1.0
model:2.09861228866811
hda:1.0
pcba:2.09861228866811
unique:1.0
tda:2.09861228866811
8425f:1.0
09aa:1.0
03ab:1.6931471805599454
03aa:1.0
biggest:1.0
chip:1.0
mfm:1.6931471805599454
interface:2.6094379124341005
fxx:1.0
cyl:1.0
heads:1.0
etc:1.0
fast:1.0
use:2.09861228866811
rll:1.0
also:1.6931471805599454
scsi:2.386294361119891
seems:1.0
match:1.0
connectors:1.0
description:1.0
e-p:1.0
axx:1.0
01a:1.0
29a:1.0
replace:1.0
would:1.0
size:1.0
set:1.0
jumpers:1.0
6sel:1.0
besides:1.0
could:1.0
someone:1.0
send:1.0
specs:1.0
seagate:1.0
st4096:1.0
5:1.0
full-height:1.0
e-mail:1.0
whbws.ms.ornl.gov:1.0
thanks:1.0
