mcook:1.0
cs.ulowell.edu:1.0
michael:1.0
cook:1.0
subject:1.0
cmos:1.6931471805599454
checksum:1.6931471805599454
error:1.6931471805599454
recently:1.0
getting:1.0
first:1.0
turn:1.6931471805599454
computer:1.0
doesnt:1.0
happen:1.6931471805599454
everytime:1.0
predict:1.0
going:1.0
ami:1.0
bios:1.0
setting:1.0
lost:1.0
example:1.0
drive:1.0
types:1.0
password:1.0
options:1.0
however:1.0
date:1.0
time:1.0
remain:1.0
correct:1.0
anyone:1.0
knows:1.0
causing:1.0
please:1.0
let:1.0
know:1.0
thank:1.0
mike:1.0
