sundaram:1.6931471805599454
egr.msu.edu:1.0
divya:1.6931471805599454
subject:1.0
power:2.09861228866811
supply:2.09861228866811
fan:1.6931471805599454
makes:1.0
awful:1.0
din:1.0
hi:1.0
late:1.0
computers:1.0
begun:1.0
make:1.0
lot:1.0
noise:1.0
get:1.6931471805599454
new:1.6931471805599454
case:1.0
good:1.6931471805599454
place:1.0
selling:1.0
tower:1.0
cases:1.0
ps:1.0
know:1.0
couple:1.0
dozen:1.0
listed:1.0
computer:1.0
shopper:1.0
looking:1.0
personal:1.0
experiences:1.0
recommendations:1.0
live:1.0
long:1.0
die:1.0
slow:1.0
horrible:1.0
death:1.0
confucius:1.0
wanted:1.0
say:1.0
