chris.crayton:1.0
ozonehole.com:1.6931471805599454
chris:1.0
crayton:1.0
subject:1.0
netware:3.0794415416798357
server:2.09861228866811
286a:2.09861228866811
04-19-93:1.0
03:53:1.0
wayne:1.0
mcdougall:1.0
unmitigated:1.0
gall:1.0
say:1.0
wm:3.4849066497880004
software:2.386294361119891
286:2.09861228866811
level:2.791759469228055
ii:2.791759469228055
see:1.6931471805599454
burnt:1.0
screen:1.0
sft:2.791759469228055
v2.0a:1.6931471805599454
however:1.6931471805599454
configure:1.0
mirrored:1.6931471805599454
duplexed:1.0
disks:1.6931471805599454
requires:2.09861228866811
second:1.0
disk:3.1972245773362196
yes:1.6931471805599454
mirroring:1.6931471805599454
controller:2.09861228866811
capable:1.0
writing:1.0
two:2.9459101490553135
duplexing:2.09861228866811
preferred:1.0
way:1.0
uses:1.0
cards:1.0
drives:2.386294361119891
special:1.0
card:1.0
identical:1.0
cases:1.0
sometimes:1.0
pulled:1.0
slightly:1.0
different:1.6931471805599454
drives/controllers:1.0
long:1.0
sizes:1.0
novell:1.6931471805599454
normally:1.6931471805599454
configured:1.0
configuration:1.6931471805599454
completely:1.0
user:1.0
1:1.0
install:2.09861228866811
causing:1.0
serialization:2.09861228866811
error:2.09861228866811
one:2.6094379124341005
cant:1.0
use:1.0
osobj:1.6931471805599454
serial:1.6931471805599454
number:1.6931471805599454
version:1.0
would:1.6931471805599454
get:1.0
make:1.0
sure:1.0
actually:1.0
belongs:1.0
rest:1.0
set:1.6931471805599454
floppies:1.0
installation:1.6931471805599454
2:1.0
equipped:1.0
hard:1.0
failed:2.09861228866811
could:1.0
either:1.0
volumes:1.0
volume:1.6931471805599454
using:1.6931471805599454
impossible:1.0
tell:1.0
network:2.09861228866811
3:1.6931471805599454
mean:1.0
serialized:1.0
hardware:1.0
drive:1.6931471805599454
try:1.0
disconnecting:1.0
standard:1.0
installing:1.0
functional:1.0
able:1.0
work:1.0
4:1.0
else:1.0
cause:1.0
comment:1.0
concerning:1.0
floppy:1.0
5:1.0
happens:1.0
keycard:1.6931471805599454
fails:1.0
attached:1.0
line:1.0
noise:1.0
provided:1.0
south:1.0
central:1.0
bell:1.0
blue:1.0
wave/qwk:1.0
v2.10:1.0
ozone:1.0
hole:1.0
bbs:1.0
private:1.0
bulletin:1.0
board:1.0
service:1.6931471805599454
504:1.0
891-3142:1.0
full:1.0
nodes:1.0
usrobotics:1.0
16.8k:1.0
bps:1.0
10:1.0
gigs:1.0
100,000:1.0
files:1.0
skydive:1.0
new:1.0
orleans:1.0
rime:1.0
mail:1.0
hub:1.0
500:1.0
usenet:1.0
newsgroups:1.0
please:1.0
route:1.0
questions:1.0
inquiries:1.0
postmaster:1.0
