teague:2.09861228866811
us17503.mdc.com:1.0
chris:1.6931471805599454
7-1171:1.0
subject:1.0
66dx2:1.0
math:1.6931471805599454
co-pro:1.0
vs:1.0
50dx:1.0
486:1.0
cpu:1.0
give:1.0
better:1.0
performance:1.0
intensive:1.0
programs:1.0
486-66:1.0
dx2:1.0
486-50:1.0
dx:1.0
thanks:1.0
advance:1.0
