subject:1.0
need:1.0
help/info:1.0
hard:2.09861228866811
drive:2.386294361119891
terms:2.09861228866811
carlson:2.09861228866811
ucunix.san.uc.edu:1.6931471805599454
david:1.6931471805599454
hi:1.0
ive:1.0
installing:1.0
new:1.0
recently:1.0
run:1.0
several:1.0
im:1.0
sure:1.0
1:1.0
sectored/soft:1.0
sectored:1.0
whats:1.6931471805599454
difference:1.6931471805599454
know:1.6931471805599454
use:1.0
2:1.0
head:1.0
skew:1.6931471805599454
cylinder:1.0
understand:1.0
related:1.0
performance:1.0
optimal:1.0
esdi:1.0
makes:1.0
discussing:1.0
info/help:1.0
greatly:1.0
appreciated:1.0
