actor:2.09861228866811
telerama.pgh.pa.us:1.6931471805599454
philip:1.6931471805599454
r:1.6931471805599454
spagnolli:1.6931471805599454
subject:1.0
1:2.09861228866811
type:1.6931471805599454
controller:2.6094379124341005
possible:1.0
put:2.386294361119891
pc:1.6931471805599454
mean:1.0
different:1.6931471805599454
types:1.6931471805599454
ie:1.0
rll:1.6931471805599454
mfm:1.6931471805599454
access:1.6931471805599454
drives:2.386294361119891
cmos:1.0
setup:1.0
show:1.0
configured:1.0
low:1.0
level:1.0
writes:1.0
example:1.0
2:2.386294361119891
machine:1.0
connected:1.0
4:1.0
controllers:1.6931471805599454
also:1.0
asked:1.0
question:1.0
never:1.0
tried:1.0
anyone:1.0
done:1.0
supply:1.0
info:1.6931471805599454
would:1.0
pleased:1.0
thanx:1.0
advance:1.0
aliases:1.0
mentor:1.0
poet:1.0
relfkin:1.0
hobbies:1.0
rpg:1.0
writing:1.0
computers:1.0
acting:1.0
reading:1.0
philosophy:1.0
mudding:1.0
disclaimer:1.0
since:1.0
know:1.0
existance:1.0
offend:1.0
one:1.0
