munoz:2.386294361119891
bcstec.ca.boeing.com:1.0
david:1.6931471805599454
subject:1.0
put:2.09861228866811
isa:2.09861228866811
card:2.09861228866811
eisa:1.6931471805599454
slot:2.09861228866811
howdy:1.0
netlanders:1.0
also:1.0
8-bit:1.0
pc:1.0
please:1.0
e-mail:1.0
possible:1.0
thanks:1.0
ahead:1.0
time:1.0
bcstec.boeing.com:1.0
