scholten:2.386294361119891
epg.nist.gov:1.6931471805599454
robert:1.0
subject:1.0
hot:1.0
cpu:1.6931471805599454
temp:1.6931471805599454
486dx2/66:1.0
96c:1.0
measured:1.0
k-type:1.0
thermocouple:1.0
fluke:1.0
55:1.0
dig:1.0
thermometer:1.0
idle:1.0
lots:1.0
bus:1.0
i/o:1.0
floating:1.0
point:1.0
32-bit:1.0
protected:1.0
mode:1.0
etc:1.6931471805599454
micron:1.0
computer:1.0
without:1.0
heatsink:1.0
recently:1.0
put:1.0
heatsink/fan:1.0
chip:1.0
might:1.0
take:1.0
fan:1.0
makes:1.0
horrible:1.0
whine:1.0
times:1.0
wonder:1.0
vibration:1.0
pins:1.0
rob:1.0
