robinson:2.09861228866811
sml.cs.psu.edu:1.0
andrew:1.0
subject:1.0
put:1.0
hd:1.0
xt:1.6931471805599454
many:1.0
drive:1.6931471805599454
controllers:1.0
bios:1.6931471805599454
board:1.0
handle:1.0
low:1.0
level:1.0
formatting:1.0
also:1.0
allows:1.0
set:1.0
properly:1.0
cylinders/heads/etc:1.0
andy:1.0
cs.psu.edu:1.0
