kxn3796:1.0
hertz.njit.edu:1.0
ken:2.09861228866811
nakata:2.09861228866811
cis:1.6931471805599454
stnt:1.0
subject:1.0
vl-bus:2.386294361119891
hdd/fdd:2.6094379124341005
controller:2.9459101490553135
ide:3.0794415416798357
article:1.6931471805599454
1993apr21.030410.22511:1.0
grebyn.com:2.09861228866811
richk:1.6931471805599454
richard:1.6931471805599454
krehbiel:1.6931471805599454
writes:1.6931471805599454
62890018:1.0
hpsgm2.sgp.hp.com:1.6931471805599454
taybh:1.0
beng:1.0
hang:1.0
tay:1.0
hi:1.0
buying:1.0
quantum:1.0
lps240at:1.0
245:1.0
mb:1.0
hardisk:1.0
deciding:1.0
32-bit:1.0
faster:1.6931471805599454
16:1.0
bit:1.0
card:1.6931471805599454
isa:2.791759469228055
interface:1.0
fundamentally:1.0
nothing:1.0
extension:1.0
bus:2.9459101490553135
hook:1.0
itll:1.0
work:1.0
fast:1.0
slower:2.09861228866811
two:1.0
meaning:1.6931471805599454
speed:1.0
true:1.0
uses:1.0
signals:1.0
similar:1.0
name:1.0
counterpart:1.0
signal:1.6931471805599454
timing:1.6931471805599454
doesnt:1.0
vl-ide:1.0
set:1.6931471805599454
jumpers:1.0
transfer:1.6931471805599454
rate:1.6931471805599454
3.3mb/sec:1.0
8.3mb:1.0
sec:1.0
manufacturer:1.0
might:1.0
correct:1.0
numbers:1.0
3.3:1.0
milion:1.6931471805599454
byte/sec:1.6931471805599454
8.3:1.0
respectively:1.0
data:1.0
8.3mb/sec:1.0
hear:1.0
vl:1.0
hand:1.0
wouldnt:1.0
expect:1.0
os/2:1.0
2.0:1.0
amigados:1.0
386:1.0
comes:1.0
along:1.0
apologize:1.0
incorrect:1.0
rude:1.0
and/or:1.0
impolite:1.0
expressions:1.0
mail:1.0
post:1.0
intended:1.0
please:1.0
consider:1.0
english:1.0
second:1.0
language:1.0
dont:1.0
full:1.0
understanding:1.0
certain:1.0
words:1.0
nuance:1.0
phrase:1.0
thank:1.0
student:1.0
njit:1.0
