khoo:2.6094379124341005
husc15.harvard.edu:1.0
subject:1.0
upgrading:1.6931471805599454
processor:2.09861228866811
386/486:1.0
machines:1.6931471805599454
case:1.0
anyone:1.0
wondering:1.0
386:1.0
486:1.0
class:1.0
machine:2.386294361119891
without:1.0
spending:1.0
lot:1.0
money:1.0
looked:1.0
replacing:1.0
facts:1.0
understand:1.0
ps/2:2.09861228866811
model:2.09861228866811
70:1.6931471805599454
80:1.0
replace:1.6931471805599454
i386:1.0
chip:3.3978952727983707
either:2.09861228866811
1:1.0
cyrix:1.6931471805599454
486dlc:1.6931471805599454
130:1.0
increase:2.09861228866811
processing:1.6931471805599454
power:1.6931471805599454
60:1.0
normal:2.09861228866811
fuctions:1.6931471805599454
math:2.791759469228055
functions:2.386294361119891
run:2.6094379124341005
original:1.6931471805599454
clock:1.0
speed:2.791759469228055
ie:2.09861228866811
16mhz:1.6931471805599454
note:1.6931471805599454
windows:1.6931471805599454
use:1.0
good:1.6931471805599454
upgrade:1.0
running:1.6931471805599454
2:1.0
get:2.386294361119891
kingston:1.6931471805599454
486/now:1.6931471805599454
platform:1.6931471805599454
450:1.6931471805599454
25mhz:2.386294361119891
i486sx:1.6931471805599454
100:1.0
originally:1.0
think:1.0
continue:1.0
even:1.0
runs:1.6931471805599454
slower:1.0
also:1.0
3:1.0
750:1.0
33mhz:1.6931471805599454
i486dx:1.6931471805599454
might:1.6931471805599454
well:1.0
sure:1.0
b21:1.0
non-clock:1.0
doubling:1.0
25:1.0
intel:1.0
overdrive:2.6094379124341005
really:1.0
i486dx2:1.0
95:1.0
better:1.0
preformance:1.0
25/50:1.0
mhz:1.0
version:1.6931471805599454
costs:1.6931471805599454
33/66mhz:1.0
700:1.0
replacement:1.0
486sx:2.09861228866811
espeacially:1.0
deal:1.0
provides:1.0
coprocessor:1.0
ratings:1.0
chips:1.6931471805599454
maximum:1.0
20mhz:1.6931471805599454
20/40mhz:1.0
externally:1.0
40mhz:1.0
internally:1.0
reason:1.0
buy:1.6931471805599454
rated:1.0
faster:1.6931471805599454
performance:1.0
able:1.0
microchip:1.0
merchants:1.0
advertise:1.0
back:1.0
pc:1.6931471805599454
magazine:1.0
week:1.0
want:1.0
shop:1.0
around:1.0
prices:1.0
vary:1.0
need:1.0
name/phone:1.0
number:1.0
source:1.0
particular:1.0
e-mail:1.0
respond:1.0
couple:1.0
sources:1.0
lawrence:1.6931471805599454
husc3.harvard.edu:1.0
computer:1.0
consultant:1.0
haavelmo.harvard.edu:1.0
617:1.0
496-8992:1.0
econ:1.0
dept:1.0
harvard:1.0
u:1.0
