ebosco:1.6931471805599454
us.oracle.com:1.6931471805599454
eric:1.6931471805599454
bosco:1.0
subject:1.0
help:2.09861228866811
adding:1.6931471805599454
scsi:2.791759469228055
drive:3.6390573296152584
486sx25:1.0
computer:1.0
105:1.0
mg:1.6931471805599454
seagate:1.6931471805599454
ide:1.6931471805599454
controler:1.0
built:1.0
motherboard:1.0
want:2.09861228866811
add:1.0
quantum:1.6931471805599454
prodrive:1.0
425f:1.0
425:1.0
formatted:1.6931471805599454
documentation:1.0
need:1.6931471805599454
understand:1.0
process:1.0
could:1.0
please:1.0
tell:1.0
im:2.386294361119891
right:1.0
1:1.0
buy:1.0
contoler:1.0
one:1.0
know:1.0
adaptec:1.0
good:1.6931471805599454
kind:1.0
expensive:1.0
boards:1.0
100:1.0
region:1.0
compatible:1.0
os2:1.0
unix:1.0
possible:1.0
also:1.0
seen:1.0
net:1.0
scsi2:1.0
drives:1.6931471805599454
true:1.0
adapter:1.6931471805599454
type:1.6931471805599454
2:1.0
connect:1.0
via:1.0
cable:1.6931471805599454
power:1.6931471805599454
worry:1.0
supply:1.0
think:1.6931471805599454
200:1.0
watts:1.0
powering:1.0
two:1.6931471805599454
floppies:1.0
3:1.0
setup:1.0
bios:1.0
recognize:1.0
second:1.0
dont:1.0
numbers:1.0
4:1.0
format:1.6931471805599454
create:1.0
partitions:1.6931471805599454
use:1.0
fdisk:2.09861228866811
cant:1.0
low-level:1.0
exactly:1.0
work:1.0
reduced:1.0
msdos:1.0
5.0:1.0
manual:1.0
clone:1.0
obliges:1.0
mention:1.0
ideally:1.0
would:1.0
partitioned:1.0
e:1.0
well:1.0
seems:1.0
anythiing:1.0
forgetting:1.0
really:1.0
appreciated:1.0
lost:1.0
