ejhupper:1.6931471805599454
rs6000.cmp.ilstu.edu:1.0
eric:2.09861228866811
huppertz:1.6931471805599454
subject:1.0
speed:1.6931471805599454
leds:1.6931471805599454
gateway:1.6931471805599454
motherboard:1.6931471805599454
hi:1.0
recently:1.0
got:1.0
tower-case:1.0
486/33:1.0
file:1.0
server:1.0
mostly:1.0
needed:1.0
extra:1.0
drive:1.0
bays:1.0
better:1.0
power:1.0
supply:1.0
case:1.0
processor:1.0
i.e:1.0
33:1.0
place:1.0
plug:1.0
anyway:1.0
hack:1.0
something:1.0
make:1.0
work:1.0
tia:1.0
j:1.0
ilstu.edu:1.0
hey:1.0
arent:1.0
rules:1.6931471805599454
come:1.0
think:1.0
dont:1.0
beetlejuice:1.0
