rmbult01:2.09861228866811
starbase.spd.louisville.edu:2.09861228866811
robert:2.09861228866811
bultman:2.09861228866811
subject:1.0
help:1.0
dip:1.6931471805599454
switch:1.0
settings:1.0
ast:1.6931471805599454
hot:1.6931471805599454
shot:1.6931471805599454
286:1.6931471805599454
could:1.0
someone:1.0
please:1.0
tell:1.0
switches:1.0
back:1.0
accellerator:1.0
card:1.6931471805599454
recently:1.0
acquired:1.0
get:1.0
docs:1.0
information:1.0
appreciated:1.0
rob:1.0
speed:1.6931471805599454
scientific:1.6931471805599454
school:1.6931471805599454
university:1.6931471805599454
louisville:1.6931471805599454
internet:1.6931471805599454
