ebosco:1.6931471805599454
us.oracle.com:1.6931471805599454
eric:1.6931471805599454
bosco:1.0
subject:1.0
body:1.0
4:2.386294361119891
meg:1.6931471805599454
ram:1.6931471805599454
leading:2.09861228866811
edge:2.09861228866811
486sx25:1.0
megs:1.6931471805599454
forms:1.0
1:1.0
simms:2.6094379124341005
simm:1.0
two:1.0
chips:1.0
manufactured:1.0
samsung:1.0
80ns:1.0
salesman:1.0
told:1.0
cpc-2300:1.0
motherboard:1.0
extra:1.0
parity:1.6931471805599454
bit:1.0
built:1.0
reccomemnded:1.0
use:1.6931471805599454
mac:1.6931471805599454
tried:1.0
using:1.0
pulled:1.0
si:1.0
8:1.6931471805599454
chip:1.6931471805599454
got:1.0
many:1.0
windows:1.0
protection:1.0
faults:1.0
errors:1.0
guess:1.0
ones:1.0
cant:1.0
find:1.0
places:1.0
called:1.0
carry:1.0
3:1.0
9:1.0
anybody:1.0
knows:1.0
get:1.0
memory:1.0
good:1.0
computer:1.0
suggestions:1.0
please:1.0
let:1.0
know:1.0
help:1.0
truly:1.0
appreciated:1.0
