ins132g:1.0
aurora.cc.monash.edu.au:1.0
nicola:1.6931471805599454
brown:1.0
subject:1.0
programming:1.6931471805599454
beeper:1.0
need:1.0
able:1.0
cause:1.0
beep:1.0
without:1.0
using:1.0
interrupt:1.0
routines:1.0
use:1.0
bios:1.0
believe:1.0
pic:1.0
might:1.0
something:1.0
im:1.6931471805599454
troubles:1.0
deciphering:1.0
information:1.0
figure:1.0
program:1.0
turbo:1.0
c:1.0
makes:1.0
diference:1.0
please:1.0
anyone:1.0
help:1.0
thanks:1.0
