ebosco:1.6931471805599454
us.oracle.com:1.6931471805599454
eric:1.6931471805599454
bosco:1.0
subject:1.0
help:1.0
choosing:1.0
scsi:1.6931471805599454
controler:1.6931471805599454
need:1.0
buy:1.0
486:1.0
machine:1.0
use:2.09861228866811
quantum:1.0
425f:1.0
harddrive:1.0
know:1.0
adaptec:1.0
good:1.0
kind:1.0
expensive:1.0
essentially:1.0
want:1.0
controller:1.0
100:1.0
150:1.0
range:1.0
drive:1.0
plan:1.0
windows:1.0
later:1.0
os:1.0
2.1:1.0
comes:1.0
reccomendations:1.0
appreciated:1.0
