david:2.386294361119891
c-cat.uucp:1.0
dave:1.0
subject:1.0
cents:2.09861228866811
keystroke:1.0
keyboard:1.0
key:1.0
c:1.0
like:1.0
2:1.0
worth:1.0
0.02:1.0
boaring:1.0
china:1.0
cat:1.0
bbs:1.0
c-cat:1.6931471805599454
sed.csc.com:1.0
301:1.0
604-5976:1.0
1200-14,400:1.0
8n1:1.0
uunet:1.0
mimsy:1.0
anagld:1.0
