david:2.386294361119891
c-cat.uucp:1.0
dave:1.0
subject:1.0
ide:1.6931471805599454
vs:1.6931471805599454
scsi:1.6931471805599454
bgrubb:1.0
dante.nmsu.edu:1.0
grubb:1.0
writes:1.0
scsi-1:2.386294361119891
scsi-2:2.791759469228055
controller:2.6094379124341005
chip:2.386294361119891
also:1.0
called:1.0
8-bit:1.0
4-6mb/s:1.0
10mb/s:1.0
burst:1.0
advertised:1.0
byte:1.0
4/93:159:1.0
pc:1.6931471805599454
speeds:1.0
mac:1.0
following:1.0
mess:1.0
excuse:1.0
need:1.0
clarification:1.0
iam:1.0
thinking:1.0
seriously:1.0
thread:1.0
could:1.0
come:1.0
better:1.0
time:1.0
quote:1.0
talking:1.6931471805599454
device:1.0
e.g:1.0
hd:1.0
upgrade:1.0
using:1.0
board:1.0
thanks:1.0
china:1.0
cat:1.0
bbs:1.0
c-cat:1.6931471805599454
sed.csc.com:1.0
301:1.0
604-5976:1.0
1200-14,400:1.0
8n1:1.0
uunet:1.0
mimsy:1.0
anagld:1.0
