glang:1.0
slee01.srl.ford.com:1.0
gordon:1.6931471805599454
lang:1.6931471805599454
subject:1.0
laplink:1.0
serial:1.6931471805599454
parallel:1.0
cables:1.6931471805599454
three:1.0
output:1.0
signals:1.6931471805599454
td:1.6931471805599454
dtr:2.386294361119891
rts:2.6094379124341005
five:1.0
inputs:1.0
rd:1.6931471805599454
dsr:2.6094379124341005
dcd:2.09861228866811
cts:2.6094379124341005
ri:1.0
many:1.6931471805599454
differnt:1.0
null:1.6931471805599454
modem:1.6931471805599454
requiremts:1.0
dictated:1.0
software:1.0
ibm:1.6931471805599454
bios:2.09861228866811
requires:1.6931471805599454
asserts:1.6931471805599454
waits:1.6931471805599454
sending:1.6931471805599454
recieve:1.0
call:1.0
made:1.0
become:1.0
true:2.09861228866811
times:1.0
returns:1.0
error:1.0
never:1.6931471805599454
becomes:1.0
recieving:1.0
communications:1.0
packages:1.0
bypass:1.0
replace:1.0
protocol:1.0
key:1.0
comm:1.6931471805599454
package:1.6931471805599454
could:1.0
well:1.0
different:1.0
requirements:1.0
favorite:1.0
cable:1.6931471805599454
works:1.6931471805599454
cases:1.0
short:1.0
end:1.6931471805599454
also:1.6931471805599454
run:1.0
opposite:1.0
runs:1.6931471805599454
dtes:1.0
course:1.0
sg:1.6931471805599454
goes:1.0
trouble:1.0
even:1.0
though:1.0
used:1.0
expecting:1.0
go:1.0
instead:1.0
advantage:1.0
