philb:1.0
ento.csiro.au:1.0
phil:2.09861228866811
burg:1.6931471805599454
subject:1.0
loopback:2.386294361119891
connector:2.09861228866811
made:1.0
skcgoh:1.6931471805599454
tartarus.uwa.edu.au:1.6931471805599454
shaw:1.0
goh:1.0
writes:1.0
35002_4401:1.0
uwovax.uwo.ca:1.0
wrote:1.0
need:1.6931471805599454
know:1.0
pins:2.791759469228055
connect:1.6931471805599454
make:1.0
serial:2.09861228866811
port:1.6931471805599454
build:1.0
one:1.0
used:1.0
test:1.0
thanks:1.0
help:1.0
steve:1.0
25-pin:1.0
plug:1.0
following:1.0
pin:2.791759469228055
1:1.0
7:1.0
2:1.0
3:1.0
4:1.0
5:1.0
8:1.0
together:2.09861228866811
6:1.0
11:1.0
20:1.0
22:1.0
15:1.0
17:1.0
23:1.0
18:1.0
25:1.0
note:1.0
lot:1.0
redundant:1.0
many:1.0
implementations:1.0
computer:1.0
unit:1.0
csiro:1.0
division:1.0
entomology:1.0
australia:1.0
life:1.0
sexually:1.0
transmitted:1.0
disease:1.0
100:1.0
mortality:1.0
rate:1.0
