jamesc:1.6931471805599454
netcom.com:1.0
james:1.0
chuang:1.0
subject:1.0
info:2.791759469228055
cyrix:2.791759469228055
486dru2:2.386294361119891
chip:2.386294361119891
seems:1.0
lot:1.0
questions:1.6931471805599454
regarding:1.6931471805599454
386:1.0
compatible:1.6931471805599454
486dlc:2.386294361119891
comes:1.0
directly:1.0
cyrixs:1.0
fast:1.0
fax:1.6931471805599454
service:1.0
also:1.6931471805599454
installing:1.0
one:1.0
chips:1.0
ibm:1.0
model:1.0
80:1.0
486:1.0
instruction:1.0
set:1.0
cpu:2.09861228866811
fits:1.0
386dx:2.386294361119891
socket:1.0
pin:1.0
grid:1.0
array:1.0
pga:1.6931471805599454
dlc:2.09861228866811
currently:1.0
available:2.09861228866811
3:1.0
speeds:1.0
25:2.09861228866811
33:1.0
40:1.6931471805599454
coprocessor:2.09861228866811
board:2.386294361119891
software:1.6931471805599454
query:1.0
return:1.0
coproc:1.6931471805599454
present:1.0
guess:1.6931471805599454
emulate:1.0
instructions:1.0
math:1.0
functions:1.0
level:1.0
without:1.0
actual:1.6931471805599454
internal:1.0
cache:2.6094379124341005
1k:1.0
literature:1.0
claims:1.6931471805599454
85:1.0
hit:1.0
rate:1.0
informal:1.0
tests:1.0
show:1.0
accounts:1.0
10:1.0
performance:2.9459101490553135
boost:1.6931471805599454
enabled:1.6931471805599454
overall:1.0
386dx-25:1.0
486dlc-25:1.6931471805599454
60:1.0
benchmarks:1.0
used:1.0
nu:1.0
si:1.0
qaplus:1.0
dhrystones:1.0
whetstones:1.0
par:1.0
386dx-40:1.0
256k:1.0
external:1.6931471805599454
around:1.0
486sx-25:1.0
computer:1.6931471805599454
runs:1.0
noticebly:1.0
faster:1.6931471805599454
dos:1.0
6:1.0
dblspace:1.0
complaining:1.0
company:1.0
os/2:1.0
compatibility:1.0
didnt:1.0
test:1.0
commonly:1.0
thought:1.0
actually:1.0
small:1.0
daughterboard:1.0
slightly:1.0
larger:1.0
contains:1.0
logic:1.0
manage:1.0
clock:1.6931471805599454
doubler:1.0
plugs:1.6931471805599454
486dlc-33:1.0
doubles:1.0
frequency:1.0
apparent:1.0
insert:1.0
wait:1.0
states:1.0
access:1.0
rest:1.0
system:1.0
required:1.0
anyway:1.0
dru2:1.0
386dx-16:1.0
386dx-20:1.0
double:1.0
rates:1.0
get:1.0
32mhz:1.0
40mhz:1.0
dlcs:1.0
planning:1.0
thing:1.0
dru2-50:1.0
need:1.6931471805599454
put:1.0
50mhz:1.0
dlc2:1.0
first:1.0
tested:1.0
dlc33:1.6931471805599454
motherboard:1.6931471805599454
along:1.0
64k:1.0
30:1.0
still:1.0
significantly:1.0
slower:1.0
intel:1.0
486dx:1.0
imho:1.0
great:1.0
low:1.0
price:1.0
upgrade:1.0
people:1.6931471805599454
cant:1.6931471805599454
afford:1.0
install:1.0
new:1.0
definitely:1.0
worth:1.0
paid:1.0
486dx-33:1.0
wont:1.6931471805599454
cut:1.0
im:1.6931471805599454
sure:1.0
dlc-40:1.0
think:1.0
even:1.0
matches:1.0
beat:1.0
significant:1.0
way:1.0
last:1.0
time:1.0
posted:1.0
sent:1.0
quite:1.0
bit:1.0
mail:1.6931471805599454
asking:1.0
got:1.6931471805599454
mine:1.0
treasure:1.0
chest:1.0
peripherals:1.0
advertise:1.0
shopper:1.0
1-800-677-9781:1.0
kit:1.0
179.00:1.0
liked:1.0
much:1.0
found:1.0
supplier:1.0
became:1.0
dealer:1.0
interested:1.0
e-mail:1.0
well:1.0
aware:1.0
nets:1.0
policy:1.0
commercial:1.0
use:1.0
post:1.6931471805599454
anymore:1.0
however:1.0
ill:1.0
909-396-0408:1.0
someone:1.0
asks:1.0
god:1.0
say:1.0
yes:1.0
