jhereg:2.09861228866811
iastate.edu:2.09861228866811
subject:1.0
scsi:2.09861228866811
ide:1.6931471805599454
whats:1.0
difference:1.0
article:1.0
1993apr21.124531.13053:1.0
ac.dal.ca:1.6931471805599454
tominatr:1.0
writes:1.0
stupid:1.0
question:1.0
new:1.0
ibm:1.0
pc:1.0
user:1.0
im:1.6931471805599454
going:1.0
selling:1.0
mac:1.0
getting:1.0
gateway:1.0
2000:1.0
retching:1.0
noises:1.0
talk:1.0
frying:1.0
pan:1.0
fire:1.0
drives:1.0
faster:1.6931471805599454
pretty:1.0
sure:1.0
along:1.0
lot:1.0
better:1.0
compatability:1.0
alex:1.0
universe:1.0
damn:1.0
sig:1.0
