cisko:2.09861228866811
d0tokensun.fnal.gov:1.0
greg:1.6931471805599454
subject:1.0
vcpi:1.6931471805599454
memory:1.6931471805599454
standard:1.6931471805599454
read:1.0
article:1.0
another:1.0
group:1.0
mentions:1.0
never:1.0
heard:1.0
someone:1.0
explain:1.0
thanks:1.0
