etorrem:1.6931471805599454
cbnewsj.cb.att.com:1.0
engelbert.jgm.torremans:1.0
subject:1.0
info:1.6931471805599454
i/o:1.6931471805599454
port:2.6094379124341005
376h:1.6931471805599454
requested:1.0
attempts:1.0
find:1.0
harddisk:1.0
controller:1.6931471805599454
works:1.0
stumbled:1.0
across:1.0
normal:1.0
ports:1.0
1f0h-1f7h:1.0
range:1.0
information:1.6931471805599454
upto:1.0
write:1.6931471805599454
related:1.0
number:1.0
heads:1.0
disks:1.0
could:1.0
somebody:1.0
shed:1.0
light:1.0
give:1.0
missing:1.0
thanks:1.0
engelbert:1.0
torremans:1.0
t-ns-nl:1.0
huizen:1.0
netherlands:1.0
email:1.0
cbnewsj.att.com:1.0
