mih8447:1.0
ucs.usl.edu:1.6931471805599454
hebert:1.0
marc:1.6931471805599454
subject:1.0
needed:1.0
videotaped:1.6931471805599454
pc:1.6931471805599454
output:1.0
im:1.0
need:1.0
copy:1.0
pd:1.0
program:1.0
please:1.0
let:1.0
know:1.0
dna:1.0
