rhtenbac:2.09861228866811
cs.ruu.nl:2.09861228866811
robert:2.09861228866811
tenback:2.09861228866811
subject:1.0
teac:1.6931471805599454
sd:1.0
3105:1.0
harddisk:2.386294361119891
jumper:1.0
setting:1.0
please:1.6931471805599454
hi:1.0
bought:1.0
new:1.0
want:1.0
use:1.0
old:1.0
sd3105:1.0
100mb:1.0
unfortunataly:1.0
documentation:1.0
could:1.0
someone:1.0
tell:1.0
set:1.0
jumpers:1.0
master:1.0
slave:1.0
thanks:1.0
advance:1.0
utrecht:1.0
netherlands:1.0
