idler:1.0
cs.tu-berlin.de:1.0
andreas:1.0
kuehnel:1.0
subject:1.0
drdos:2.09861228866811
vs:1.0
msdos:1.6931471805599454
6.0:2.09861228866811
im:1.6931471805599454
using:1.0
superstor:1.0
nearly:1.0
2:1.0
years:1.0
wondering:1.0
could:1.0
keep:1.0
last:1.0
anybody:1.0
tried:1.0
double-disk:1.0
lots:1.0
problems:1.0
sstor:1.6931471805599454
much:1.0
memory:1.0
get:1.0
ive:1.0
got:1.0
616k:1.0
emm:1.0
on-line:1.0
help:1.6931471805599454
really:1.0
great:1.0
appreciated:1.0
