pburry:2.09861228866811
manitou.cse.dnd.ca:1.0
paul:1.6931471805599454
burry:1.6931471805599454
subject:1.0
ide:1.0
vs:1.0
scsi:2.09861228866811
article:2.09861228866811
c5l6e7.2dz4:1.0
austin.ibm.com:1.6931471805599454
guyd:1.0
guy:1.0
dawson:1.0
writes:1.0
int:1.0
eh:1.0
pc:1.0
would:1.6931471805599454
get:1.6931471805599454
plug:1.6931471805599454
play:1.6931471805599454
seems:1.0
scsi-1:1.0
since:1.0
scsi-2:1.6931471805599454
full:1.0
implimentation:1.0
ten:1.0
7:1.6931471805599454
devices:1.6931471805599454
beleive:1.0
last:1.0
bit:1.0
plain:1.0
wrong:1.0
believe:1.0
right:1.0
support:1.0
8:1.6931471805599454
bus:1.0
normally:1.0
host:1.0
controller:1.0
targets:1.0
may:1.0
logical:1.0
units:1.0
luns:1.0
voice:1.0
613:1.6931471805599454
991-7325internet:1.0
cse.dnd.ca:1.6931471805599454
fax:1.0
991-7323uucp:1.0
uunet:1.0
cunews:1.0
