idler:1.0
cs.tu-berlin.de:1.0
andreas:1.0
kuehnel:1.0
subject:1.0
qic250:1.0
streamer:1.6931471805599454
software:1.6931471805599454
prolem:1.0
im:1.0
using:1.0
qic-compatible:1.0
250mb:1.0
really:1.6931471805599454
like:1.0
terrible:1.0
typo:1.0
archive:1.0
description:1.0
drives:1.0
mad:1.0
ervery:1.0
time:1.0
rename:1.0
even:1.0
better:1.0
delete:1.0
archives:1.0
help:1.0
appreciated:1.0
