mark:2.386294361119891
physchem.ox.ac.uk:1.0
jackson:1.0
subject:1.0
help:2.09861228866811
adding:1.6931471805599454
scsi:3.0794415416798357
drive:3.772588722239781
article:1.0
1993apr19.195301.27872:1.0
oracle.us.oracle.com:1.0
ebosco:1.6931471805599454
us.oracle.com:1.6931471805599454
eric:1.6931471805599454
bosco:1.0
writes:1.0
486sx25:1.0
computer:1.0
105:1.0
mg:1.6931471805599454
seagate:1.6931471805599454
ide:2.09861228866811
controler:1.0
built:1.0
motherboard:1.0
want:2.09861228866811
add:1.0
quantum:1.6931471805599454
prodrive:1.0
425f:1.0
425:1.0
formatted:1.6931471805599454
documentation:1.0
need:1.6931471805599454
understand:1.0
process:1.0
could:1.0
please:1.0
tell:1.6931471805599454
im:2.386294361119891
right:1.0
1:1.6931471805599454
buy:1.0
contoler:1.0
one:2.09861228866811
know:1.0
adaptec:1.6931471805599454
good:1.6931471805599454
kind:1.0
expensive:1.0
boards:1.0
100:1.0
region:1.0
compatible:1.0
os2:1.0
unix:1.0
possible:1.0
also:1.0
seen:1.0
net:1.0
scsi2:1.0
drives:1.6931471805599454
true:1.0
adapter:1.6931471805599454
type:2.6094379124341005
tried:1.0
others:1.6931471805599454
think:2.386294361119891
best:1.0
value:1.0
money:1.0
2:1.0
connect:1.0
via:1.0
cable:1.6931471805599454
power:1.6931471805599454
worry:1.0
supply:1.0
200:1.0
watts:1.0
powering:1.0
two:2.09861228866811
floppies:1.0
dont:1.6931471805599454
mix:1.0
types:1.0
unless:1.6931471805599454
scsi/ide:1.0
cards:1.0
available:1.0
turn:1.0
3:1.0
setup:1.0
bios:1.6931471805599454
recognize:1.0
second:1.0
numbers:1.0
instructions:1.0
included:1.0
controller:1.6931471805599454
may:1.6931471805599454
matter:1.0
disk:1.6931471805599454
47:1.0
hard:1.0
installed:1.0
4:1.0
format:2.6094379124341005
create:1.0
partitions:2.09861228866811
use:2.09861228866811
fdisk:2.386294361119891
cant:1.0
low-level:1.0
exactly:1.0
work:1.0
reduced:1.0
msdos:1.0
5.0:1.0
manual:1.0
clone:1.0
obliges:1.0
mention:1.0
ideally:1.0
would:1.0
partitioned:1.0
e:1.0
low:1.6931471805599454
level:1.6931471805599454
program:1.0
first:1.0
set:1.0
well:1.0
seems:1.0
anythiing:1.0
forgetting:1.0
really:1.0
appreciated:1.0
lost:1.0
uk.ac.ox.physchem:1.0
