idler:1.0
cs.tu-berlin.de:1.0
andreas:1.0
kuehnel:1.0
subject:1.0
delayed-write-caches:1.0
im:1.0
using:1.0
norton:1.0
cache:1.6931471805599454
5.0:1.0
really:2.09861228866811
nice:1.0
horrible:1.0
incompatible:1.0
games:1.0
wont:1.6931471805599454
work:1.6931471805599454
streamer:1.0
software:1.0
windows:1.0
doesnt:1.0
like:1.0
copying:1.0
deleting:1.0
lots:1.0
small:1.0
files:1.6931471805599454
ncache:1.0
fast:1.0
see:1.0
write:1.6931471805599454
file:1.0
fat:1.6931471805599454
must:1.6931471805599454
changed:1.6931471805599454
1000:1.0
program:1.0
smart:1.0
enough:1.6931471805599454
good:1.0
run:1.0
applications:1.0
help:1.0
appreciated:1.0
