goyal:1.6931471805599454
utdallas.edu:1.0
mohit:1.0
k:1.0
subject:1.0
info:1.0
power:1.6931471805599454
pc:1.0
ibm:2.386294361119891
apple:2.09861228866811
motorola:2.6094379124341005
begin:1.0
repost:1.6931471805599454
ready:1.0
unwrap:1.0
powerpc:2.6094379124341005
601:2.09861228866811
processor:2.09861228866811
wraps:1.0
come:1.0
week:1.0
corp:1.0
computer:1.0
inc:1.0
detail:1.0
results:1.0
yearlong:1.0
effort:1.6931471805599454
first:1.0
series:1.0
processors:2.09861228866811
32-bit:1.0
64-bit:1.6931471805599454
memory:1.0
interface:1.0
much:1.0
like:1.0
intel:1.6931471805599454
corp.s:1.6931471805599454
pentium:1.0
capability:1.0
performing:1.0
many:1.0
three:1.0
instructions:1.0
per:1.0
clock:1.0
cycle:1.0
according:1.6931471805599454
sources:2.09861228866811
familiar:1.6931471805599454
chip:2.6094379124341005
expected:1.6931471805599454
release:1.0
volume:1.0
year:1.0
end:1.6931471805599454
two:1.0
configurations:1.0
running:1.0
50:1.6931471805599454
66:1.0
mhz:1.0
performance:2.09861228866811
40:1.0
specint89:1.0
marks:1.0
respectively:1.6931471805599454
said:1.6931471805599454
floating-point:1.0
3.6-volt:1.0
even:1.0
better:1.0
specfp89:1.0
60:1.0
80:1.0
scaled-down:1.0
version:1.0
220:1.0
developed:1.0
rs/6000:1.0
workstations:1.0
also:1.0
include:1.0
32k:1.0
single:1.0
buffered:1.0
cache:1.0
protocols:1.0
support:1.6931471805599454
motorolas:1.0
multiprocessor:1.0
88110:1.0
bus:1.6931471805599454
built:1.0
designed:1.0
initially:1.0
micro:1.0
channel:1.0
architecture:1.6931471805599454
independent:1.0
vendors:1.0
could:1.6931471805599454
develop:1.0
based:1.0
systems:1.0
using:1.6931471805599454
number:1.0
different:1.0
architectures:1.0
including:1.0
isa:1.0
eisa:1.0
sun:1.0
microsystems:1.0
inc.s:1.0
s-bus:1.0
design:1.6931471805599454
one:1.6931471805599454
source:1.6931471805599454
noted:1.0
development:1.0
extremely:1.0
successful:1.0
developing:1.0
inexpensive:1.0
despite:1.0
complex:1.0
made:1.0
2.8:1.0
million:1.0
transistors:1.0
0.6-micron:1.0
technology:1.0
initial:1.0
chips:1.0
priced:1.0
300:1.0
400:1.0
slightly:1.0
higher:1.0
486:1.0
sold:1.0
profitably:1.0
less:1.0
100:1.0
