idler:1.0
cs.tu-berlin.de:1.0
andreas:1.0
kuehnel:1.0
subject:1.0
windows:2.6094379124341005
virtual:2.09861228866811
memory:2.386294361119891
ive:1.0
got:1.0
386dx-40:1.0
4mb:1.0
im:1.6931471805599454
using:1.0
3.1:1.0
sometimes:1.0
wondered:1.0
worked:1.0
endlessly:1.0
hd:1.0
nothing:1.0
execpt:1.0
lunch:1.0
something:1.0
like:1.0
turned:1.0
swapfile:1.0
became:1.0
quite:1.0
faster:1.0
less:1.0
free:1.0
still:1.0
wondering:1.0
reading:1.0
everything:1.0
convertional:1.0
sufficient:1.0
common-sense-explanation:1.0
really:1.0
appreciated:1.0
