bgrubb:1.0
dante.nmsu.edu:1.0
grubb:1.0
subject:1.0
ide:1.0
vs:1.0
scsi:3.6390573296152584
david:1.0
c-cat.uucp:1.0
dave:1.0
write:1.0
talking:2.09861228866811
scsi-1:3.6390573296152584
device:2.386294361119891
e.g:1.6931471805599454
hd:1.6931471805599454
scsi-2:4.044522437723423
controller:2.791759469228055
chip:1.6931471805599454
upgrade:1.0
using:1.6931471805599454
board:1.0
rewrite:1.0
mac:2.6094379124341005
info:1.0
sheet:1.0
section:1.0
external:1.6931471805599454
expansion:1.6931471805599454
interface:1.0
common:1.0
ibm:1.6931471805599454
allows:1.0
use:1.6931471805599454
hard:1.0
drive:1.0
printer:1.0
scanner:1.0
nubus:1.0
card:1.0
plus:1.0
monitors:1.0
cd-rom:1.0
normal:1.0
asynchronous:1.6931471805599454
5:1.0
mhz:1.6931471805599454
fast:2.386294361119891
synchronous:2.09861228866811
10:1.6931471805599454
difference:1.0
modes:1.0
mainly:1.0
software:2.6094379124341005
drivers:2.09861228866811
main:1.6931471805599454
problem:1.0
lot:1.0
devices:2.6094379124341005
internal:1.0
terminated:1.6931471805599454
causes:1.6931471805599454
problems:1.6931471805599454
two:1.0
devises:1.0
port:1.0
chain:1.0
supposed:1.0
begining:1.0
end:1.0
set:1.0
either:1.0
8-bit:3.1972245773362196
7:1.6931471805599454
per:1.6931471805599454
1.5mb/s:1.0
ave:1.0
5mb/s:1.6931471805599454
max:1.0
transfers:1.0
often:1.0
mistaken:1.0
version:1.0
see:1.6931471805599454
details:1.0
fully:1.0
compliant:1.0
mode:1.6931471805599454
implimented:1.0
since:1.6931471805599454
run:1.6931471805599454
hardware:1.6931471805599454
limits:1.0
results:1.0
sometimes:1.0
mistakenly:1.0
consitered:1.0
part:1.6931471805599454
16-bit:2.386294361119891
32-bit:2.6094379124341005
require:1.0
different:1.0
ports:1.0
electronics:2.09861228866811
makes:1.0
expensive:1.0
interfaces:1.6931471805599454
seems:1.0
hence:1.0
term:1.0
wide:1.0
transfer:1.0
speeds:1.6931471805599454
4-6mb/s:1.6931471805599454
10mb/s:2.09861228866811
burst:2.386294361119891
8-12mb/s:1.0
20mb/s:1.0
15-20mb/s:1.0
40mb/s:1.0
biggest:1.0
headache:1.0
due:1.0
fact:1.0
know:1.0
pump:1.0
controlers:1.0
implimentation:1.0
though:1.6931471805599454
adds:1.0
maximum:1.0
throughput:1.0
pcs:1.0
need:1.0
including:1.0
electonics:1.0
cheepest:1.0
pop:1.6931471805599454
electornics:1.0
people:1.0
consider:1.0
really:1.0
starts:1.0
used:1.0
one:1.0
average:1.0
put:1.0
theoretical:1.0
rule:1.0
thumb:1.0
scsin:1.0
type:1.0
reduces:1.0
cost:1.0
compared:1.0
16:1.0
