beng:1.6931471805599454
dorsai.dorsai.org:1.6931471805599454
ben:1.6931471805599454
ng:1.6931471805599454
subject:1.0
trakker:1.0
backup:1.0
cmss:1.0
trakkers:1.0
please:1.0
email:1.0
thoughts:1.0
machine:1.0
specifics:1.0
avg:1.0
file:1.0
access..etc:1.0
1:278/706:1.0
