anderson:2.386294361119891
dseg.ti.com:1.6931471805599454
john:1.6931471805599454
subject:1.0
wincim:1.6931471805599454
9600:1.0
baud:1.0
article:1.0
477:1.0
slc1.uucp:1.6931471805599454
kaw:1.0
ka:1.0
workman:1.0
writes:1.0
ive:1.0
similar:1.0
problems:1.0
downloading:1.0
using:1.0
discovered:1.0
disabled:1.0
data:1.0
compression:1.0
modem:1.0
works:1.0
fine:1.0
string:1.0
use:1.0
h:1.0
texas:1.0
instruments:1.0
inc:1.0
internet:1.0
po:1.0
box:1.0
869305:1.0
ms:1.0
8435:1.0
compuserve:1.0
71174,2625:1.0
plano:1.0
tx:1.0
75086:1.0
214-575-3513:1.0
fax:1.0
214-575-5974:1.0
