elurona:1.0
yalevm.ycc.yale.edu:1.0
r:1.0
elul:1.0
subject:1.0
help:1.6931471805599454
wanted:1.0
loading:1.6931471805599454
logitech:1.6931471805599454
scanman:1.6931471805599454
driver:2.09861228866811
high:2.09861228866811
memory:1.6931471805599454
troubleloading:1.0
latest:1.0
version:1.0
devicehigh:1.0
command:1.0
msdos:1.0
6:1.0
gives:1.0
invalid:1.0
parameters:1.6931471805599454
message:1.0
necessary:1.0
change:1.0
scanner:1.0
would:1.0
appreciated:1.0
ronel:1.0
