ebosco:2.09861228866811
us.oracle.com:2.09861228866811
eric:2.09861228866811
bosco:1.6931471805599454
subject:1.0
help:2.09861228866811
adding:1.6931471805599454
scsi:2.791759469228055
drive:3.1972245773362196
coexist:1.0
ide:2.386294361119891
article:1.6931471805599454
1993apr22.094851.27323:1.0
physchem.ox.ac.uk:1.6931471805599454
mark:2.386294361119891
jackson:1.0
writes:1.6931471805599454
1993apr19.195301.27872:1.0
oracle.us.oracle.com:1.0
486sx25:1.0
computer:1.0
105:1.0
mg:1.6931471805599454
seagate:1.6931471805599454
controler:1.0
built:1.0
motherboard:1.0
want:1.6931471805599454
add:1.0
quantum:1.6931471805599454
prodrive:1.0
425f:1.0
425:1.0
formatted:1.0
documentation:1.0
need:1.6931471805599454
understand:1.0
process:1.0
could:1.0
please:1.0
tell:1.0
im:2.386294361119891
right:1.0
1:1.0
buy:1.0
contoler:1.0
one:1.6931471805599454
know:1.0
adaptec:1.6931471805599454
good:1.6931471805599454
kind:1.0
expensive:1.0
boards:1.0
100:1.0
region:1.0
compatible:1.0
os2:1.0
unix:1.0
possible:1.0
also:1.0
seen:1.0
net:1.6931471805599454
scsi2:1.0
drives:1.0
true:1.6931471805599454
adapter:1.6931471805599454
type:1.0
tried:1.0
others:1.0
think:2.09861228866811
best:1.0
value:1.0
money:1.0
2:1.0
connect:1.0
via:1.0
cable:1.6931471805599454
power:1.6931471805599454
worry:1.0
supply:1.0
200:1.0
watts:1.0
powering:1.0
two:1.6931471805599454
floppies:1.0
dont:1.0
mix:1.0
types:1.0
unless:1.0
scsi/ide:1.0
cards:1.0
available:1.0
turn:1.0
impression:1.0
people:1.0
working:1.0
together:1.0
well:1.0
seems:1.0
anythiing:1.0
forgetting:1.0
really:1.0
appreciated:1.0
lost:1.0
uk.ac.ox.physchem:1.0
