ras3301:1.6931471805599454
ultb.isc.rit.edu:1.0
r.a:1.0
schrack:1.6931471805599454
subject:1.0
modems:1.0
uarts:1.0
article:1.0
93042013138:1.0
jester.gun.de:2.09861228866811
michael:2.6094379124341005
gerhards:1.6931471805599454
writes:1.0
universal:1.6931471805599454
arithmetic:1.0
receiver:1.6931471805599454
transmitter:1.6931471805599454
normally:1.0
older:1.0
boards:1.0
8250:1.0
16450:1.0
uart:1.6931471805599454
board:1.0
chips:1.0
generate:1.0
irq:1.6931471805599454
every:1.6931471805599454
char:1.0
received:1.0
16550:1.6931471805599454
internal:1.0
16:1.6931471805599454
byte:1.0
buffer:1.0
right:1.0
software:1.0
installed:1.0
generates:1.0
chars:1.0
close:1.0
asynchronous:1.0
3:1.0
necessary:1.0
14.4k:1.0
higher:1.0
throughput:1.0
ran:1.0
dos:2.09861228866811
dont:1.0
need:1.0
runs:1.0
one:1.6931471805599454
task:1.0
time:1.0
whole:1.0
cpu-power:1.0
could:1.0
used:1.0
transfer:1.0
even:1.0
running:1.0
cpu:1.0
cant:1.6931471805599454
handle:1.0
speed:1.0
interrupts:1.0
still:1.0
lose:1.0
characters:1.6931471805599454
286/10:1.0
machine:1.0
external:1.0
9600:1.0
bps:1.0
modem:1.0
attached:1.0
drive:1.0
serial:1.0
port:1.0
faster:1.0
19.2k:1.0
without:1.0
losing:1.0
preussenstrasse:1.0
59:1.0
germany:1.0
4040:1.0
neuss:1.0
voice:1.6931471805599454
49:1.0
2131:1.0
82238:1.0
rob:1.0
robert:1.0
systems:1.6931471805599454
administrator:1.0
ultb.rit.edu:1.0
salesbook:1.0
716:1.6931471805599454
387-7100:1.6931471805599454
9:1.0
tobey:1.0
village:1.0
office:1.0
park:1.0
pittsford:1.0
ny:1.0
14534:1.0
fax:1.0
wrote:1.0
book:1.0
sales:1.0
force:1.0
automation:1.0
