kehcheng:1.0
netcom.com:1.0
keh-cheng:1.6931471805599454
chu:1.0
subject:1.0
monitors:1.6931471805599454
nanao:2.09861228866811
article:1.0
c5uw1t.3hi:1.0
eskimo.com:1.6931471805599454
johnn:1.0
john:1.0
navitsky:1.0
writes:1.0
would:1.6931471805599454
like:2.386294361119891
monitor:2.386294361119891
handle:1.0
high:2.09861228866811
resolutions:1.0
1024x1024:1.0
ni:1.0
im:1.6931471805599454
envisioning:1.0
using:1.0
amiga:1.6931471805599454
4000:1.0
2000:1.0
w/a:1.0
graphics:1.0
board:1.0
retina:1.0
and/or:1.0
sun:1.6931471805599454
sparcstation:1.0
lx:1.0
basically:1.0
want:1.0
resolution:1.0
versital:1.0
need:1.0
large:1.0
17:2.6094379124341005
meets:1.0
brief:1.0
requirements:1.0
outlined:1.0
ive:1.0
happy:1.0
16:1.6931471805599454
suns:1.6931471805599454
could:1.0
probably:1.0
cope:1.0
smaller:1.0
home:1.0
interested:1.0
anyone:1.0
details:1.0
quality:1.6931471805599454
sony:1.6931471805599454
hitatchi:1.0
since:1.0
seem:1.6931471805599454
used:1.0
fairly:1.0
often:1.6931471805599454
look:1.6931471805599454
pretty:1.0
good:1.6931471805599454
least:1.0
havent:1.0
brought:1.0
c.s.i.p.h:1.0
mag:1.6931471805599454
viewsonic:2.386294361119891
give:1.0
new:1.6931471805599454
seen:1.0
side:1.6931471805599454
old:1.0
7:1.0
trinitron:1.6931471805599454
one:1.0
oem:1.0
tube:1.0
beat:1.0
easily:1.0
terms:1.0
picture:1.0
think:1.0
far:1.0
superior:1.0
staring:1.0
place:1.0
asks:1.0
1178:1.0
bought:1.6931471805599454
15:1.0
f340iw:1.0
week:1.0
earlier:1.0
