marka:1.6931471805599454
hcx1.ssd.csd.harris.com:1.0
mark:1.6931471805599454
ashley:1.6931471805599454
subject:1.0
everex:1.0
cubes:1.0
anybody:1.0
seen:1.0
empty:1.0
everexs:1.0
sold:1.0
want:1.0
cube:1.0
computer:1.0
inards:1.0
take:1.0
standard:1.0
at-size:1.0
motherboards:1.0
thanks:1.0
e-mail:1.0
please:1.0
disclaimer:1.0
opinions:1.0
harris:1.0
gcx1.ssd.csd.harris.com:1.0
lost:1.0
los:1.0
angelino:1.0
