qwerty:1.0
tunisia.ssc.gov:1.0
kris:1.0
schludermann:1.0
subject:1.0
help:1.0
ide:2.09861228866811
drive:2.791759469228055
installation:1.0
problems:1.0
im:1.0
trouble:1.0
installing:1.0
second:1.6931471805599454
promise:1.0
caching:1.0
controller:1.0
first:1.0
conner:1.6931471805599454
3204:1.0
works:1.0
fine:1.0
30174:1.0
currently:1.0
unjumpered:1.0
slave:1.6931471805599454
problem:1.0
recognized:1.0
reported:1.0
back:1.0
free:1.0
space:1.0
disabling:1.0
cache:1.0
made:1.0
effect:1.0
else:1.0
check:1.0
krispy:1.0
