rlb534:1.0
ibm-03.nwscc.sea06.navy.mil:1.0
subject:1.0
re:16550:1.0
v:1.0
16550a:2.09861228866811
whats:1.0
difference:1.0
16550:1.6931471805599454
uart:1.6931471805599454
thanks:1.0
bugs:1.0
without:1.0
would:1.0
sometimes:1.0
get:1.6931471805599454
extra:1.0
characters:1.0
fifo:1.6931471805599454
renders:1.0
useless:1.0
