korenek:3.0794415416798357
nmti.com:2.6094379124341005
gary:2.386294361119891
subject:1.0
hint:2.386294361119891
486:1.0
vlb/isa/eisa:1.0
motherboard:3.4849066497880004
article:1.6931471805599454
c5t7gs.7v3:1.0
news.iastate.edu:1.0
schauf:1.0
iastate.edu:1.0
brian:1.6931471805599454
j:1.6931471805599454
schaufenbuel:1.6931471805599454
writes:1.6931471805599454
id.xnfz.vj8:1.0
believe:1.0
vl/eisa/isa:1.6931471805599454
uses:1.0
chipset:2.386294361119891
limited:1.0
24-bit:1.0
eisa:2.9459101490553135
dma:2.791759469228055
real:1.6931471805599454
32-bit:2.386294361119891
16:1.0
mb:1.0
ram:1.0
addressing:1.0
limitation:1.6931471805599454
isa:1.0
reason:1.6931471805599454
would:2.386294361119891
pass:1.0
one:1.0
hawk:1.6931471805599454
look:2.09861228866811
ing:1.0
replace:1.0
exactly:1.0
please:1.0
double-check:1.0
words:1.0
call:1.6931471805599454
manufacturer:2.09861228866811
ask:1.0
supports:1.6931471805599454
true:1.0
works:1.0
quite:1.0
well:1.0
using:1.0
mine:1.0
dos:1.0
5:1.0
windows:1.0
3.1:1.0
unix:1.0
s5r3.2:1.0
also:1.0
adaptec:1.0
1742a:1.0
scsi:1.0
host:1.0
adapter:1.0
correct:1.0
usually:1.0
buy:1.0
boards:1.0
says:1.0
problem:1.6931471805599454
fixed:1.0
two:1.0
weeks:1.0
dont:1.0
see:1.6931471805599454
chip-set:1.0
mistake:1.0
something:1.0
designed-in:1.0
intentionally:1.0
seem:1.0
enhance:1.0
design:1.6931471805599454
24:1.0
require:1.0
update:2.386294361119891
may:1.0
begat:1.0
board:3.0794415416798357
im:1.6931471805599454
saing:1.0
seems:1.0
passing:1.0
simple:1.6931471805599454
fix:1.6931471805599454
mind:1.0
updated:1.0
along:1.0
possible:1.0
layout:1.0
cautious:1.0
might:1.0
advanced:1.0
integration:1.0
research:1.0
air:2.9459101490553135
vl/eisa:1.6931471805599454
slots:1.6931471805599454
eisa/isa:1.0
capable:2.09861228866811
2:1.0
3:1.0
vl-bus:1.0
people:1.0
confirmed:1.0
called:1.0
pentium/p5:1.0
less:1.0
expensive:1.0
equivalent:1.0
ami:1.0
micronics:1.0
computer:1.0
shopper:1.0
april:1.0
93:1.0
zenon:1.0
ads:1.0
show:1.0
mother:1.0
associate:1.0
bought:1.0
pleased:1.0
attempting:1.0
get:1.0
local:1.0
dealer:1.0
trade:1.0
model:1.0
number:1.0
486-33dx:1.0
b433ei2:1.0
warehouse:1.6931471805599454
example:1.0
price:1.0
phone:1.0
included:1.0
408:1.0
428-0800:1.0
800:1.0
486-9975:1.0
network:1.0
management:1.0
technology:1.0
incorporated:1.0
sugar:1.0
land:1.0
texas:1.0
713:1.0
274-5357:1.0
