d.l.p.li1:1.0
lut.ac.uk:1.0
dlp:1.0
li:1.6931471805599454
subject:1.0
upgrading:1.0
xt:1.6931471805599454
hi:1.0
netters:1.0
upgrade:1.0
286:1.0
motherboard:1.0
able:1.0
use:1.0
old:1.0
bits:1.0
pieces:1.0
like:1.0
hd:1.0
fd:1.0
graphics:1.0
card:1.6931471805599454
i/o:1.0
etc:1.0
thanks:1.0
info:1.0
p.s:1.0
sorry:1.0
question:1.0
kind:1.0
faq:1.0
regards:1.0
desmond:1.0
lut:1.0
uk:1.0
