randy:1.6931471805599454
msc.cornell.edu:1.0
subject:1.0
scsi:2.09861228866811
vs:1.0
ide:1.0
cards:1.0
dos:1.0
systems:1.0
require:1.0
separate:1.0
device:1.6931471805599454
driver:1.0
loaded:1.0
memory:1.0
hooked:1.0
also:1.0
true:1.0
32-bit:1.0
oss:1.0
thanks:1.0
