mark:2.386294361119891
cs.msstate.edu:1.6931471805599454
rauschkolb:1.0
subject:1.0
dos:2.09861228866811
4.0:1.0
5.0:1.6931471805599454
need:1.0
new:1.0
mouse:2.09861228866811
driver:1.0
recently:1.0
installed:1.0
machines:1.0
users:1.0
claim:1.0
use:1.0
often:1.0
screen:1.0
blank:1.0
machine:1.0
lock:1.0
viruses:1.0
running:1.0
tsrs:1.0
logitec:1.0
2:1.0
button:1.0
anybody:1.0
got:1.0
ideas:1.0
thanks:1.0
