m88max:1.6931471805599454
tdb.uu.se:1.6931471805599454
max:1.6931471805599454
brante:1.6931471805599454
subject:1.6931471805599454
pinout:1.0
standard:1.0
mono:1.0
vga:1.0
monitor:1.0
line:1.0
says:1.0
thanks:1.0
l:3.302585092994046
l_/l:1.0
institutionen:1.0
f|r:1.0
teknisk:1.0
databehandling:1.0
l_l:2.09861228866811
uppsala:1.0
universitet:1.0
