m88max:1.6931471805599454
tdb.uu.se:1.6931471805599454
max:1.6931471805599454
brante:1.6931471805599454
subject:1.0
check:1.6931471805599454
switches:1.6931471805599454
ibm:1.6931471805599454
xt:1.6931471805599454
ok:1.0
might:1.0
seem:1.0
bit:1.0
odd:1.0
state:1.0
dip:1.0
mother:1.0
board:1.0
without:1.0
using:1.0
bios:1.0
thanx:1.0
l:3.302585092994046
l_/l:1.0
institutionen:1.0
f|r:1.0
teknisk:1.0
databehandling:1.0
l_l:2.09861228866811
uppsala:1.0
universitet:1.0
