dsartori:1.6931471805599454
cac.washington.edu:1.0
diana:1.6931471805599454
sartorius:1.6931471805599454
subject:1.0
anyone:1.6931471805599454
heard:1.6931471805599454
syntrex:1.6931471805599454
friend:1.0
recently:1.0
bought:1.0
used:1.0
286:1.0
brand:1.0
didnt:1.0
come:1.0
documentation:1.0
trying:1.0
find:1.0
information:1.0
computer:1.0
question:1.0
know:1.0
anything:1.0
please:1.0
drop:1.0
note:1.0
thank:1.0
u.washington.edu:1.0
