thacker:1.6931471805599454
enh.nist.gov:1.0
subject:1.0
comtrade:2.09861228866811
anyone:1.0
experience:1.0
buying:1.0
computers:1.0
asked:1.0
tc:1.0
got:1.0
one:1.0
reply:1.0
describing:1.0
problems:1.6931471805599454
returning:1.0
defective:1.0
hard:1.0
drive:1.0
expect:1.0
thanks:1.0
carlisle:1.0
miami:1.0
fl:1.0
