edm:1.6931471805599454
wrs.com:1.6931471805599454
ed:1.0
mcclanahan:1.6931471805599454
subject:1.0
vlb:1.0
bus:1.0
master:1.0
problem:1.0
rbrown:1.0
spchp21.bbn.com:1.0
ralph:1.0
brown:1.0
writes:1.0
ive:1.0
yet:1.0
hear:1.0
someone:1.0
running:1.0
34f:1.6931471805599454
motherboard:1.0
nt:1.0
without:1.0
shutting:1.0
cache:1.0
consider:1.0
heard:1.0
ami:1.0
enterprise:1.0
iii:1.0
eisa/vlb:1.0
w:1.0
ultrastor:1.0
edward:1.0
