kentiler:1.0
matt.ksu.ksu.edu:1.0
kent:1.6931471805599454
p:1.0
iler:1.0
subject:1.0
well:2.09861228866811
voicemail:1.0
modems:1.6931471805599454
work:2.09861228866811
hi:1.0
ive:1.0
seen:1.0
alot:1.0
ads:1.0
voicemail/fax/data:1.0
would:1.0
way-cool:1.0
dont:1.0
want:1.0
someone:1.0
call:1.0
get:1.0
connecting:1.0
sound:1.0
fax:1.0
machine:1.0
anyone:1.0
played:1.0
one:1.0
please:1.0
tell:1.0
brand:1.0
info:1.0
like:1.0
thanks:1.0
