munoz:2.386294361119891
bcstec.ca.boeing.com:1.6931471805599454
david:1.6931471805599454
subject:1.0
anybody:1.0
heard:1.6931471805599454
asus:1.0
brand:1.6931471805599454
486dx2-33/66:1.6931471805599454
motherboard:1.0
hi:1.0
anyone:1.6931471805599454
board:1.0
know:1.0
work:1.0
bsd:1.0
linux:1.0
local:1.0
pc:1.0
vendor:1.0
says:1.0
u.s:1.0
please:1.0
e-mail:1.0
possible:1.0
thanks:1.0
