guyd:2.09861228866811
austin.ibm.com:1.6931471805599454
guy:2.09861228866811
dawson:1.6931471805599454
subject:1.0
help:1.6931471805599454
adding:1.0
scsi:2.09861228866811
drive:2.386294361119891
coexist:1.0
ide:2.6094379124341005
article:2.09861228866811
1993apr22.162835.4286:1.0
oracle.us.oracle.com:1.6931471805599454
ebosco:2.09861228866811
us.oracle.com:2.09861228866811
eric:2.09861228866811
bosco:1.6931471805599454
writes:2.09861228866811
1993apr22.094851.27323:1.0
physchem.ox.ac.uk:1.6931471805599454
mark:2.386294361119891
jackson:1.0
1993apr19.195301.27872:1.0
dont:1.0
think:1.0
mix:1.0
two:1.0
types:1.0
unless:1.0
one:1.0
scsi/ide:1.0
cards:1.0
available:1.0
turn:1.0
true:1.0
impression:1.0
people:1.0
net:1.0
working:1.0
together:1.0
im:2.386294361119891
running:1.0
home:1.0
ok:1.0
cumpter:1.0
turned:1.0
right:1.0
boot:1.0
bsd/386:1.0
system:1.0
using:1.0
adaptec:1.0
1542b:1.0
no-name:1.0
el-cheapo:1.0
card:1.0
well:1.0
seems:1.0
anythiing:1.0
forgetting:1.0
really:1.0
appreciated:1.0
lost:1.0
uk.ac.ox.physchem:1.0
hoskyns:1.6931471805599454
group:1.0
plc:1.0
hoskyns.co.uk:1.0
tel:1.6931471805599454
uk:1.0
71:1.0
251:1.0
2128:1.0
ibm:1.0
austin:1.0
usa:1.0
512:1.0
838:1.0
3377:1.0
