brand:2.386294361119891
addvax.llnl.gov:1.6931471805599454
hal:1.6931471805599454
r:1.6931471805599454
llnl:1.6931471805599454
510-422-6312:1.0
subject:1.0
comments:1.0
texel:1.6931471805599454
5024:1.6931471805599454
cd-rom:2.09861228866811
drive:2.09861228866811
sought:1.0
anyone:1.0
recommendations/warnings:1.0
competitors:1.0
im:1.0
looking:1.0
connection:1.0
pas-16:1.0
scsi:1.0
port:1.0
