lee:2.386294361119891
tosspot.sv.com:1.6931471805599454
reynolds:1.0
subject:1.0
magitronic:1.6931471805599454
bbs:1.6931471805599454
hm:1.0
ive:1.0
found:1.0
dtk:1.0
customer:1.0
support:1.0
anyone:1.0
know:1.0
run:1.0
one:1.0
hands:1.0
possibly:1.0
useful:1.0
cards:1.0
made:1.0
either:1.0
manufacturer:1.0
docs:1.0
drivers:1.0
g:1.0
please:1.0
email:1.0
directly:1.0
happen:1.0
number:1.0
