mt:1.0
olympus:1.0
zeus:1.0
son:1.0
cronus:1.0
subject:1.0
17:1.0
monitors:2.09861228866811
article:1.6931471805599454
1r5243:1.0
hvd:1.0
gazette.bcm.tmc.edu:1.0
tso:2.386294361119891
cephalo.neusc.bcm.tmc.edu:1.6931471805599454
dan:1.6931471805599454
writes:1.6931471805599454
c5pisw.kq8:1.0
cs.mcgill.ca:1.6931471805599454
gerardis:1.0
gif:1.0
emporium:1.0
nec:2.09861228866811
5fg:2.791759469228055
also:1.0
available:1.0
5fge:2.09861228866811
difference:1.0
accucolor:1.6931471805599454
experiences:1.0
opinions:1.0
people:1.0
used:1.6931471805599454
would:1.0
appreciated:1.0
since:1.0
want:1.0
get:1.0
one:1.0
right:1.0
exams:1.0
done:1.0
ie:1.6931471805599454
week:1.0
think:1.6931471805599454
great:1.0
havent:1.0
seen:1.0
nanaos:1.0
cant:1.6931471805599454
compare:1.0
image:1.0
sharp:1.0
color:1.6931471805599454
contrast:1.0
extremely:1.0
good:1.6931471805599454
ive:1.0
trinitron:1.6931471805599454
e.g:1.0
sun:1.0
ss2:1.0
19:1.0
least:1.0
perhaps:1.0
brighter:1.0
none:1.0
silly:1.0
horizontal:1.0
lines:1.0
running:1.0
across:1.0
btw:1.0
could:1.0
wrong:1.0
thought:1.0
slower:1.0
well:1.0
missing:1.0
may:1.0
able:1.0
handle:1.0
1280x1024:1.6931471805599454
way:1.0
believe:1.0
pc:1.0
mag:1.0
said:1.0
cheers:1.0
div:1.0
neuroscience:1.0
713-798-3100:1.0
baylor:1.6931471805599454
college:1.0
medicine:1.0
1:1.0
plaza:1.0
s603:1.0
houston:1.0
tx:1.0
77030:1.0
newsgrazer:1.0
nextstep:1.0
tm:1.0
news:1.0
reader:1.0
posting:1.0
uqr:1.0
8p7:1.0
n:3.4849066497880004
7:2.791759469228055
9o:1.0
g1t8fq:1.0
9c:1.0
9fuo9:1.0
5r:1.6931471805599454
b:2.6094379124341005
w5r:65r.wt*7:1.0
ua:1.6931471805599454
f=l,3:1.0
p:2.9459101490553135
eqm87:1.0
g:2.791759469228055
c:2.386294361119891
r:3.8903717578961645
r9:1.0
qt:2.386294361119891
dv:1.0
p71x:1.0
0x:1.0
u-s8p71x-c:1.0
v:2.6094379124341005
x-c0p71x.38p:1.0
qf:1.0
qb:1.0
qi:1.6931471805599454
qu:1.0
9g:1.6931471805599454
g1i8vqe:1.6931471805599454
pq:1.0
c4r:1.0
d:9d0:1.0
f5t:1.0
4n8f-m+g1m8rye94:1.0
1s:1.0
c97:1.0
h86qo+fye=7-c+f:1.0
2yt:1.0
6:2.09861228866811
m961u:1.0
86x:1.6931471805599454
5:2.9459101490553135
rd:1.0
w:3.3978952727983707
5s.ep*/b:1.0
q:2.6094379124341005
m2w:1.0
x0:1.0
s+fuc9vel:1.0
yc83x:1.0
9v5r87:1.0
d:7:1.0
8w:1.0
6-g:6ql+f-a:1.0
a4:1.0
4:2.791759469228055
m1te:1.0
5m:1.0
r:75m*2:1.0
fet97:1.0
z7:1.0
h:3.302585092994046
xn+bx:1.0
3d5:1.0
1r:1.6931471805599454
f:2.6094379124341005
l:2.09861228866811
879a:6qa8fqe:1.0
1h92:2.386294361119891
14:1.6931471805599454
4992:1.0
9:1.0
ef9f5r96yc:1.0
m92q:1.0
cx:3.1972245773362196
fyo:1.0
0u5:1.0
3tq/4b:1.0
i+b:1.0
06yy:1.0
5x:1.0
5r:65n8v5s:1.0
m:6yi:1.0
vys:1.0
9r:1.0
vt:1.0
5o:1.0
qe:1.0
h879e:1.0
5s961:1.0
g1h92:1.0
m-49:1.0
o=6qd:1.6931471805599454
e:2.791759469228055
e8vea:1.0
5d:1.0
f-e:1.0
g970:1.0
vye:1.0
i9vat:1.0
5r7:1.0
ym:1.0
2:2.791759469228055
f4:1.6931471805599454
86ql:1.0
1o:1.0
ee:1.0
m.b:1.0
a8f:1.0
u:1.6931471805599454
e96l:1.0
i+ep*/b:1.0
4d:1.0
v92:1.0
m1r:1.0
f0:2.386294361119891
ai:1.6931471805599454
fl:1.6931471805599454
70:1.0
9w:1.0
e870n:1.0
v96xg:1.0
s965n:1.0
m86ya:1.0
r=s:1.0
8v:1.6931471805599454
w0:1.6931471805599454
r92p:1.0
8g5t:1.0
u1d:1.0
6ua:1.0
m9v4:1.0
f5r:1.0
ae:2.6094379124341005
g1r87-t:1.0
es7:1.0
1r96ue:1.0
dj:1.0
v0n:1.0
dg=f4:1.0
7-e9:1.0
fen:71r:1.6931471805599454
vx:1.0
n:71o:1.0
4n9rx:1.0
82:1.0
3=6x:1.0
4u:1.0
r7:1.0
uo:1.0
fet:1.0
ec:1.0
vxi:1.0
l96:1.0
p*/b:1.6931471805599454
p97:1.0
h87:1.0
r:6=h:1.0
vye*b:1.0
o9b:1.0
5s92:1.0
s:6ql:1.0
f5s:1.0
fyi:1.0
86-r:1.0
w-s+ep*/b:1.0
0e17:1.0
vyg:1.0
b=70:1.0
m22:1.0
u9vat:1.0
1h870:1.0
1v4:1.0
vqo=v5r:1.0
m87:1.0
6es:1.0
ven9r:1.0
0t-50t:1.0
3u:1.0
et:1.0
8f4:1.0
86:1.0
l92:1.0
m86yd:1.0
3:1.0
x:1.0
w87d:1.0
1up*/b:1.0
c86xn7:1.0
m7:1.0
ee=f4:1.0
a:60:1.0
4912:1.0
c86xg:1.0
c0n7:1.0
ep:1.0
0d:1.0
0vae97:1.0
0e:1.0
up*/b:1.6931471805599454
78n:1.0
ye=7:1.0
v-i96yc92:1.0
m,3:1.0
m-sdx+3:1.0
0f:1.0
qe9v4:1.0
v8:1.0
365d:6-i:1.0
f5:1.0
87el:1.0
qa:1.0
4s8p:1.0
w5s:1.0
46:1.0
8v5p:1.0
ryn975s:1.0
78ryb8vtn:1.0
uc+f5d=2:1.0
0h:1.0
