mostert:2.386294361119891
itu1:1.0
9135529:1.0
mnr:1.0
subject:1.0
et4000:1.6931471805599454
linear:1.6931471805599454
mode:1.6931471805599454
hi:1.0
heard:1.0
1mb:1.0
video:1.6931471805599454
memory:1.6931471805599454
linearly:1.0
accesibly:1.0
instead:1.0
usual:1.0
64k:1.0
pages:1.0
anyone:1.0
know:1.0
enable:1.0
address:1.0
mapped:1.0
stellenbosch:1.0
rsa:1.0
cs.sun.ac.za:1.0
