cs902033:1.0
cs.yorku.ca:1.0
chin:1.0
h:1.0
lam:1.0
subject:1.0
gateway:1.6931471805599454
2000:1.6931471805599454
zeos:1.0
compare:1.0
think:1.0
buying:1.0
new:1.0
computer:1.0
mail:1.0
order:1.0
looking:1.0
66v:1.0
systen:1.0
zeoss:1.0
system:1.0
better:1.0
terms:1.0
value:1.0
price:1.0
ungrade:1.0
service:1.6931471805599454
canada:1.0
wonder:1.0
level:1.0
states:1.0
thank:1.0
advice:1.0
thomas:1.0
