keith:2.09861228866811
sooty.pgd.hawaii.edu:1.0
horton:1.0
subject:1.0
cardinal:1.6931471805599454
9000:1.0
vl-bus:1.6931471805599454
graphics:1.6931471805599454
card:1.6931471805599454
anyone:1.0
experience:1.0
familiar:1.0
p9000:1.0
would:1.0
appreciate:1.0
knowing:1.0
think:1.0
capabilities:1.0
thanks:1.0
