frank:2.386294361119891
cs.yorku.ca:1.6931471805599454
pikelner:1.6931471805599454
subject:1.0
phone:1.0
number:1.6931471805599454
mitsumi:1.6931471805599454
im:1.0
trying:1.0
get:1.0
touch:1.0
anyone:1.0
technical:1.0
assistant:1.0
department:1.0
computer:1.0
science:1.0
v.v:1.0
york:1.0
university:1.0
toronto:1.0
canada:1.0
internet:1.0
