brand:2.386294361119891
s1.gov:1.6931471805599454
hal:1.6931471805599454
r:1.6931471805599454
subject:1.0
request:1.0
input:1.0
multispin:1.6931471805599454
cd-rom:1.6931471805599454
drives:1.0
im:1.0
looking:1.0
getting:1.0
external:1.0
reasonably:1.0
fast:1.0
350:1.0
ms:1.0
avg:1.0
access:1.0
time:1.0
drive:1.0
supports:1.0
photo:1.0
cd:1.0
multi:1.0
session:1.0
audio:1.0
output:1.0
scsi:1.6931471805599454
interface:1.0
connection:1.0
pas16:1.0
port:1.0
anyone:1.0
comments/experiences/warnings/recommendations:1.0
theyd:1.0
like:1.0
share:1.0
concerning:1.0
texel:1.0
dm-5024:1.0
and/or:1.6931471805599454
toshiba:1.0
txm-3401e:1.0
others:1.0
thanks:1.0
