tony:2.09861228866811
puma7.backyard.bellcore.com:1.0
kwong:1.6931471805599454
subject:1.0
ultrastor:2.09861228866811
ultrascsi:1.6931471805599454
hi:1.0
body:1.0
experience:1.0
driver:1.0
package:1.0
also:1.0
need:1.0
phone:1.0
number:1.0
book:1.0
find:1.0
company:1.0
listing:1.0
computer:1.0
shopper:1.0
thanks:1.0
advance:1.0
908:1.0
699-4130:1.0
