venaas:1.6931471805599454
flipper.pvv.unit.no:1.0
stig:1.6931471805599454
subject:1.0
promise:2.09861228866811
techhnology:1.0
caching:1.6931471805599454
ide:2.09861228866811
controller:2.386294361119891
article:1.0
c5t53q.6iq:1.0
dove.nist.gov:1.0
livigni:2.386294361119891
bldrdoc.gov:1.6931471805599454
david:1.6931471805599454
303-497-5898:1.0
writes:1.0
looking:1.0
help:1.0
right:1.0
place:1.0
anyone:1.0
experience:1.0
technology:1.6931471805599454
dc99m:1.0
ordered:1.0
one:1.6931471805599454
110:1.0
512k:1.0
installed:1.6931471805599454
questions:1.0
1:1.0
easy:1.6931471805599454
use:2.386294361119891
need:2.09861228866811
kind:1.0
tsrs:1.0
completely:1.0
transparent:2.09861228866811
system:2.09861228866811
board:1.0
wont:1.0
change:2.386294361119891
bios:2.09861228866811
configuration:1.0
yes:1.6931471805599454
like:1.0
ordinary:1.0
dont:1.6931471805599454
config:1.6931471805599454
2:1.0
drive:2.6094379124341005
work:1.6931471805599454
configured:1.0
explicity:1.0
type:1.0
works:1.0
usual:1.0
3:1.0
dual-drive:1.0
master:1.0
slave:1.0
problem:1.0
4:1.0
smartdrive:2.09861228866811
dos:1.0
buffers:2.09861228866811
depends:1.0
get:1.0
little:1.0
better:1.0
performance:1.0
addition:1.0
thats:1.0
access:1.6931471805599454
card:1.0
isa:1.0
bus:1.0
slower:1.0
ram:1.0
5:1.0
good:1.0
information:1.0
would:1.0
greatly:1.6931471805599454
appreciated:1.0
thanks:1.0
anything:1.0
stated:1.0
opinion:1.0
rule:1.0
great:1.0
people:1.0
admire:1.0
appear:1.0
thinking:1.6931471805599454
deep:1.0
thoughts:1.0
probably:1.0
lunch:1.0
