apapouts:1.6931471805599454
lotds.uucp:1.6931471805599454
anestis:1.0
papoutsis:1.0
subject:1.0
canon:1.6931471805599454
canada:1.6931471805599454
would:1.0
someone:1.0
please:1.0
leave:1.0
full:1.0
address:1.0
thank:1.0
via:1.0
uci:1.0
v1.21:1.0
c-net:1.0
amiga:1.0
uucp:1.0
