seang:1.0
ddbeezer.dundee.ncr.com:1.0
sean:1.6931471805599454
gordon:1.6931471805599454
subject:1.0
help:1.0
need:1.0
mac:1.6931471805599454
se:1.6931471805599454
modem:2.09861228866811
port:2.386294361119891
pc:1.6931471805599454
25:1.6931471805599454
way:1.6931471805599454
serial:1.6931471805599454
cable:1.0
im:1.0
trying:1.0
connect:1.0
someone:1.0
provide:1.0
wiring:1.0
diagram:1.0
null:1.0
lead:1.0
setup:1.0
please:1.0
use:1.0
email:1.0
since:1.0
news:1.0
feed:1.0
bit:1.0
quirky:1.0
thanks:1.0
advance:1.0
sean.gordon:1.0
dundee.ncr.com:1.0
include:1.0
stdio.h:1.0
ncr:1.0
e:1.6931471805599454
ltd:1.0
long:1.0
a=10000:1.0
b:2.6094379124341005
c=2800:1.0
f:2.09861228866811
2801:1.0
g:1.6931471805599454
main:1.0
b-c:1.0
tel:1.0
0382:1.6931471805599454
592586:1.0
a/5:1.0
d=0:1.0
g=c*2:1.0
c-=14:1.0
printf:1.0
4d:1.0
e+d/a:1.0
fax:1.0
622243:1.0
e=d:1.0
b=c:1.0
d+=f:1.0
d/=g:1.0
d*=b:1.0
