tp924353:1.0
kari.canberra.edu.au:1.0
jason:1.0
wolfgang:1.0
hecker:1.0
subject:1.0
problems:1.0
parallel:1.6931471805599454
i/o:1.0
writing:1.0
program:1.0
uses:1.0
port:1.0
problem:1.6931471805599454
need:1.0
generate:1.6931471805599454
interrupt:1.0
ack:1.0
line:1.0
pulsed:1.0
get:1.0
occur:1.0
unable:1.0
succesive:1.0
interrupts:1.0
someone:1.0
suggest:1.0
may:1.0
resolve:1.0
thanks:1.0
