masten:2.09861228866811
beta.lanl.gov:1.6931471805599454
david:1.0
subject:1.0
info:1.0
motherboard:1.6931471805599454
warehouse:1.6931471805599454
anyone:1.0
share:1.0
experiences:1.0
good:1.0
bad:1.0
tempe:1.0
vendor:1.0
named:1.0
im:1.0
considering:1.0
purchasing:1.0
one:1.6931471805599454
486dx2/66:1.0
boards:1.0
selling:1.0
points:1.0
10:1.0
day:1.0
full:1.0
money:1.0
back:1.0
guarantee:1.0
thanks:1.0
advance:1.0
dave:1.0
