uc532838:1.6931471805599454
mizzou1.missouri.edu:1.6931471805599454
handy:1.6931471805599454
subject:1.0
help:1.6931471805599454
needed:1.0
installing:1.0
2nd:1.0
ide:2.09861228866811
hd:2.386294361119891
greetings:1.0
im:1.0
novice:1.0
messing:1.0
comp:1.0
hardware:1.0
original:1.0
42mb:1.6931471805599454
western:1.6931471805599454
digital:1.0
came:1.0
system:1.0
bought:1.0
got:1.0
213mb:1.0
maxtor:1.6931471805599454
wanted:1.0
add:1.0
slave:1.6931471805599454
drive:1.0
change:1.6931471805599454
jumper:1.0
settings:1.0
213a:1.6931471805599454
configure:1.0
drv:1.0
didnt:1.6931471805599454
anything:1.0
42m:1.6931471805599454
dig:1.0
since:1.0
doc:1.0
predicted:1.0
beeped:1.0
gave:1.0
error:1.0
message:1.0
hdd:1.0
controller:1.0
take:1.0
install:1.0
matter:1.0
would:1.0
much:1.6931471805599454
appreciated:1.0
trashed:1.0
thankx:1.0
trisakti:1.0
