michael.b.taylor:1.0
dartmouth.edu:1.0
michael:1.6931471805599454
b:1.0
taylor:1.6931471805599454
subject:1.0
new:1.0
1:1.6931471805599454
gig:2.09861228866811
scsi-2:2.09861228866811
3.5:1.6931471805599454
5400:1.0
rpm:1.6931471805599454
drives:2.09861228866811
ratings:1.0
ive:1.0
noticed:1.0
recent:1.0
proliferation:1.0
particular:1.0
fujitsu:1.0
2694:1.0
micropolis:1.0
2112:1.0
also:1.0
maxtor:1.0
lxt1240s:1.0
6100:1.0
1.2:1.0
drive:1.0
quite:1.0
cheap:1.0
nice:1.0
3-5:1.0
year:1.0
warranties:1.0
questions:1.0
catch:1.0
one:1.6931471805599454
better:1.6931471805599454
type:1.0
use:1.0
service:1.0
generally:1.0
manufacturers:1.0
prices:1.0
likely:1.0
go:1.0
soon:1.0
reason:1.0
thanks:1.0
