slzw0:1.0
cc.usu.edu:1.0
subject:1.0
wanted:1.0
386dx-33:1.6931471805599454
motherboard:1.6931471805599454
anyone:1.0
wants:1.0
sell:1.0
used:1.0
one:1.0
please:1.0
let:1.0
know:1.0
price:1.0
specification:1.0
also:1.0
interested:1.0
buying:1.0
trident:1.0
vga:1.0
card:1.0
1meg:1.0
park:1.0
