randy:1.6931471805599454
ellingson:1.0
subject:1.0
scsi:2.6094379124341005
ide:2.6094379124341005
bottom:1.0
line:1.0
would:2.6094379124341005
choose:1.0
like:2.09861228866811
lots:1.0
people:1.0
id:1.0
really:1.0
increase:1.0
data:1.0
transfer:2.09861228866811
rate:1.6931471805599454
hard:2.09861228866811
drive:2.386294361119891
right:1.6931471805599454
15ms:1.6931471805599454
210mb:1.0
seagate:1.0
1239a:1.0
standard:1.0
controller:1.6931471805599454
card:1.6931471805599454
isa:2.09861228866811
486-50:1.0
im:2.09861228866811
currently:1.0
thinking:1.6931471805599454
adding:1.0
another:1.0
hd:1.6931471805599454
300mb:1.0
500mb:1.0
range:1.0
buying:1.0
future:1.0
benefit:1.0
believe:1.0
getting:1.0
something:1.0
890kb/sec:1.0
according:1.0
nu:1.0
number:1.0
compare:1.0
bought:1.0
state-of-the-art:1.6931471805599454
pc:1.0
best:1.0
system:1.6931471805599454
could:1.6931471805599454
hope:1.0
obviously:1.0
money:1.0
factors:1.0
choice:1.0
well:1.0
want:1.0
use:1.0
much:1.6931471805599454
cost:1.6931471805599454
along:1.0
lines:1.0
kind:1.0
see:1.0
hds:1.0
buy:1.0
top-of-the-line:1.0
caching:1.0
200mb:1.0
thanks:1.0
comments:1.0
