bb760597:1.6931471805599454
longs.lance.colostate.edu:1.6931471805599454
blake:1.6931471805599454
buhlig:1.6931471805599454
subject:1.0
dell:1.6931471805599454
ariel:1.6931471805599454
design:1.6931471805599454
austin:1.6931471805599454
insight:1.6931471805599454
royal:1.6931471805599454
hd:1.6931471805599454
computers:1.6931471805599454
ok:1.0
ive:1.0
heard:1.0
comtrade:1.0
gateway:1.0
tc:1.0
various:1.0
others:1.0
impressions/dealings:1.0
responses:1.6931471805599454
e-mail:1.0
preferred:1.0
reduce:1.0
usenet:1.0
bandwidth:1.0
summarize:1.0
another:1.0
posting:1.0
week:1.0
colorado:1.0
state:1.0
university:1.0
electrical/computer:1.0
engineering:1.0
