nelson:2.09861228866811
crynwr.com:1.6931471805599454
russell:1.0
subject:1.0
ip:2.09861228866811
numbers:1.6931471805599454
ethernet:2.791759469228055
cards:1.0
article:1.0
1993apr21.162512.217:1.0
uvm.edu:1.0
djohnson:1.0
moose.uvm.edu:1.0
writes:1.0
possible:1.0
either:1.0
pin:1.0
configuration:1.0
software:2.386294361119891
programming:1.0
change:1.6931471805599454
card:1.6931471805599454
doesnt:1.0
use:1.6931471805599454
number:1.0
32-bits:1.0
usually:1.6931471805599454
uses:1.0
address:2.09861228866811
48-bits:1.0
never:1.0
run:1.0
across:1.0
controller:1.0
programmed:1.0
assigned:1.6931471805599454
decnet:1.0
requires:1.0
feature:1.0
however:1.0
said:1.0
reason:1.0
ever:1.0
globally:1.0
unique:1.0
first:1.0
three:1.6931471805599454
bytes:1.0
manufacturer:1.6931471805599454
ieee:1.0
last:1.0
russ:1.0
canst:1.0
thou:1.0
say:1.0
crynwr:1.6931471805599454
sells:1.0
packet:1.0
driver:1.0
support:1.0
11:1.0
grant:1.0
st:1.0
315-268-1925:1.0
voice:1.0
lpf:1.0
member:1.0
ask:1.0
potsdam:1.0
ny:1.0
13676:1.0
315-268-9201:1.0
fax:1.0
harm:1.0
patents:1.0
