ins413j:1.0
mdw056.cc.monash.edu.au:1.0
markfried:1.6931471805599454
fellensiek:1.0
subject:1.0
high-performance:1.0
vlb:1.0
video:1.6931471805599454
card:1.6931471805599454
2-the-max:1.0
vesa:1.0
vl:1.0
controller:1.0
cirus:1.0
logic:1.0
chipset:1.0
2mb:1.0
ram:1.0
24-bit:1.0
color:1.0
1280x1024:1.0
ni:1.0
xfree1.2:1.0
2.0:1.0
support:1.0
please:1.0
post:1.0
email:1.0
