gene:2.386294361119891
jackatak.raider.net:2.09861228866811
wright:1.6931471805599454
subject:1.0
wheres:1.6931471805599454
best:1.6931471805599454
place:2.09861228866811
find:1.6931471805599454
used:2.09861228866811
pcs:2.09861228866811
usenet:1.6931471805599454
otherwise:1.0
classified:1.0
type:1.0
ads:1.0
several:1.0
computer:1.0
makes:1.0
wanted:1.0
sections:1.0
compatibles:1.0
cheapest:1.0
nationally:1.0
buy:1.0
pc:1.0
systems:1.0
laptops:1.0
615:1.0
377-5980:1.0
