pgleason:1.6931471805599454
ncratl.atlantaga.ncr.com:1.6931471805599454
pat:1.6931471805599454
gleason:1.6931471805599454
subject:1.0
gateway:1.0
flash:1.0
bios:2.09861228866811
upgrade:1.0
11172:1.0
lhdsy1.lahabra.chevron.com:1.0
hwrvo:1.0
kato.lahabra.chevron.com:1.0
w.r:1.0
volz:1.0
writes:1.0
1:1.0
gain:1.0
new:1.0
fixed:1.6931471805599454
problem:2.09861228866811
us:1.0
getting:1.0
divide:1.0
errors:1.0
caused:1.0
gw:1.0
overwriting:1.0
interapplication:1.0
memory:1.0
area:1.0
clarion:1.0
database:1.0
programs:1.0
also:1.0
heard:1.0
brief:1.0
maybe:1.6931471805599454
something:1.6931471805599454
good:1.0
bad:1.0
guess:1.0
well:1.0
never:1.0
know:1.0
