rosa:1.6931471805599454
ghost.dsi.unimi.it:1.0
massimo:1.0
rossi:1.0
subject:1.0
l.b:1.6931471805599454
vs:1.0
vesa:1.0
hi:1.0
folks:1.0
386:1.0
25:1.0
mhz:1.6931471805599454
im:1.0
buying:1.0
new:1.0
486:2.386294361119891
first:1.0
question:1.0
best:1.6931471805599454
way:1.0
share:1.6931471805599454
hard:1.0
disks:1.0
printer:1.0
p.s:1.0
two:1.0
pc:1.0
far:1.0
10:1.0
meter:1.0
like:1.6931471805599454
use:1.0
parallel:1.0
port:1.0
ethernet:1.0
card:2.386294361119891
resource:1.0
dos:1.0
linux:1.0
os2.1:1.0
windows:1.0
3.1:1.0
nt:1.0
2:1.0
think:1.0
buy:2.6094379124341005
dx2:1.0
50mzh:1.0
local:2.6094379124341005
bus:2.6094379124341005
heard:1.6931471805599454
board:1.0
coulndt:1.0
work:1.6931471805599454
properly:1.0
cause:1.0
incompatibilites:1.0
true:1.6931471805599454
dx:1.0
50:1.0
better:2.09861228866811
solution:1.0
case:1.0
accelerated:2.09861228866811
svga:2.09861228866811
normal:1.6931471805599454
ide:1.6931471805599454
controller:2.09861228866811
non:1.0
3:1.0
possibly:1.0
color:1.0
price:1.0
4:1.0
need:1.0
cd:1.6931471805599454
cheapest:1.0
able:1.0
read:1.0
musical:1.0
photo:1.0
kodak:1.0
computer:1.0
rom:1.0
sony:1.0
mitsumi:1.0
thank:1.0
everyone:1.0
anserw:1.0
ghost.sm.dsi.unimi.it:1.0
