rosa:1.6931471805599454
ghost.dsi.unimi.it:1.0
massimo:1.0
rossi:1.0
subject:1.0
philips:1.0
pro:1.0
3cm9809:1.0
monitor:1.6931471805599454
hi:1.0
guys:1.0
anyone:1.0
could:1.0
tell:1.0
resolution:1.0
work:1.6931471805599454
course:1.0
support:1.0
640x480:1.0
800x600:1.0
1024x768:1.0
cirrus:1.0
card:1.0
seems:1.0
dont:1.0
clues:1.0
written:1.0
max:1.0
ghost.sm.dsi.unimi.it:1.0
