gtj:1.0
goanna.cs.rmit.oz.au:1.0
glenn:1.6931471805599454
jayaputera:1.6931471805599454
subject:1.0
change:1.6931471805599454
cluster:1.6931471805599454
size:1.6931471805599454
wondering:1.0
somebody:1.0
could:1.0
tell:1.0
ide:1.6931471805599454
drive:1.0
normally:1.0
nortons:1.0
calibrat:1.0
mfm/rll:1.0
drives:1.0
dunno:1.0
