david:2.386294361119891
c-cat.uucp:1.0
dave:1.0
subject:1.0
courier:2.6094379124341005
vs:1.0
sportster:2.386294361119891
da416:1.0
cleveland.freenet.edu:1.0
andy:1.0
nicola:1.0
writes:1.0
previous:1.0
article:1.0
cs3sd3ae:1.0
maccs.mcmaster.ca:1.0
holly:1.0
ks:1.0
says:1.0
difference:1.6931471805599454
us:1.0
robotics:1.0
v32bis:1.0
external:1.6931471805599454
14400:1.0
see:1.0
price:1.6931471805599454
dramatical:1.0
dropped:1.0
200:1.0
remains:1.0
400:1.0
anyone:1.6931471805599454
knowledge:1.0
modems:1.6931471805599454
owns:1.0
14.4:1.0
v.42:2.09861228866811
error:1.6931471805599454
control:1.0
bis:1.0
data:1.0
compression:1.6931471805599454
becoming:1.0
standard:1.6931471805599454
high:1.0
speed:1.0
run:1.6931471805599454
16.8:1.0
hst:1.6931471805599454
mode:1.0
courrier:1.6931471805599454
16800:1.0
dual:1.0
usr:1.0
modem:1.0
600:1.0
14,400:1.0
correction:1.0
much:1.0
v.32:1.0
v.32bis:1.0
v.42bis:1.0
v.22:1.0
etc:1.6931471805599454
asl:1.6931471805599454
whatever:1.0
china:1.0
cat:1.0
bbs:1.0
c-cat:1.6931471805599454
sed.csc.com:1.0
301:1.0
604-5976:1.0
1200-14,400:1.0
8n1:1.0
uunet:1.0
mimsy:1.0
anagld:1.0
