ab245:1.0
cleveland.freenet.edu:1.0
sam:1.6931471805599454
latonia:1.0
subject:1.0
monitors:1.6931471805599454
nanao:1.0
good:1.6931471805599454
report:1.0
list:1.0
months:1.0
issue:1.6931471805599454
computer:1.0
shoppers:1.0
magazine:1.0
phone:1.0
munbers:1.0
april:1.0
2.99:1.0
gosh..i:1.0
think:1.0
installed:1.0
virus..it:1.0
called:1.0
ms:1.0
dos6:1.0
dont:1.0
copy:1.0
floppy..burn:1.0
love:1.0
windows:1.0
crash:1.0
