djs6015:2.386294361119891
ultb.isc.rit.edu:1.0
smith:2.09861228866811
subject:1.0
q:1.0
address:2.09861228866811
zoom:1.6931471805599454
v.32bis:1.0
modem:1.0
strange:1.0
problems:1.0
would:1.0
like:1.0
contact:1.0
manufacturer:1.0
box:1.0
any1:1.0
telephone:1.0
number:1.0
thanx:1.0
ultb.rit.edu:1.6931471805599454
ritvax.bitnet:1.0
finger:1.0
pgp2.1:1.0
public:1.0
key:1.0
