tmc:2.09861228866811
spartan.ac.brocku.ca:1.6931471805599454
tim:1.0
ciceran:1.0
subject:1.0
cached:1.6931471805599454
hardrives:1.0
reading:1.0
many:1.0
postings:1.0
concerning:1.0
hard:1.6931471805599454
drives:1.6931471805599454
im:1.0
still:1.0
unclear:1.0
one:1.0
thing:1.0
new:1.0
cache:1.0
drive:1.0
separate:1.0
like:1.0
controller:1.0
something:1.0
thanks:1.0
anyone:1.0
clear:1.0
