goyal:1.6931471805599454
utdallas.edu:1.0
mohit:1.0
k:1.0
subject:1.0
looking:2.09861228866811
comments:1.6931471805599454
compaq:1.0
deskpros:1.0
hello:1.0
experience/knowledge/comments/advice/etc:1.0
compaqs:1.0
eisa:1.0
deskpro:1.0
machines:1.0
please:1.0
reply:1.0
preferably:1.0
via:1.0
email:1.0
im:1.0
thinking:1.0
getting:1.0
one:1.0
user:1.0
thanks:1.0
ps-im:1.0
66/m:1.0
