ab245:1.0
cleveland.freenet.edu:1.0
sam:1.0
latonia:1.0
subject:1.0
gateway:1.0
monitor:1.0
problem:1.0
help:1.0
ever:1.0
notice:1.0
99:1.0
problems:1.0
people:1.0
run:1.0
windows:1.6931471805599454
thanks:1.0
ms:1.6931471805599454
gosh..i:1.0
think:1.0
installed:1.0
virus..it:1.0
called:1.0
dos6:1.0
dont:1.0
copy:1.0
floppy..burn:1.0
love:1.0
crash:1.0
