itbijv:1.6931471805599454
puknet.puk.ac.za:1.6931471805599454
isak:2.09861228866811
venter:1.6931471805599454
subject:1.0
bios:2.09861228866811
passwords:1.6931471805599454
hope:1.0
theres:1.0
somebody:1.0
help:1.6931471805599454
us:1.0
students:1.0
change:1.0
ami:1.0
computers:1.0
set:1.0
always:1.0
wed:1.0
like:1.0
know:1.0
way:1.0
bypass:1.0
remove:1.6931471805599454
password:1.0
tried:1.0
switching:1.0
avail:1.0
battery:1.0
soldered:1.0
bord:1.0
three:1.0
machines:1.0
still:1.0
guarentee:1.0
would:1.0
cant:1.6931471805599454
batteries:1.0
thanks:1.0
money:1.0
buy:1.0
happiness:1.0
surely:1.0
pays:1.0
illusion:1.0
