obl:1.0
gabi.ap.mchp.sni.de:1.0
oliver:1.6931471805599454
blankenheim:1.0
subject:1.6931471805599454
16550:2.09861228866811
v:1.0
16550a:2.09861228866811
article:1.0
1993apr22.042310.39296:1.0
ns1.cc.lehigh.edu:1.0
write:1.0
whats:1.0
difference:1.6931471805599454
uart:1.6931471805599454
thanks:1.0
got:1.0
bugs:1.0
used:1.0
whithout:1.0
problems:1.0
even:1.0
fast:1.0
serial:1.0
communications:1.0
sources:1.6931471805599454
say:1.0
16550afn:1.0
nat:1.0
semi:1.0
i.e:1.0
second:1.0
really:1.0
ok:1.0
best:1.0
wishes:1.0
