gkoh:1.0
athena.mit.edu:1.0
glenn:1.0
koh:1.0
subject:1.0
gateway:1.6931471805599454
monitor:2.386294361119891
problem:1.6931471805599454
help:1.0
believe:1.0
system:1.0
micron:1.0
computers:1.0
15:1.0
mag:1.0
1564:1.0
symptoms:1.0
whats:1.0
removing:1.0
extension:1.0
cable:1.0
thanks:1.0
info:1.0
