pchang:1.6931471805599454
ic.sunysb.edu:1.6931471805599454
pong:1.0
chang:1.0
subject:1.0
ad-lib:2.09861228866811
wav:1.6931471805599454
driver:1.0
currently:1.0
card:1.0
play:1.6931471805599454
mid:1.0
files:1.6931471805599454
windows:1.0
startup:1.0
called:1.0
microsoft:1.0
help:1.0
call:1.0
since:1.0
went:1.0
belly:1.0
anyone:1.0
know:1.0
special:1.0
drivers:1.0
need:1.0
thanx:1.0
ad-libvance:1.0
c_ommon:1.0
s_ensestate:1.0
university:1.0
new:1.0
york:1.0
stony:1.0
brook:1.0
e_ngineer:1.0
