ers:1.6931471805599454
data.skanska.se:1.0
erik:1.6931471805599454
svensson:1.6931471805599454
subject:1.0
maxtor:1.6931471805599454
7080at:1.6931471805599454
jumper:1.6931471805599454
settings:1.6931471805599454
need:1.0
know:1.0
master:1.0
and/or:1.0
slave:1.0
operation:1.0
80mb:1.0
ide:1.0
hard:1.0
disk:1.0
thanks:1.0
advance:1.0
skanska.se:1.0
tel:1.0
46-8-7538112:1.0
skanska:1.0
data:1.0
s-182:1.0
25:1.0
danderyd:1.0
sweden:1.0
fax:1.0
46-8-7538306:1.0
