jenkinch:1.0
ucs.orst.edu:1.0
charley:1.6931471805599454
jenkins:1.0
subject:1.0
isa:1.6931471805599454
cant:1.0
use:1.0
16:1.6931471805599454
megs:1.6931471805599454
ram:1.6931471805599454
o.k:1.0
computer:1.0
literate:1.0
done:1.0
machine:1.0
please:1.0
e-mail:1.0
thanks:1.0
advance:1.0
