ken:2.09861228866811
jazz.concert.net:1.6931471805599454
whitfield:1.0
subject:1.0
help:1.0
floppy:1.6931471805599454
problem:1.0
3.5:1.0
drive:1.6931471805599454
stopped:1.0
recognizing:1.0
low:1.0
density:1.0
720k:1.0
floppies:1.0
controller:1.0
works:1.0
fine:1.0
another:1.0
system:1.6931471805599454
told:1.0
could:1.0
dma:1.0
chip:1.6931471805599454
386dx-25:1.0
using:1.0
chips:1.0
technology:1.0
set:1.0
im:1.0
open:1.0
suggestions:1.0
please:1.0
send:1.0
replies:1.0
thanks:1.0
advance:1.0
