s923257:1.0
minyos.xx.rmit.oz.au:1.0
ming:1.6931471805599454
ean:1.0
chew:1.0
subject:1.0
help:1.0
com:2.09861228866811
port:1.6931471805599454
problems:1.6931471805599454
mouse:2.09861228866811
hello:1.0
want:1.0
know:1.0
spoilt:1.0
create:1.0
gets:1.0
stuck:1.0
screen:1.0
press:1.0
button:1.0
able:1.0
move:1.0
around:1.0
shareware:1.0
utility:1.0
program:1.0
diagnose:1.0
ports:1.0
thanks:1.0
