hartzman:2.386294361119891
kilroy.jpl.nasa.gov:1.6931471805599454
les:2.09861228866811
subject:1.0
low:1.6931471805599454
emission:1.6931471805599454
monitors:1.6931471805599454
besides:1.6931471805599454
nec:1.6931471805599454
anyone:1.0
else:1.0
make:1.0
radiation:1.0
compare:1.0
necs:1.0
quality:1.0
emission-wise:1.0
tia:1.0
jet:1.0
propulsion:1.0
laboratory:1.0
m/s:1.0
238-528:1.0
818:1.0
354-5964:1.0
4800:1.0
oak:1.0
grove:1.0
dr:1.0
pasadena:1.0
ca:1.0
91109:1.0
