zander:1.6931471805599454
eclipse.sheridanc.on.ca:1.0
mark:1.0
subject:1.0
read-only:1.6931471805599454
harddrive:1.0
computers:1.0
sheridan:1.0
college:1.0
files:2.09861228866811
would:2.09861228866811
like:1.0
make:1.6931471805599454
read:2.09861228866811
used:1.0
dos:1.0
attrib:1.6931471805599454
command:1.0
people:1.0
carry:1.0
around:1.0
program:1.0
pockets:1.0
still:1.0
able:1.0
erase:1.0
important:1.6931471805599454
software:1.0
packages:1.0
entire:1.0
drive:2.386294361119891
example:1.0
partition:1.0
two:1.0
partitions:1.0
first:1.0
contain:1.0
second:1.0
could:1.0
write:1.0
enquiries:1.0
help:1.0
appreciated:1.0
thanx:1.0
mark.zander:1.0
sheridanc.on.ca:1.0
