michael:2.6094379124341005
jester.gun.de:1.6931471805599454
gerhards:1.6931471805599454
subject:1.0
null:1.6931471805599454
modem:2.09861228866811
cable:1.6931471805599454
kevin:1.0
kimmell:1.0
computer:1.0
science/german:1.0
undergrad:1.0
ke_kimmell:1.0
vax.cns.muskingum.edu:1.0
wrote:1.0
interrested:1.0
extrodinarily:1.0
simple:1.0
concept:1.0
actually:1.0
idea:1.0
dont:2.09861228866811
count:1.0
last:1.0
statement:1.0
im:1.0
asking:1.0
pins:1.6931471805599454
use:1.6931471805599454
specifications:1.0
want:1.0
solder:1.0
one:1.6931471805599454
instead:1.0
buying:1.0
even:1.0
know:1.6931471805599454
port:1.0
used:2.386294361119891
db-25db-9:1.0
pin:2.6094379124341005
nameeiaccittdte-dcedescription:1.0
1fgaa:1.0
101:1.0
frame:1.0
ground:1.6931471805599454
23tdba:1.0
103:1.0
transmitted:2.09861228866811
data:3.302585092994046
32rdbb:1.0
104:1.0
received:1.0
47rtsca:1.0
105:1.0
request:1.6931471805599454
send:2.386294361119891
58ctscb:1.0
106:1.0
clear:1.6931471805599454
66dsrcc:1.0
107:1.0
set:1.6931471805599454
ready:1.6931471805599454
75sgab:1.0
102:1.0
signal:1.6931471805599454
81dcdcf:1.0
109:1.0
carrier:1.6931471805599454
detect:1.6931471805599454
9:1.0
positive:1.0
dc:1.6931471805599454
test:1.6931471805599454
voltage:1.6931471805599454
10:1.0
negative:1.0
11qm:1.0
equalizer:1.0
mode:1.0
12sdcdscf:1.0
122:1.0
secondary:2.6094379124341005
13sctsscb:1.0
121:1.0
14stdsba:1.0
118:1.0
15tcdb:1.0
114:1.0
transmitter:1.0
clock:2.6094379124341005
16srdsbb:1.0
119:1.0
receiver:2.09861228866811
17rcdd:1.0
115:1.0
18dcr:1.0
divided:1.0
19srtssca:1.0
120:1.0
204dtrcd:1.0
108.2:1.0
terminal:1.0
21sqcg:1.0
110:1.0
quality:1.0
229rice:1.0
125:1.0
ring:1.0
indicator:1.0
23:1.0
ch:1.0
111:1.0
rate:1.6931471805599454
selector:1.6931471805599454
24:1.0
ci:1.0
112:1.0
25tcda:1.0
113:1.0
another:1.0
posting:1.0
c.s.i.p.h:1.0
sorry:1.0
author:1.0
connecting:1.0
devices:1.0
normally:1.6931471805599454
7:1.0
wire:1.0
connection:2.09861228866811
connect:2.791759469228055
gnd1:1.6931471805599454
gnd2:1.6931471805599454
rxd1:1.6931471805599454
txd2:1.6931471805599454
txd1:1.6931471805599454
rxd2:1.6931471805599454
dtr1:1.6931471805599454
dsr2:1.6931471805599454
dsr1:1.6931471805599454
dtr2:1.6931471805599454
rts1:1.6931471805599454
cts2:2.09861228866811
cts1:2.09861228866811
rts2:1.6931471805599454
connected:1.0
add:1.0
lines:1.6931471805599454
following:1.0
ri:1.0
dcd:1.0
software:2.09861228866811
wants:1.0
dcd1:1.6931471805599454
dcd2:1.6931471805599454
beware:1.0
pcs:2.09861228866811
2:1.6931471805599454
rxd:1.6931471805599454
3:1.0
txd:1.6931471805599454
modems:1.0
reversed:1.0
allows:1.0
easily:1.0
pin1:1.6931471805599454
pin2:1.0
etc:1.0
two:1.6931471805599454
cross:1.0
hardware:1.0
handshaking:1.0
needed:1.0
so-called:1.0
null-modem:1.6931471805599454
additionally:1.0
needs:1.0
wont:1.0
need:1.0
long:1.0
wires:1.0
establish:1.0
xon/xoff-transmission:1.0
see:1.0
section:1.0
details:1.0
remember:1.0
names:1.0
dtr:1.6931471805599454
dsr:1.6931471805599454
cts:1.6931471805599454
rts:1.6931471805599454
refer:1.0
seen:1.0
pc:1.0
means:1.0
incoming:1.0
signals:1.0
outputs:1.0
end:1.0
preussenstrasse:1.0
59:1.0
germany:1.0
4040:1.0
neuss:1.0
voice:1.0
49:1.0
2131:1.0
82238:1.0
