lioness:1.0
maple.circa.ufl.edu:1.0
subject:1.0
joystick:2.09861228866811
disk:1.0
code:1.6931471805599454
kind:1.0
enough:1.0
mail:1.0
puked:1.0
specifically:1.0
looking:1.0
c:1.6931471805599454
read:1.6931471805599454
position:1.6931471805599454
without:1.0
using:1.0
int15h:1.0
i.e:1.0
accessing:1.0
port:1.0
0x200/0x201:1.0
directly:1.0
need:1.6931471805599454
becaues:1.0
memory:1.0
model:1.0
considerations:1.0
able:1.0
x:1.0
also:1.0
brian:1.0
