james:1.0
cassidy:1.0
ifjxc:1.0
asuacad.bitnet:1.0
subject:1.0
need:1.0
specs:1.0
western:2.09861228866811
digital:1.6931471805599454
ide:1.6931471805599454
hd:1.0
friend:1.0
mine:1.0
needs:1.0
spec:1.0
used:1.0
hard:1.0
drive:1.0
got:1.0
340:1.0
meg:1.0
1010:1.0
cylinders:1.0
12:1.6931471805599454
heads:1.0
believe:1.0
model:1.6931471805599454
number:1.6931471805599454
wd2340a:1.0
cant:1.0
sure:1.0
ms:1.0
3.5:1.0
info:1.0
would:1.0
appreciated:1.0
either:1.0
somone:1.0
knows:1.0
maybe:1.0
digitals:1.0
phone:1.0
thanks:1.0
