ka:1.0
hrojr.hr.att.com:1.0
kenneth:1.6931471805599454
almquist:1.6931471805599454
subject:1.0
20:2.6094379124341005
21:2.791759469228055
grayscale:1.0
displays:1.0
list:1.6931471805599454
large:1.0
least:1.0
18:1.0
inches:4.367295829986475
diagonal:3.833213344056216
monochrome:1.0
monitors:1.6931471805599454
computer:1.0
shopper:1.6931471805599454
lists:1.0
pc:3.8903717578961645
compatible:3.833213344056216
ive:2.09861228866811
omitted:1.0
radius:1.6931471805599454
states:1.0
longer:1.0
support:1.0
notice:1.0
nanao:2.09861228866811
one:1.0
supports:1.0
31.5khz:1.0
horizontal:3.833213344056216
frequency:1.6931471805599454
normally:1.0
used:1.0
vga:1.0
cards:1.6931471805599454
boot:1.0
guess:1.0
come:1.0
graphics:1.0
left:1.0
voice:1.0
mail:1.0
asking:1.0
send:1.0
literature:1.0
report:1.0
back:1.0
net:1.0
studied:1.0
prices:1.6931471805599454
given:1.0
appear:1.0
little:1.0
relationship:1.0
reality:1.0
cut:1.0
cornerstone:1.0
technology:1.0
1990:1.0
concourse:1.0
dr:1.0
san:1.6931471805599454
jose:1.0
ca:2.386294361119891
95131:1.0
408-435-8900:1.0
dualpage:1.6931471805599454
120:2.09861228866811
19:2.791759469228055
max:3.772588722239781
resolution:3.772588722239781
1600x1280:1.6931471805599454
frequencies:3.772588722239781
105khz:1.6931471805599454
76hz:1.0
vertical:3.772588722239781
dimensions:3.4849066497880004
19x18x17:1.6931471805599454
price:3.772588722239781
1495:1.0
ps/2:3.302585092994046
150:1.0
2048x1538:1.0
67hz:1.0
1595:1.0
ikegami:1.0
electronics:1.6931471805599454
u.s.a:1.0
inc:2.6094379124341005
37:1.0
brook:1.0
ave:1.6931471805599454
maywood:1.0
nj:1.0
07670:1.0
201-368-9171:1.0
dm-2010ad:1.0
1280x1024:2.6094379124341005
48-64khz:1.0
59-80hz:1.0
995:1.0
image:1.0
systems:1.6931471805599454
corp:2.09861228866811
11595:1.0
k-tel:1.0
hopkins:1.0
nm:1.0
55343:1.0
800-462-4370:1.0
612-935-1171:1.0
m21lmax:1.0
2048x1536:1.0
48-108khz:2.09861228866811
60-80hz:2.09861228866811
17x20x19:1.0
1995:1.6931471805599454
mac:3.1972245773362196
m21lv-65max:1.0
15-65khz:1.0
55-90hz:1.6931471805599454
4695:1.0
m21pmax:1.0
1280x1664:1.6931471805599454
19x15x17:1.0
2500:1.0
m24pmax:1.0
24:1.0
22x18x18:1.0
2600:1.0
usa:1.0
23535:1.0
telo:1.0
torrence:1.0
90505:1.0
310-325-5202:1.0
flexscan:1.0
6500:1.0
1664x1200:2.386294361119891
31.5:1.0
56-80khz:1.0
18x20x17:1.0
1989:1.0
ran-ger:1.0
technologies:1.0
address:1.6931471805599454
unknown:1.6931471805599454
genuis:1.0
model:1.0
1920m:1.0
64khz:1.0
60hz:1.0
17x19x17:1.0
950:1.0
sampo:1.0
america:1.6931471805599454
p:1.0
box:1.0
105084:1.0
atlanta:1.0
ga:1.0
30348:1.0
404-449-6220:1.0
imagepro:1.0
81khz:1.0
72hz:1.0
officepro:1.0
iie:1.0
75khz:2.09861228866811
70hz:1.0
1549:1.0
advertized:1.0
999:1.0
pg:1.0
390:1.0
april:1.0
samsung:1.6931471805599454
could:1.0
try:1.0
information:1.0
3655:1.0
n:1.0
1st:1.0
st:1.0
joes:1.0
95134:1.0
408-434-5400:1.0
pagemaster:1.0
2:1.0
mu9511a/am:1.0
66khz:1.0
63hz:1.0
18x18x15:1.0
899:1.0
sigma:1.0
designs:1.0
47900:1.0
bayside:1.0
pkwy:1.0
freemont:1.0
94583:1.0
510-770-0100:1.0
l-view:1.6931471805599454
60-92hz:1.6931471805599454
18x19x17:2.09861228866811
1099:1.0
multimode:1.6931471805599454
1299:1.6931471805599454
94.7khz:1.0
76-116hz:1.0
min:1.6931471805599454
silverview:1.0
1152x870:1.0
66.5khz:1.0
73hz:1.0
18x19x18:1.0
1395:1.0
