gkoh:1.0
athena.mit.edu:1.0
glenn:1.6931471805599454
koh:1.0
subject:1.0
gateway:1.0
monitor:2.09861228866811
problem:2.09861228866811
help:1.0
im:1.6931471805599454
afriad:1.0
thats:1.0
true:1.0
seems:1.0
occur:1.0
whenever:1.0
15:1.0
mag:1.0
put:1.0
1024x768:1.0
mode:1.0
running:1.0
os/2:1.0
1024:1.0
symptoms:1.0
appear:1.0
seem:1.6931471805599454
like:1.0
video:1.0
card:1.0
cirrus:1.0
logic:1.0
5426:1.0
chip:1.0
ati:1.0
gup:1.0
cause:1.0
problems:1.0
two:1.0
different:1.0
cards:1.0
