malouf:2.791759469228055
leland.stanford.edu:1.0
rob:2.09861228866811
subject:1.0
artec:1.6931471805599454
monitor:1.6931471805599454
anyone:1.0
manual:1.0
14:1.0
ni:1.0
need:1.0
specs:1.0
thanks:1.0
csli.stanford.edu:1.6931471805599454
