lasse:2.09861228866811
mits.mdata.fi:1.6931471805599454
reinikainen:1.0
subject:1.0
diamond:1.6931471805599454
stealth:1.6931471805599454
pro:1.6931471805599454
2:1.6931471805599454
mb:1.6931471805599454
vram:1.6931471805599454
want:1.0
info:1.0
graphics:1.0
modes:1.6931471805599454
support:1.0
hi-color:1.0
included:1.0
vesa:1.0
bios:1.0
use:1.0
dos:1.6931471805599454
programs:1.0
experiences:1.0
yet:1.0
bugs:1.0
advantages:1.0
fast:1.0
windows:1.0
price:1.0
thanks:1.0
