guyd:2.09861228866811
austin.ibm.com:1.6931471805599454
guy:2.09861228866811
dawson:1.6931471805599454
subject:1.0
scsi:3.4849066497880004
ide:3.302585092994046
bottom:1.0
line:1.0
article:1.0
1993apr22.192408.2272:1.0
msc.cornell.edu:1.0
randy:1.6931471805599454
ellingson:1.0
writes:1.0
would:2.6094379124341005
choose:1.0
dros:1.6931471805599454
box:2.6094379124341005
unix:2.386294361119891
cos:1.6931471805599454
hard:2.6094379124341005
disk:1.6931471805599454
cd-rom:1.0
tape:1.0
bought:1.6931471805599454
makes:1.0
adding:1.6931471805599454
many:2.09861228866811
devices:1.0
easier:1.0
price:1.0
one:1.0
irq:1.0
dma:1.0
three:1.0
different:1.0
types:1.0
device:1.0
connected:1.0
faster:2.09861228866811
drives:1.6931471805599454
also:1.0
available:1.0
dec:1.0
dsp3085s:1.0
realy:1.0
9ms:1.0
average:1.0
seek:1.0
time:1.0
i.e:1.0
finds:1.0
data:2.386294361119891
25:1.0
12ms:1.0
toshiba:1.0
drive:2.791759469228055
like:2.09861228866811
lots:1.0
people:1.0
id:1.0
really:1.0
increase:1.6931471805599454
transfer:2.386294361119891
rate:1.6931471805599454
right:1.6931471805599454
15ms:1.6931471805599454
210mb:1.0
seagate:1.0
1239a:1.0
standard:1.0
controller:2.386294361119891
card:1.6931471805599454
isa:2.6094379124341005
486-50:1.0
dont:1.0
think:1.0
much:2.09861228866811
bus:1.6931471805599454
im:2.09861228866811
currently:1.0
thinking:1.6931471805599454
another:1.0
hd:1.6931471805599454
300mb:1.0
500mb:1.0
range:1.0
buying:1.0
future:1.0
benefit:1.0
believe:1.0
getting:1.0
something:1.0
890kb/sec:1.0
according:1.0
nu:1.0
890kb/s:1.0
pretty:1.0
good:1.0
number:1.0
compare:1.0
state-of-the-art:1.6931471805599454
pc:1.0
best:1.0
system:1.6931471805599454
could:1.6931471805599454
hope:1.0
state:1.6931471805599454
art:1.6931471805599454
disks:1.0
use:2.09861228866811
mechanicals:1.0
interface:1.0
electronis:1.0
differ:1.0
look:1.0
520mb:1.0
fijitsu:1.0
example:1.0
obviously:1.0
money:1.0
factors:1.0
choice:1.0
well:1.0
want:1.0
cost:1.6931471805599454
adaptec:1.0
1542b:1.0
no-name:1.0
cards:1.0
along:1.0
lines:1.0
kind:1.0
see:1.0
hds:1.0
buy:1.0
top-of-the-line:1.0
caching:2.09861228866811
200mb:1.0
give:1.0
smartdrive:1.0
dos:1.0
30kb:1.0
extra:1.0
lower:1.0
memory:2.09861228866811
thats:1.6931471805599454
properly:1.0
configured:1.0
main:1.6931471805599454
cache:1.6931471805599454
produce:1.0
better:1.0
results:1.0
reads:1.6931471805599454
8.5mb/s:1.0
standards:1.0
ever:1.0
sustain:1.0
thanks:1.0
comments:1.0
hoskyns:1.6931471805599454
group:1.0
plc:1.0
hoskyns.co.uk:1.0
tel:1.6931471805599454
uk:1.0
71:1.0
251:1.0
2128:1.0
ibm:1.0
austin:1.0
usa:1.0
512:1.0
838:1.0
3377:1.0
