guyd:2.09861228866811
austin.ibm.com:1.6931471805599454
guy:2.09861228866811
dawson:1.6931471805599454
subject:1.0
cached:1.6931471805599454
hardrives:1.0
article:1.0
1993apr23.142720.25002:1.0
spartan.ac.brocku.ca:2.09861228866811
tmc:2.09861228866811
tim:1.0
ciceran:1.0
writes:1.0
reading:1.0
many:1.0
postings:1.0
concerning:1.0
hard:2.09861228866811
drives:2.09861228866811
im:1.0
still:1.0
unclear:1.0
one:1.0
thing:1.0
new:1.0
cache:2.09861228866811
drive:2.6094379124341005
separate:1.0
like:1.0
controller:1.0
something:1.0
thanks:1.0
anyone:1.0
clear:1.0
two:1.0
scsi:1.6931471805599454
512kb:1.0
several:1.0
reasons:1.0
read:1.0
requested:1.0
data:2.6094379124341005
disk:2.09861228866811
bus:2.09861228866811
may:1.6931471805599454
busy:1.0
needs:1.6931471805599454
stored:1.6931471805599454
free:1.0
transmitted:1.0
receives:1.0
written:1.0
come:1.0
faster:1.0
write:1.0
somewhere:1.0
writing:1.0
situations:1.0
memory:1.0
used:1.0
buffer:1.0
read-adead:1.0
caching:1.0
well:1.0
hoskyns:1.6931471805599454
group:1.0
plc:1.0
hoskyns.co.uk:1.0
tel:1.6931471805599454
uk:1.0
71:1.0
251:1.0
2128:1.0
ibm:1.0
austin:1.0
usa:1.0
512:1.0
838:1.0
3377:1.0
