dirr:2.6094379124341005
trenton.edu:1.0
albert:1.6931471805599454
subject:1.0
need:1.0
specs:1.0
western:1.6931471805599454
digital:1.6931471805599454
ide:1.0
hd:1.0
800:1.0
number:1.0
1-800-832-4778:1.0
internet:1.0
address:1.6931471805599454
tsclion.trenton.edu:1.0
tsc:1.0
student:1.0
bitnet:1.0
tscvm:1.0
e.s:1.0
major:1.0
phone:1.0
x7649:1.0
