eey9jjt:1.0
mvs.oac.ucla.edu:1.0
john:1.0
talbert:1.0
subject:1.0
hp:2.09861228866811
laserjet:1.6931471805599454
fax:2.09861228866811
opinions:1.0
needed:1.0
anyone:1.6931471805599454
tried:1.0
receives:1.0
faxes:1.0
prints:1.0
iii:1.0
also:1.0
word:1.0
processor:1.0
print:1.0
straight:1.0
problems:1.0
fonts:1.0
working:1.0
