swh:1.0
capella.cup.hp.com:1.0
steve:1.6931471805599454
harrold:1.0
subject:1.0
quantum:2.09861228866811
lps240a:2.09861228866811
hard:2.386294361119891
disk:2.9459101490553135
phantom:2.09861228866811
seeks:2.09861228866811
purchased:1.0
installed:1.0
240mb:1.0
3.5:1.0
drive:2.6094379124341005
model:1.0
concern:1.0
behavior:1.6931471805599454
although:1.0
seems:1.6931471805599454
behave:1.0
properly:1.0
respect:1.0
file:1.0
i/o:1.0
performs:1.0
call:1.0
pc:1.0
absolutely:1.0
idle:1.0
hear:1.0
spurt:1.0
activity:1.6931471805599454
every:1.0
30-40:1.0
seconds:1.6931471805599454
lasting:1.0
1-2:1.0
initiated:1.0
strictly:1.0
within:1.0
since:1.0
led:1.6931471805599454
never:1.0
comes:1.0
attached:1.0
controller:1.0
card:1.0
seagate:1.0
st3283a:1.0
kind:1.0
anyone:1.0
comment:1.0
strange:1.0
phenomenon:1.0
harroldswh:1.0
cup.hp.com:1.0
hpg200/11:1.0
408:1.0
447-5580:1.0
