ngadiraj:1.6931471805599454
infonode.ingr.com:1.6931471805599454
narm:1.6931471805599454
gadiraju:1.6931471805599454
subject:1.0
modem:2.6094379124341005
486/33:1.0
ibm:1.0
clone:1.0
two:1.0
serial:2.09861228866811
ports:2.09861228866811
com1:1.0
com2:1.0
mouse:1.0
port:1.6931471805599454
directly:1.0
sitting:1.0
mother:1.0
board:1.0
tried:1.0
install:1.0
2400:1.6931471805599454
buad:1.0
hayes:1.6931471805599454
internal:1.6931471805599454
doesnt:1.0
work:1.6931471805599454
dial:1.0
number:1.0
system:2.386294361119891
locks:1.0
hear:1.0
click:1.0
ring:1.0
hangs:1.0
2:1.0
pin:1.0
dip:1.6931471805599454
switch:1.6931471805599454
select:1.0
appropriate:1.0
change:1.0
settings:1.0
starts:1.0
working:1.0
bought:1.0
baud:1.0
external:1.0
checked:1.6931471805599454
works:1.6931471805599454
fine:1.6931471805599454
another:1.0
machine:1.6931471805599454
anyone:1.0
please:1.0
help:1.0
find:1.0
problem:1.0
thanks:1.0
