sinn:2.386294361119891
carson.u.washington.edu:1.6931471805599454
philip:1.6931471805599454
subject:1.0
et4000/w32:2.9459101490553135
chip:1.6931471805599454
graphics:2.09861228866811
accelerator:1.0
got:1.6931471805599454
card:2.791759469228055
made:1.0
cardex:1.0
yesterday:1.0
ran:1.0
winmark:2.09861228866811
test:1.0
vl-bus:1.0
display:1.0
16.7:1.0
million:1.0
colours:2.386294361119891
640x480:2.6094379124341005
mode:1.6931471805599454
1mb:1.0
dram:1.0
comes:1.6931471805599454
window:1.0
drivers:3.0794415416798357
normal:1.6931471805599454
et4000:2.386294361119891
handles:1.0
800x600:2.386294361119891
1024x786:1.0
256:2.791759469228055
also:1.0
supports:1.6931471805599454
hicolor:1.0
32k:2.09861228866811
64k:2.09861228866811
result:1.6931471805599454
running:1.0
16mb:1.0
486dx33:1.0
eisa/vl-bus:1.0
system:1.0
using:2.09861228866811
hint:1.0
chipsets:1.0
3.11:1.0
zd:1.0
lab:1.0
10.63:1.0
megapixel/sec:1.0
7.34:1.0
7.30:1.0
10.07:1.0
6.38:1.0
6.35:1.0
1kx786:1.6931471805599454
8.17:1.0
16m:1.0
1.78:1.0
16colours:1.0
4.01:1.0
16:1.0
4.22:1.0
specialized:1.0
use:1.0
hardware:1.0
feature:1.0
whereas:1.0
driver:1.0
based:1.6931471805599454
price:1.0
185:1.0
local:1.0
dealer:1.0
may:1.0
less:1.0
mail:1.0
order:1.0
os/2:1.0
2.0:1.0
colors:1.0
resolution:1.0
results:1.0
double:1.0
performance:1.0
et4000ax:1.0
university:1.0
washington:1.0
opinions:1.0
