bitzm:2.09861228866811
columbia.dsu.edu:1.6931471805599454
michael:1.0
bitz:1.6931471805599454
subject:1.0
help:1.0
samtron:1.6931471805599454
sc-431:1.6931471805599454
interlaced:1.6931471805599454
non:1.0
hello:1.0
colleague:1.0
monitor:1.0
manual:1.6931471805599454
cover:1.0
says:1.0
sc-428:1.0
model:1.0
numbers:1.0
specify:1.0
non-interlaced:1.0
anyone:1.0
know:1.0
thanks:1.0
mike:1.0
internet:1.0
research:1.0
development:1.0
dsuvax.dsu.edu:1.0
dakota:1.0
state:1.0
university:1.0
bitnet:1.0
s93020:1.0
sdnet.bitnet:1.0
