morgan:2.386294361119891
dl5000.bc.edu:1.6931471805599454
stair:1.0
subject:1.0
writing:1.6931471805599454
emm:2.386294361119891
driver:2.09861228866811
im:1.0
needs:1.0
remap:1.0
i/o:1.0
ports:1.0
means:1.6931471805599454
virtual:1.6931471805599454
mode:1.6931471805599454
unfortunately:1.0
wont:1.0
get:1.0
along:1.0
expanded:1.0
memory:1.0
managers:1.0
need:1.0
make:1.0
anyone:1.0
code:1.6931471805599454
point:1.0
source:1.0
thanks:1.0
