sinn:2.386294361119891
carson.u.washington.edu:1.6931471805599454
philip:1.6931471805599454
subject:1.0
et4000/w32:2.386294361119891
3dbench:2.386294361119891
due:1.0
large:1.0
amount:1.0
request:1.0
finally:1.0
get:1.0
v1.0:1.0
ftp:1.0
site:1.0
cardex:1.0
w32:1.0
card:1.0
1mb:1.0
dram:1.0
superscape:1.0
benchmark:1.6931471805599454
26.3:1.0
frames/sec:1.0
hope:1.0
satisfy:1.0
people:1.0
curiosity:1.0
performance:1.0
program:1.0
result:1.0
would:1.0
want:1.0
know:1.0
8:1.0
university:1.0
washington:1.0
opinions:1.0
