mikey:1.6931471805599454
sgi.com:1.6931471805599454
mike:1.6931471805599454
yang:1.6931471805599454
subject:1.0
low:2.791759469228055
emission:1.0
monitors:2.09861228866811
besides:1.0
nec:2.386294361119891
article:1.6931471805599454
c5yp5c.2kt:1.0
acsu.buffalo.edu:1.0
v063kcbp:1.0
ubvmsd.cc.buffalo.edu:1.0
mitch:1.0
writes:1.0
right:1.0
working:1.0
mpr-ii:2.6094379124341005
certified:1.6931471805599454
swedish:1.0
standards:1.6931471805599454
emissions:2.09861228866811
hitachi:1.0
superscan:1.0
15:1.0
monitor:1.0
1024x768:1.0
72hz:1.0
res:1.0
got:1.0
good:1.0
write-up:1.0
image:1.6931471805599454
quality:1.6931471805599454
recent:1.0
feb:1.0
issue:1.0
pc:1.0
magazine:1.0
far:1.0
know:1.0
little:1.6931471805599454
fully:1.0
matches:1.0
least:1.0
according:2.09861228866811
mags:1.6931471805599454
cant:1.0
tell:1.0
difference:1.0
two:1.6931471805599454
think:1.6931471805599454
one:2.09861228866811
types:1.0
theres:1.0
vlf:1.6931471805599454
frequency:1.6931471805599454
elf:1.0
thats:1.0
extremely:1.0
set:1.0
strict:1.0
limits:1.0
many:1.0
comapnies:1.0
included:1.0
read:1.0
get:1.0
bunch:1.0
hard:1.0
remember:1.0
claim:1.0
specifically:1.0
compliant:1.6931471805599454
control:1.0
usually:1.0
ignore:1.0
nanaos:1.0
f-series:1.0
e.g:1.6931471805599454
f550i:1.0
t-series:1.6931471805599454
t660i:1.0
pamphlet:1.0
also:1.0
tco-compliant:1.0
whatever:1.0
silicon:1.0
graphics:1.0
inc:1.0
415/390-1786:1.0
