scott:2.386294361119891
hpcvccl.cv.hp.com:1.6931471805599454
linn:1.6931471805599454
subject:1.0
gateway:1.6931471805599454
4dx-33v:1.0
high:1.0
price:1.6931471805599454
gkoh:1.0
athena.mit.edu:1.0
glenn:1.0
koh:1.0
writes:1.0
maybe:1.0
2445:1.0
system:2.386294361119891
isnt:1.0
cheap:1.0
micron:1.0
computers:1.0
486-2-50:1.0
16:1.0
meg:1.6931471805599454
ram:1.0
245:1.0
maxtor:1.0
hd:1.0
local:1.0
bus:1.0
ide:1.0
2:1.0
video:1.0
card:1.0
15:1.0
monitor:1.0
shipping:1.0
came:2.09861228866811
2200:1.0
sold:1.6931471805599454
sx-33:1.6931471805599454
chip:1.6931471805599454
bought:1.0
dx2-50:1.0
total:1.0
2300-2400:1.0
think:1.0
got:1.0
something:1.0
wrong:1.0
state:1.0
486dx250:1.0
say:1.0
make:1.0
sense:1.0
