v063kcbp:1.6931471805599454
ubvmsd.cc.buffalo.edu:1.0
mitch:1.6931471805599454
subject:1.0
low:3.0794415416798357
emission:1.6931471805599454
monitors:1.6931471805599454
besides:1.6931471805599454
nec:2.791759469228055
hartzman:2.386294361119891
kilroy.jpl.nasa.gov:1.6931471805599454
les:2.09861228866811
writes:1.0
anyone:1.0
else:1.0
make:1.0
radiation:1.0
compare:1.0
necs:1.0
quality:2.6094379124341005
emission-wise:1.0
jet:1.0
propulsion:1.0
laboratory:1.0
m/s:1.0
238-528:1.0
818:1.0
354-5964:1.0
4800:1.0
oak:1.0
grove:1.0
dr:1.0
pasadena:1.0
ca:1.0
91109:1.0
right:1.0
working:1.0
mpr-ii:2.386294361119891
certified:1.6931471805599454
swedish:1.0
standards:1.6931471805599454
emissions:2.386294361119891
hitachi:2.09861228866811
superscan:1.6931471805599454
15:1.6931471805599454
monitor:1.0
1024x768:1.0
72hz:1.0
res:1.0
got:1.6931471805599454
good:1.6931471805599454
write-up:1.0
image:2.386294361119891
recent:1.0
feb:1.0
issue:1.0
pc:1.0
magazine:1.0
far:1.0
know:1.6931471805599454
little:1.0
fully:1.0
matches:1.0
least:1.0
according:1.6931471805599454
mags:1.6931471805599454
cant:1.0
tell:1.0
difference:1.0
two:1.6931471805599454
think:1.6931471805599454
one:2.09861228866811
types:1.0
theres:1.0
vlf:1.6931471805599454
frequency:1.6931471805599454
elf:1.0
thats:1.0
extremely:1.0
set:1.0
strict:1.0
limits:1.0
many:1.0
comapnies:1.0
included:1.0
article:1.0
read:1.0
get:1.0
bunch:1.0
hard:1.0
remember:1.0
claim:1.0
specifically:1.0
compliant:1.0
control:1.0
usually:1.0
ignore:1.0
probably:1.0
higher:1.0
overall:1.0
consis:1.0
tently:1.0
hear:1.0
rated:1.0
best:1.6931471805599454
close:1.0
like:1.0
may:1.0
discerning:1.0
luck:1.0
ubvms.cc.buffalo.edu:1.0
oh:1.0
yeah:1.0
insight:1.0
499:1.0
