mikey:1.6931471805599454
eukanuba.wpd.sgi.com:1.0
mike:1.6931471805599454
yang:1.6931471805599454
subject:1.0
gateway:1.6931471805599454
4dx2-66v:2.09861228866811
update:1.0
ordered:1.0
system:1.6931471805599454
thanks:1.0
net:1.0
discussions:1.0
helped:1.0
decide:1.0
among:1.0
vendors:1.0
options:1.0
right:1.0
includes:1.0
16mb:1.0
ram:1.0
8mb:1.0
upgrade:1.0
used:1.0
cost:1.0
additional:1.0
340:1.0
silicon:1.0
graphics:1.0
inc:1.0
sgi.com:1.0
415/390-1786:1.0
