m-it2691:1.6931471805599454
doc.cs.nyu.edu:1.0
tim:1.6931471805599454
tsai:1.0
subject:1.0
hawk:2.09861228866811
motherboard:2.386294361119891
anybody:1.0
ever:1.0
heard:1.0
eisa/vlb:1.0
motherboards:1.0
net:1.0
computers:1.0
international:1.0
computer:1.0
shopper:1.0
486/33:1.0
version:1.0
w/256k:1.0
cache:1.0
559:1.0
im:1.0
trying:1.0
decide:1.0
nice:1.6931471805599454
thanks:1.0
ps:1.0
3:1.0
eisa:1.0
slots:1.0
two:1.0
vlb:1.0
spec:1.0
sounds:1.0
identical:1.0
cs.nyu.edu:1.0
