zuniga:1.6931471805599454
loligo.cc.fsu.edu:1.0
ralph:1.0
freac/car:1.0
subject:1.0
comdex:1.6931471805599454
atlanta:1.6931471805599454
ga:1.6931471805599454
info:1.0
wanted:1.0
know:1.0
wrong:1.0
newsgroup:1.0
wondering:1.0
anyone:1.0
knows:1.0
date:1.0
years:1.0
convention:1.0
passed:1.0
already:1.0
e-mail:1.0
possible:1.0
thanks:1.0
