nbb1424:1.6931471805599454
dsacng1.dsac.dla.mil:1.0
steve:1.6931471805599454
hamilton:1.6931471805599454
subject:1.0
strange:1.0
disk:2.09861228866811
behaviour:1.0
286:1.0
western:1.6931471805599454
digital:1.0
wd-93044a:1.0
hard:1.6931471805599454
drive:2.09861228866811
782:1.0
cylinders:1.6931471805599454
4:1.0
read:1.6931471805599454
write:1.6931471805599454
heads:2.09861228866811
physically:1.0
logically:1.0
977:1.6931471805599454
5:1.6931471805599454
cmos:1.6931471805599454
setting:1.6931471805599454
instructed:1.6931471805599454
set:2.09861228866811
type:1.6931471805599454
17:1.6931471805599454
ibm:1.0
cyl:1.0
read/write:1.0
problem:1.0
sent:1.0
digitals:1.0
ispfmt:1.0
low:1.0
level:1.6931471805599454
program:1.6931471805599454
manufacturer:1.0
run:1.6931471805599454
worked:1.0
o.k:1.0
verified:1.0
using:1.0
reloaded:1.0
dos:1.0
high:1.0
format:1.0
errors:1.0
bad:1.0
sectors:1.0
etc:1.0
norton:1.0
speedisk:1.0
6.01:1.0
optimizer:1.0
verify:1.0
option:1.0
get:1.0
error:1.0
verifying:1.0
sector:1.0
nnnn:1.6931471805599454
number:1.0
time:1.0
ideas:1.0
going:1.0
would:1.0
appreciated:1.0
thank:1.0
dsacng1.dla.mil:1.0
