tecslm1:2.386294361119891
sdc.boeing.com:1.6931471805599454
shamus:1.6931471805599454
mcbride:1.0
subject:1.0
ide:1.6931471805599454
zenith:1.6931471805599454
386/16:1.6931471805599454
okay:1.0
anyone:1.0
experiences:1.0
good:1.0
bad:1.0
replacing:1.0
mfm:1.0
controller:1.6931471805599454
drive:1.6931471805599454
heard:1.0
rumors:1.0
bus:1.0
mastering:1.0
problems:1.0
cpu:1.0
board:1.0
revisions:1.0
mc:1.0
bride:1.0
boeing:1.0
computer:1.0
services:1.0
sdc:1.6931471805599454
atc.boeing.com:1.0
206:1.0
865-5047:1.0
uw-beaver:1.0
bcsaic:1.0
