julie:2.09861228866811
eddie.jpl.nasa.gov:1.0
kangas:1.0
subject:1.0
top:2.09861228866811
ten:2.09861228866811
reasons:1.6931471805599454
aid:2.09861228866811
russians:1.0
article:1.0
c50fnh.cvo:1.0
news.udel.edu:1.0
roby:1.6931471805599454
chopin.udel.edu:1.0
scott:1.0
w:1.0
writes:1.0
tip:1.0
hat:1.0
david:1.0
letterman:1.0
making:1.0
format:1.0
popular:1.0
conservatives:1.6931471805599454
dont:1.6931471805599454
want:1.6931471805599454
russia:1.6931471805599454
looking:1.0
around:1.0
look:1.0
send:1.0
many:1.0
well:1.0
disclaimer:1.0
opinions:1.0
belong:1.0
cat:1.0
one:1.0
else:1.0
