jmann:1.6931471805599454
vineland.pubs.stratus.com:1.6931471805599454
jim:1.6931471805599454
mann:1.6931471805599454
subject:1.0
celebrate:1.0
liberty:1.0
1993:1.0
article:1.0
1993apr5.201051.15818:1.0
dsd.es.com:1.0
bob.waldrop:1.0
f418.n104.z1.fidonet.org:1.0
bob:1.0
waldrop:1.0
writes:1.0
sf:2.09861228866811
please:1.0
dont:1.6931471805599454
answer:1.0
number:1.6931471805599454
libertarians:1.0
fans:2.09861228866811
vice:1.0
versa:1.0
know:1.0
also:1.0
baseball:1.0
plan:1.0
posting:1.0
red:1.0
sox:1.0
schedule:1.0
stratus:1.0
computer:1.0
