tzs:1.0
stein2.u.washington.edu:1.0
tim:1.6931471805599454
smith:1.6931471805599454
subject:1.0
tax:1.6931471805599454
evasion:1.0
considered:1.0
unpatriotic:1.0
ipser:1.6931471805599454
solomon.technet.sg:1.0
ed:1.0
writes:1.0
deeper:1.0
reason:1.0
taxes:1.0
nature:1.0
un-american:1.0
one:1.0
need:1.0
look:1.0
birth:1.0
history:1.0
us:1.0
see:1.0
fact:1.0
thats:1.0
13:1.0
newly:1.0
independent:1.0
states:1.0
systems:1.0
