rwd4f:1.0
poe.acc.virginia.edu:1.0
rob:1.0
dobson:1.0
subject:1.0
motor:1.0
voter:1.0
kaldis:1.6931471805599454
romulus.rutgers.edu:1.0
theodore:1.0
writes:1.0
entered:1.0
1st:1.0
grade:1.6931471805599454
eisenhower:1.0
president:1.6931471805599454
john:1.0
f:1.0
kennedy:1.0
relatively:1.0
obscure:1.0
senator:1.0
new:1.0
england:1.0
old:1.0
think:1.0
hope:1.0
teddy:1.0
graduate:1.0
first:1.0
clinton:1.0
keep:1.0
trying:1.0
disclaimer:1.0
remialcsid:1.0
