jim:1.6931471805599454
specialix.com:1.0
maurer:1.0
subject:1.0
50,000:1.0
reward:1.0
ajteel:1.0
dendrite.cs.colorado.edu:1.0
a.j:1.0
teel:1.0
writes:1.0
united:1.0
states:1.6931471805599454
citizen:2.386294361119891
resident:1.6931471805599454
state:2.386294361119891
citizenship:1.0
d.c:1.0
thus:1.0
14th:1.0
amendment:1.0
live:2.09861228866811
people:1.0
citizens:1.0
ones:1.0
dont:1.0
49:1.0
since:1.0
california:1.0
