schwarze:1.6931471805599454
starbase1.caltech.edu:1.6931471805599454
erich:1.6931471805599454
schwarz:1.6931471805599454
subject:1.0
top:1.6931471805599454
ten:1.6931471805599454
reasons:1.6931471805599454
hillary:1.6931471805599454
chealsea:1.6931471805599454
dont:1.6931471805599454
like:1.6931471805599454
men:1.6931471805599454
uniform:1.6931471805599454
article:1.0
c4vxvk.bxr:1.0
newsserver.technet.sg:1.0
ipser:2.09861228866811
solomon.technet.sg:1.0
ed:1.6931471805599454
wrote:1.0
6:1.0
keep:1.0
saluting:1.0
stuff:1.0
embarassing:1.6931471805599454
copyright:1.0
c:1.0
edward:1.0
jr:1.0
1993:1.0
ridicule:1.0
intelligence:1.0
people:1.0
learn:1.0
spell:1.0
typographical:1.0
errors:1.0
indeed:1.0
us:1.0
read:1.0
alt.politics.libertarian:1.0
allegedly:1.0
superior:1.0
ideas:1.0
writing:1.0
