gemmellj:1.0
merrimack.edu:1.0
subject:1.0
e-mail:2.386294361119891
hill:1.0
clinton:1.0
get:1.0
im:1.6931471805599454
wondering:1.0
congress:1.0
also:1.6931471805599454
going:1.0
line:1.0
anyone:1.0
address:1.6931471805599454
reach:1.0
looking:1.0
bills:1.0
please:1.0
regualar:1.0
reader:1.0
newsgrouop:1.0
