lefty:2.386294361119891
apple.com:1.6931471805599454
subject:1.0
motor:1.0
voter:1.0
article:1.0
apr.2.07.48.07.1993.21309:1.0
romulus.rutgers.edu:1.6931471805599454
kaldis:1.6931471805599454
theodore:1.0
wrote:1.0
entered:1.0
1st:1.0
grade:1.0
eisenhower:1.0
president:1.0
john:1.0
f:1.0
kennedy:1.0
relatively:1.0
obscure:1.0
senator:1.0
new:1.0
england:1.0
old:1.0
think:1.0
ask:1.0
whether:1.0
im:1.0
surprised:1.0
havent:1.0
managed:1.0
waddle:1.0
college:1.0
time:1.0
c:1.6931471805599454
