starowl:1.6931471805599454
bolero.rahul.net:1.0
michael:1.6931471805599454
adams:1.6931471805599454
subject:1.0
many:1.6931471805599454
heterosexuals:1.0
kaldis:1.6931471805599454
romulus.rutgers.edu:1.0
theodore:1.0
writes:1.0
agreed:1.0
need:1.0
folks:1.0
admit:1.0
theyre:1.0
bi:1.0
a2i.rahul.net:1.0
champaign:1.0
il:1.0
southeast:1.0
al:1.0
thrush:1.0
believes:1.0
two-party:1.0
system:1.0
masters:1.0
slaves:1.0
napoleon:1.0
solo:1.0
man:1.0
u.n.c.l.e:1.0
