an030:1.0
cleveland.freenet.edu:1.0
broward:1.0
horne:1.0
subject:1.0
top:1.6931471805599454
ten:1.6931471805599454
responses:1.0
eds:1.0
lists:1.0
previous:1.0
article:1.6931471805599454
mconners:1.0
magnus.acs.ohio-state.edu:1.0
michael:1.0
r:1.0
conners:1.0
says:1.0
c4zreh.c7s:1.0
news.udel.edu:1.0
roby:1.6931471805599454
chopin.udel.edu:1.0
scott:1.0
w:1.0
write:1.0
real:1.6931471805599454
question:1.6931471805599454
feds:1.6931471805599454
bail-out:1.6931471805599454
steve:1.0
jobs:2.386294361119891
next:1.0
la:1.6931471805599454
chrysler:1.6931471805599454
important:1.6931471805599454
manufacturing:1.6931471805599454
wouldnt:1.6931471805599454
lost:1.6931471805599454
ibm:1.0
80k:1.0
could:1.0
part:1.0
bill:1.0
