acheng:1.0
ncsa.uiuc.edu:1.0
albert:1.0
cheng:1.0
subject:1.6931471805599454
hard:1.6931471805599454
times:1.0
investments:1.0
given:1.0
article:1.0
1938:1.0
tecsun1.tec.army.mil:1.0
riggs:1.6931471805599454
descartes.etl.army.mil:1.0
bill:1.0
writes:1.0
mother-in-law:1.0
grew:1.0
germany:1.0
doesnt:1.0
believe:1.0
money:1.0
started:1.0
real:1.0
estate:1.0
developer:1.0
raises:1.0
horses:1.0
keeps:1.0
telling:1.0
inflation:1.0
coming:1.0
back:1.0
lock:1.0
fixed:1.0
rate:1.0
mortgage:1.6931471805599454
low:1.0
possible:1.0
time:1.0
really:1.0
bank:1.6931471805599454
selectively:1.0
call:1.6931471805599454
loans:1.6931471805599454
early:1.0
folds:1.0
creditors:1.0
