libwca:1.0
emory.edu:1.0
bill:1.6931471805599454
anderson:1.0
subject:1.0
formal:1.0
rebuttal:1.0
presumption:1.0
jurisdiction:1.0
kaldis:1.6931471805599454
romulus.rutgers.edu:1.0
theodore:1.0
writes:1.6931471805599454
article:1.0
1993apr5.045612.14229:1.0
midway.uchicago.edu:1.0
thf2:1.0
kimbark.uchicago.edu:1.0
ted:1.6931471805599454
frank:1.6931471805599454
youre:1.0
breathing:1.0
clean:1.0
air:1.0
provided:1.0
government:1.0
regulations:1.0
doesnt:1.0
beat:1.0
ever:1.0
heard:1.0
certainly:1.6931471805599454
says:1.6931471805599454
mouthful:1.0
mindset:1.0
also:1.0
statists:1.0
everywhere:1.0
yes:1.0
theres:1.0
need:1.0
argue:1.0
address:1.0
substance:1.0
hes:1.0
statist:1.0
probably:1.0
politically:1.0
correct:1.0
