rcanders:1.6931471805599454
nyx.cs.du.edu:1.6931471805599454
mr:1.0
nice:1.0
guy:1.0
subject:1.0
celebrate:1.0
liberty:1.0
1993:1.0
bad:1.0
know:1.6931471805599454
japan:1.0
bashing:1.0
2:1.0
weeks:1.0
ago:1.0
finding:1.0
set:1.0
postings:1.0
third:1.0
time:1.0
hope:1.0
one:1.0
shows:1.0
dont:1.0
fools:1.0
insist:1.0
posting:1.0
every:1.0
group:1.0
agrevates:1.0
people:1.0
rod:1.0
anderson:1.0
n0nzo:1.6931471805599454
acceptable:1.0
substitute:1.0
boulder:1.0
co:1.0
brains:1.0
silence:1.0
solomon:1.0
short:1.0
satellite:1.0
ao-16:1.0
