cogsdell:1.0
mentor.cc.purdue.edu:1.0
tony:1.0
c:1.0
subject:1.0
guilty:1.6931471805599454
comparitive:1.0
fault:1.0
law:1.0
thanks:1.6931471805599454
everyone:1.0
sent:1.0
replies:1.0
regarding:1.0
case:1.0
informative:1.0
helped:1.0
much:1.0
t.c:1.0
