clinton-hq:1.0
campaign92.org:1.0
clinton/gore:1.0
92:1.0
subject:1.0
clinton:2.386294361119891
public:1.6931471805599454
schedule:2.09861228866811
president:3.0794415416798357
4.5.93:1.0
white:2.386294361119891
house:2.386294361119891
office:1.0
press:1.6931471805599454
secretary:1.0
immediate:1.0
release:1.0
april:2.386294361119891
5:1.0
1993:2.386294361119891
tuesday:1.0
6:1.0
11:15:1.0
est:1.0
delivers:1.0
remarks:1.0
egyptian:1.0
mubarek:1.0
east:1.0
room:1.0
open:1.0
future:1.0
16:1.0
meets:1.6931471805599454
japanese:1.0
prime:1.0
minister:1.0
miyazawa:1.0
26:1.0
italian:1.0
amato:1.0
