s5ugxk:1.6931471805599454
almserv.uucp:1.0
girish:2.09861228866811
kumtheker:1.0
subject:1.0
many:1.0
beibg:1.0
spent:1.6931471805599454
waco:1.6931471805599454
batf:2.09861228866811
hi:1.0
wonder:1.0
much:1.0
money:1.0
paying:1.0
messed:1.0
made:1.0
prestige:1.0
issue:1.0
kumthekarunix:1.0
technical:1.0
support:1.0
e:1.0
mail:1.0
address:1.0
fnma.com:1.0
