kaldis:2.6094379124341005
romulus.rutgers.edu:1.0
theodore:1.6931471805599454
subject:1.0
many:1.6931471805599454
homosexuals:1.0
views:1.6931471805599454
expressed:1.0
herein:1.0
seriously:1.0
remus.rutgers.edu:1.6931471805599454
believe:1.0
major:1.0
university:1.0
rutgers:1.0
would:1.0
hold:1.0
