deane:2.386294361119891
binah.cc.brandeis.edu:1.6931471805599454
david:1.6931471805599454
matthew:1.6931471805599454
subject:1.0
public:1.6931471805599454
hearings:1.0
ballot:1.0
access:1.0
vote:1.0
fraud:1.0
issues:1.0
ack:1.0
sorry:1.6931471805599454
repeat:1.0
posts:1.0
thought:1.0
posting:1.0
newsgroup:1.6931471805599454
appeared:1.0
couldnt:1.0
figure:1.0
wasnt:1.0
appearing:1.0
stupid:1.0
slap:1.0
hands:1.0
bang:1.0
head:1.0
wall:1.0
bloody:1.0
anouncements:1.0
mumble:2.09861228866811
words:1.0
fold:1.0
open:1.0
means:1.0
death:1.0
doors:1.0
even:1.0
casement:1.0
windows:1.0
sense:1.0
danger:1.0
amon:1.0
liner:1.0
