kevin:2.6094379124341005
rotag.mi.org:1.6931471805599454
darcy:1.6931471805599454
subject:1.0
conservative:1.0
article:1.6931471805599454
1993apr5.005204.29158:1.0
mnemosyne.cs.du.edu:1.6931471805599454
mcochran:1.6931471805599454
nyx.cs.du.edu:1.6931471805599454
mark:2.386294361119891
cochran:1.6931471805599454
writes:2.09861228866811
1993apr2.155820.16998:1.0
sc:1.0
allows:1.0
restrictions:1.0
viability:2.9459101490553135
term:1.0
never:1.0
medically:1.0
defined:1.6931471805599454
physician:1.0
cant:1.6931471805599454
make:1.0
reasonable:1.0
stab:1.0
determining:1.6931471805599454
whether:1.0
given:1.0
fetus:1.6931471805599454
viable:1.0
qualified:1.6931471805599454
perform:1.6931471805599454
abortion:1.0
kebbin:1.0
shows:1.0
know:1.6931471805599454
difference:1.0
individual:1.0
providing:1.0
universally:1.0
accepted:1.0
medical:1.6931471805599454
definition:1.6931471805599454
discussing:1.0
universal:1.0
definitions:1.0
post:1.0
please:1.0
refrain:1.0
dragging:1.0
irrelevancies:1.0
agree:1.0
statement:1.0
physicians:1.6931471805599454
unqualified:1.0
determine:1.6931471805599454
since:1.0
abortions:1.0
obviously:1.0
employed:1.0
case:1.6931471805599454
basis:1.0
relatively:1.0
easy:1.0
thats:1.0
good:1.0
enough:1.0
law:1.0
keep:1.0
whining:1.6931471805599454
isnt:1.0
purpose:1.0
serve:1.0
