k044477:2.09861228866811
hobbes.kzoo.edu:1.6931471805599454
jamie:2.09861228866811
r:1.6931471805599454
mccarthy:1.6931471805599454
subject:1.0
cas:1.0
pedophilia:2.386294361119891
laws:1.0
cramer:1.6931471805599454
optilink.com:1.0
clayton:1.0
writes:1.6931471805599454
completely:1.0
dived:1.0
abyss:1.0
believing:1.0
queers:1.0
world:1.0
think:1.0
differently:1.0
child-molestation-advocating:1.0
minority:1.0
soc.motss:1.0
doesnt:1.6931471805599454
even:1.6931471805599454
notice:1.0
hes:1.6931471805599454
starting:1.0
sentence:1.0
believe:1.0
referent:1.0
millions:1.0
people:1.6931471805599454
irrelevant:1.0
dont:1.0
want:1.0
lumped:1.0
together:1.0
group:2.09861228866811
stop:1.0
insisting:1.0
treated:1.6931471805599454
member:1.6931471805599454
please:1.0
point:1.0
said:1.0
much:1.6931471805599454
less:1.6931471805599454
asked:1.0
insisted:1.0
upon:1.0
sexual:3.0794415416798357
orientation:3.0794415416798357
defined:2.09861228866811
anti-discrimination:1.0
law:2.791759469228055
passed:1.6931471805599454
last:1.0
year:1.0
isnt:1.0
wait:1.0
minute:1.0
youve:1.0
claiming:1.0
quite:1.0
according:1.0
ca:1.0
state:2.09861228866811
position:1.0
specifically:1.0
exclude:1.0
know:1.0
damn:1.0
well:1.0
whats:1.0
going:2.6094379124341005
happen:1.0
guy:1.0
nambla:1.6931471805599454
t-shirts:1.0
apply:1.6931471805599454
day-care:1.0
theyre:1.0
turn:1.6931471805599454
take:1.6931471805599454
court:1.6931471805599454
courts:1.0
rule:1.0
homosexuality:1.0
heterosexuality:1.0
bisexuality:1.0
unless:1.6931471805599454
decides:1.6931471805599454
business:1.0
saying:1.0
silence:1.0
death:1.0
pin:1.0
something:2.09861228866811
wholeheartedly:1.0
support:2.09861228866811
right:2.09861228866811
action:1.0
wouldnt:1.0
like:1.0
t-shirt:1.0
despite:1.0
fact:1.0
homosexuals:1.0
lying:1.0
bastards:1.0
black:1.6931471805599454
man:1.6931471805599454
applies:1.0
job:1.6931471805599454
bank:1.6931471805599454
based:2.09861228866811
statistics:1.0
person:1.0
would:1.6931471805599454
likely:1.0
steal:1.0
money:1.0
denies:1.0
banks:1.0
freedom:1.0
deletia:1.6931471805599454
ah:1.0
example:1.0
opposed:1.0
civil:1.0
rights:1.0
act:2.09861228866811
1964:1.0
heres:1.0
signed:1.0
governor:1.0
california:1.0
enact:1.0
follows:1.0
1:1.6931471805599454
section:2.386294361119891
purpose:1.0
codify:1.0
2:1.6931471805599454
existing:1.0
case:1.0
determined:1.0
gay:1.0
students:1.0
v:1.6931471805599454
3:1.0
pacific:1.0
telephone:1.0
telegraph:1.0
24:1.0
cal:1.6931471805599454
3d:1.6931471805599454
458:1.0
1979:1.0
4:1.0
soroka:1.0
dayton:1.0
hudson:1.0
corp:1.0
235:1.0
app:1.0
654:1.0
5:1.0
1991:1.0
prohibiting:1.0
discrimination:1.6931471805599454
6:1.0
7:1.0
sec:1.0
1102:1.6931471805599454
added:1.0
labor:1.0
code:1.0
8:1.0
read:1.0
9:1.0
1102.1:1.0
sections:1.0
1101:1.0
prohibit:1.0
10:1.0
disparate:1.0
treatment:1.0
terms:1.0
11:1.0
conditions:1.0
employment:1.0
actual:1.0
12:1.0
perceived:1.0
13:1.0
b:1.0
shall:1.0
religious:1.6931471805599454
14:1.0
association:1.0
corporation:1.6931471805599454
organized:1.0
private:1.0
15:1.0
profit:1.0
whether:1.0
incorporated:1.0
public:1.0
16:1.0
benefit:1.0
theres:1.0
purposes:1.0
term:1.0
definitions:1.0
anywhere:1.0
run:1.0
congress:1.0
accelerated:1.0
schedule:1.0
mccarthyinternet:1.0
kzoo.eduapplelink:1.0
j.mccarthy:1.0
