thf2:1.6931471805599454
kimbark.uchicago.edu:1.6931471805599454
ted:1.6931471805599454
frank:1.6931471805599454
subject:1.0
kyle:1.6931471805599454
k:1.0
rodney:1.0
king:1.0
article:1.0
c5lp0y.fdk:1.0
news.cso.uiuc.edu:1.0
kkopp:1.0
uxh.cso.uiuc.edu:1.0
koppenhoefer:1.0
cramm:1.0
writes:1.0
fact:1.0
bunch:1.0
cops:1.0
putting:1.0
lives:1.0
line:1.0
day:1.6931471805599454
afraid:1.0
hell:1.0
large:1.6931471805599454
black:1.0
guy:1.0
took:1.0
amount:1.0
punishment:1.0
refused:1.0
submit:1.0
im:1.6931471805599454
curious:1.0
think:1.0
particular:1.0
adjective:1.0
important:1.0
sorry:1.0
card:1.0
says:1.0
moops:1.0
u:1.0
c:1.0
law:1.0
school:1.0
standard:1.0
disclaimers:1.0
