f36si:1.0
cunyvm.bitnet:1.0
subject:1.0
model:1.6931471805599454
united:1.6931471805599454
nations:1.6931471805599454
observed:1.0
national:1.0
nyc:1.0
one:1.0
word:1.0
awsome:1.0
peace:1.0
matt:1.0
