acunerbb:1.6931471805599454
csugrad.cs.vt.edu:1.6931471805599454
b:1.0
bilal:1.0
acuner:1.6931471805599454
subject:1.0
turkish:1.6931471805599454
preisident:1.0
turgut:1.0
ozal:2.09861228866811
passed:1.6931471805599454
away:1.6931471805599454
president:1.0
turgur:1.0
today:1.0
heart:1.0
attack:1.0
ankara:1.0
11:00:1.0
gmt:1.0
mr:1.0
66:1.0
years:1.0
old:1.0
bahadir:1.0
