gsh7w:2.09861228866811
fermi.clas.virginia.edu:1.0
greg:1.6931471805599454
hennessy:1.6931471805599454
subject:1.0
new:1.0
study:1.0
gay:1.0
percentage:1.0
article:1.0
philc5n6d5.mk3:1.0
netcom.com:1.6931471805599454
phil:1.6931471805599454
ronzone:1.0
writes:1.0
tells:1.0
something:1.0
fascist:1.0
politics:1.0
practiced:1.0
ah:1.0
ending:1.0
discrimination:1.0
fascism:1.0
university:1.0
virginia:1.6931471805599454
usps:1.0
mail:1.0
astronomy:1.0
department:1.0
charlottesville:1.0
va:1.0
22903-2475:1.0
usa:1.0
internet:1.0
virginia.edu:1.0
uucp:1.0
uunet:1.0
