f36si:1.0
cunyvm.bitnet:1.0
subject:1.0
recent:1.0
u.n:1.0
members:1.0
179:1.0
czech:1.0
republic:1.6931471805599454
180:1.0
slovakia:1.0
admitted:1.6931471805599454
early:1.0
year:1.0
liechenstein:1.0
also:1.6931471805599454
recently:1.0
san:1.0
marino:1.0
within:1.0
last:1.0
12:1.0
months:1.0
incredible:1.0
passes:1.0
nation-sta:1.0
state:1.0
nowadays:1.0
