clinton-hq:1.0
campaign92.org:1.0
clinton/gore:1.0
92:1.0
subject:1.0
clinton:1.6931471805599454
presidents:2.09861228866811
public:1.6931471805599454
schedule:2.09861228866811
4.15.93:1.0
white:2.09861228866811
house:2.09861228866811
office:1.6931471805599454
press:1.6931471805599454
secretary:1.0
immediate:1.0
release:1.0
march:1.6931471805599454
14:1.0
1993:2.386294361119891
events:1.6931471805599454
thursday:1.0
april:2.09861228866811
15:1.0
10:20:1.0
est:1.0
president:2.9459101490553135
meets:2.791759469228055
leadership:1.0
law:1.0
enforcement:1.0
organizations:1.0
rose:1.6931471805599454
garden:1.6931471805599454
open:2.386294361119891
3:00:1.0
edt:2.09861228866811
national:1.0
ambassador:1.0
dimes:1.0
birth:1.0
defects:1.0
foundation:1.0
oval:1.0
tv:1.0
pool:2.386294361119891
still:1.0
photo:2.09861228866811
writing:2.09861228866811
3:15:1.0
mosaic:1.0
minstrels:1.0
new:1.0
york:1.0
ny:1.0
3:30:1.0
berwick:1.0
pa:1.0
high:1.0
school:1.0
bulldogs:1.0
aaa:1.0
state:1.0
football:1.0
champions:1.0
south:1.0
lawn:1.0
upcoming:1.0
16:1.0
japanese:1.0
prime:1.0
minister:1.0
miyazawa:1.0
26:1.0
amato:1.0
italy:1.0
30-30-30:1.0
