tfarrell:1.0
lynx.dac.northeastern.edu:1.0
thomas:1.0
farrell:1.0
subject:1.0
nc:1.6931471805599454
vs:1.0
hunt:1.0
marine:1.0
gay:1.0
bashing:1.0
wilmington:1.0
verdict:1.0
article:1.0
c5hfr2.cpa:1.0
ncratl.atlantaga.ncr.com:1.6931471805599454
mwilson:1.0
mark:1.0
wilson:1.0
writes:1.0
feel:1.0
defendents:1.0
convicted:1.6931471805599454
regardless:1.0
evidence:1.6931471805599454
would:1.0
truely:1.0
sad:1.0
day:1.0
civil:1.0
rights:1.0
dont:1.0
know:1.0
everybody:1.0
else:1.0
mind:1.0
quite:1.0
sufficient:1.0
tom:1.0
