gsh7w:2.09861228866811
fermi.clas.virginia.edu:1.0
greg:1.6931471805599454
hennessy:1.6931471805599454
subject:1.0
concentrate:1.0
child:1.0
molesters:1.0
article:1.0
15407:1.0
optilink.com:1.6931471805599454
walsh:1.6931471805599454
mark:1.0
writes:1.0
big:1.0
difference:1.0
running:1.0
ones:1.0
business:1.0
affairs:1.0
actively:1.6931471805599454
ripping:1.6931471805599454
people:2.09861228866811
charging:1.0
homosexuals:1.0
becuase:1.0
think:1.0
aids:1.0
gay:1.0
disease:1.0
university:1.0
virginia:1.6931471805599454
usps:1.0
mail:1.0
astronomy:1.0
department:1.0
charlottesville:1.0
va:1.0
22903-2475:1.0
usa:1.0
internet:1.0
virginia.edu:1.0
uucp:1.0
uunet:1.0
