f36si:1.0
cunyvm.bitnet:1.0
subject:1.0
united:1.0
nations:1.0
gettin:1.0
busy:1.0
chapter:1.6931471805599454
7:1.6931471805599454
operation:1.0
somlia:1.0
almost:1.0
cambodia:1.0
yugo:1.0
bout:1.0
time:1.0
un:1.0
started:1.0
using:1.0
force:1.0
make:1.0
peace:1.0
happen:1.0
hopefully:1.0
soon:1.0
world:1.0
economics:1.0
