f36si:1.0
cunyvm.bitnet:1.0
subject:1.0
billaryklintonkligue:1.0
illegal:1.0
war:1.6931471805599454
operation:2.09861228866811
going:1.0
somalia:1.0
peacekeeping/peaceenforcement:1.0
force:1.0
may:1.0
used:1.0
also:1.0
legal:1.0
international:1.0
law:1.6931471805599454
higher:1.6931471805599454
us:1.0
occuring:1.0
ageis:1.0
united:1.0
nations:1.0
cant:1.0
get:1.0
authority:1.0
earth:1.0
