kaldis:2.6094379124341005
romulus.rutgers.edu:1.0
theodore:1.6931471805599454
subject:1.0
la:1.6931471805599454
burning:1.6931471805599454
yet:1.6931471805599454
article:1.0
4892:1.0
master.cna.tek.com:1.0
mikeq:1.0
freddy.cna.tek.com:1.0
writes:1.0
hear:1.6931471805599454
jury:1.0
reached:1.0
verdict:1.6931471805599454
seem:1.0
missed:1.0
l.a:1.0
burn:1.0
regardless:1.0
im:1.0
near:1.0
radio:1.0
count:1.0
blessings:1.0
views:1.6931471805599454
expressed:1.0
herein:1.0
seriously:1.0
remus.rutgers.edu:1.6931471805599454
believe:1.0
major:1.0
university:1.0
rutgers:1.0
would:1.0
hold:1.0
