clinton-hq:1.0
campaign92.org:1.0
clinton/gore:1.0
92:1.0
subject:1.0
clinton:1.6931471805599454
war:1.6931471805599454
powers:1.6931471805599454
resolution:2.6094379124341005
bosnia:1.6931471805599454
4.14.93:1.0
white:1.0
house:1.6931471805599454
office:1.0
press:1.0
secretary:1.6931471805599454
immediate:1.0
release:1.0
april:2.09861228866811
14:1.0
1993:2.386294361119891
text:1.0
letter:1.0
president:2.09861228866811
speaker:1.6931471805599454
representatives:1.0
pro:1.0
tempore:1.0
senate:1.0
13:1.6931471805599454
dear:1.6931471805599454
mr:1.6931471805599454
part:1.0
continuing:1.0
effort:1.6931471805599454
keep:1.0
congress:1.6931471805599454
fully:1.6931471805599454
informed:1.0
providing:1.0
report:1.0
consistent:1.0
section:1.0
4:1.0
advise:1.0
actions:1.0
ordered:1.0
support:1.6931471805599454
united:2.6094379124341005
nations:2.386294361119891
efforts:1.0
bosnia-herzegovina:2.6094379124341005
beginning:1.0
u.n:1.6931471805599454
security:2.09861228866811
council:2.386294361119891
713:1.0
september:1.0
25:1.0
1991:1.0
actively:1.6931471805599454
addressing:1.0
crisis:1.0
former:1.0
yugoslavia:1.0
acted:1.0
781:1.0
establish:1.0
ban:2.09861228866811
unauthorized:2.09861228866811
military:1.6931471805599454
flights:2.09861228866811
however:1.0
blatant:1.0
violations:1.6931471805599454
villages:1.0
bombed:1.0
response:1.0
decided:1.0
816:1.0
march:1.0
31:1.0
extend:1.0
authorize:1.0
member:1.0
states:1.6931471805599454
acting:1.0
nationally:1.0
regional:1.0
organi:1.0
zations:1.0
take:1.0
necessary:2.09861228866811
measures:1.0
ensure:1.6931471805599454
compliance:1.6931471805599454
natos:1.6931471805599454
north:1.0
atlantic:1.0
nac:1.0
agreed:1.0
provide:1.0
nato:2.386294361119891
air:2.09861228866811
enforcement:1.6931471805599454
no-fly:2.09861228866811
zone:2.09861228866811
general:1.0
notified:1.0
decision:1.0
proceed:1.0
operation:1.6931471805599454
deny:1.0
flight:1.0
activation:1.0
order:2.09861228866811
delivered:1.0
participating:1.6931471805599454
allies:1.0
supported:1.0
decisions:1.0
direction:1.0
joint:1.0
chiefs:1.0
staff:1.0
sent:1.0
execute:1.0
u.s:2.386294361119891
forces:2.386294361119891
force:2.09861228866811
conduct:1.0
phased:1.0
operations:2.386294361119891
prevent:1.0
authorized:1.0
initially:1.0
assigned:1.0
consist:1.0
f-15:1.0
12:1.6931471805599454
f-18a:1.0
fighter:1.6931471805599454
aircraft:3.1972245773362196
supporting:1.0
tanker:1.0
commenced:1.0
8:00:1.0
a.m:1.0
e.d.t:1.0
equipped:1.0
combat:1.6931471805599454
accomplish:1.0
mission:1.0
self-defense:1.0
positioned:1.0
established:1.0
patrol:1.0
cap:1.6931471805599454
stations:1.0
within:1.0
control:1.0
airborne:1.0
early:1.0
warning:1.0
aew:1.0
normally:1.0
operate:1.0
bases:1.0
italy:1.0
carrier:1.0
adriatic:1.0
sea:1.0
entering:1.0
approaching:1.0
identified:1.0
interrogated:1.0
intercepted:1.0
escorted/monitored:1.0
turned:1.0
away:1.0
steps:1.0
result:1.0
may:1.0
engaged:1.0
basis:1.0
proper:1.0
authorization:1.0
authorities:1.0
accordance:1.0
approved:1.6931471805599454
x0c:1.0
2:1.0
rules:1.6931471805599454
engagement:1.6931471805599454
although:1.0
expect:1.0
action:1.0
commander:1.6931471805599454
unprofor:1.0
protection:1.0
currently:1.0
operating:1.0
consulted:1.0
concerns:1.0
considered:1.0
possible:1.0
predict:1.0
time:1.0
long:1.0
directed:1.0
armed:1.0
participate:1.0
pursuant:1.0
constitutional:1.0
authority:1.0
chief:1.0
grateful:1.0
con:1.0
tinuing:1.0
given:1.0
look:1.0
forward:1.6931471805599454
continued:1.0
cooperation:1.0
move:1.0
toward:1.0
attainment:1.0
goals:1.0
region:1.0
sincerely:1.0
william:1.0
j:1.0
