thester:1.6931471805599454
nyx.cs.du.edu:1.6931471805599454
uncle:1.6931471805599454
fester:1.6931471805599454
subject:1.0
new:1.0
study:1.0
gay:1.0
percentage:1.0
article:1.0
apr.17.06.54.41.1993.15825:1.0
romulus.rutgers.edu:1.0
kaldis:1.6931471805599454
romulu:1.0
rutgers.edu:1.0
theodore:1.0
writes:1.0
join:1.0
pythagorean:1.6931471805599454
reform:1.6931471805599454
church:1.6931471805599454
repent:1.0
evil:1.0
irrational:1.0
numbers:1.0
bean:1.0
eating:2.09861228866811
ways:1.0
accept:1.6931471805599454
10:1.6931471805599454
heart:1.0
call:1.0
bbs:1.0
508-793-9568:1.0
smacks:1.0
antihispanic:1.0
bigotry:1.6931471805599454
really:1.0
said:1.0
lentil:1.0
legume:1.0
suppose:1.0
anti-octal:1.0
geez:1.0
pc:1.0
get:1.0
god:2.9459101490553135
wants:2.6094379124341005
gigolos:1.0
gets:1.0
giraffes:1.0
help:1.0
us:1.0
politics:1.0
good:1.0
laugh:1.0
