cdm:1.0
pmafire.inel.gov:1.0
dale:1.6931471805599454
cook:1.6931471805599454
subject:1.0
good:1.6931471805599454
neighbor:1.0
political:1.0
hypocrisy:1.0
test:1.0
article:2.09861228866811
c5ij7h.l95:1.0
news.iastate.edu:1.6931471805599454
jrbeach:1.6931471805599454
iastate.edu:1.6931471805599454
jeffry:1.6931471805599454
r:1.6931471805599454
beach:1.6931471805599454
writes:2.09861228866811
1993apr15.021021.7538:1.0
gordian.com:1.6931471805599454
mike:1.0
michael:1.0
thomas:1.0
c5huh1.241:1.0
think:1.6931471805599454
shouldnt:2.09861228866811
drugs:1.6931471805599454
legalized:1.0
would:1.6931471805599454
lower:1.0
cost:1.6931471805599454
definitely:1.0
make:1.6931471805599454
safer:2.09861228866811
use:1.0
yes:1.0
dont:2.09861228866811
want:2.386294361119891
start:1.0
using:1.0
criterion:1.6931471805599454
determine:1.6931471805599454
legality:1.6931471805599454
get:1.6931471805599454
people:2.09861228866811
really:1.6931471805599454
waste:1.0
time:1.0
battle:1.0
legalization:2.09861228866811
prove:1.6931471805599454
idiotic:1.6931471805599454
idea:2.09861228866811
asked:1.6931471805599454
question:1.6931471805599454
answer:1.0
believe:1.0
legitimate:1.0
safety:1.0
used:1.0
least:1.0
part:1.0
id:1.0
like:1.0
see:1.0
drug:1.6931471805599454
seems:1.0
evidence:1.0
great:1.0
britain:1.0
pretty:1.6931471805599454
convincing:1.0
even:1.0
noted:1.0
conservative:1.0
william:1.0
f:1.0
buckley:1.0
supports:1.0
point:1.0
stupid:1.0
justify:1.0
legalizing:1.0
something:1.0
cheaper:1.6931471805599454
ideas:1.0
hold:1.0
prostitution:2.09861228866811
killing:1.6931471805599454
funny:1.0
farm:1.0
patients:1.0
aids:1.0
victims:1.0
elderly:1.0
unemployed:1.0
prisioners:1.0
etc:1.0
surely:1.0
taxes:1.0
decrease:1.0
examples:1.0
except:1.0
fail:1.0
miserably:1.0
meet:1.0
criteria:1.0
obviously:1.0
safe:1.0
legal:1.0
town:1.0
churches:1.0
bars:1.0
serious:1.0
social:1.0
problem:1.0
edward:1.0
abbey:1.0
opinions:1.0
mine:1.0
i.e:1.0
employers:1.0
