piatt:1.6931471805599454
gdc.com:1.0
gary:1.0
subject:1.0
new:1.0
study:1.0
gay:1.0
percentage:1.0
clayton:1.0
cramer:1.6931471805599454
optilink.com:1.0
wrote:1.0
rest:1.0
homosexual:1.6931471805599454
community:1.0
pass:1.0
laws:1.0
impose:2.386294361119891
moral:2.09861228866811
codes:2.09861228866811
requiring:1.0
hire:1.0
rent:1.0
otherwise:1.0
associate:1.0
yes:1.0
face:1.6931471805599454
homosexuals:1.6931471805599454
stop:1.0
trying:1.0
morals:1.0
ahh:1.0
whats:1.6931471805599454
good:1.6931471805599454
goose:1.0
necessarily:1.0
gander:1.0
dont:1.0
want:1.0
diabolical:1.0
ideas:1.0
equal:1.0
rights:1.0
yet:1.0
willing:1.0
detect:1.0
double:1.0
standard:1.0
garison:1.0
