sents:1.6931471805599454
dixie.com:1.0
jeff:1.6931471805599454
subject:1.0
top:1.6931471805599454
ten:1.6931471805599454
signs:1.6931471805599454
age:1.6931471805599454
aquarius:1.6931471805599454
pennsylvania:1.6931471805599454
avenue:1.6931471805599454
paolucci:1.6931471805599454
spot.colorado.edu:1.0
paul:1.0
writes:1.6931471805599454
article:1.0
c5gpto.kq0:1.0
newsserver.technet.sg:1.0
ipser:2.09861228866811
solomon.technet.sg:1.0
ed:1.0
biased:1.0
decidedly:1.0
not-as-funny-as-dave:1.0
stuff:1.6931471805599454
deleted:1.6931471805599454
sure:1.0
hope:1.0
someone:1.0
somewhere:1.0
enjoying:1.0
lists:1.0
im:1.6931471805599454
clinton:1.0
fan:1.6931471805599454
simply:1.0
stop:1.6931471805599454
reading:1.0
isnt:1.0
intended:1.0
flame:1.0
post:1.0
reminds:1.0
old:1.0
joke:1.0
patient:1.0
doctor:1.6931471805599454
hurts:1.0
regards:1.0
