garrett:2.791759469228055
ingres.com:2.386294361119891
subject:1.0
limiting:1.0
govt:1.0
employment:1.0
article:2.09861228866811
1qqikr:1.0
sd1:1.0
morrow.stanford.edu:1.0
xa.u20:1.0
forsythe.stanford.edu:1.0
writes:2.09861228866811
1993apr17.033050.24901:1.0
pony.ingres.com:1.0
grep:1.0
friend:1.0
1993apr17.023116.23031:1.0
eecs.nwu.edu:1.6931471805599454
ian:2.386294361119891
epsilon.eecs.nwu.edu:1.0
couldnt:1.0
disagree:1.0
strongly:1.0
sounds:1.0
good:2.09861228866811
practice:1.0
often:1.6931471805599454
becomes:1.0
tyranny:1.0
conflicting:1.6931471805599454
ideas:2.09861228866811
constitutes:1.6931471805599454
improving:2.09861228866811
human:2.386294361119891
condition:2.386294361119891
far:1.0
better:2.386294361119891
let:2.09861228866811
people:2.09861228866811
organizations:1.0
pursue:1.0
whatever:1.0
goals:1.0
think:1.6931471805599454
best:1.6931471805599454
improved:1.0
willing:1.6931471805599454
without:1.0
coercion:1.0
always:1.0
thats:1.0
humanity:1.0
seem:1.0
believe:1.6931471805599454
libertarianism:1.6931471805599454
improve:1.0
lifting:1.0
constraints:1.0
chance:1.6931471805599454
environment:1.6931471805599454
try:1.0
put:1.0
another:1.0
way:1.0
libertarians:1.6931471805599454
unconstrained:1.0
provides:1.0
solving:1.0
problem:1.6931471805599454
maximizes:1.0
creativity:1.0
however:1.0
never:1.0
guarantee:1.0
really:1.0
solution:1.0
ever:1.6931471805599454
found:1.0
particular:1.0
utopia:1.6931471805599454
option:1.0
myth:1.0
although:1.6931471805599454
lot:1.6931471805599454
today:1.0
must:1.0
pitch:1.0
progressive:1.0
agenda:2.09861228866811
ie:1.0
style:1.0
system:1.0
admire:1.0
stand:1.0
guys:2.09861228866811
worst:1.0
salesmen:1.6931471805599454
seen:1.0
comes:1.0
politics:1.0
need:1.6931471805599454
whether:1.0
want:1.0
agree:1.6931471805599454
us:1.0
know:1.0
something:1.0
marketin:1.0
marketing:1.0
teach:1.0
others:1.0
im:2.386294361119891
flattered:1.0
invitation:1.0
afraid:1.6931471805599454
wrong:1.0
person:1.0
completely:1.0
civil:1.0
liberties:1.0
support:1.0
economic:1.0
like:1.0
libertarian:1.0
party:1.0
shaking:1.0
tired:1.0
past:1.0
encourage:1.0
continue:1.0
crusade:1.0
cant:1.0
ride:1.0
along:1.0
sutherland:1.0
nothing:1.6931471805599454
inevitable:1.6931471805599454
mistake:1.6931471805599454
whose:1.6931471805599454
time:1.6931471805599454
johnson:1.6931471805599454
come:1.6931471805599454
tussman:1.6931471805599454
june:1.0
probability:1.0
someone:1.0
watching:1.0
proportional:1.0
stupidity:1.0
action:1.0
unknown:1.0
