an030:1.0
cleveland.freenet.edu:1.0
broward:1.0
horne:1.0
subject:1.0
clintons:1.0
immunization:1.0
program:1.0
previous:1.0
article:1.0
paul:1.6931471805599454
hsh.com:1.0
havemann:1.0
says:1.0
together:1.0
cmon:1.0
know:1.0
words:1.0
meet:1.0
new:1.0
boss:1.6931471805599454
old:1.0
chorus:1.0
wont:1.0
get:1.6931471805599454
fooled:1.0
hmmm:1.0
eh:1.0
little:1.0
side:1.0
bet:1.0
one:1.0
