mikea:1.0
zorba.gvg.tek.com:1.0
michael:1.0
p:1.0
anderson:1.0
subject:1.0
temper:1.0
tantrums:1.0
1960s:1.0
article:1.0
15413:1.0
optilink.com:1.6931471805599454
cramer:1.6931471805599454
clayton:1.0
writes:1.0
broke:1.0
dnc:1.0
still:1.0
open:1.0
serious:1.0
question:1.0
tape:1.0
archivists:1.0
suggest:1.0
something:1.0
kennedy:1.0
assasination:1.0
lets:1.0
hear:1.0
tapes:1.0
real:1.0
soon:1.0
shall:1.0
mpa:1.0
