neal:2.09861228866811
magpie.linknet.com:1.0
subject:1.0
race:1.0
violence:1.6931471805599454
replied:1.0
message:1.0
however:1.0
listed:1.0
new:1.6931471805599454
topic:1.6931471805599454
title:1.0
rnitedace:1.0
possibly:1.0
line:1.0
noise:1.0
error:1.0
caused:1.0
post:1.0
see:1.0
100:1.0
regards:1.0
