peri:1.6931471805599454
cco.caltech.edu:1.0
michal:1.6931471805599454
leah:1.0
subject:1.0
new:1.6931471805599454
study:1.6931471805599454
gay:1.0
percentage:1.0
didnt:1.0
asked:1.6931471805599454
engaged:1.6931471805599454
homosexual:1.6931471805599454
intercourse:1.0
within:1.0
last:1.0
two:1.0
years:1.0
whereas:1.0
kinsey:1.0
ever:1.0
thought:1.0
engaging:1.0
activity:1.0
sort:1.0
like:1.0
difference:1.0
yogurt:1.0
morning:1.0
allergic:1.0
lactose:1.0
impressive:1.0
amounts:1.0
material:1.0
accreted:1.0
manner:1.0
