lfoard:1.6931471805599454
hopper.virginia.edu:1.6931471805599454
lawrence:1.6931471805599454
c:1.6931471805599454
foard:1.6931471805599454
subject:1.0
new:1.6931471805599454
study:2.6094379124341005
gay:1.0
percentage:1.0
article:1.6931471805599454
apr.17.06.54.41.1993.15825:1.0
romulus.rutgers.edu:1.6931471805599454
kaldis:1.6931471805599454
theodore:1.0
writes:1.6931471805599454
c5k5lc.cyf:1.0
murdoch.acc.virginia.edu:1.0
1:1.6931471805599454
bolsters:1.0
contention:1.0
many:1.6931471805599454
homosexuals:1.0
liars:1.6931471805599454
proved:1.0
wrong:1.0
proves:1.0
heterosexuals:1.0
unlike:1.0
propaganda:1.0
spouted:1.0
far:1.0
right:1.0
ten:1.0
percent:1.0
figure:1.0
backed:1.0
best:1.0
available:1.0
time:1.6931471805599454
hardly:1.6931471805599454
certain:1.0
correct:1.0
since:1.0
hasnt:1.0
even:2.6094379124341005
enough:1.0
double:1.0
checking:1.0
happen:1.0
alan:1.0
guttmacher:1.0
institute:1.0
btw:1.6931471805599454
funded:1.6931471805599454
planned:1.6931471805599454
parenthood:1.6931471805599454
qualifies:1.0
bastion:1.0
conservatism:1.0
family:1.0
values:1.0
course:1.6931471805599454
found:1.0
10:2.09861228866811
would:2.386294361119891
invalid:1.0
2:1.0
interesting:1.0
see:1.0
reaction:1.0
2.5million:1.0
queers:1.6931471805599454
gather:1.0
washington:1.0
dc:1.6931471805599454
6million:1.0
us:1.0
event:1.0
unprecidented:2.09861228866811
history:2.09861228866811
preassumes:1.0
2.5:1.0
million:2.09861228866811
show:1.6931471805599454
april:1.0
25th:1.0
wont:1.0
anywhere:1.0
near:1.0
go:1.0
ahead:1.0
make:1.0
day:1.6931471805599454
promote:1.0
number:1.0
way:1.0
surely:1.0
much:1.6931471805599454
greater:1.0
embarrassment:1.0
slap:1.0
face:1.0
homosexual:1.0
activists:1.0
crowds:1.0
smaller:1.0
one:1.6931471805599454
point:1.0
still:1.0
stands:1.0
getting:1.0
1/6th:1.0
given:1.0
population:1.0
place:1.0
raise:1.0
serious:1.0
doubts:1.0
indicate:1.0
resolve:1.0
human:1.0
noticed:1.0
slick:1.0
willie:1.0
isnt:1.6931471805599454
going:1.0
town:1.0
target:1.0
march:1.0
presidents:1.0
often:1.0
speak:1.0
civil:1.0
rights:1.0
marchs:1.0
nice:1.0
however:1.0
republicans:1.0
conservative:1.0
democrats:1.0
well:1.0
take:1.0
notice:1.0
join:1.6931471805599454
pythagorean:2.386294361119891
reform:2.386294361119891
church:2.386294361119891
repent:1.6931471805599454
evil:1.6931471805599454
irrational:1.6931471805599454
numbers:1.6931471805599454
bean:1.6931471805599454
eating:1.6931471805599454
ways:1.6931471805599454
accept:1.6931471805599454
heart:1.6931471805599454
call:1.6931471805599454
bbs:1.6931471805599454
508-793-9568:1.6931471805599454
smacks:1.0
antihispanic:1.0
bigotry:1.0
quite:1.0
amusing:1.0
obviously:1.0
know:1.0
nothing:1.0
math:1.0
