cramer:2.386294361119891
optilink.com:1.0
clayton:1.6931471805599454
subject:1.0
lincoln:1.0
slavery:1.0
top:1.0
ten:1.0
tricks:1.0
play:1.0
american:1.0
voter:1.0
article:1.0
cb.93apr5130728:1.0
tamarack13.timbuk:1.6931471805599454
cb:1.6931471805599454
chris:1.6931471805599454
brewster:1.6931471805599454
writes:1.6931471805599454
craig:1.0
depken:1.0
fact:1.0
south:1.0
number:1.6931471805599454
slave:1.6931471805599454
owners:1.0
true:1.0
relatively:1.0
small:1.0
numbers:1.6931471805599454
around:1.0
1200:1.0
hundred:1.0
slaves:2.386294361119891
get:1.0
references:1.0
exact:1.0
bearing:1.0
discussion:1.0
saw:1.0
figure:1.6931471805599454
total:1.6931471805599454
slave-owners:1.0
300,000:1.0
anyone:1.0
many:1.6931471805599454
farmers:1.0
without:1.0
e-mail:1.0
address:1.0
cray.com:1.0
1860:1.0
region:1.0
population:1.0
free:1.6931471805599454
blacks:1.0
u.s:1.0
32,227,616:1.0
487,070:1.0
1.5:2.09861228866811
3,953,818:1.0
12.3:1.0
confederacy:1.0
9,103,332:1.0
132,760:1.0
3,521,110:1.0
38.7:1.0
union:2.09861228866811
states:2.09861228866811
3,212,041:1.0
128,158:1.0
4.0:1.0
432,586:1.0
13.5:1.0
23,124,284:1.0
354,310:1.0
432,708:1.0
1.9:1.0
19,912,243:1.0
226,152:1.0
1.1:1.0
122:1.0
0.0:1.0
e:1.0
uunet:1.0
pyramid:1.0
optilink:1.0
opinions:1.0
mine:1.0
relations:1.0
people:1.0
mutual:1.0
consent:1.0
