kkopp:1.0
uxh.cso.uiuc.edu:1.0
koppenhoefer:1.0
kyle:1.0
cramm:1.0
subject:1.0
nc:1.6931471805599454
vs:1.0
hunt:1.0
marine:1.0
gay:1.0
bashing:1.0
wilmington:1.0
verdict:1.0
tfarrell:1.0
lynx.dac.northeastern.edu:1.0
thomas:1.0
farrell:1.0
writes:1.0
feel:1.0
defendents:1.0
convicted:1.6931471805599454
regardless:1.0
evidence:1.6931471805599454
would:1.0
truely:1.0
sad:1.0
day:1.0
civil:1.0
rights:1.0
dont:1.0
know:1.0
everybody:1.0
else:1.0
mind:1.0
quite:1.0
sufficient:1.0
sat:1.0
court:1.0
room:1.0
listened:1.0
case:1.0
careful:1.0
consideration:1.0
come:1.0
conclusion:1.0
well:1.0
good:1.0
