clinton-hq:1.0
campaign92.org:1.0
clinton/gore:1.0
92:1.0
subject:1.0
clinton:1.6931471805599454
press:2.09861228866811
release:2.09861228866811
usia:2.386294361119891
appointments:1.0
white:1.0
house:1.6931471805599454
office:1.0
secretary:2.386294361119891
immediate:1.0
april:1.0
15:1.0
1993:1.0
american:2.791759469228055
university:3.0794415416798357
president:3.3978952727983707
joseph:2.09861228866811
duffey:3.4849066497880004
named:1.6931471805599454
head:1.6931471805599454
mica:2.6094379124341005
chair:1.0
board:2.791759469228055
international:2.6094379124341005
broadcasting:2.6094379124341005
washington:1.6931471805599454
d.c:1.6931471805599454
today:1.0
announced:1.0
intention:1.0
nominate:1.0
former:1.6931471805599454
state:2.6094379124341005
department:2.09861228866811
assistant:2.09861228866811
director:1.0
united:2.386294361119891
states:1.6931471805599454
information:1.6931471805599454
agency:2.09861228866811
also:1.0
designated:1.0
daniel:1.6931471805599454
chairman:2.6094379124341005
joe:1.0
duffeys:1.0
expertise:1.0
fields:1.0
education:2.386294361119891
communications:1.0
foreign:2.6094379124341005
affairs:2.386294361119891
vast:1.0
serve:1.0
well:1.0
takes:1.0
helm:1.0
works:1.0
promote:1.6931471805599454
ideals:1.0
democracy:1.6931471805599454
freedom:1.0
abroad:2.09861228866811
said:1.6931471805599454
since:2.6094379124341005
1991:2.6094379124341005
previously:1.0
served:3.302585092994046
nine:1.0
years:1.0
chancellor:1.6931471805599454
massachusetts:2.09861228866811
amherst:1.6931471805599454
1977:2.09861228866811
cultural:2.386294361119891
national:2.6094379124341005
endowment:1.6931471805599454
humanities:1.6931471805599454
presidents:1.0
carter:1.0
reagan:1.6931471805599454
1978:1.0
1980:1.6931471805599454
delegate:1.0
general:1.0
conference:1.6931471805599454
nations:1.6931471805599454
educational:1.0
scientific:1.0
organization:1.0
joint:1.0
u.s:2.09861228866811
delegation:1.0
observing:1.0
elections:1.0
ethiopia:1.0
celebrates:1.0
40th:1.0
anniversary:1.0
year:1.0
independent:1.0
within:1.0
executive:1.0
branch:1.0
explains:1.0
supports:1.0
policy:1.0
security:1.0
interests:1.0
wide:1.0
range:1.0
programs:1.6931471805599454
among:1.0
agencys:1.0
fulbright:1.0
academic:1.0
program:1.0
voice:1.0
america:1.0
worldnet:1.0
satellite:1.0
television:1.0
system:1.0
network:1.0
overseas:1.0
libraries:1.0
centers:1.0
210:1.0
posts:1.0
140:1.0
countries:1.0
pg:1.0
2:1.0
becomes:1.0
serving:1.0
member:2.09861228866811
dan:1.0
done:1.0
excellent:1.0
job:1.0
expect:1.0
continue:1.0
cause:1.0
biographical:1.0
sketches:1.0
appointees:1.0
follow:1.0
prior:1.0
tenure:1.6931471805599454
1982:1.6931471805599454
91:1.0
guest:1.0
scholar:1.0
brookings:1.0
institution:1.0
82:1.0
holds:1.0
14:1.0
honorary:1.0
degrees:1.0
colleges:1.0
universities:1.0
commander:1.0
order:1.0
crown:1.0
king:1.0
belgium:1.0
council:1.0
relations:1.6931471805599454
1979:1.6931471805599454
received:1.0
ba:1.0
marshall:1.0
1954:1.0
bd:1.0
andover:1.0
newton:1.0
theological:1.0
school:1.0
1958:1.0
stm:1.0
yale:1.0
1963:1.0
ph.d:1.0
harvard:1.0
seminary:1.0
foundation:1.0
1969:1.0
business:1.0
higher:1.0
forum:1.0
founder:1.0
co-chairman:1.0
western:1.0
economic:1.0
development:1.0
married:1.0
anne:1.0
wexler:1.0
four:1.0
sons:1.0
representative:1.6931471805599454
14th:1.0
district:1.0
florida:1.0
congress:1.0
89:1.0
committee:1.0
appointed:1.0
congressional:1.0
30-30-30:1.0
