ckincy:1.0
cs.umr.edu:1.0
charles:1.0
kincy:1.0
subject:1.0
many:1.0
homosexuals:1.6931471805599454
article:1.0
apr.15.21.39.43.1993.8726:1.0
romulus.rutgers.edu:1.6931471805599454
kaldis:1.6931471805599454
theodore:1.0
writes:1.0
perhaps:1.0
1:1.0
likely:1.0
2:1.6931471805599454
new:1.0
study:1.0
discrediting:1.0
kinsey:1.0
says:1.0
wow:1.0
mean:1.0
5:1.0
march:1.0
washington:1.0
interesting:1.0
cpk:1.0
80:1.0
days:1.0
know:1.0
wallet:1.0
slick:1.0
willys:1.0
already:1.0
got:1.0
hand:1.0
pocket:1.0
im:1.0
afraid:1.0
might:1.0
grab:1.0
hold:1.0
