bram:2.6094379124341005
byron.u.washington.edu:1.0
currie:1.6931471805599454
subject:1.0
mow:1.6931471805599454
bodycount:1.0
thoughts:1.0
going:1.6931471805599454
count:1.0
gorgeous:1.0
bodies:1.0
press:1.0
white:1.0
house:1.0
staff:1.0
junior:1.0
senator:1.0
king:1.0
motss/bi:1.0
curious:1.0
whose:1.0
bias:1.0
see:1.0
numbers:1.0
get:1.0
brought:1.0
u.washington.edu:1.0
