ian:2.386294361119891
nasser.eecs.nwu.edu:1.0
sutherland:1.6931471805599454
subject:1.0
limiting:1.6931471805599454
govt:1.6931471805599454
employment:1.0
concentrate:1.0
article:1.6931471805599454
1993apr15.170731.8797:1.0
isc-br.isc-br.com:1.0
steveh:1.6931471805599454
thor.isc-br.com:1.6931471805599454
steve:1.6931471805599454
hendricks:1.6931471805599454
writes:2.09861228866811
1993apr15.013651.11353:1.0
tijc02.uucp:1.6931471805599454
pjs269:1.0
paul:1.0
schmidt:1.0
noted:1.0
another:1.0
thread:1.0
problem:1.0
libertarians:2.09861228866811
face:1.0
insuring:1.0
limited:2.09861228866811
government:2.791759469228055
seek:1.0
become:2.09861228866811
tool:2.386294361119891
private:2.09861228866811
interests:2.09861228866811
pursue:2.09861228866811
agenda:1.0
failure:1.0
libertarianism:2.09861228866811
ideology:1.0
provide:1.6931471805599454
reasonable:1.0
way:1.0
restrain:1.0
actions:1.0
utopian:1.0
dreams:1.0
seem:1.0
saying:1.0
opportunities:1.0
use:1.0
agendas:1.6931471805599454
asking:1.0
prove:1.0
happen:1.0
cant:1.0
offer:1.0
proof:1.0
seems:1.0
pretty:1.0
damn:1.0
plausible:1.0
regulate:1.0
particular:1.0
area:1.6931471805599454
rather:1.0
suspect:1.6931471805599454
sort:1.0
likely:1.0
many:1.0
instances:1.0
marxism:1.0
fails:1.0
specify:1.0
pure:1.0
communism:1.0
achieved:1.0
state:1.6931471805599454
wither:1.0
away:1.0
frequently:1.0
fail:1.0
show:1.0
weakening:1.0
power:1.0
result:1.0
improvement:1.6931471805599454
human:1.6931471805599454
condition:1.6931471805599454
define:1.0
primary:2.09861228866811
goal:2.09861228866811
would:1.0
libertarian:1.0
impression:1.0
elimination:1.0
coercion:1.0
except:1.0
cases:1.0
eecs.nwu.edu:1.0
sans:1.0
peur:1.0
