bobh:1.0
troy.cc.bellcore.com:1.0
hettmansperger:1.0
robert:1.0
subject:1.0
welcome:1.0
police:1.6931471805599454
state:1.6931471805599454
usa:1.0
article:1.0
c5rusq.m6m:1.0
news.cso.uiuc.edu:1.0
azoghlin:1.0
uxa.cso.uiuc.edu:1.0
old:1.0
freshman:1.0
vof:1.0
writes:1.0
critisism:1.0
easy:1.0
solutions:1.0
people:1.0
would:1.0
better:1.6931471805599454
fbi:1.0
last:1.0
months:1.0
tell:1.0
everyone:1.0
hell:1.0
first:1.0
place:1.0
knew:1.0
wed:1.0
much:1.0
position:1.0
judge:1.0
actions:1.0
speculate:1.0
develop:1.0
nice:1.0
conspiracy:1.0
and/or:1.0
stories:1.0
bob:1.0
