jlinder:1.0
magnus.acs.ohio-state.edu:1.0
jeffrey:1.0
linder:1.0
subject:1.0
kyle:1.6931471805599454
k:1.0
rodney:1.0
king:2.09861228866811
article:1.6931471805599454
1993apr19.141933.29924:1.0
nntpserver.chevron.com:1.0
jviv:1.6931471805599454
usmi01.midland:1.0
chevron.com:1.6931471805599454
john:1.6931471805599454
viveiros:1.6931471805599454
writes:1.6931471805599454
c5peay.m15:1.0
news.cso.uiuc.edu:1.0
kkopp:1.0
uxh.cso.uiuc.edu:1.0
koppenhoefer:1.0
cramm:1.0
entire:1.0
second:1.6931471805599454
trial:1.6931471805599454
race:1.0
ted:1.0
dont:1.0
feel:1.0
compelled:1.0
discuss:1.0
mr:1.6931471805599454
kings:1.6931471805599454
racial:1.0
background:1.0
white:1.6931471805599454
would:1.6931471805599454
probably:1.0
saying:1.0
beating:1.0
occurred:1.0
extremely:1.6931471805599454
difficult:1.6931471805599454
call:1.6931471805599454
make:1.6931471805599454
possible:1.0
case:1.0
definately:1.0
one:1.6931471805599454
could:2.09861228866811
easily:1.0
point:1.0
jury:1.0
decided:1.0
made:1.0
two:1.6931471805599454
defendants:1.0
found:1.6931471805599454
guilty:2.386294361119891
also:2.09861228866811
interesting:1.6931471805599454
observations:1.0
system:1.0
justice:1.0
men:1.0
excessive:1.6931471805599454
force:1.6931471805599454
enough:1.0
violated:1.0
civil:1.6931471805599454
rights:1.6931471805599454
use:1.0
non-existant:1.0
note:1.0
powell:1.0
maybe:1.0
koons:1.0
aiding:1.0
abetting:1.0
deprival:1.0
others:1.6931471805599454
beat:1.0
watched:1.0
go:1.0
figure:1.0
say:1.6931471805599454
sacraficial:1.0
lambs:1.0
appeal:1.0
chevron:1.0
usa:1.0
standard:1.0
disclaimer:1.0
applies:1.0
midland:1.0
tx:1.0
jsl:1.0
