berryh:1.0
huey.udel.edu:1.0
john:1.6931471805599454
berryhill:1.6931471805599454
ph.d:1.0
subject:1.0
earth:1.0
also:1.0
pollutes:1.0
people:2.386294361119891
die:1.6931471805599454
natural:1.6931471805599454
causes:1.6931471805599454
hear:1.0
bellyaching:1.0
things:1.0
like:1.0
murder:1.0
war:1.0
mother:1.0
nature:1.0
killing:1.0
time:1.0
fact:1.0
due:1.0
conscious:1.0
actions:1.0
whats:1.0
murders:1.0
