k044477:1.6931471805599454
hobbes.kzoo.edu:1.0
jamie:1.6931471805599454
r:1.0
mccarthy:1.6931471805599454
subject:1.0
new:1.0
study:1.6931471805599454
gay:1.0
percentage:1.0
cramer:1.6931471805599454
optilink.com:1.0
clayton:1.6931471805599454
writes:1.0
median:1.0
number:1.6931471805599454
sexual:1.0
partners:1.6931471805599454
men:1.0
20-39:1.0
7.3:1.0
dont:1.0
forget:1.0
25:1.0
20:1.0
surprising:1.0
remember:1.0
includes:1.0
homosexuals:1.0
well:1.0
would:1.0
make:1.0
15:1.0
right:1.0
internet:1.0
kzoo.eduapplelink:1.0
j.mccarthy:1.0
