lynn:1.6931471805599454
granitt.uio.no:1.0
malcolm:1.0
subject:1.0
sexual:1.6931471805599454
proposition:1.0
harassment:1.0
tesrt:1.0
