k044477:1.6931471805599454
hobbes.kzoo.edu:1.0
jamie:1.6931471805599454
r:1.0
mccarthy:1.6931471805599454
subject:1.0
americans:1.0
sexually:1.0
repressed:1.0
cramer:1.6931471805599454
optilink.com:1.0
clayton:1.0
writes:1.0
unless:1.0
course:1.0
problem:1.0
homosexuality:1.6931471805599454
form:1.6931471805599454
mental:2.09861228866811
disorder:1.6931471805599454
caused:1.6931471805599454
childhood:1.6931471805599454
sexual:2.09861228866811
abuse:2.09861228866811
number:2.09861228866811
recent:1.0
works:1.6931471805599454
suggest:1.6931471805599454
zero:1.0
please:1.0
present:1.6931471805599454
authoritative:1.0
dont:1.0
biased:1.0
conclusions:1.6931471805599454
based:1.0
collage:1.0
tidbits:1.0
youve:1.0
extracted:1.0
hours:1.0
research:1.0
people:1.0
study:1.0
disease:1.0
professionally:1.0
internet:1.0
kzoo.eduapplelink:1.0
j.mccarthy:1.0
