neal:2.09861228866811
magpie.linknet.com:1.0
subject:1.0
rnitedace:1.0
violence:1.0
person:2.09861228866811
sees:1.0
front:1.6931471805599454
home:1.0
strewn:1.0
garbage:1.0
removes:1.0
trash:1.0
sweeps:1.0
sidewalk:1.0
next:1.0
door:1.0
neigh:1.0
bors:1.0
approaches:1.0
two:1.0
neighbors:1.6931471805599454
talks:1.0
cleaning:1.0
homes:1.0
would:1.0
good:1.0
living:1.0
conditions:1.0
neighborhood:1.0
theres:1.0
nothing:1.0
wrong:1.0
holding:1.0
accountable:1.0
actions:1.0
basis:1.0
viable:1.0
safe:1.0
community:1.0
regards:1.0
