pdb059:1.6931471805599454
ipl.jpl.nasa.gov:1.6931471805599454
paul:1.6931471805599454
bartholomew:1.6931471805599454
subject:1.0
americans:1.0
sexually:1.0
repressed:1.0
article:1.0
15445:1.0
optilink.com:1.6931471805599454
cramer:2.386294361119891
clayton:1.0
wrote:1.0
unless:1.0
course:1.6931471805599454
problem:1.0
homosexuality:1.6931471805599454
form:1.0
mental:1.6931471805599454
disorder:1.0
caused:1.0
childhood:1.0
sexual:1.6931471805599454
abuse:1.6931471805599454
number:2.09861228866811
recent:1.0
works:1.0
suggest:1.0
mr:1.6931471805599454
going:1.0
stop:1.6931471805599454
indulging:1.0
blatant:1.0
lies:1.6931471805599454
true:1.6931471805599454
know:1.0
damned:1.0
well:1.0
none:1.6931471805599454
research:1.6931471805599454
supports:1.0
health:1.0
expert:1.0
taken:1.0
position:1.0
opinion:1.0
backed:1.0
knowledge:1.0
according:1.0
one:1.0
survey:1.0
done:1.0
san:1.0
francisco:1.0
heterosexual:1.0
men:1.6931471805599454
molested:1.6931471805599454
children:2.386294361119891
order:1.6931471805599454
5:1.0
homosexual:1.0
8:1.0
source:1.0
book:1.0
david:1.0
finkelhor:1.0
sorry:1.0
title:1.0
escapes:1.0
conclusions:1.0
drawn:1.0
homosexuals:1.0
would:1.0
using:1.0
government:2.09861228866811
impose:1.6931471805599454
morality:1.6931471805599454
others:1.6931471805599454
antidiscrimination:1.0
laws:1.0
leave:1.0
alone:1.0
wouldnt:1.0
care:1.0
least:1.0
private:1.0
get:1.0
liberal:1.0
notion:1.0
proper:1.0
role:1.0
tell:1.6931471805599454
peaceful:1.6931471805599454
people:1.6931471805599454
live:1.6931471805599454
choice:2.09861228866811
continue:1.6931471805599454
point:1.6931471805599454
alternative:1.0
lifestyle:1.6931471805599454
sickness:1.6931471805599454
oh:1.0
definitely:1.0
realize:1.0
approaching:1.0
two-year:1.0
anniversary:1.0
crusade:2.09861228866811
planning:1.0
celebrating:1.0
two:1.0
years:1.0
incidentally:1.0
still:1.6931471805599454
waiting:1.0
african-americans:1.0
women:1.0
minorities:1.0
also:1.6931471805599454
want:1.6931471805599454
therefore:1.0
really:1.0
woman:1.0
african-american:1.0
bullshit:2.09861228866811
began:1.0
continually:1.0
amazed:1.0
depths:1.0
youll:1.0
stoop:1.0
carry:1.0
deliberate:1.0
attack:1.0
