subject:1.0
stimulus:1.6931471805599454
legislation:1.6931471805599454
brooks:2.09861228866811
icbr.ufl.edu:1.0
anyone:1.6931471805599454
know:1.0
access:1.0
online:1.0
copy:1.0
proposed:1.0
jobs:1.0
please:1.0
e-mail:1.6931471805599454
directly:1.0
else:1.0
interested:1.0
post:1.0
information:1.0
thanks:1.0
mike:1.0
note:1.0
address:1.6931471805599454
news:1.0
header:1.0
correct:1.6931471805599454
icbr.ifas.ufl.edu:1.0
