bbrewer:1.0
lamar.colostate.edu:1.0
robert:1.0
brewer:1.0
subject:1.0
rush:2.386294361119891
joke:1.0
heard:1.0
day:1.0
gotten:1.0
together:1.0
tammy:1.6931471805599454
faye:1.0
baker:1.0
crawling:1.0
bed:1.0
night:1.0
rushs:1.0
feet:1.6931471805599454
brushed:1.0
tammys:1.0
legs:1.0
god:1.0
cold:1.0
said:1.6931471805599454
looked:1.0
back:1.0
honey:1.0
told:1.0
alone:1.0
call:1.0
ba:1.0
dump:1.0
bump:1.0
pishhhhh:1.0
bob:1.0
