starowl:1.6931471805599454
rahul.net:1.0
michael:1.6931471805599454
adams:1.6931471805599454
subject:1.0
median:2.6094379124341005
new:1.0
study:1.0
gay:1.0
percentage:1.0
20:1.0
apr:1.0
93:1.0
13:34:03:1.0
gmt:1.0
gary:1.0
piatt:1.0
observed:1.0
first:1.0
imply:1.0
half:1.6931471805599454
men:2.386294361119891
7.3:2.9459101490553135
simply:1.0
means:1.6931471805599454
mid-point:1.0
maximum:1.0
number:1.6931471805599454
partners:2.386294361119891
minimum:1.0
likely:1.0
zero:1.0
actually:1.0
defined:1.0
50th:1.0
percentile:1.0
sexual:2.386294361119891
least:1.6931471805599454
50:1.6931471805599454
fewer:1.0
question:1.0
0.3:1.0
partner:1.0
confuse:1.0
matters:1.0
take:1.0
following:1.0
data:1.0
set:1.6931471805599454
5.0:1.0
6.0:1.6931471805599454
7.0:1.6931471805599454
8.0:1.0
9.0:2.386294361119891
250.0:1.0
mean:1.0
arithmetic:1.0
average:1.0
numbers:1.0
29.4:1.0
sample:1.0
standard:1.0
deviation:1.0
73.2:1.0
mode:1.0
a2i.rahul.net:1.0
enterprise:1.0
alabama:1.0
strange:1.0
quirk:1.0
hardly:1.0
ever:1.0
sing:1.0
along:1.0
people:1.0
tie:1.0
mork:1.0
