an030:1.0
cleveland.freenet.edu:1.0
broward:1.0
horne:1.0
subject:1.0
continuing:1.0
decay:1.0
previous:1.0
article:1.0
pyotr:2.386294361119891
halcyon.com:1.6931471805599454
peter:1.0
hampe:1.0
says:1.0
militarys:1.0
mission:1.0
kill:1.0
enemy:1.0
escape:1.0
surrender:1.0
yes:1.0
still:1.0
havent:1.0
explained:1.0
cant:1.0
used:1.0
enforce:1.0
civil:1.0
law:1.0
certainly:1.0
would:1.0
done:1.0
better:1.0
job:1.0
koresh:1.0
call:1.0
air:1.0
strike:1.0
chus:1.0
sometimes:1.6931471805599454
filipivich:1.0
owl:1.0
optimist:1.0
bagpiper:1.0
beeper:1.0
