an030:1.0
cleveland.freenet.edu:1.0
broward:1.0
horne:1.0
subject:1.0
janet:1.0
reno:1.0
killed:1.0
waco:1.0
children:1.0
previous:1.0
article:1.0
dianem:1.0
boi.hp.com:1.0
diane:1.0
mathews:1.0
says:1.0
aside:1.0
fact:1.0
disagree:1.0
w:1.0
offer:1.6931471805599454
resign:1.0
president:1.6931471805599454
rejected:1.0
willing:1.0
take:1.0
responsibility:1.0
balls:1.0
enough:1.0
stand:1.0
decision:1.0
contempt:1.0
ignore:1.0
