lfoard:1.6931471805599454
hopper.virginia.edu:1.6931471805599454
lawrence:1.6931471805599454
c:1.6931471805599454
foard:1.6931471805599454
subject:1.0
new:1.6931471805599454
study:2.386294361119891
gay:1.6931471805599454
percentage:1.0
article:2.09861228866811
15427:1.0
optilink.com:2.386294361119891
cramer:2.386294361119891
clayton:1.6931471805599454
writes:2.09861228866811
c5k5lc.cyf:1.0
murdoch.acc.virginia.edu:1.0
15378:1.0
santa:1.0
rosa:1.0
cal:1.0
press-democrat:1.0
april:1.0
15:1.0
1993:1.0
p:1.0
b2:1.0
male:2.09861228866811
sex:2.09861228866811
survey:1.0
activity:1.0
low:1.0
natonal:1.0
sexual:1.6931471805599454
behavior:1.0
thorough:1.0
examination:1.0
american:1.0
mens:1.0
practices:1.0
published:1.6931471805599454
since:2.09861228866811
kinsey:1.6931471805599454
report:1.6931471805599454
four:1.0
decades:1.0
ago:1.0
shows:1.6931471805599454
2:1.6931471805599454
percent:2.09861228866811
men:1.0
surveyed:1.0
engaged:1.0
homosexual:1.6931471805599454
1:2.09861228866811
considered:1.0
exclusively:1.0
figures:1.0
homosexuality:1.0
released:1.0
wednesday:1.0
alan:1.0
guttmacher:1.0
institute:1.0
significantly:1.0
lower:1.0
10:2.386294361119891
figure:1.0
part:1.0
conventional:1.0
wisdom:1.0
homosexuals:2.09861228866811
lie:1.6931471805599454
number:1.0
hide:1.0
disproportionate:1.0
involvement:1.0
child:1.0
molestation:1.0
put:1.0
shut:1.0
evidence:1.0
show:1.0
indicating:1.0
link:1.0
liking:1.6931471805599454
grown:1.0
ups:1.0
children:1.6931471805599454
saying:1.0
30:1.0
molested:1.0
nothing:1.6931471805599454
tells:1.0
molesters:1.0
preference:1.0
adults:1.0
also:1.0
keep:1.0
politicians:1.6931471805599454
scared:1.6931471805599454
plenty:1.0
one:1.0
week:1.0
90:1.0
interesting:1.0
see:1.0
reaction:1.0
2.5million:1.0
queers:1.6931471805599454
gather:1.0
washington:1.0
dc:1.0
6million:1.0
us:1.0
event:1.0
unprecidented:1.0
history:1.0
many:1.0
people:1.0
marching:1.0
arent:1.0
members:1.0
leftist:1.0
agenda:1.0
im:1.0
sure:1.0
non:1.0
vast:1.0
majority:1.0
queer:1.0
join:1.0
pythagorean:1.6931471805599454
reform:1.6931471805599454
church:1.6931471805599454
repent:1.0
evil:1.0
irrational:1.0
numbers:1.0
bean:1.0
eating:1.0
ways:1.0
accept:1.0
heart:1.0
call:1.0
bbs:1.0
508-793-9568:1.0
