dianem:1.0
boi.hp.com:1.0
diane:1.0
mathews:1.0
subject:1.0
janet:1.6931471805599454
reno:1.6931471805599454
killed:1.6931471805599454
waco:1.6931471805599454
children:2.386294361119891
article:1.0
1993apr20.153450.27407:1.0
ncsu.edu:1.0
dsh:1.0
eceyv.ncsu.edu:1.0
doug:1.0
holtsinger:1.0
writes:1.0
responsible:1.0
deaths:1.0
resign:1.6931471805599454
immediately:1.0
understood:1.0
david:1.0
koresh:1.6931471805599454
madman:1.0
would:1.0
anything:1.0
became:1.0
provoked:1.6931471805599454
warning:1.0
signs:1.0
ignored:1.0
killing:1.0
aside:1.0
fact:1.0
disagree:1.0
w:1.0
offer:1.6931471805599454
president:1.6931471805599454
rejected:1.0
willing:1.0
take:1.0
responsibility:1.0
balls:1.0
enough:1.0
stand:1.0
decision:1.0
