an030:1.6931471805599454
cleveland.freenet.edu:1.6931471805599454
broward:1.0
horne:1.0
subject:1.0
bushs:1.0
wi:1.0
previous:1.0
article:1.6931471805599454
garrett:1.6931471805599454
ingres.com:1.0
grep:1.0
friend:1.0
says:1.0
1qt61e:1.0
d7e:1.0
usenet.ins.cwru.edu:1.0
b:1.0
writes:1.0
went:1.0
post:1.0
office:1.0
friday:1.0
got:1.0
passport:1.0
apps:1.0
savings:1.0
already:1.0
converted:1.0
bye:1.0
gosh:1.0
mean:1.0
im:1.0
invited:1.0
next:1.0
white:1.0
house:1.0
barbecue:1.0
real:1.0
difference:1.0
knew:1.0
time:1.0
leave:1.0
l.a:1.0
