ed:2.386294361119891
wente.llnl.gov:1.6931471805599454
suranyi:1.0
subject:1.0
waco:1.0
burnout:1.0
article:1.0
1993apr19.132847.23755:1.0
hemlock.cray.com:1.0
rja:1.0
mahogany126.cray.com:1.0
russ:1.0
anderson:1.0
writes:1.0
authorities:1.0
saying:1.0
branch:1.0
davidian:1.0
members:1.0
seen:1.6931471805599454
starting:1.0
fire:1.6931471805599454
looks:1.0
like:1.0
witnesses:1.0
dispute:1.0
claim:1.6931471805599454
fbi:1.0
says:1.0
survivors:1.0
leaders:1.0
cult:1.0
talking:1.0
setting:1.0
smelt:1.0
kerosene:1.0
assume:1.0
come:1.0
trial:1.0
occurs:1.0
result:1.0
events:1.0
