jviv:1.6931471805599454
usmi01.midland.chevron.com:1.0
john:1.6931471805599454
viveiros:1.6931471805599454
subject:1.0
good:1.0
neighbor:1.0
political:1.0
hypocrisy:1.0
test:1.0
article:1.0
c5s8gz.1ze:1.0
apollo.hp.com:1.6931471805599454
nelson_p:1.0
peter:1.6931471805599454
nelson:1.0
writes:1.0
human:2.6094379124341005
communities:2.09861228866811
impose:1.6931471805599454
values:1.6931471805599454
individuals:1.6931471805599454
thats:1.6931471805599454
virtually:1.0
operational:1.0
definition:1.0
one:1.6931471805599454
find:2.791759469228055
example:1.6931471805599454
community:1.6931471805599454
doesnt:1.0
discovered:1.6931471805599454
new:1.6931471805599454
phenomenon:1.6931471805599454
nature:2.791759469228055
pointless:1.6931471805599454
asking:2.09861228866811
whether:2.6094379124341005
like:1.0
leopard:1.0
spots:1.0
evolved:2.386294361119891
way:2.09861228866811
biological:1.0
social:1.0
senses:1.0
evolve:1.0
characteristic:1.0
debate:1.6931471805599454
particular:1.6931471805599454
matter:1.6931471805599454
left:1.6931471805599454
individual:1.6931471805599454
part:1.0
process:1.0
evolution:1.0
single:1.6931471805599454
counterexample:1.6931471805599454
times:1.0
history:1.6931471805599454
people:1.6931471805599454
killed:1.0
stolen:1.0
another:1.0
hasnt:1.0
happened:1.0
humans:1.6931471805599454
characteristivc:1.0
kill:1.0
steal:1.0
others:1.0
society:1.0
without:1.0
types:1.0
please:1.0
better:1.0
argument:1.0
always:1.6931471805599454
child:1.0
mortality:1.0
yet:1.0
hearts:1.0
made:1.0
attempt:1.0
change:1.0
chevron.com:1.0
chevron:1.0
usa:1.0
standard:1.0
disclaimer:1.0
applies:1.0
midland:1.0
tx:1.0
