cramer:3.0794415416798357
optilink.com:2.09861228866811
clayton:2.791759469228055
subject:1.0
using:1.0
californias:1.0
antidiscrimination:1.0
sort:1.0
case:1.6931471805599454
predicted:1.0
article:2.09861228866811
c5jv9a.f1b:1.0
exnet.co.uk:1.6931471805599454
sys1:1.0
xavier:1.0
gallagher:1.0
writes:2.09861228866811
15312:1.0
1993apr08.092954.13507:1.0
armory.com:1.6931471805599454
rstevew:1.6931471805599454
richard:1.6931471805599454
steven:1.6931471805599454
walz:2.09861228866811
face:1.6931471805599454
found:1.0
guilty:1.0
gays:1.6931471805599454
sometimes:1.0
make:1.6931471805599454
consensually:1.0
16:1.6931471805599454
year:2.09861228866811
old:2.09861228866811
boys:1.0
know:1.0
recall:1.0
state:1.0
rested:1.0
testimony:1.0
one:1.0
victim:1.0
declined:1.0
testify:1.0
even:1.0
threat:1.0
teens:1.0
since:1.0
40:1.6931471805599454
lot:1.6931471805599454
people:2.09861228866811
youre:1.0
jerk:1.0
rsw:1.0
deeptht.armory.com:1.0
408:1.0
429-1200:1.0
515:1.0
maple:1.0
street:1.0
1:1.0
without:1.0
safe:1.0
free:1.0
abortion:1.0
women:1.0
santa:1.0
cruz:1.0
ca:1.0
95060:1.0
organ-surrogates:1.0
unwanted:1.0
parasites:1.0
always:1.0
amazed:1.0
see:1.0
admit:1.0
breaking:1.0
law:1.0
putting:1.0
address:1.0
signature:1.0
please:1.0
tell:1.0
us:1.0
13:1.6931471805599454
14:1.0
would:1.0
like:1.0
statement:1.0
district:1.0
attorney:1.0
sex:1.0
boy:1.0
great:1.0
everything:1.0
well:1.0
hell:1.0
fun:1.0
anyway:1.0
oh:1.0
turn:1.0
purple:1.0
rage:1.0
12:1.0
time:1.0
e:1.6931471805599454
uunet:1.6931471805599454
pyramid:1.6931471805599454
optilink:1.6931471805599454
opinions:1.6931471805599454
mine:1.6931471805599454
monster:1.0
however:1.0
past:1.0
molested:1.0
kids:1.0
says:1.0
relations:1.0
mutual:1.0
consent:1.0
