cramer:3.0794415416798357
optilink.com:2.09861228866811
clayton:2.386294361119891
subject:1.0
concentrate:1.0
child:1.0
molesters:1.0
article:1.6931471805599454
c5ql3y.avt:1.0
hilbert.cyprs.rain.com:1.6931471805599454
joec:1.0
joe:1.6931471805599454
cipale:1.6931471805599454
writes:1.6931471805599454
15325:1.0
however:1.0
monogamous:1.0
homosexual:1.6931471805599454
male:1.0
sex:1.0
rare:1.0
practical:1.0
purposes:1.0
homosexuality:1.6931471805599454
spreads:1.6931471805599454
aids:2.09861228866811
e:1.6931471805599454
uunet:1.6931471805599454
pyramid:1.6931471805599454
optilink:1.6931471805599454
opinions:1.6931471805599454
mine:1.6931471805599454
relations:1.6931471805599454
people:1.6931471805599454
mutual:1.6931471805599454
consent:1.6931471805599454
fucking:1.0
homophobic:1.0
moron:1.0
iv:1.0
drug:1.0
use:1.0
tainted:1.0
blood:1.0
multi-sexual:1.0
partners:1.0
knew:1.0
anything:1.6931471805599454
also:1.0
spread:1.0
say:1.0
different:1.0
go:1.0
back:1.0
read:1.0
wrote:1.0
statement:1.0
made:1.0
false:1.0
fact:1.0
methods:1.0
spreading:1.0
well:1.0
talking:1.0
would:1.0
dangerous:1.0
right:1.0
persistent:1.0
boil:1.0
skin:1.0
humanity:1.0
needs:1.0
lanced:1.0
typical:1.0
response:1.0
