cramer:2.386294361119891
optilink.com:1.0
clayton:1.6931471805599454
subject:1.0
vietnam:1.6931471805599454
deja:1.0
vu:1.0
waco/whacko:1.0
bar-b-q:1.0
caused:1.0
remember:1.0
official:1.0
explanation:1.0
war:1.0
90s:1.0
liberal:1.0
version:1.0
necessary:1.0
incinerate:1.0
children:1.0
order:1.0
save:1.0
e:1.0
uunet:1.0
pyramid:1.0
optilink:1.0
opinions:1.0
mine:1.0
relations:1.0
people:1.0
mutual:1.0
consent:1.0
