joec:1.0
hilbert.cyprs.rain.com:1.0
joe:1.6931471805599454
cipale:1.6931471805599454
subject:1.0
clayton:1.0
need:1.0
retract:1.0
article:1.0
apr.9.08.39.25.1993.15639:1.0
romulus.rutgers.edu:1.6931471805599454
kaldis:2.6094379124341005
theodore:1.6931471805599454
writes:1.0
civilized:1.0
society:1.0
way:1.0
homosexual:1.0
maintain:1.0
even:1.0
modicum:1.0
respectability:1.0
remaining:1.0
closet:1.0
views:1.6931471805599454
expressed:1.0
herein:1.0
seriously:1.0
remus.rutgers.edu:1.6931471805599454
believe:1.0
major:1.0
university:1.0
rutgers:1.0
would:1.0
hold:1.0
appears:1.0
one-eyed:1.0
man:1.0
appeared:1.0
land:1.0
sighted:1.0
strange:1.0
resaon:1.0
appointed:1.0
ruler:1.0
supreme:1.0
power:1.0
