rlglende:1.0
netcom.com:1.6931471805599454
robert:1.0
lewis:1.0
glendenning:1.0
subject:1.0
welcome:1.0
police:1.0
state:1.0
usa:1.0
anybody:1.0
heard:1.0
explanation:1.0
fbi:1.0
using:1.0
tear:1.0
gas:1.0
35:1.0
mph:1.0
wind:1.0
doesnt:1.0
seem:1.0
like:1.6931471805599454
vry:1.0
good:1.0
tactics:1.0
explanations:1.0
lew:1.6931471805599454
glendenningrlglende:1.0
perspective:1.0
worth:1.0
80:1.0
iq:1.0
points:1.0
niels:1.0
bohr:1.0
somebody:1.0
