cramer:2.791759469228055
optilink.com:2.09861228866811
clayton:2.09861228866811
subject:1.0
new:2.6094379124341005
study:2.09861228866811
gay:2.9459101490553135
percentage:1.6931471805599454
article:1.6931471805599454
1qpaujinnecq:1.0
lynx.unm.edu:1.0
bevans:1.0
carina.unm.edu:1.0
mathemagician:1.0
writes:1.6931471805599454
15378:1.0
natonal:1.0
male:2.09861228866811
sexual:1.6931471805599454
behavior:1.0
thorough:1.0
examination:1.6931471805599454
american:2.09861228866811
mens:1.0
practices:1.0
published:1.0
since:1.6931471805599454
kinsey:1.6931471805599454
report:2.09861228866811
four:1.0
decades:1.0
ago:1.6931471805599454
right:1.0
bat:1.0
information:1.0
flawed:1.0
throrough:1.0
im:1.6931471805599454
sorry:1.0
masters:1.0
johnson:1.0
put:1.6931471805599454
within:1.0
past:1.0
years:1.6931471805599454
institute:1.0
quite:1.0
active:1.0
founded:1.0
oh-so-many:1.0
recently:1.0
sexuality:1.0
quoting:1.0
news:1.0
story:1.0
idea:1.0
claim:1.0
shows:1.0
2:1.0
percent:1.6931471805599454
men:1.6931471805599454
surveyed:1.0
engaged:1.0
homosexual:2.09861228866811
sex:1.0
1:1.6931471805599454
considered:1.0
exclusively:1.0
hate:1.0
picky:1.0
lets:1.0
math:1.0
take:1.0
cities:1.6931471805599454
york:1.6931471805599454
city:1.6931471805599454
los:1.6931471805599454
angeles:1.6931471805599454
alone:1.0
find:1.0
approximately:1.0
3.5:1.0
million:2.6094379124341005
people:2.386294361119891
making:1.0
1.75:1.6931471805599454
even:1.0
san:1.0
francisco:1.0
dept:1.0
public:1.0
health:1.0
estimates:1.0
11:1.0
population:1.6931471805599454
claiming:1.0
16:1.0
nyc:1.0
la:1.0
areas:1.0
10:1.0
source:1.0
numbers:1.6931471805599454
keep:1.0
mind:1.0
attempts:1.0
cdc:1.0
determine:1.0
given:1.0
3:1.0
1.25:1.0
says:1.0
males:1.0
live:1.0
half-a-million:1.0
lying:1.0
something:1.0
smells:1.6931471805599454
funny:1.6931471805599454
yes:1.0
number:1.0
brian:1.0
evans:1.0
bad:2.09861228866811
mood:2.09861228866811
sure:1.0
e:1.0
uunet:1.0
pyramid:1.0
optilink:1.0
opinions:1.0
mine:1.0
relations:1.0
mutual:1.0
consent:1.0
