cramer:2.386294361119891
optilink.com:1.0
clayton:1.6931471805599454
subject:1.0
new:1.0
study:1.0
gay:2.386294361119891
percentage:1.0
article:1.0
1993apr17.024646.28396:1.0
news.cs.brandeis.edu:1.0
st923336:1.0
pip.cc.brandeis.edu:1.0
blort:1.0
eeeep:1.0
hwaaah:1.0
writes:1.0
wouldnt:1.0
one:1.0
expect:1.0
heterosexual:1.0
men:2.6094379124341005
promiscuous:1.6931471805599454
simply:1.0
due:1.0
larger:1.0
group:1.0
potential:1.0
partners:1.0
thought:1.0
matt:1.0
might:1.0
except:1.0
much:1.0
straight:1.0
shows:1.0
damaged:1.0
screwed:1.0
e:1.0
uunet:1.0
pyramid:1.0
optilink:1.0
opinions:1.0
mine:1.0
relations:1.0
people:1.0
mutual:1.0
consent:1.0
