ihorton:1.6931471805599454
cch.coventry.ac.uk:1.0
dr:2.09861228866811
zippy:2.09861228866811
subject:1.0
sexual:1.6931471805599454
proposition:1.0
harassment:1.0
article:1.0
930316.144130.lynn:1.0
pcgeo23:1.0
lynn:1.6931471805599454
granitt.uio.no:1.0
malcolm:1.0
writes:1.0
tesrt:1.0
spelling:1.0
eh:1.0
proof:1.0
dum:1.0
blonde:1.0
isnt:1.0
women:1.0
title:1.0
uk.ac.coventry.cck:1.0
