rick:2.6094379124341005
howtek.mv.com:1.6931471805599454
roy:1.6931471805599454
subject:1.0
koresh:1.0
dead:1.0
time:1.0
start:1.0
healing:1.0
sorry:1.0
wanted:1.0
first:1.0
hypocrite:1.0
say:1.0
hope:1.0
im:1.0
late:1.0
everyone:1.0
watching:1.0
local/national:1.0
politicians:1.0
usenet:1.0
america:1.0
online:1.0
qed:1.0
disclaimer:1.0
employers:1.0
views:1.0
orthogonal:1.0
early:1.0
bird:1.0
got:1.0
worms:1.0
