mikeq:1.0
freddy.cna.tek.com:1.0
mike:1.0
quigley:1.0
subject:1.0
bill:1.0
targets:1.0
pension:1.0
funds:1.0
liberation:1.0
excerpts:1.0
insight:1.6931471805599454
magazine:1.6931471805599454
march:1.0
15:1.0
1993:1.0
paranoia:1.0
part:1.0
deleted:1.0
isnt:1.0
published:1.0
mooneys:1.0
