blh:1.0
uiboise.idbsu.edu:1.0
broward:1.0
l:1.0
horne:1.0
subject:1.0
clintons:1.6931471805599454
wiretapping:2.09861228866811
initiative:2.09861228866811
look:1.0
newsgroup:1.0
able:1.6931471805599454
find:1.0
proposed:1.0
computer:1.0
networks:1.0
telephone:1.0
systems:1.0
congress:1.0
least:1.0
past:1.0
6:1.0
months:1.0
guise:1.0
fbi:1.0
bill:1.0
strongly:2.09861228866811
urge:2.09861228866811
begin:1.0
considering:1.0
future:1.0
get:1.0
application:1.0
passport:1.0
mail:1.0
soon:1.0
consider:1.0
moving:1.0
savings:1.0
overseas:1.0
protected:1.0
bank:1.0
accounts:1.0
still:1.0
