muellerm:1.6931471805599454
vuse.vanderbilt.edu:1.6931471805599454
marc:2.386294361119891
mueller:2.386294361119891
subject:1.0
pork:2.6094379124341005
c-17:2.9459101490553135
c-5:2.386294361119891
abolish:1.0
selective:1.0
service:1.0
article:1.0
1993apr16.174304.26360:1.0
ra.msstate.edu:1.6931471805599454
fpa1:1.6931471805599454
fletcher:1.6931471805599454
p:1.6931471805599454
adams:1.6931471805599454
writes:2.09861228866811
trumpet.cc.msstate.edu:1.0
eliminate:1.0
transport:1.0
wrong:1.0
need:1.0
capability:2.09861228866811
sure:1.0
problems:1.0
read:2.386294361119891
aviation:1.6931471805599454
week:2.09861228866811
line:1.0
reopened:1.0
c-5s:2.09861228866811
would:2.386294361119891
delivered:1.0
year:1.0
earlier:1.0
cost:2.09861228866811
billion:2.791759469228055
less:1.0
program:1.6931471805599454
politically:1.0
though:1.0
popular:1.0
av:1.0
dont:1.0
remember:1.0
could:1.0
supply:1.0
date:1.0
magazine:1.0
march:1.0
15:1.0
1993:1.0
p.48:1.0
cbo:1.6931471805599454
estimates:1.6931471805599454
matching:1.0
100:1.0
c-17s:1.0
require:1.0
70:1.0
total:1.0
14.4:1.0
option:1.0
still:1.0
10:1.0
cheaper:1.6931471805599454
completing:1.0
24.7:1.0
sorry:1.0
nine:1.0
ten:1.0
vs:1.0
cant:1.0
carry:1.0
much:1.0
land:1.0
smaller:1.0
airfields:1.0
depends:1.0
whether:2.09861228866811
job:1.0
relies:1.0
california:1.6931471805599454
right:1.6931471805599454
say:1.0
since:1.0
due:1.0
peace:1.0
dividend:1.0
many:1.0
people:1.0
work:1.0
well:1.0
voted:1.0
overwhelmingly:1.0
change:1.0
argument:1.0
continue:1.0
military:1.0
programs:1.0
support:1.0
jobs:1.0
poor:1.0
one:1.0
kept:1.0
quite:1.0
bases:1.0
open:1.0
closed:1.0
years:1.0
ago:1.0
wasting:1.0
billions:1.0
taxes:1.0
question:1.6931471805599454
les:1.6931471805599454
aspin:1.6931471805599454
clinton:1.6931471805599454
able:1.6931471805599454
face:1.6931471805599454
happy:2.09861228866811
congress:1.6931471805599454
huh:1.0
shouldnt:1.0
social-pork:1.0
jobs-pork:1.0
fpa:1.0
