harelb:1.6931471805599454
math.cornell.edu:1.6931471805599454
subject:1.6931471805599454
f:2.09861228866811
cus/health:2.09861228866811
millions:2.09861228866811
america:2.09861228866811
misc.activism.progressive:1.0
co-moderator:1.0
americans:2.386294361119891
un-/under:1.6931471805599454
covered:2.386294361119891
percentage:2.386294361119891
population:2.6094379124341005
public:2.6094379124341005
health:3.1972245773362196
insurance:3.302585092994046
1990:1.0
25:1.0
country:1.6931471805599454
percent:2.386294361119891
australia:1.0
100:3.4849066497880004
sweden:1.0
canada:1.0
united:2.386294361119891
kingdom:1.0
denmark:1.0
austria:1.0
99:2.386294361119891
finland:1.0
france:1.0
ireland:1.0
switzerland:1.0
italy:1.0
spain:1.0
japan:1.0
belgium:1.0
98:1.0
new:2.09861228866811
zealand:1.0
germany:1.0
92:1.0
netherlands:1.0
states:2.09861228866811
21:1.0
norway:1.0
sources:1.0
organization:1.0
economic:1.0
cooperation:1.0
development:1.0
paris:1.0
data:1.6931471805599454
file:1.0
1991:1.6931471805599454
u.s:1.0
national:1.6931471805599454
center:1.0
heath:1.0
statistics:1.0
advance:1.0
201:1.0
june:1.0
18:1.0
number:2.09861228866811
one:2.9459101490553135
without:2.386294361119891
main:1.6931471805599454
reason:1.0
last:1.6931471805599454
fifth:1.0
qualify:1.6931471805599454
types:1.0
available:1.0
medicare:1.0
medicaid:1.0
veterans:1.0
benefits:1.0
2l:1.0
dont:1.0
many:2.09861228866811
private:2.09861228866811
22:1.0
almost:1.0
seven:1.0
34:1.0
million:1.6931471805599454
people:1.0
living:1.0
families:1.0
working:1.0
adult:1.0
four:1.0
63:1.0
substantial:1.0
period:1.0
time:1.0
two:1.0
years:1.0
inadequate:1.0
coverage:1.6931471805599454
meaning:1.0
could:1.6931471805599454
bankrupted:1.0
major:1.6931471805599454
illness:1.6931471805599454
23:1.0
fact:1.6931471805599454
care:1.6931471805599454
expert:1.0
says:1.0
1:1.0
longterm-care:1.0
virtually:1.0
american:1.0
impoverished:1.0
prolonged:1.0
disabling:1.0
24:1.0
additionally:1.0
40:1.0
eligible:1.0
forms:1.0
aid:1.0
receive:1.0
gaps:1.0
result:1.0
directly:1.0
industrialized:1.0
nation:1.6931471805599454
south:1.0
africa:1.0
plan:1.0
providing:1.0
universal:1.0
controlling:1.0
costs:1.0
stands:1.0
falls:1.0
world:1.0
order:1.0
andrew:1.0
l:1.0
shapiro:1.0
york:1.0
may:1.6931471805599454
1992:1.0
vintage:1.0
books:1.0
division:1.0
random:1.0
house:1.0
10:1.0
paperback:1.0
isbn:1.0
0-679-73893-2:1.0
transcribed:1.0
jhwoodar:1.0
well.sf.ca.us:1.0
joe:1.0
woodard:1.0
becoming:1.0
land:1.0
greed:1.0
squalor:1.0
book:1.0
indispensable:1.0
road:1.0
map:1.0
wreckage:1.0
facts:1.0
reveals:1.0
startle:1.0
depress:1.0
ideally:1.0
theyll:1.0
fire:1.0
help:1.0
rebuild:1.0
robert:1.0
b:1.0
reich:1.0
author:1.0
work:1.0
nations:1.0
