nils:1.6931471805599454
monroe.dartmouth.edu:1.0
nieuwejaar:1.0
subject:1.0
winning:1.6931471805599454
war:2.09861228866811
drugs:2.386294361119891
kennejs:1.0
a.cs.okstate.edu:1.0
kennedy:1.0
james:1.0
scot:1.0
writes:1.0
chart:1.0
follows:1.0
taken:1.0
wednesday:1.0
april:1.0
14:1.0
1993:1.6931471805599454
issue:1.0
usa:1.6931471805599454
today:1.6931471805599454
drug:1.6931471805599454
use:2.386294361119891
among:1.0
u.s:1.0
eigth-graders:1.0
mike:1.0
snider:1.0
p:1.0
6d:1.0
adolescents:1.0
choices:1.0
used:1.0
eighth:1.0
graders:1.0
last:1.0
month:1.0
estimated:1.0
per:1.0
100:1.0
students:1.0
1991:1.6931471805599454
1992:1.6931471805599454
pct:1.0
chg:1.0
alcohol:1.0
25.1:1.0
26.1:1.0
4:1.0
cigarettes:1.0
14.3:1.0
15.5:1.0
8:1.0
marijuana:1.0
3.2:1.0
3.7:1.0
16:1.0
amphetamines:1.0
2.6:1.0
3.3:1.0
27:1.0
lsd:1.6931471805599454
0.6:1.0
0.9:1.0
50:1.0
cocaine:1.6931471805599454
0.5:1.6931471805599454
0.7:1.0
40:1.0
crack:1.6931471805599454
0.3:1.0
67:1.0
source:1.0
university:1.0
michigan:1.0
institute:1.0
social:1.0
research:1.0
report:1.0
think:1.0
see:1.0
one:1.0
tactics:1.0
dea:1.6931471805599454
employs:1.0
give:1.0
people:1.0
impression:1.0
selectively:1.0
quote:1.0
statistics:2.386294361119891
support:1.0
contention:1.0
gone:1.0
excerpt:1.0
time:1.0
magazine:1.0
included:1.0
post:1.0
excellent:1.0
example:1.0
organizations:1.0
like:1.0
attempt:1.0
deceive:1.0
public:1.0
unfortunately:1.0
theres:1.0
much:1.0
learn:1.0
presented:1.0
either:1.0
due:1.0
rounding:1.0
est:1.6931471805599454
could:2.386294361119891
anywhere:2.6094379124341005
550:1.0
649:1.0
850:1.0
949:1.0
means:1.0
actual:1.0
change:1.0
believe:1.0
first:1.0
place:1.0
31:1.0
73:1.0
similarly:1.0
increase:1.6931471805599454
18:1.0
66:1.0
29:1.0
120:1.0
doesnt:1.0
even:1.0
take:1.0
account:1.0
margin:1.0
error:1.0
isnt:1.0
provided:1.6931471805599454
mean:1.6931471805599454
rest:1.0
argument:1.0
present:1.0
unfounded:1.0
surprisingly:1.0
us:1.0
virtually:1.0
information:1.0
