kane:1.0
buast7.bu.edu:1.0
hot:1.0
young:1.0
star:1.0
subject:1.0
vietnam:1.6931471805599454
deja:1.0
vu:1.0
article:1.0
15457:1.0
optilink.com:1.6931471805599454
cramer:1.6931471805599454
clayton:1.0
writes:1.0
waco/whacko:1.0
bar-b-q:1.6931471805599454
caused:1.0
remember:1.0
official:1.0
explanation:1.0
war:1.0
90s:1.0
liberal:1.0
version:1.0
necessary:1.0
incinerate:1.0
children:1.0
order:1.0
save:1.0
yet:1.0
callous:1.0
incident:1.0
disregard:1.0
life:1.0
call:1.0
