harelb:1.6931471805599454
math.cornell.edu:1.6931471805599454
subject:1.6931471805599454
f:2.09861228866811
cus/health:2.09861228866811
u.s:2.386294361119891
compares:2.09861228866811
misc.activism.progressive:1.0
co-moderator:1.0
children/elderly:1.6931471805599454
poverty:2.791759469228055
percentage:1.0
children:1.6931471805599454
elderly:1.6931471805599454
living:1.0
1984-1987:1.0
3:1.0
country:1.0
united:2.386294361119891
states:1.6931471805599454
20.4:1.0
10.9:1.0
canada:1.6931471805599454
9.3:1.0
2.2:1.0
australia:1.6931471805599454
9.0:1.0
4.0:1.0
kingdom:1.6931471805599454
7.4:1.0
5.2:1.0
france:1.6931471805599454
4.6:1.0
4.5:1.0
netherlands:1.6931471805599454
3.8:1.0
3.4:1.0
germany:1.6931471805599454
2.8:1.6931471805599454
sweden:1.6931471805599454
1.6:1.0
4.3:1.0
source:1.0
timothy:1.0
smeeding:1.0
income:1.6931471805599454
security:1.0
policy:1.0
cross:1.0
national:2.09861228866811
perspective:1.0
october:1.6931471805599454
1991:1.6931471805599454
luxembourg:1.6931471805599454
study:1.0
working:1.0
paper:1.0
70:1.0
19:1.0
western:2.09861228866811
industrial:2.09861228866811
nations:1.6931471805599454
countries:1.6931471805599454
health:1.6931471805599454
insurance:1.6931471805599454
plan:1.6931471805599454
providing:1.6931471805599454
universal:1.6931471805599454
coverage:1.6931471805599454
yes:3.8903717578961645
denmark:1.0
austria:1.0
finland:1.0
ireland:1.0
switzerland:1.0
italy:1.0
spain:1.0
japan:1.0
belgium:1.0
new:2.09861228866811
zealand:1.0
norway:1.0
page:1.0
74:1.0
number:1.0
one:1.0
america:1.6931471805599454
stands:1.0
falls:1.0
world:1.0
order:1.0
andrew:1.0
l:1.0
shapiro:1.0
york:1.0
may:1.6931471805599454
1992:1.0
vintage:1.0
books:1.0
division:1.0
random:1.0
house:1.0
10:1.0
paperback:1.0
isbn:1.0
0-679-73893-2:1.0
transcribed:1.0
jhwoodar:1.0
well.sf.ca.us:1.0
joe:1.0
woodard:1.0
becoming:1.0
land:1.0
private:1.0
greed:1.0
public:1.0
squalor:1.0
book:1.0
indispensable:1.0
road:1.0
map:1.0
wreckage:1.0
facts:1.0
reveals:1.0
startle:1.0
depress:1.0
ideally:1.0
theyll:1.0
fire:1.0
help:1.0
rebuild:1.0
nation:1.0
robert:1.0
b:1.0
reich:1.0
author:1.0
work:1.0
