rolandi:2.6094379124341005
hssc.scarolina.edu:1.0
walter:1.6931471805599454
subject:1.0
italy:1.6931471805599454
next:1.0
domino:1.0
fall:1.0
hagenjd:1.0
wfu.edu:1.0
jeff:1.0
hagen:1.0
writes:1.0
good:1.0
two-party:1.0
system:1.0
bring:1.0
efficient:1.0
accountable:1.0
government:1.0
yeah:1.0
like:1.0
us:1.0
g:1.0
usenet:1.0
andy.hssc.scarolina.edu:1.0
internet:1.0
hsscls.hssc.scarolina.edu:1.0
