kane:1.0
buast7.bu.edu:1.0
hot:1.0
young:1.0
star:1.0
subject:1.0
new:1.0
study:1.0
gay:1.6931471805599454
percentage:1.0
article:1.0
15503:1.0
optilink.com:1.6931471805599454
cramer:1.6931471805599454
clayton:1.0
writes:1.0
ive:1.0
already:1.0
posted:1.0
results:1.0
survey:1.0
homosexuals:1.0
shows:1.0
profoundly:1.0
promiscuous:1.0
homosexual:1.0
men:1.0
urban:1.0
areas:1.0
among:1.0
access:1.0
bathhouses:1.0
