koresh:1.0
dead.davidian:1.0
subject:1.0
gun:1.0
control:1.0
kills:1.0
80:1.0
rejoice:1.6931471805599454
streets:1.0
amerika:1.0
much:1.0
safer:1.0
branch:1.0
davidians:1.0
longer:1.6931471805599454
nasty:1.0
assault:1.0
weapons:1.0
children:1.6931471805599454
lie:1.0
awake:1.0
night:1.0
wondering:1.0
next:1.0
brand:1.0
davidian:1.0
attempt:1.0
shoot:1.0
rural:1.0
compound:1.0
men:1.0
women:1.0
murdered:1.0
great:1.0
batf:1.0
greater:1.0
good:1.0
secured:1.0
criminals:1.0
execise:1.0
second:1.0
amendment:1.0
killed:1.0
