v2110a:1.0
vm.temple.edu:1.0
richard:1.6931471805599454
hoenes:1.0
subject:1.0
waco:1.0
investigation:2.386294361119891
paranoia:1.0
people:1.0
please:1.0
stop:1.0
think/know:1.0
batf/fbi:1.0
completely:1.0
responsible:1.6931471805599454
theyll:1.0
cover:1.6931471805599454
show:1.0
koresch:1.0
bs:1.0
size:1.0
feds:1.0
state:1.0
civilians:1.0
involved:1.0
would:1.0
practially:1.0
impossible:1.0
republicans:1.0
like:1.0
arlen:1.0
spector:1.0
calling:1.0
investigations:1.0
isnt:1.0
going:1.0
handled:1.0
kid:1.0
gloves:1.0
