demon:1.0
desire.wright.edu:1.0
boomer:1.0
subject:1.0
real:1.0
source:1.6931471805599454
trouble:1.0
us:1.0
health:2.386294361119891
care:2.09861228866811
system:1.0
cancel:1.0
private:1.6931471805599454
insurance:1.6931471805599454
government:1.0
covers:1.0
20:1.0
population:1.0
consumes:1.0
42:1.6931471805599454
spending:1.6931471805599454
national:1.0
expenditures:1.0
1960:1.6931471805599454
1990:1.6931471805599454
includes:1.0
puerto:1.0
rico:1.0
outlying:1.0
areas:1.0
yearhealth:1.0
services:1.0
supplies:1.0
billions:1.0
privatepublic:1.0
19.8:1.0
5.7:1.0
22:1.0
total:2.386294361119891
1970:1.0
44.1:1.0
24.9:1.0
56:1.0
1980:1.0
140.7:1.0
98.1:1.0
41:1.0
374.8:1.0
268.6:1.0
american:1.0
almanac:1.0
page:1.0
97:1.0
1992-3:1.0
edition:1.0
understand:1.0
12.2:1.0
gnp:1.0
going:1.0
waste:1.0
figures:1.0
58:1.0
money:1.0
cover:1.0
4:1.0
times:1.0
many:1.0
people:1.0
go:1.0
figure:1.0
brett:1.0
theres:1.0
nothing:1.0
passionate:1.0
vested:1.0
interest:1.0
disguised:1.0
intellectual:1.0
conviction:1.0
sean:1.0
ocasey:1.0
white:1.0
plague:1.0
frank:1.0
herbert:1.0
