demon:1.0
desire.wright.edu:1.0
boomer:1.0
subject:1.0
clinton:1.6931471805599454
caves:1.0
reduces:1.0
jobs:2.386294361119891
bill:1.6931471805599454
backed:1.0
16:1.0
billion:1.0
word:1.0
hes:1.0
paring:1.0
core:1.0
jobless:1.0
benefits:1.0
money:1.6931471805599454
creating:1.0
full:1.0
time:1.0
ie:1.0
summer:1.0
chalk:1.0
one:1.0
holding:1.0
line:1.0
spending:1.0
brett:1.0
theres:1.0
nothing:1.0
passionate:1.0
vested:1.0
interest:1.0
disguised:1.0
intellectual:1.0
conviction:1.0
sean:1.0
ocasey:1.0
white:1.0
plague:1.0
frank:1.0
herbert:1.0
