fierro:2.386294361119891
uts.amdahl.com:1.6931471805599454
doug:2.09861228866811
subject:1.0
clinton:1.6931471805599454
healthcare:1.6931471805599454
professionals:1.6931471805599454
review:1.6931471805599454
reform:1.0
options:1.0
article:1.0
1r7cftinnrbt:1.0
life.ai.mit.edu:1.0
clinton-hq:1.0
campaign92.org:1.0
white:1.6931471805599454
house:1.6931471805599454
writes:1.0
office:1.0
communications:1.0
immediate:1.0
release:1.0
contact:1.0
bob:1.0
boorstin:1.0
thursday:1.0
april:1.0
22:1.0
1993:1.0
phone:1.0
202-456-7151:1.0
health:1.0
proposal:1.0
develops:1.0
many:1.0
mds:1.0
list:1.0
enough:1.0
rns:1.0
opinion:1.0
uts:1.0
system:1.0
software:1.0
case:1.0
tools:1.0
development:1.0
408:1.0
746-7102:1.0
