lazlo:2.386294361119891
carina.unm.edu:1.0
nibble:1.0
subject:1.0
waco:1.0
burning:1.0
russotto:1.6931471805599454
eng.umd.edu:1.0
matthew:1.0
writes:1.0
idea:2.09861228866811
kerosene:1.0
lamps:1.0
would:1.6931471805599454
place:1.0
electricity:1.0
cut:1.0
makes:1.6931471805599454
sense:1.6931471805599454
ramming:1.0
tanks:1.0
building:1.0
spill:1.0
cause:1.0
fire:1.0
cs:1.0
gas:1.0
canister:1.0
get:1.0
hot:1.0
enough:1.0
ignite:1.0
dry:1.0
baled:1.0
hay:1.0
triton.unm.edu:1.0
