mulvihil:1.0
oasys.dt.navy.mil:1.0
lawrence:1.0
mulvihill:1.0
subject:1.0
major:1.0
burger:1.0
chain:1.0
offers:1.0
talk.politics.misc:1.0
demon:1.0
desire.wright.edu:1.0
boomer:1.0
writes:1.0
janet:1.0
like:1.6931471805599454
hostages:1.0
a1:1.0
quick-fried:1.0
crackly:1.0
crunch:1.6931471805599454
a2:1.0
baked:1.0
delicate:1.0
would:1.0
fries:1.0
sir:1.0
