an030:1.0
cleveland.freenet.edu:1.0
broward:1.0
horne:1.0
subject:1.0
waco:1.0
previous:1.0
article:1.0
ddn:1.0
cbnews.cb.att.com:1.0
david.d.nason:1.0
says:1.0
give:1.6931471805599454
break:1.6931471805599454
chum:1.0
telling:1.0
clinton:1.6931471805599454
reno:1.0
know:1.0
batf:1.0
actions:1.0
illegal:1.0
adn:1.0
violation:1.0
warrant:1.0
part:1.6931471805599454
solution:1.0
problem:1.6931471805599454
