kane:1.6931471805599454
buast7.bu.edu:1.0
hot:1.6931471805599454
young:1.6931471805599454
star:1.6931471805599454
subject:1.0
new:1.0
study:1.0
gay:2.09861228866811
percentage:2.09861228866811
article:1.0
15427:1.0
optilink.com:1.6931471805599454
cramer:1.6931471805599454
clayton:1.0
writes:1.0
homosexuals:1.6931471805599454
lie:1.6931471805599454
10:1.6931471805599454
number:1.0
hide:1.6931471805599454
disproportionate:1.6931471805599454
involvement:1.6931471805599454
child:1.0
molestation:1.0
also:1.0
keep:1.0
politicians:1.0
scared:1.0
1:1.0
havent:1.0
shown:1.0
2:1.0
janus:1.0
report:1.0
came:1.0
recently:1.0
gives:1.6931471805599454
9:1.0
exclusively:1.0
predominantly:1.0
men:1.0
3:1.0
one:1.0
presumably:1.0
going:1.6931471805599454
say:1.6931471805599454
theyre:1.6931471805599454
doubt:1.0
homosexuality:1.0
surveys:1.0
thus:1.0
1-2:1.0
lower:1.0
limit:1.0
still:1.0
weighing:1.0
evidence:1.0
likely:1.0
5:1.0
7:1.0
brian:1.0
buast7:1.0
astro:1.0
bu.edu:1.0
astronomy:1.0
dept:1.0
boston:1.6931471805599454
university:1.0
02215:1.0
true:1.6931471805599454
personal:1.0
salvation:1.0
achieved:1.0
absolute:1.0
faith:1.0
ones:1.0
self:1.0
