jfc:1.6931471805599454
athena.mit.edu:1.6931471805599454
john:1.6931471805599454
f:1.0
carr:1.6931471805599454
subject:1.0
state:1.0
justice:1.0
article:1.0
1993apr15.170239.8211:1.0
hemlock.cray.com:1.0
rja:1.0
mahogany126.cray.com:1.0
russ:1.0
anderson:1.0
writes:1.0
theres:1.0
guy:1.0
death:1.6931471805599454
row:1.0
texas:1.6931471805599454
denied:1.0
new:1.6931471805599454
trial:1.0
dispite:1.0
evidence:1.6931471805599454
inocents:1.0
recommend:1.0
book:1.6931471805599454
adams:1.6931471805599454
v:1.0
story:1.6931471805599454
man:1.0
sentenced:1.0
crime:1.0
didnt:1.0
commit:1.0
long:1.0
appeals:1.0
process:1.0
problems:1.0
delays:1.0
caused:1.0
able:1.0
introduce:1.0
certain:1.0
courts:1.0
