gordon:1.0
perkins:1.0
gperkins:1.0
igc.apc.org:1.0
subject:1.0
perot:1.6931471805599454
pay:1.0
7:1.6931471805599454
income:2.09861228866811
taxes:1.6931471805599454
seeking:1.0
press:1.0
references:1.0
much:1.0
tax:1.0
pays:1.0
ive:1.0
heard:1.0
figure:1.0
percent:1.0
since:1.0
gets:1.0
federal:1.0
municipal:1.0
bond:1.0
interest:1.0
anybody:1.0
read:1.0
reliable:1.0
report:1.0
somewhere:1.0
thanks:1.0
