v2110a:1.0
vm.temple.edu:1.0
richard:1.6931471805599454
hoenes:1.0
subject:1.0
waco:1.0
investigation:1.0
know:1.6931471805599454
yet:1.0
holding:1.0
hearings:1.0
committee:1.0
question:1.0
askers:1.0
im:1.0
sure:1.0
many:1.0
us:1.0
potential:1.0
questions:1.0
wed:1.0
like:1.0
send:1.0
