jwalbea:1.6931471805599454
jima.b17d.ingr.com:2.09861228866811
jim:2.386294361119891
albea:2.09861228866811
subject:1.0
government:2.6094379124341005
help:1.0
article:2.791759469228055
1993apr18.192508.12442:1.0
isc-br.isc-br.com:1.6931471805599454
steveh:1.6931471805599454
thor.isc-br.com:1.6931471805599454
steve:2.386294361119891
hendricks:1.6931471805599454
writes:2.09861228866811
1993apr8.200326.27560:1.0
infonode.ingr.com:1.0
albeaj:1.0
1993mar24.235606.15959:1.0
proposes:1.0
system:1.0
checking:1.0
nations:2.09861228866811
criteria:1.0
try:1.6931471805599454
counter:1.0
limits:1.6931471805599454
constitution:3.5649493574615367
might:1.0
better:1.0
place:1.0
check:1.6931471805599454
gee:1.0
youll:2.09861228866811
find:1.6931471805599454
order:1.0
promote:1.6931471805599454
general:2.9459101490553135
welfare:3.1972245773362196
ordain:1.6931471805599454
establish:2.09861228866811
im:1.6931471805599454
surprised:1.0
missed:1.0
right:2.386294361119891
first:1.0
paragraph:1.6931471805599454
would:2.09861228866811
thought:1.0
made:1.0
least:1.0
preamble:2.791759469228055
almost:1.0
got:2.09861228866811
good:1.0
follow:1.0
advice:1.0
read:1.6931471805599454
quoted:1.0
let:1.0
us:1.0
forget:1.0
binding:1.0
part:1.6931471805599454
carries:1.0
weight:1.0
law:1.6931471805599454
poor:1.0
tortured:1.0
one:2.386294361119891
unfortunate:1.0
passages:1.0
english:1.0
language:1.0
witness:1.0
legions:1.0
blowhards:1.6931471805599454
like:1.0
think:1.0
vague:1.0
flowery:1.0
phrases:1.0
land:1.0
really:1.0
believe:1.0
politician:1.0
give:1.0
lip:1.0
service:1.0
promoting:1.0
within:1.0
sorry:1.0
buddy:1.0
managed:1.0
include:1.0
another:1.0
portion:1.0
section:2.09861228866811
8:2.386294361119891
congress:2.09861228866811
shall:2.386294361119891
power:2.09861228866811
lay:1.6931471805599454
collect:2.09861228866811
taxes:2.386294361119891
pay:1.6931471805599454
debts:1.6931471805599454
provide:2.9459101490553135
common:1.6931471805599454
defence:2.09861228866811
united:2.09861228866811
states:2.09861228866811
guess:1.6931471805599454
wanted:1.0
make:2.386294361119891
sure:1.6931471805599454
everyone:1.0
understood:1.0
meant:1.0
said:1.0
youve:1.0
point:1.0
lets:1.0
little:1.0
experiment:1.0
follows:1.0
people:1.0
america:1.0
federal:1.0
function:1.6931471805599454
defense:2.09861228866811
nation:1.0
two:1.6931471805599454
functions:1.6931471805599454
since:1.0
explicitly:1.0
includes:1.0
grant:1.0
botha:1.0
constitutional:1.0
glad:1.0
see:1.0
abandoned:1.0
thing:1.0
word:1.0
search:1.0
somewhere:1.0
else:1.0
comments:1.0
paraphrases:1.0
brackets:1.0
ways:1.6931471805599454
guts:1.0
1:1.0
duties:1.0
imposts:1.0
excises:1.0
indebtedness:1.0
defined:2.09861228866811
document:1.6931471805599454
precisely:1.0
mostly:1.0
limit:1.6931471805599454
uniform:1.6931471805599454
u.s:1.0
far:1.0
given:1.0
uniformly:1.0
2:1.0
borrow:1.0
money:1.6931471805599454
3:1.0
regulate:1.6931471805599454
commerce:1.0
foreign:1.0
interstate:1.0
indian:1.0
tribes:1.0
4:1.0
naturalization:1.0
bankruptcies:1.0
5:1.0
coin:1.0
value:1.0
thereof:1.0
etc:2.386294361119891
6:1.0
punish:1.6931471805599454
counterfeiters:1.0
7:1.0
post:1.6931471805599454
offices:1.0
roads:1.0
patents:1.0
copyrights:1.0
9:1.0
constitute:1.0
tribunals:1.0
inferior:1.0
supreme:1.0
court:1.0
10:1.0
define:1.0
piracies:1.0
11:1.0
declare:1.0
war:1.0
12:1.0
raise:1.0
support:1.6931471805599454
armies:1.0
longer:1.0
years:1.0
stretch:1.0
13:1.0
maintain:1.0
navy:1.6931471805599454
notice:1.0
time:1.0
14:1.0
rules:1.0
army:1.6931471805599454
15:1.0
calling:1.0
forth:1.0
militia:1.0
execute:1.6931471805599454
laws:1.6931471805599454
16:1.0
training:1.0
except:1.0
state:1.0
stuff:1.0
17:1.0
exercise:1.0
exclusive:1.0
legislation:1.0
d.c:1.0
18:1.0
necessary:1.0
foregoing:1.0
powers:1.0
original:1.0
instinct:1.0
looking:1.6931471805599454
precedents:1.0
expansive:1.0
liberal:1.0
agenda:1.0
much:1.0
easier:1.0
slim:1.0
pickins:1.0
found:1.0
