harelb:1.6931471805599454
math.cornell.edu:1.6931471805599454
subject:1.6931471805599454
f:2.09861228866811
cus/health:2.09861228866811
u.s:2.09861228866811
compares:2.09861228866811
misc.activism.progressive:1.0
co-moderator:1.0
paid:2.09861228866811
maternity:2.09861228866811
leave:2.09861228866811
duration:1.0
nationally:1.0
provided:1.0
weeks:2.09861228866811
1988:1.6931471805599454
country:1.6931471805599454
united:1.6931471805599454
kingdom:1.0
40:1.0
germany:1.0
14:2.6094379124341005
finland:1.0
38:1.0
ireland:1.0
denmark:1.0
28:1.6931471805599454
japan:1.0
france:1.0
16:1.6931471805599454
spain:1.0
italy:1.0
22:1.0
netherlands:1.0
12:1.6931471805599454
norway:1.0
20:1.0
sweden:1.0
canada:1.0
17-18:1.0
switzerland:1.0
8-12:1.0
austria:1.0
states:1.0
0:1.0
belgium:1.0
source:1.0
international:1.0
labor:1.0
organization:1.0
work:2.09861228866811
family:1.0
child:1.0
care:1.0
challenge:1.0
conditions:1.0
digest:1.0
vol:1.0
7:1.0
february:1.0
page:1.0
11:1.0
number:1.0
one:1.0
america:1.6931471805599454
stands:1.0
falls:1.0
new:1.6931471805599454
world:1.0
order:1.0
andrew:1.0
l:1.0
shapiro:1.0
york:1.0
may:1.6931471805599454
1992:1.0
vintage:1.0
books:1.0
division:1.0
random:1.0
house:1.0
10:1.0
paperback:1.0
isbn:1.0
0-679-73893-2:1.0
transcribed:1.0
jhwoodar:1.0
well.sf.ca.us:1.0
joe:1.0
woodard:1.0
becoming:1.0
land:1.0
private:1.0
greed:1.0
public:1.0
squalor:1.0
book:1.0
indispensable:1.0
road:1.0
map:1.0
wreckage:1.0
facts:1.0
reveals:1.0
startle:1.0
depress:1.0
ideally:1.0
theyll:1.0
fire:1.0
help:1.0
rebuild:1.0
nation:1.0
robert:1.0
b:1.0
reich:1.0
author:1.0
nations:1.0
