asper:1.6931471805599454
calvin.uucp:1.0
alan:1.6931471805599454
e:1.0
subject:1.0
janet:1.0
reno:1.0
killed:1.0
waco:1.0
children:1.0
article:1.0
1r1pn6:1.0
nap:1.0
lll-winken.llnl.gov:1.0
ed:1.6931471805599454
wente.llnl.gov:1.0
suranyi:1.0
writes:1.0
ridiculous:1.0
way:1.0
provoker:1.0
considered:1.0
played:1.0
exceedingly:1.0
minor:1.0
role:1.0
person:1.0
kills:1.0
ultimately:1.0
responsible:1.0
actions:1.0
finally:1.0
someone:1.0
seems:1.0
making:1.0
sense:1.0
thread:1.0
