v2110a:1.0
vm.temple.edu:1.0
richard:1.6931471805599454
hoenes:1.0
subject:1.0
waco:1.0
saying:1.0
government:1.0
responsible:1.6931471805599454
death:1.6931471805599454
compound:1.0
also:1.0
say:1.0
isrealis:1.0
isreali:1.0
athletes:1.0
olympics:1.0
hey:1.0
palestinians:1.0
dividians:1.0
could:1.6931471805599454
given:1.0
peacefully:1.0
yeah:1.0
monkey:1.0
fly:1.0
butt:1.0
wayne:1.0
