v2110a:1.0
vm.temple.edu:1.0
richard:1.6931471805599454
hoenes:1.0
subject:1.0
didnt:1.6931471805599454
come:2.386294361119891
initial:1.0
gun:1.0
battle:1.0
50:1.0
days:1.0
peacefully:1.0
high:1.0
priced:1.0
lawyer:1.0
judging:1.0
posts:1.0
public:1.0
support:1.0
anyone:1.0
rational:1.0
explanation:1.0
even:1.0
negotiated:1.0
coming:1.0
radio:1.0
sermon:1.0
doesnt:1.0
include:1.0
davidians:1.0
wanting:1.0
commit:1.0
suicide/murder/general:1.0
mayhem:1.0
