jan:2.9459101490553135
camhpp12.mdcbbs.com:1.0
vandenbrande:1.6931471805599454
subject:1.0
xv:2.09861228866811
root:1.6931471805599454
vue:2.386294361119891
xloadimage:1.0
onroot:1.0
related:1.0
note:1.0
use:1.0
display:2.09861228866811
colored:1.0
gifs:1.0
hp:1.0
xbms:1.0
backdrop:1.0
style:1.0
manager:1.0
seem:1.0
able:1.0
override:1.0
whatever:1.0
puts:1.0
thanks:1.0
ug.eds.com:1.0
new:1.0
address:1.6931471805599454
lipari.usc.edu:1.0
school:1.0
forwards:1.0
uucp:1.0
uunet:1.0
uupsi:1.0
ug:1.0
