ewang:1.0
ucsee.berkeley.edu:1.0
edward:1.6931471805599454
wang:1.0
subject:1.0
widget:1.6931471805599454
source:1.6931471805599454
code:1.6931471805599454
needed:1.0
im:1.0
considering:1.0
writing:1.0
widgets:1.0
like:1.6931471805599454
sample:1.0
look:1.0
first:1.0
could:1.0
find:1.0
something:1.0
archives:1.0
accessible:1.0
anonymous:1.0
ftp:1.0
contain:1.0
information:1.0
thanks:1.0
