jck:1.6931471805599454
catt.citri.edu.au:1.0
justin:1.6931471805599454
kibell:1.6931471805599454
subject:1.0
honors:1.0
degrees:1.0
mean:1.0
anything:1.0
got:1.0
comp.windows.x:1.0
oo0-_/-0oo:1.0
systems:1.0
programmer:1.0
xmelba:1.0
project:1.0
team:1.0
c.a.t.t:1.0
collaborative:1.0
information:1.0
technology:1.0
research:1.0
institute:1.0
melbourne:1.0
vic:1.0
internet:1.0
jaguar.catt.citri.edu.au:1.0
phone:1.0
61:1.0
03:1.0
282:1.0
2456:1.0
australia:1.0
