cheong:1.0
solomon.technet.sg:1.0
scstech:1.0
admin:1.0
subject:1.0
getting:1.0
pseudo:1.6931471805599454
tty:1.6931471805599454
x/motif:1.6931471805599454
hi:1.0
write:1.0
application:1.0
require:1.0
embedding:1.0
re-invent:1.0
wheel:1.0
anyone:1.0
written/gotten:1.0
motif:1.0
widget:1.0
job:1.0
otherwise:1.0
would:1.0
appreciate:1.0
pointers:1.0
make:1.0
beast:1.0
environment:1.0
x11r4/motif:1.0
1.1:1.0
x11r5/motif:1.0
1.2:1.0
helps:1.0
thanks:1.0
advance:1.0
arthur:1.6931471805599454
lim:1.0
email:1.0
mailhost.scs.com.sg:1.0
