queloz:1.6931471805599454
bernina.ethz.ch:1.0
ronald:1.0
subject:1.0
whole:1.6931471805599454
win:1.0
screen:2.09861228866811
window:2.791759469228055
placement:1.0
would:1.0
like:1.0
configure:1.0
system:1.0
hp:1.0
unix:1.0
avoid:1.0
corner:1.0
given:1.6931471805599454
displayed:1.0
outside:1.6931471805599454
visible:2.09861228866811
impossible:1.0
move:1.0
aerea:1.0
1:1.0
done:1.6931471805599454
configuring:1.0
managers:1.0
resources:1.0
2:1.0
applikation:1.0
level:1.0
3:1.0
hardcoded:1.0
solution:1.0
possible:1.6931471805599454
upper:1.0
limit:1.0
size:1.0
thank:1.0
information:1.0
help:1.0
