ethan:2.09861228866811
cs.columbia.edu:1.0
solomita:1.0
subject:1.0
x:1.0
protocol:1.0
packet:1.6931471805599454
type:1.0
article:1.0
93091.144124dep:1.0
slacvm.slac.stanford.edu:1.6931471805599454
dep:1.0
writes:1.0
way:1.0
identify:1.0
x-protocol:1.0
decnet:1.0
tcp/ip:1.0
information:1.0
packets:1.0
isnt:1.0
necessarily:1.0
distinctive:1.0
need:1.0
know:1.0
x11:1.0
connection:1.0
