rbw:1.0
jet.uk:1.0
dr:1.0
richard:1.0
b:1.0
wilkinson:1.0
subject:1.0
xbell:1.6931471805599454
program:2.09861228866811
produces:1.0
continuous:1.0
tone:1.6931471805599454
calling:1.0
repeatedly:1.0
interval:1.0
equal:1.0
duration:1.0
bell:1.6931471805599454
run:1.0
display:1.0
tones:1.0
buffered:1.0
x:1.6931471805599454
server:1.6931471805599454
contunues:1.0
occurrences:1.0
exited:1.0
convenient:1.0
way:1.0
preventing:1.0
e.g:1.0
emptying:1.0
buffer:1.0
exits:1.0
disclaimer:1.0
please:1.0
note:1.0
personal:1.0
view:1.0
construed:1.0
official:1.0
comment:1.0
jet:1.0
project:1.0
