beck:2.09861228866811
irzr17.inf.tu-dresden.de:1.0
andre:1.6931471805599454
subject:1.0
cute:1.0
x:1.0
clients:1.0
try:1.0
include:2.09861228866811
stdio.h:1.0
x11/xlib.h:1.0
x11/xutil.h:1.0
display:1.0
dpy:3.70805020110221
intscreen:1.0
xcolor*xclrs:1.0
xclrp:4.044522437723423
xidcmap:1.0
intcells:1.0
j:1.0
red:2.6094379124341005
green:2.6094379124341005
blue:2.6094379124341005
got:3.1972245773362196
main:1.0
xopendisplay:1.0
null:1.0
screen:2.6094379124341005
defaultscreen:1.0
cells:3.1972245773362196
displaycells:1.0
cmap:2.9459101490553135
xcreatecolormap:1.0
rootwindow:1.0
defaultvisual:1.0
1:2.6094379124341005
xclrs:3.1972245773362196
xcolor:1.0
malloc:1.0
sizeof:1.0
i=0:2.09861228866811
pixel:1.0
flags:1.0
7:1.0
xquerycolors:1.0
defaultcolormap:1.0
xstorecolors:2.09861228866811
xinstallcolormap:2.09861228866811
0:1.6931471805599454
65000:2.09861228866811
256:3.1972245773362196
got=1:2.386294361119891
work:1.0
pseudocolor:1.0
xserver:1.0
hopefully:1.0
brain:1.0
inside:1.0
abpsoft:1.0
mehl:1.0
andre_beck:1.0
irs.inf.tu-dresden.de:1.0
