altmann:1.6931471805599454
pleuro.soar.cs.cmu.edu:1.0
erik:1.0
subject:1.6931471805599454
fwd:1.0
progressives:2.09861228866811
happy:2.09861228866811
hour:2.09861228866811
forwarding:1.6931471805599454
begins:1.0
date:1.0
wed:1.0
7:1.0
apr:1.0
1993:1.0
15:39:55:1.0
0400:1.0
edt:1.0
womens:1.6931471805599454
center:1.6931471805599454
women:1.0
andrew.cmu.edu:1.6931471805599454
dist+/afs/andrew.cmu.edu/usr0/women/dlists/happyhour-announce.dl:1.0
enjoy:1.0
good:1.6931471805599454
food:1.6931471805599454
interesting:1.0
company:1.0
thursday:1.0
8:1.0
april:1.0
starting:1.0
5:30pm:1.0
located:1.0
next:1.0
laundromat:1.0
margaret:1.0
morrison:1.0
plaza:1.0
kosher:1.0
passover:1.0
served:1.0
welcome:1.0
things:1.0
drink:1.0
paper:1.0
cups:1.0
wont:1.0
please:1.0
progressive:1.0
bring:1.0
cup:1.0
mug:1.0
co-sponsored:1.0
student:1.6931471805599454
government:1.0
president:1.0
funded:1.0
activites:1.0
fee:1.0
end:1.0
