vic:1.6931471805599454
fajita:1.0
v:1.0
martinez:1.6931471805599454
6463:1.0
subject:1.0
trouble:1.0
compiling:1.6931471805599454
x11r5:1.6931471805599454
sunos_4.1.3:1.0
problems:1.0
ipc:1.0
sunos:1.0
4.1.3:1.0
compile:1.0
make:1.0
k:1.0
world:1.0
stop:1.0
ld:1.0
errors:1.6931471805599454
stated:1.0
another:1.0
post:1.0
clients:1.0
still:1.0
run:1.0
correctly:1.0
victor:1.0
fajita.saic.com:1.0
