brian:1.6931471805599454
mdavcr.mda.ca:1.0
lemire:1.0
subject:1.0
joining:1.6931471805599454
x:1.6931471805599454
consortium:1.6931471805599454
hi:1.0
anyone:1.0
information:1.0
costs:1.0
benefits:1.0
contact:1.0
thanks:1.0
