mbheprg:1.0
problem_with_inews_gateway_file:1.0
raju:1.6931471805599454
gurung:1.6931471805599454
subject:1.0
converting:1.0
contents:1.6931471805599454
x-window:2.09861228866811
color:1.6931471805599454
postscript:2.09861228866811
jeff:1.6931471805599454
haferman:2.386294361119891
icaen.uiowa.edu:1.6931471805599454
wrote:1.0
somebody:1.0
point:1.0
source:1.0
code:1.0
dumping:1.0
file:1.6931471805599454
written:1.0
app:1.0
brings:1.0
want:1.0
click:1.0
mouse:1.0
dump:1.0
window:1.6931471805599454
thanks:1.0
internet:1.0
department:1.0
mechanical:1.0
engineering:1.0
dod:1.0
0186:1.0
bmwmoa:1.0
44469:1.0
ama:1.0
460140:1.0
university:1.6931471805599454
iowa:1.6931471805599454
city:1.0
ia:1.0
52242:1.0
76:1.0
r90s:1.0
use:1.6931471805599454
xwd:1.6931471805599454
xwd2ps:1.0
within:1.0
program:1.0
id:1.6931471805599454
xxxxx:1.6931471805599454
obtained:1.0
xtwindow:1.0
widget:1.0
i.t:1.6931471805599454
109:1.0
building:1.0
dept:1.0
electrical:1.0
eng:1.0
manchester:1.6931471805599454
oxford:1.0
rd:1.0
u.k:1.0
