cr097:1.0
cleveland.freenet.edu:1.0
david:1.6931471805599454
matusow:1.0
subject:1.0
large:1.6931471805599454
color:1.6931471805599454
monitors:1.6931471805599454
anyone:1.0
information/advice:1.0
17:1.0
21:1.0
use:1.0
486:1.0
system:1.0
running:1.0
x:1.0
server:1.0
software:1.0
maining:1.0
looking:1.0
quality:1.0
information:1.6931471805599454
price:1.0
welcomed:1.0
thanks:1.0
ball:1.0
bearings:1.0
fletch:1.0
