lemons:1.6931471805599454
cadsys.enet.dec.com:1.0
subject:1.0
xremote:1.0
x11r6:2.09861228866811
hi:1.0
remember:1.0
reading:1.0
hallucinating:1.0
ncds:1.0
pc-xremote:1.0
functionality:1.0
given:1.0
ncd:1.0
mit:1.0
inclusion:1.0
true:1.0
set:1.0
mode/cheap:1.0
wait:1.0
get:1.0
compressed:1.0
serial:1.0
line:1.0
x:1.0
server:1.0
support:1.0
thanks:1.0
terry:1.0
digital:1.0
equipment:1.0
corporation:1.0
