urathi:1.0
net4.ics.uci.edu:1.0
unmesh:1.6931471805599454
rathi:1.0
subject:1.0
motif:2.09861228866811
interviews:1.6931471805599454
hi:1.0
process:1.0
making:1.0
decision:1.0
whether:1.0
write:1.0
c:1.0
wrappers:1.0
use:1.0
though:1.0
downloaded:1.0
tar:1.0
files:1.0
fail:1.0
see:1.0
documentation:1.6931471805599454
two:1.0
questions:1.0
1:1.0
used:1.0
similar:1.0
c++sy:1.0
toolkits:1.0
experience:1.0
2:1.0
find:1.0
reference:1.0
books:1.0
input:1.0
greatly:1.0
appreciated:1.0
