beck:2.09861228866811
irzr17.inf.tu-dresden.de:1.0
andre:1.6931471805599454
subject:1.0
lost:1.0
tekhvc:1.0
color:1.0
space:1.0
hi:1.0
xtici:1.0
worked:1.0
system:1.0
im:1.0
using:1.0
x11r5:1.0
pl:1.0
17:1.0
clientside:1.0
dec:1.0
5000/240:1.0
ultrix:1.0
4.3:1.0
may:1.0
serious:1.0
floatingpoint:1.0
compilation:1.0
problem:1.0
brain:1.0
inside:1.0
abpsoft:1.0
mehl:1.0
andre_beck:1.0
irs.inf.tu-dresden.de:1.0
