carlj:1.0
mugwump:1.0
carl:1.0
johnson:1.0
subject:1.0
xterm:1.6931471805599454
default:2.09861228866811
text:2.09861228866811
cursor:1.6931471805599454
color:2.791759469228055
want:1.0
able:1.0
set:2.09861228866811
forground:1.0
man:1.0
page:1.0
cr:1.0
option:1.0
specifies:1.0
use:1.6931471805599454
cur:1.0
sor:1.0
foreground:1.0
used:1.0
however:1.0
doesnt:1.0
seem:1.0
case:1.0
appears:1.0
black:1.0
whatever:1.6931471805599454
xterm*cursorcolor:1.0
feel:1.0
free:1.0
point:1.0
relevant:1.0
fm:1.0
cheers:1.0
c:1.0
