matt:1.6931471805599454
centerline.com:1.0
landau:1.0
subject:1.0
recent:1.6931471805599454
information:1.6931471805599454
frescoe:1.6931471805599454
anyone:1.0
know:1.0
work:1.0
done:1.0
consortium:1.0
ive:1.0
seen:1.0
short:1.0
description:1.0
published:1.0
x:1.0
resource:1.0
looking:1.0
something:1.0
bit:1.0
depth:1.0
