rob:1.6931471805599454
earhart:1.6931471805599454
cmu.edu:1.0
subject:1.0
q:1.0
avoid:1.6931471805599454
xopendisplay:1.6931471805599454
hang:1.6931471805599454
dont:1.0
know:1.0
perhaps:1.6931471805599454
could:1.0
use:1.0
something:1.0
else:1.0
zephyr:1.0
