adrian:2.09861228866811
ora.com:1.0
nye:1.6931471805599454
subject:1.0
widgets:1.6931471805599454
vs:1.0
gadgets:2.09861228866811
ive:1.0
using:1.6931471805599454
xmgraph:1.0
widget:1.0
thats:1.0
floating:1.0
around:1.0
noticed:1.0
performance:1.6931471805599454
significantly:1.0
better:1.0
perhaps:1.0
even:1.0
100:1.6931471805599454
faster:1.0
heard:1.0
old:1.0
programming:1.0
course:1.0
longer:1.0
benefit:1.0
well:1.0
use:1.0
everywhere:1.0
interesting:1.0
id:1.0
like:1.0
know:1.0
try:1.0
single:1.0
ethernet:1.0
x:1.0
terminals:1.0
think:1.0
youll:1.0
find:1.0
much:1.0
slower:1.0
oreilly:1.0
associates:1.0
