lungtt:1.0
gus.ecn.purdue.edu:1.0
terence:1.0
lung:1.0
subject:1.0
honors:1.6931471805599454
degrees:1.0
mean:1.0
anything:1.0
hear:1.0
george:1.0
bush:1.0
remember:1.0
receive:1.0
degree:1.0
kuwaiti:1.6931471805599454
university:1.0
contributing:1.0
certain:1.0
interests:1.0
long:1.0
ago:1.0
think:1.0
would:1.0
add:1.0
much:1.0
resume:1.0
