ai900:1.6931471805599454
yfn.ysu.edu:1.6931471805599454
joshua:2.09861228866811
p:1.0
weage:2.09861228866811
subject:1.0
x:1.0
pc:1.0
couldnt:1.0
find:1.0
x-appeal:1.0
availible:1.0
following:1.0
sitex:1.0
ascwide.ascii.co.jp:1.0
pub/msdos/xappeal:1.0
dir:1.0
wuarchive.wustl.edu:1.0
mirrors4/garbo.uwasa.fi/demo:1.0
directory:1.0
three:1.0
files:1.0
xap13exe.aip:1.0
xap10fon.zip:1.0
drivers.zip:1.0
josh:1.0
u.s:1.0
snail:1.0
277:1.0
spring:1.0
rd:1.0
baroda:1.0
mi:1.0
49101:1.0
e-mail:1.0
cs890:1.0
freenet-in-a.cwru.edu:1.0
fidonet:1.0
1:2340/130:1.0
ideas:1.0
one:1.0
elses:1.0
