whaley:2.386294361119891
sigma.kpc.com:1.0
ken:1.0
subject:1.0
xcopyplane:2.386294361119891
question:1.0
trying:1.6931471805599454
use:2.386294361119891
copy:2.09861228866811
single:1.0
plane:2.6094379124341005
depth-8:2.09861228866811
pixmap:2.6094379124341005
depth-1:2.09861228866811
everytime:1.0
try:1.0
see:1.6931471805599454
absolutely:1.0
nothing:1.0
displayed:1.0
know:1.6931471805599454
data:2.09861228866811
becuase:1.0
checked:1.0
xcopyarea:1.0
screen:2.791759469228055
successful:1.0
getting:1.0
work:1.0
two:1.0
pixmaps:1.0
problem:1.0
could:1.6931471805599454
someone:1.0
please:1.0
scan:1.0
code:1.6931471805599454
segment:1.0
let:1.0
going:1.0
wrong:1.0
created:1.0
xmdrawingarea:1.0
widget:1.0
called:1.0
canvas:2.09861228866811
w_id:2.09861228866811
xtwindow:1.0
display:3.4849066497880004
xtdisplay:1.0
defaultscreen:1.0
pixmap8:2.09861228866811
xcreatepixmap:1.6931471805599454
rootwindow:1.6931471805599454
w_width:2.386294361119891
w_height:2.386294361119891
defaultdepth:1.0
pixmap1:2.6094379124341005
1:2.386294361119891
w_gc8:2.09861228866811
xcreategc:1.6931471805599454
0:3.3978952727983707
null:1.6931471805599454
w_gc1:2.09861228866811
read:1.0
xwd:1.0
image:1.6931471805599454
omitted:1.0
set:1.0
foreground:1.0
background:1.0
colors:1.0
something:1.0
whitepixel:1.0
blackpixel:1.0
macros:1.0
server:1.0
may:1.0
return:1.0
values:2.09861228866811
suitable:1.0
depth:1.0
drawables:1.0
one:1.6931471805599454
16:1.6931471805599454
sure:1.0
fifth:1.6931471805599454
isnt:1.0
different:1.0
pixel:1.0
0x10:1.0
might:1.0
value:1.0
using:1.0
clipmask:1.0
values.foreground:1.0
fg_color:1.0
values.clip_x_origin:1.0
values.clip_y_origin:1.0
values.clip_mask:1.0
mask:1.6931471805599454
gcforeground:1.0
gcclipmask:1.0
xchangegc:1.0
xfillrectangle:1.0
want:1.6931471805599454
better:1.0
performance:1.0
dont:1.6931471805599454
clipmasks:1.0
stipple:1.0
stippled:1.0
rectangle:1.6931471805599454
fill:1.0
many:1.0
servers:1.0
stupid:1.0
handling:1.0
complex:1.0
clip:1.6931471805599454
lists:1.0
turn:1.0
bitmap:1.0
region:1.0
hundreds:1.6931471805599454
little:1.6931471805599454
clipping:1.0
rectangles:1.0
clips:1.0
every:1.6931471805599454
drawing:1.6931471805599454
primitive:1.0
triangles:1.0
actually:1.0
must:1.0
also:1.0
ask:1.0
faqs:1.0
popular:1.0
reason:1.0
graphics:1.0
show:1.0
wait:1.0
expose:1.0
event:1.0
info:1.0
x11r5:1.0
patchlevel:1.0
10:1.0
motif:1.0
1.2.1:1.0
sun:1.0
sparc2:1.0
running:1.0
sunos:1.0
4.1.1:1.0
thanks:1.0
advance:1.0
nancie:1.6931471805599454
p:1.0
marin:1.0
net:1.0
neko.css.gov:1.0
ensco:1.0
inc:1.6931471805599454
mail:1.0
445:1.0
pineda:1.0
ct:1.0
melbourne:1.0
fl:1.0
32940:1.0
407:1.6931471805599454
254-4122:1.0
fax:1.0
254-3293:1.0
kenneth:1.0
408:1.0
748-6347:1.0
kubota:1.0
pacific:1.0
computer:1.0
email:1.0
kpc.com:1.0
2630:1.0
walsh:1.0
avenue:1.0
santa:1.0
clara:1.0
ca:1.0
95051:1.0
