jessea:2.09861228866811
u013.me.vp.com:1.0
jesse:1.6931471805599454
w:1.6931471805599454
asher:1.6931471805599454
subject:1.0
x:1.6931471805599454
version:1.6931471805599454
whois:1.6931471805599454
written:1.0
ftp:1.0
thanks:1.0
901:1.0
762-6000:1.0
varco-pruden:1.0
buildings:1.0
6000:1.0
poplar:1.0
ave:1.0
suite:1.0
400:1.0
memphis:1.0
tn:1.0
38119:1.0
internet:1.0
vpbuild.vp.com:1.0
uucp:1.0
vpbuild:1.0
