coe:2.386294361119891
leopard.cs.uidaho.edu:1.6931471805599454
mike:1.6931471805599454
subject:1.0
window:2.09861228866811
manager:2.09861228866811
currently:1.0
use:1.0
called:1.0
ctwm:1.0
similar:1.0
hps:1.0
vuewm:1.0
i.e:1.0
multiple:1.0
workspaces:1.0
motif:1.0
based:1.0
feature:1.0
memory:1.0
pig:1.0
like:1.0
vue:1.0
michael:1.0
l:1.0
mind:1.0
terrible:1.0
thing:1.0
laboratory:1.0
applied:1.0
logic:1.0
university:1.0
idaho:1.0
coe861:1.0
snake.cs.uidaho.edu:1.0
