jbore:2.09861228866811
cosmos.shearson.com:1.0
joe:1.6931471805599454
bore:1.6931471805599454
subject:1.0
iconize:1.6931471805599454
running:2.09861228866811
application:1.6931471805599454
doesnt:1.0
matter:1.0
window:2.386294361119891
mgr:1.0
use:1.0
x:1.0
routine:1.0
xiconfiywindow:1.0
display:2.09861228866811
w:2.386294361119891
screen_number:1.6931471805599454
int:1.0
xiconifywindow:1.0
xtdisplay:1.0
xtwindow:1.0
0:1.0
perform:1.0
want:1.0
article:1.0
c5ifj0.f2u:1.0
csn.org:1.6931471805599454
doomer:2.386294361119891
teal.csn.org:2.386294361119891
john:1.6931471805599454
dumais:1.6931471805599454
writes:1.0
newsgroups:1.0
comp.windows.x:1.0
path:1.0
shearson.com:2.09861228866811
uupsi:1.0
psinntp:1.0
uunet:1.6931471805599454
haven.umd.edu:1.0
darwin.sura.net:1.0
wupost:1.0
zaphod.mps.ohio-state.edu:1.0
magnus.acs.ohio-state.edu:1.0
csn:1.0
sender:1.0
news:1.6931471805599454
nntp-posting-host:1.0
organization:1.0
colorado:1.0
supernet:1.0
inc:1.0
x-newsreader:1.0
tin:1.0
1.1:1.0
pl4:1.0
date:1.0
thu:1.0
15:1.0
apr:1.0
1993:1.0
05:35:22:1.0
gmt:1.0
lines:1.0
8:1.0
ive:1.0
trying:1.0
figure:1.0
way:1.0
programmatically:1.0
motif:1.0
manager:1.0
tried:1.0
several:1.0
approaches:1.0
includeing:1.0
sending:1.0
events:1.0
applications:1.0
border:1.0
avail:1.0
anyone:1.0
done:1.0
thanks:1.0
85:1.0
life:1.0
short:1.0
code:1.0
hard:1.0
212:1.6931471805599454
464-3431:1.0
beeper:1.0
396-4248:1.0
