daniels:2.386294361119891
neosoft.com:1.6931471805599454
brad:2.09861228866811
subject:1.0
fresco:2.386294361119891
status:1.0
ive:1.6931471805599454
hearing:1.0
rumblings:1.0
sounds:1.0
like:1.0
may:1.0
im:1.0
looking:1.0
far:1.0
release:1.0
least:1.0
kind:1.0
availability:1.0
similar:1.0
interviews:2.09861228866811
code:1.6931471805599454
work:1.6931471805599454
motif:2.09861228866811
heard:1.0
mention:1.0
versions:1.0
support:1.0
feasible:1.0
use:1.0
information:1.0
would:1.0
much:1.0
appreciated:1.0
money:1.0
cant:1.0
buy:1.0
happiness:1.0
guess:1.0
ill:1.0
rent:1.0
dont:1.6931471805599454
neosoft:1.0
weird:1.0
al:1.0
yenkovic:1.0
speak:1.0
employer:1.0
