alex:1.6931471805599454
vuse.vanderbilt.edu:1.0
alexander:1.0
p:1.0
zijdenbos:1.0
subject:1.0
sunview:1.6931471805599454
x:1.6931471805599454
doubt:1.0
old:1.0
question:1.0
didnt:1.0
find:1.6931471805599454
answer:1.0
faqs:1.0
could:1.0
goes:1.0
application:1.0
want:1.0
convert:1.0
openlook:1.0
motiv:1.0
whatever:1.0
remember:1.0
hearing:1.0
quite:1.0
time:1.0
ago:1.0
tools:1.0
accomplish:1.0
task:1.0
b:1.0
public:1.0
domain:1.0
c:1.0
good:1.0
i.e:1.0
advantages:1.0
reimplementing:1.0
interface:1.0
thanks:1.0
