stolk:2.09861228866811
fwi.uva.nl:1.6931471805599454
bram:1.6931471805599454
subject:1.0
creating:1.6931471805599454
8:2.791759469228055
bit:2.9459101490553135
windows:1.0
24:2.09861228866811
display:2.09861228866811
greetings:1.0
using:2.09861228866811
x:1.6931471805599454
server:1.0
provides:1.0
3:1.0
visuals:1.0
pseudocolor:2.09861228866811
truecolor:1.0
directcolor:1.0
problem:1.0
occurs:1.6931471805599454
try:1.0
create:2.09861228866811
window:2.791759469228055
visual:2.9459101490553135
different:1.0
parent:1.0
uses:1.0
default:1.0
tc24:1.0
xlib:1.0
reference:1.0
guide:1.0
reilly:1.0
one:1.0
read:1.0
section:1.0
xcteatewindow:1.0
something:1.0
like:1.6931471805599454
current:1.0
implementation:1.0
x11:1.0
parents:1.0
sure:1.0
find:1.0
suitable:1.6931471805599454
colourmap:1.6931471805599454
used:1.0
attributes:1.0
else:1.0
badmatch:2.09861228866811
warning:1.0
strangely:1.0
enough:1.0
mentioned:1.0
newer:1.0
editions:1.0
x11r5:1.0
guides:1.0
however:1.0
even:1.0
pass:1.0
along:1.0
still:1.0
get:1.0
non-default:1.0
code:1.6931471805599454
looks:1.0
cut:1.6931471805599454
youll:1.6931471805599454
destroy:1.6931471805599454
crt:1.6931471805599454
create_8bit_window_on_truecolour_display:1.0
dpy:3.302585092994046
width:2.386294361119891
height:2.09861228866811
int:1.0
win:2.09861228866811
xvisualinfo:1.0
vinfo:1.6931471805599454
xsetwindowattributes:1.0
attr:1.6931471805599454
fprintf:2.09861228866811
stderr:2.09861228866811
opening:1.0
xmatchvisualinfo:1.0
defaultscreen:1.0
cant:1.0
handle:1.0
exit:1.0
1:1.0
vinfo.visual:2.09861228866811
visualid:1.0
cmap:2.09861228866811
xcreatecolormap:1.0
defaultrootwindow:1.6931471805599454
allocnone:1.0
xsync:1.0
false:1.0
xinstallcolormap:1.0
ommision:1.0
line:1.6931471805599454
gives:1.0
result:1.0
attr.colormap:1.0
xcreatewindow:1.0
10,10:1.0
copyfromparent:1.0
border:1.0
depth:1.0
inputoutput:1.0
class:1.0
cwcolormap:1.0
return:1.0
executing:1.0
piece:1.0
results:1.0
error:1.0
anybody:1.0
knows:1.0
please:1.0
drop:1.0
take:1.0
care:1.0
