hess:1.6931471805599454
swt1.informatik.uni-hamburg.de:1.0
hauke:1.6931471805599454
subject:1.0
xwindows:1.6931471805599454
always:1.0
opaque:1.0
hi:1.0
wonder:1.0
possible:1.6931471805599454
parent:1.0
window:1.6931471805599454
paint:1.0
area:1.0
childs:1.0
could:1.0
implement:1.0
rubberband:1.0
across:1.0
multiple:1.0
select:1.0
objects:1.0
displayed:1.0
one:1.0
