kssingvo:1.6931471805599454
immd4.informatik.uni-erlangen.de:1.6931471805599454
klaus:2.09861228866811
singvogel:1.6931471805599454
subject:1.0
xswarm:1.6931471805599454
enhancement:1.0
anybody:1.0
enhacemened:1.0
use:1.0
one:1.0
wasp:1.0
please:1.0
e-mail:1.6931471805599454
dont:1.0
read:1.0
group:1.0
longer:1.0
thanks:1.0
advance:1.0
