derrick:1.0
j:1.0
brashear:1.0
db74:1.0
andrew.cmu.edu:1.0
subject:1.0
mouseless:1.6931471805599454
operation:1.6931471805599454
ol:1.0
v:1.0
wm:1.0
documented:1.0
man:1.0
pages:1.0
olwm:1.0
olvwm:1.0
however:1.0
cant:1.0
get:1.0
work:1.0
either:1.0
line:1.0
xdefaults:1.0
openwindows.keyboardcommands:1.0
full:1.0
havent:1.0
rebound:1.0
keys:1.0
missing:1.0
something:1.0
