claes:2.386294361119891
polaris:1.0
heinz-josef:1.6931471805599454
subject:1.0
german:1.6931471805599454
keyboard:1.6931471805599454
x11r5:1.6931471805599454
sparc:1.6931471805599454
12:1.0
type:1.0
4:1.0
anybody:1.0
patch:1.0
thanks:1.0
advance:1.0
email:1.0
tigger.turbo.uni-essen.de:1.0
