bm155:1.6931471805599454
cleveland.freenet.edu:1.6931471805599454
csthomas:1.6931471805599454
gizmonic.uucp:1.0
subject:1.0
xwd:1.6931471805599454
gif:2.09861228866811
conversions:1.0
hello:1.0
anyone:1.0
know:1.0
source:1.0
code:1.0
get:1.0
either:1.0
create:1.0
window:1.6931471805599454
dumps:1.0
format:1.6931471805599454
convert:1.0
x:1.0
dump:1.0
file:1.0
really:1.0
could:1.0
manipulate:1.0
dos:1.0
i.e:1.0
pcx:1.0
bmp:1.0
etc:1.0
later:1.0
shane:1.0
uucp:1.0
rutgers:1.0
devon:1.0
gizmonic:1.0
god:1.0
bless:1.0
pagans:1.0
h:1.0
simpson:1.0
