dealy:3.0794415416798357
narya.gsfc.nasa.gov:1.0
brian:2.09861228866811
csc:1.0
subject:1.0
xwindows:1.6931471805599454
always:1.0
opaque:1.0
article:1.0
hess.734959172:1.0
swt1:1.0
hess:1.6931471805599454
swt1.informatik.uni-hamburg.de:1.0
hauke:1.6931471805599454
writes:1.0
hi:1.0
wonder:1.0
possible:1.6931471805599454
parent:1.0
window:1.6931471805599454
paint:1.0
area:1.0
childs:1.0
could:1.0
implement:1.0
rubberband:1.0
across:1.0
multiple:1.6931471805599454
select:1.0
objects:1.0
displayed:1.0
one:2.09861228866811
specify:1.0
rootwindow:1.0
creating:1.0
gc:1.0
may:1.0
use:1.0
xlib:1.0
draw:1.6931471805599454
windows:1.0
application:1.0
something:1.0
similar:1.0
rubber:1.6931471805599454
banding:1.0
curs_move:1.0
xcreatefontcursor:1.0
disp_data:2.386294361119891
xc_crosshair:1.0
geom_vals.foreground:1.0
blck_pixl:1.0
grey_dark:1.0
geom_vals.plane_mask:1.0
allplanes:1.0
geom_vals.line_width:1.0
0:1.0
geom_vals.function:1.0
gxxor:1.0
geom_vals.subwindow_mode:1.0
includeinferiors:1.0
evnt_mask:1.6931471805599454
gcforeground:1.0
gcplanemask:1.0
gclinewidth:1.0
gcfunction:1.0
gcsubwindowmode:1.0
geom_gcon:2.09861228866811
xcreategc:1.0
root_iden:2.09861228866811
geom_vals:1.0
later:1.0
move:1.0
band:1.0
bands:1.0
using:1.0
following:1.0
logic:1.0
void:1.0
tselect:1.0
move_bands:1.0
int:1.6931471805599454
delt_xloc:2.09861228866811
delt_yloc:2.09861228866811
stuff:1.6931471805599454
deleted:1.6931471805599454
xdrawrectangle:1.6931471805599454
sele_pntr:3.4849066497880004
rootx:2.09861228866811
rooty:2.09861228866811
xlnth:1.6931471805599454
ylnth:1.6931471805599454
undraw:1.0
old:1.0
papax:1.0
papay:1.0
new:1.0
hope:1.0
helps:1.0
301-572-8267:1.6931471805599454
knowing:2.386294361119891
kong.gsfc.nasa.gov:1.6931471805599454
thats:1.6931471805599454
important:1.6931471805599454
uunet:1.6931471805599454
dftsrv:1.6931471805599454
kong:1.6931471805599454
b.dylan:1.6931471805599454
