clark:2.09861228866811
thinker.csee.usf.edu:1.0
matthew:1.0
subject:1.0
changing:1.0
olwm:1.6931471805599454
icons:1.6931471805599454
wondering:1.0
possible:1.0
change:1.0
window:1.0
uses:1.0
things:1.0
like:1.0
xterm:1.0
defaults:1.0
pretty:1.0
lame:1.0
answer:1.0
find:1.0
one:1.0
would:1.0
appreciated:1.0
thanks:1.0
matt:1.0
