christy:2.386294361119891
cs.concordia.ca:1.0
subject:1.0
x11r5:1.6931471805599454
gateway2000:1.0
hi:1.0
got:1.0
gateway:1.0
4dx-33v:1.0
trying:1.0
configure:1.0
anyone:1.0
done:1.0
specifically:1.0
need:1.0
correct:1.0
xconfig:1.0
file:1.0
entry:1.0
set:1.0
graphics:1.0
card:1.6931471805599454
monitor:1.6931471805599454
15:1.0
color:1.0
crystalscan:1.0
1572fs:1.0
vesa:1.0
local:1.0
bus:1.0
ati:1.0
ultra:1.0
pro:1.0
1mb:1.0
vram:1.0
video:1.0
help:1.0
extremely:1.0
appreciated:1.0
thanks:1.0
advance:1.0
please:1.0
send:1.0
replies:1.0
alex.qc.ca:1.0
