jlong:1.0
brtph368.bnr.ca:1.0
john:1.0
long:1.0
p205:1.0
subject:1.0
need:1.0
xman:2.09861228866811
source:2.09861228866811
get:1.6931471805599454
would:1.0
rather:1.0
hp:1.0
9000/700:1.0
