rim:1.6931471805599454
bme.ri.ccf.org:1.6931471805599454
robert:1.6931471805599454
cothren:1.6931471805599454
subject:1.0
widget:2.386294361119891
displaying:1.0
images:1.0
try:1.0
teach:1.0
write:1.0
perhaps:1.0
re-invent:1.0
wheel:1.0
pd:1.0
displays:1.0
example:1.0
8-bit:1.0
grey-level:1.0
image:1.0
fashion:1.0
athena:1.0
plotter:1.0
used:1.0
display:1.0
plot:1.0
phd:1.0
department:1.0
biomedical:1.0
engineering:1.0
cleveland:1.6931471805599454
clinic:1.0
foundation:1.0
voice:1.0
216:1.6931471805599454
445-9305:1.0
ohio:1.0
fax:1.0
444-9198:1.0
