dev:1.0
hollywood.acsc.com:1.0
subject:1.0
circular:2.09861228866811
motif:1.0
widgets:1.6931471805599454
support:1.0
round:1.0
motifs:1.0
next:1.0
release:1.0
id:1.0
love:1.0
knob:1.0
widget:1.0
could:1.0
used:1.0
instead:1.0
slider:1.0
cheers:1.0
dm:1.0
