jlu:1.6931471805599454
cs.umr.edu:1.6931471805599454
eric:2.09861228866811
jui-lin:1.6931471805599454
lu:1.6931471805599454
subject:1.0
info:2.386294361119891
wanted:1.0
x:1.6931471805599454
security:1.6931471805599454
holes:2.6094379124341005
hi:1.0
anyone:1.0
compile:1.0
list:1.6931471805599454
yes:1.0
please:1.6931471805599454
send:1.0
copy:1.0
wrong:1.0
group:1.0
point:1.0
right:1.0
one:1.0
thanks:1.6931471805599454
btw:1.0
doesnt:1.0
contain:1.0
use:1.0
instead:1.0
need:1.0
detect:1.0
seal:1.0
monitor:1.0
activities:1.0
possible:1.0
welcomed:1.0
grad:1.0
student:1.0
obviousness:1.0
always:1.0
enemy:1.0
correctness:1.0
bertrand:1.0
russell:1.0
univ:1.0
missouri-rolla:1.0
