derrick:1.0
j:1.0
brashear:1.0
db74:1.0
andrew.cmu.edu:1.0
subject:1.0
virtual:1.6931471805599454
mouse:1.6931471805599454
open:1.0
look:1.0
x11:1.0
simulation:1.0
ol:1.0
v:1.0
wm:1.0
3.x:1.0
available:1.0
x11r5:1.6931471805599454
ive:1.0
told:1.0
im:1.6931471805599454
setting:1.0
right:1.0
resource:1.0
yet:1.0
continues:1.0
work:1.0
running:1.0
olvwm3.3:1.0
olwm:1.0
3:1.6931471805599454
sun:1.0
pl:1.0
22:1.0
