mishra:2.386294361119891
cs.sunysb.edu:1.0
prateek:1.6931471805599454
subject:1.0
image:1.6931471805599454
processing:1.6931471805599454
packages:1.6931471805599454
x:1.6931471805599454
looking:1.0
package:1.6931471805599454
implements:1.0
standard:1.6931471805599454
functions:1.0
reading/writing:1.0
formats:1.0
clipping:1.0
zoom:1.0
etc:1.0
implemented:1.0
public:1.0
domain:1.0
private:1.0
interest:1.6931471805599454
particular:1.0
application:1.0
area:1.0
mind:1.0
medical:1.0
imaging:1.0
meant:1.0
general:1.6931471805599454
context:1.0
would:1.0
acceptable:1.0
please:1.0
reply:1.0
summarize:1.0
net:1.0
sbcs.sunysb.edu:1.0
