viola:2.09861228866811
asterix.uni-muenster.de:1.0
j”rg:1.0
subject:1.0
looking:1.0
xt:1.6931471805599454
xaw:1.6931471805599454
want:1.0
compile:1.6931471805599454
xdvi:1.0
later:1.0
perhaps:1.0
emacs:1.0
19:1.0
dec:1.0
ultrix:1.0
machine:1.0
x:1.0
installed:1.0
unfortunately:1.0
libs:1.0
headers:1.0
missing:1.0
get:1.0
without:1.0
whole:1.0
mit:1.0
distribution:1.0
pleasy:1.0
reply:1.0
email:1.0
yukawa.uni-muenster.de:1.0
thanks:1.0
advance:1.0
