tmcconne:1.6931471805599454
sedona.intel.com:1.6931471805599454
tom:2.09861228866811
mcconnell:2.09861228866811
subject:1.0
motif:3.70805020110221
vs:1.0
athena:1.6931471805599454
etc:1.0
article:1.0
c5k6ny.azj:1.0
kirk.bu.oz.au:1.6931471805599454
bambi:1.0
david:1.0
j:1.0
hughes:1.0
writes:1.6931471805599454
berry:1.6931471805599454
durian.citr.uq.oz.au:1.0
andrew:1.0
ports:1.0
386bsd:1.0
linux:1.6931471805599454
available:1.6931471805599454
fee:1.0
100:1.6931471805599454
cost:1.0
recovery:1.0
person:1.0
bought:1.0
rights:1.0
redistribute:1.0
activity:1.0
bsd:1.0
news:1.0
groups:1.0
pertaining:1.0
high:1.0
wonder:1.0
also:1.0
cause:1.0
divergence:1.0
commercial:1.6931471805599454
non-commercial:1.0
software:2.09861228866811
ie:1.0
get:2.386294361119891
free:2.09861228866811
using:2.09861228866811
openlook:1.0
widget:1.6931471805599454
sets:1.6931471805599454
cant:1.6931471805599454
see:1.6931471805599454
every:1.0
workstation:1.0
come:1.0
default:1.0
buy:2.09861228866811
unix:1.6931471805599454
platforms:1.6931471805599454
causing:1.0
major:1.0
problems:1.0
let:1.0
add:1.0
another:1.6931471805599454
concerns:1.0
yes:1.0
port:2.386294361119891
cheap:1.6931471805599454
source:1.0
hence:1.0
limited:1.0
whatever:1.0
x:1.6931471805599454
libraries:1.6931471805599454
compiled:1.6931471805599454
least:1.0
older:1.0
versions:1.0
told:1.0
1.2:1.0
used:1.0
seen:1.0
currently:1.0
x11r5:2.6094379124341005
running:1.0
eight:1.0
different:1.0
three:1.6931471805599454
came:1.0
unable:1.0
use:1.0
build:1.6931471805599454
clients:1.6931471805599454
link:1.0
errors:1.0
vendor-supplied:1.0
anticipate:1.0
problem:1.0
x11r6:1.0
becomes:1.0
result:1.0
rely:1.0
since:1.0
true:1.0
could:1.0
sort:1.0
ruins:1.0
whole:1.0
idea:1.0
doesnt:1.0
cheers:1.0
internet:1.0
intel:1.0
corp:1.0
c3-91:1.0
phone:1.0
602:1.0
554-8229:1.0
5000:1.0
w:1.0
chandler:1.6931471805599454
blvd:1.0
opinions:1.0
expressed:1.0
one:1.0
az:1.0
85226:1.0
right:1.0
mind:1.0
would:1.0
claim:1.0
