m91nen:1.0
tdb.uu.se:1.0
nils:1.0
engstrom:1.0
subject:1.0
help:1.6931471805599454
event:1.0
propagation:1.0
following:1.0
problem:1.0
really:1.0
bugging:1.0
would:1.0
appreciate:1.0
create:1.0
two:1.0
windows:1.0
w1:2.09861228866811
child:1.6931471805599454
root:1.0
event_mask:1.0
buttonpressmask|keypressmask:1.6931471805599454
w2:2.09861228866811
do_not_propagate_mask:1.0
keypress:1.0
events:1.6931471805599454
discarded:1.0
buttonpress:1.0
fall:1.0
subwindow:1.0
set:1.0
fyi:1.0
im:1.0
using:1.0
xnews/olvwm:1.0
something:1.0
fundamentally:1.0
wrong:1.0
n:1.0
