dev:1.6931471805599454
hollywood.acsc.com:1.6931471805599454
subject:1.0
keyboard:2.386294361119891
focussing:1.0
two:1.0
motif:1.0
widgets:1.0
would:1.0
like:1.0
control:1.0
one:2.09861228866811
via:1.0
mouse:1.6931471805599454
set:1.0
focus:1.6931471805599454
first:1.6931471805599454
widget:1.0
soon:1.0
click:1.0
second:1.0
lose:1.0
could:1.0
kind:1.0
soul:1.0
show:1.0
thanks:1.0
dm:1.0
