subject:1.0
mit:1.6931471805599454
r5:1.6931471805599454
sun:1.6931471805599454
rasterops:2.386294361119891
tc:1.6931471805599454
colorboard:1.6931471805599454
mark:2.09861228866811
comp.vuw.ac.nz:1.0
davies:1.0
possible:1.0
run:1.0
based:1.0
xserver:1.0
24bit:1.6931471805599454
board:1.0
xsun24:1.0
patches:1.0
supporting:1.0
suns:1.0
frame:1.0
buffers:1.0
appear:1.0
cgtwelve:1.0
something:1.0
else:1.0
know:1.0
nothing:1.0
might:1.0
buying:1.0
one:1.0
put:1.0
ipx:1.0
cheers:1.0
