wsanders:1.0
spectrum.xerox.com:1.0
bob:1.6931471805599454
hosid:1.6931471805599454
r382-423:1.0
subject:1.0
dynamic:1.0
changing:1.0
title:1.6931471805599454
bar:1.6931471805599454
looking:1.0
program:1.0
insert:1.0
code:1.0
allow:1.0
changed:1.0
window:1.0
dynamicly:1.0
one:1.0
already:1.0
would:1.0
appreciate:1.0
location:1.0
dont:1.0
create:1.0
scratch:1.0
thanks:1.0
advance:1.0
dloslv300:1.0
xerox:1.0
