hsteve:2.09861228866811
carina.unm.edu:1.6931471805599454
subject:1.0
changing:1.0
dpy:1.0
max_request_size:1.0
article:1.6931471805599454
c55zlo.7wa:1.0
world.std.com:1.6931471805599454
oj:1.0
oliver:1.0
jones:1.0
writes:1.6931471805599454
118590:1.0
netnews.upenn.edu:1.0
mcclenne:1.0
dingdong.cis.upenn.edu:1.0
nennelccm:1.0
nodrog:1.0
anyone:1.0
know:1.0
change:1.6931471805599454
maximum:1.0
request:1.0
size:1.0
server:1.0
ordinarily:1.0
set:1.0
highest:1.0
value:1.6931471805599454
underlying:1.0
os:1.0
yes:1.0
dont:1.0
want:1.0
youre:1.0
running:1.0
image:1.0
type:1.0
applications:1.0
steve:1.0
hydra.unm.edu:1.0
say:1.0
vms:1.0
