adrian:2.386294361119891
ora.com:1.6931471805599454
nye:1.6931471805599454
subject:1.0
imake:1.0
book:1.6931471805599454
review:2.09861228866811
thanks:1.6931471805599454
many:1.0
offers:1.0
received:1.0
copy:1.0
please:1.0
return:1.0
soon:1.0
possible:1.0
system:1.0
crash:1.0
lost:1.0
list:1.0
people:1.0
sent:1.0
oreilly:1.0
associates:1.0
