joel:2.6094379124341005
zodiac.z-code.com:1.0
reymont:1.6931471805599454
subject:1.0
motif:2.09861228866811
maling:1.0
list:2.09861228866811
hi:1.0
anyone:1.0
knows:1.0
mailing:1.0
dont:1.0
access:1.0
network:1.0
news:1.0
longer:1.0
alfalfa.com:1.0
thanks:1.0
z-code:1.0
software:1.0
corporation:1.0
e-mail:1.0
z-code.com:1.0
4340:1.0
redwood:1.0
hwy:1.0
suit:1.0
b.50:1.0
san:1.0
rafael:1.0
ca:1.0
94903:1.0
