nenad:1.6931471805599454
saturn:1.0
sdsu.edu:1.0
marovac:1.6931471805599454
subject:1.0
c:1.6931471805599454
os/2:2.09861228866811
hi:1.0
folks:1.0
anybody:1.0
know:1.0
good:1.0
32-bit:1.0
c++/c:1.0
compiler:1.0
supports:1.0
api:1.0
microsoft:1.0
windows:1.6931471805599454
maybe:1.0
nt:1.0
thanx:1.0
n:1.0
sdsu:1.0
