shite:1.6931471805599454
sinkhole.unf.edu:1.6931471805599454
stephen:1.0
hite:1.6931471805599454
subject:1.0
searching:1.0
xgolf:1.6931471805599454
program:1.0
april:1.0
fools:1.0
joke:1.0
sigh:1.0
steve:1.0
