mouse:2.386294361119891
thunder.mcrcim.mcgill.edu:1.0
der:1.6931471805599454
subject:1.0
available:2.09861228866811
memory:2.09861228866811
xserver:1.6931471805599454
get:1.6931471805599454
actual:1.0
size:1.6931471805599454
article:1.0
1965:1.0
igd.fhg.de:1.6931471805599454
pfuetz:1.0
matthias:1.0
pfuetzner:1.0
writes:1.0
possibility:1.0
determine:1.0
via:1.0
x:1.0
protocol:1.0
calls:1.0
free:1.0
even:2.09861228866811
could:2.09861228866811
answer:1.0
date:1.0
grab:1.0
server:1.6931471805599454
taken:1.0
buffering:1.0
user:1.0
actions:1.0
try:1.0
whatever:1.0
want:1.0
badalloc:1.0
error:1.0
indication:1.0
insufficient:1.0
mcrcim.mcgill.edu:1.0
