mouse:2.386294361119891
thunder.mcrcim.mcgill.edu:1.0
der:1.6931471805599454
subject:1.0
xwindows:1.0
always:1.0
opaque:1.0
distribution:1.0
comp:1.0
please:1.0
dont:1.0
misuse:1.0
newsgroup:1.0
hierarchy:1.0
names:1.0
distributions:1.0
article:1.0
hess.734959172:1.0
swt1:1.0
hess:1.6931471805599454
swt1.informatik.uni-hamburg.de:1.0
hauke:1.0
writes:1.0
wonder:1.0
possible:1.0
parent:1.0
window:1.6931471805599454
paint:1.0
area:1.0
childs:1.0
yes:1.0
attribute:1.6931471805599454
gc:1.0
used:1.0
drawing:1.0
set:1.0
subwindow-mode:1.0
includeinferiors:1.0
rather:1.0
default:1.0
clipbychildren:1.0
mcrcim.mcgill.edu:1.0
