mouse:2.386294361119891
thunder.mcrcim.mcgill.edu:1.0
der:1.6931471805599454
subject:1.0
x-server:1.6931471805599454
multi:1.0
screen:2.09861228866811
article:1.6931471805599454
1qlop6:1.0
sgp:1.0
sun3.eeam.elin.co.at:1.6931471805599454
rainer:1.6931471805599454
hochreiter:1.0
writes:1.0
ive:1.0
seen:1.0
lot:1.0
different:1.6931471805599454
terms:2.09861228866811
seem:1.0
mean:2.09861228866811
thing:1.6931471805599454
give:1.0
exact:1.0
definition:1.0
multi-screen:2.09861228866811
multi-headed:1.6931471805599454
multi-display:2.09861228866811
zaphod:1.6931471805599454
mode:1.0
applied:1.6931471805599454
servers:1.0
first:1.0
three:1.0
fuzzy:1.0
tends:1.0
used:1.6931471805599454
system:2.386294361119891
multiple:2.6094379124341005
monitors:1.0
sometimes:1.0
even:1.6931471805599454
screens:2.09861228866811
theyre:1.0
multiplexed:1.0
onto:1.0
monitor:1.0
eg:1.0
sun:1.0
cg4:1.0
display:1.6931471805599454
would:2.09861228866811
taken:1.0
strictly:1.0
things:1.0
since:1.0
strict:1.0
meaning:1.0
refer:1.0
keyboards:1.0
pointers:1.0
probably:1.6931471805599454
refers:1.0
provides:1.0
term:1.0
way:1.0
mit:1.6931471805599454
server:2.386294361119891
switches:1.0
pointer:1.0
one:1.6931471805599454
another:1.0
sliding:1.0
side:1.0
limit:2.6094379124341005
many:1.0
screens/displays:1.0
single:1.6931471805599454
handle:1.0
articel:1.0
read:1.6931471805599454
something:1.0
upper:1.0
12:1.6931471805599454
protocol:1.0
limitation:1.6931471805599454
restricts:1.0
given:1.0
255:1.0
know:1.0
handles:1.0
displays:1.6931471805599454
invocation:1.0
unless:1.0
possibly:1.0
kludges:1.0
r4:1.0
looked:1.0
upon:1.0
tcp-based:1.0
necessarily:1.0
65535:1.0
per:1.0
machine:1.0
inherent:1.6931471805599454
x:2.09861228866811
likely:1.0
talking:1.0
particular:1.0
implementation:1.0
claimed:1.0
author:1.0
business:1.0
writing:1.0
mcrcim.mcgill.edu:1.0
