maf:2.386294361119891
dtek.chalmers.se:1.6931471805599454
martin:1.6931471805599454
forssen:1.6931471805599454
subject:1.0
german:1.6931471805599454
keyboard:1.6931471805599454
x11r5:1.6931471805599454
sparc:1.6931471805599454
claes:1.6931471805599454
polaris:1.0
heinz-josef:1.0
writes:1.0
12:1.0
type:1.0
4:1.0
anybody:1.0
patch:1.0
export.lcs.mit.edu:1.0
pub/sunkbd..930314.tar.z:1.0
math.chalmers.se:1.0
system:1.0
administrator:1.0
math:1.0
dtek:1.0
chalmers:1.0
univ:1.0
technology:1.0
