slg3x:1.0
cc.usu.edu:1.0
subject:1.0
x:1.0
color:1.6931471805599454
bitmap:1.6931471805599454
editor:1.6931471805599454
needed:1.0
hi:1.0
folks:1.0
anybody:1.0
know:1.0
find:1.0
around:1.0
public:1.0
sites:1.0
information:1.0
appreciate:1.0
c.chang:1.0
