rlm:1.6931471805599454
helen.surfcty.com:1.6931471805599454
robert:1.6931471805599454
l:1.6931471805599454
mcmillin:1.6931471805599454
subject:1.0
newsgroup:1.0
dead:1.0
ive:1.0
gotten:1.0
posts:1.0
group:1.6931471805599454
last:1.0
couple:1.0
days:1.0
recently:1.0
added:1.0
feed:1.0
list:1.0
near:1.0
death:1.0
surf:1.0
city:1.0
software:1.0
dude:1.0
include:1.0
std.disclaimer.h:1.0
