welch:2.09861228866811
xcf.berkeley.edu:1.0
sean:1.6931471805599454
n:1.0
subject:1.0
trouble:1.0
compiling:1.6931471805599454
x11r5:1.0
sunos_4.1.3:1.0
article:1.0
schneck.735153129:1.0
physik.tu-muenchen.de:1.6931471805599454
schneck:1.6931471805599454
bernhard:1.0
writes:1.6931471805599454
nemo:1.0
aguirre.dia.fi.upm.es:1.0
francisco:1.0
j:1.0
ballesteros:1.0
problem:2.09861228866811
occurs:1.0
initial:1.0
make:1.6931471805599454
world:1.0
gets:1.0
standard:1.0
x:1.0
clients:1.6931471805599454
cant:1.0
seem:1.0
find:1.0
libraries:1.0
right:1.0
highly:1.0
suspect:1.0
program:1.0
ld:2.09861228866811
updated:1.0
4_1_3:1.0
yip:1.0
fix:1.0
found:1.0
link:1.0
static:1.0
btw:1.0
used:1.0
cc:1.0
use:1.0
sunos:2.386294361119891
4.1.1:1.6931471805599454
read:1.0
fixes:2.09861228866811
9:1.0
10:1.0
11:1.0
mit:1.0
distribution:1.0
known:1.0
apply:1.6931471805599454
set:1.0
sunpost411fcsld:1.6931471805599454
yes:1.6931471805599454
osteenyversion:1.6931471805599454
mit/config/sun.cf:1.6931471805599454
3:1.0
fix-09:1.0
running:1.6931471805599454
suns:1.0
patch:1.6931471805599454
100170-6:1.0
need:1.0
edit:1.0
site.def:1.0
add:1.0
line:1.0
aftervendorcf:1.0
section:1.0
define:1.0
fix-10:1.0
4.1.2:1.6931471805599454
change:1.0
value:1.0
2:1.0
fix-11:1.0
brief:1.0
notes:1.0
config:1.0
fails:1.0
unless:1.0
tree:1.0
previously:1.0
built:1.0
