stevew:2.09861228866811
chineham.euro.csg.mot.com:2.09861228866811
steve:2.09861228866811
weet:2.09861228866811
subject:1.0
xterm:2.6094379124341005
cursor:2.6094379124341005
forgive:1.0
faq:1.0
checked:1.0
list:1.0
cant:2.09861228866811
find:1.6931471805599454
problem:1.6931471805599454
within:1.0
mono:1.0
grayscale:1.0
monitors:1.0
character:1.0
application:1.0
displays:1.0
input:2.09861228866811
fields:1.0
reverse:1.0
video:1.0
text:1.0
gets:1.0
lost:1.0
edge:1.0
field:1.0
solution:1.0
would:1.6931471805599454
appear:1.0
set:1.0
line:1.0
rather:1.0
block:1.6931471805599454
means:1.0
although:1.0
various:1.0
sources:1.0
seem:1.6931471805599454
indicate:1.0
done:1.0
loses:1.0
focus:1.0
becomes:1.0
outlined:1.0
also:1.0
preferable:1.0
force:1.0
default:1.0
either:1.0
configuration:1.0
motorola:2.09861228866811
88k:1.0
x11r4:1.0
please:1.0
reply:1.0
email:1.0
poss:1.0
thank:1.0
european:1.6931471805599454
mis:1.6931471805599454
cellular:1.6931471805599454
subscriber:1.6931471805599454
group:1.6931471805599454
beechgreen:1.6931471805599454
court:1.6931471805599454
chineham:1.6931471805599454
basingstoke:1.6931471805599454
hants:1.6931471805599454
england:1.6931471805599454
phone:1.6931471805599454
44:2.791759469228055
0:2.791759469228055
256:2.386294361119891
790154:1.6931471805599454
e-mail:1.6931471805599454
fax:1.6931471805599454
817481:1.6931471805599454
mobile:1.6931471805599454
850:1.6931471805599454
335105:1.6931471805599454
post:1.6931471805599454
w10075:1.6931471805599454
