rgs:1.6931471805599454
megatek.com:1.6931471805599454
rusty:1.6931471805599454
sanders:1.6931471805599454
subject:1.0
x-server:1.6931471805599454
multi:1.0
screen:1.0
article:1.0
1993apr17.010256.14372:1.0
eafs000.ca.boeing.com:1.6931471805599454
ten0772:1.0
timothy:1.0
e:1.0
neto:1.6931471805599454
rainer:1.6931471805599454
sun3.eeam.elin.co.at:1.0
hochreiter:1.0
writes:1.0
ive:1.0
seen:1.0
lot:1.0
different:1.6931471805599454
terms:1.6931471805599454
seem:1.0
mean:1.6931471805599454
thing:1.0
give:1.0
exact:1.6931471805599454
definition:1.0
multi-screen:2.09861228866811
multi-headed:1.0
multi-display:2.09861228866811
zaphod:1.0
mode:1.0
limit:2.386294361119891
many:1.6931471805599454
screens/displays:1.0
single:1.6931471805599454
server:2.791759469228055
handle:1.0
articel:1.0
read:1.0
something:1.6931471805599454
upper:1.6931471805599454
12:2.386294361119891
capability:1.0
called:1.0
want:1.6931471805599454
move:1.0
cursor:1.0
one:1.0
screen/display:1.0
another:1.0
clients:1.0
may:1.0
display:2.791759469228055
believe:1.0
would:1.0
much:1.0
memory:1.0
available:1.0
allocated:1.0
sounds:1.0
suspiciously:1.0
like:1.6931471805599454
company:1.0
might:1.0
background:1.0
first:1.0
megatek:2.791759469228055
series:1.0
framebuffers:1.0
designed:1.6931471805599454
x:2.386294361119891
accelerators:1.0
part:1.0
sun:1.6931471805599454
sbus:1.6931471805599454
vendors:1.0
vme:1.0
systems:1.0
said:1.0
products:1.0
support:1.6931471805599454
and/or:1.0
sigle:1.0
workstation:1.0
cards:1.0
keyboard/mouse:1.0
port:1.0
used:1.0
provide:1.0
additional:1.0
displays:2.386294361119891
example:1.0
say:1.6931471805599454
hade:1.0
sparcstation:1.0
expansion:1.0
chassis:1.0
could:2.386294361119891
put:1.0
six:1.6931471805599454
frambuffers:1.0
allowing:1.6931471805599454
total:1.0
screens:2.6094379124341005
system:1.0
attach:1.0
1:2.386294361119891
6:1.6931471805599454
keyboard/mice:1.0
mix:1.0
match:1.0
combination:1.6931471805599454
6-screen:1.0
3:1.6931471805599454
2-screen:1.6931471805599454
1-screen:1.0
4-screen:1.0
basically:1.0
try:1.0
careful:1.0
use:1.0
words:1.0
quite:1.0
meaning:1.0
least:1.0
definitions:1.0
reason:1.0
ramble:1.0
mention:1.0
happens:1.0
theres:1.0
define:1.0
determines:1.0
supported:1.6931471805599454
server/include/misc.h:1.0
maxscreens:1.0
released:1.6931471805599454
mit:1.0
i.e:1.0
someone:1.0
construed:1.0
limitation:1.0
im:1.0
sorry:1.0
clearly:1.0
pointed:1.0
well:1.6931471805599454
mr:1.0
case:1.0
nobody:1.0
ever:1.0
asked:1.0
us:1.0
course:1.0
buy:1.0
corp:1.0
ucsd:1.0
hplabs:1.0
hp-sdd:1.0
ames:1.0
scubed:1.0
uunet:1.0
