schneck:1.6931471805599454
physik.tu-muenchen.de:1.0
bernhard:1.6931471805599454
subject:1.0
trouble:1.0
compiling:1.6931471805599454
x11r5:1.0
sunos_4.1.3:1.0
nemo:1.0
aguirre.dia.fi.upm.es:1.0
francisco:1.0
j:1.0
ballesteros:1.0
writes:1.0
problem:1.6931471805599454
occurs:1.0
initial:1.0
make:1.0
world:1.0
gets:1.0
standard:1.0
x:1.0
clients:1.6931471805599454
cant:1.0
seem:1.0
find:1.0
libraries:1.0
right:1.0
highly:1.0
suspect:1.0
program:1.0
ld:1.6931471805599454
updated:1.0
4_1_3:1.0
yip:1.0
fix:1.0
found:1.0
link:1.0
static:1.0
btw:1.0
used:1.0
cc:1.0
use:1.0
sunos:1.0
4.1.1:1.0
