davewood:2.09861228866811
bruno.cs.colorado.edu:1.0
david:1.6931471805599454
rex:1.6931471805599454
wood:1.6931471805599454
subject:1.6931471805599454
creating:1.0
application:1.0
contexts:1.0
multiple:2.09861228866811
times:1.6931471805599454
describe:1.0
problem:2.09861228866811
well:1.0
please:1.6931471805599454
read:1.6931471805599454
trying:1.0
write:1.0
function:2.386294361119891
creates:1.6931471805599454
xtappcontext:2.09861228866811
widget:2.6094379124341005
displays:1.0
destroys:1.0
everything:1.0
returns:1.0
calls:1.6931471805599454
cause:1.0
variety:1.0
problems:1.0
including:1.0
depending:1.0
make:1.0
get:2.09861228866811
rid:1.0
things:1.0
core:1.6931471805599454
dump:1.0
badpixmap:1.6931471805599454
x:1.6931471805599454
error:2.09861228866811
unmapped:1.0
simple:1.0
c:1.0
program:1.6931471805599454
wrote:1.0
show:1.0
include:2.09861228866811
x11/xlib.h:1.0
xm/xm.h:1.0
xm/pushb.h:1.0
void:1.0
bla:2.09861228866811
app:2.386294361119891
display:1.0
dis:1.6931471805599454
xopendisplay:1.0
int:2.09861228866811
junk:1.6931471805599454
0:2.09861228866811
top=xtappinitialize:1.0
test:1.0
null:2.6094379124341005
box:1.0
xtvacreatemanagedwidget:1.0
blaaa:1.0
xmpushbuttonwidgetclass:1.0
top:2.6094379124341005
xmnheight:1.0
50:1.6931471805599454
xmnwidth:1.0
xtrealizewidget:1.0
xtappmainloop:1.6931471805599454
10:2.09861228866811
xevents:1.6931471805599454
i=0:1.6931471805599454
xevent:1.0
event:2.09861228866811
xtappnextevent:1.0
xtdispatchevent:1.0
put:1.0
xtunrealizewidget:1.6931471805599454
xtdestroywidget:1.0
xtdestroyapplicationcontext:1.0
xclosedisplay:1.0
main:1.6931471805599454
20:1.0
note:1.0
rewrote:1.0
given:1.0
time:2.386294361119891
example:1.6931471805599454
exit:1.0
return:1.0
following:1.0
consistent:1.0
5th:1.0
call:2.386294361119891
failed:2.386294361119891
request:2.386294361119891
invalid:1.0
pixmap:1.0
parameter:1.0
major:1.0
opcode:1.0
55:1.0
x_creategc:1.0
resource:1.6931471805599454
id:1.0
0xe0000d:1.0
serial:1.6931471805599454
number:1.6931471805599454
71:1.0
current:1.0
output:1.0
stream:1.0
86:1.0
take:1.0
line:1.0
dumps:1.0
seconds:1.0
furthermore:1.0
every:1.0
xtappinitialize:1.0
1st:1.0
warning:1.6931471805599454
initializing:1.6931471805599454
lists:1.0
twice:1.6931471805599454
translation:1.0
manager:1.0
finally:1.0
question:1.0
needs:1.0
done:1.0
order:1.0
able:1.0
widgets:1.0
help:1.0
would:1.0
greatly:1.0
appreciated:1.0
respond:1.0
via:1.0
email:1.0
dont:1.0
usually:1.0
group:1.0
thanks:1.0
much:1.0
cs.colorado.edu:1.0
university:1.0
colorado:1.0
boulder:1.0
