duvvuri:1.6931471805599454
gudbransdal.cs.odu.edu:1.0
d.v.prakash:1.0
subject:1.0
pointer:2.6094379124341005
feature:2.09861228866811
hi:1.0
trying:1.0
implement:1.6931471805599454
xlib:1.0
multiple:1.0
windows:1.6931471805599454
take:1.0
input:1.0
show:1.0
output:1.0
simultaneously:1.0
displays:1.0
want:1.0
would:1.0
like:1.0
get:1.0
come:1.0
choose:1.0
menu:1.0
every:1.0
one:1.0
able:1.0
see:1.0
give:1.0
hints:1.0
proceed:1.0
replies:1.0
greatly:1.0
appreciated:1.0
thank:1.0
prakash:1.0
cs.odu.edu:1.0
