win:1.0
athen.sto.mchp.sni.de:1.0
andrea:2.09861228866811
winkler:2.09861228866811
subject:1.0
x:2.9459101490553135
security:1.6931471805599454
technical:1.6931471805599454
conference:1.6931471805599454
possibility:1.0
join:1.0
7th:1.0
annual:1.0
january:1.0
18-20:1.0
1993:1.0
boston:1.0
nevertheless:1.0
im:1.0
interested:1.0
information:2.09861228866811
tutorials:1.0
exspecially:1.0
tutorial:1.6931471805599454
id:1.6931471805599454
a-security:1.0
title:1.6931471805599454
survey:1.0
f-admin:1.0
administrator:1.0
anybody:1.6931471805599454
know:1.0
get:1.0
paper/mail:1.0
kerberos:1.0
escpecially:1.0
connection:1.0
display:1.0
manager:1.0
xdm:1.0
thanks:1.0
siemens:1.0
nixdorf:1.0
muenchen:1.0
germany:1.0
e:1.6931471805599454
n:1.6931471805599454
internet:1.0
andrea.winkler:1.0
sto.mchp.sni.de:1.0
sni:1.0
sto:1.0
xs:1.0
322:1.0
otto-hahn-ring:1.0
6:1.0
d-8000:1.0
munich:1.0
83:1.0
r:1.0
f:1.0
phone:1.0
089:1.6931471805599454
636-41449:1.0
fax:1.0
636-42833:1.0
