mahan:2.791759469228055
tgv.com:2.09861228866811
patrick:2.09861228866811
l:2.09861228866811
subject:1.0
newsgroup:1.0
dead:1.0
ive:1.0
gotten:1.0
posts:1.0
group:1.6931471805599454
last:1.0
couple:1.0
days:1.0
recently:1.0
added:1.0
feed:1.0
list:1.6931471805599454
near:1.0
death:1.0
seen:1.0
mailing:1.0
side:1.0
im:1.0
getting:1.0
right:1.0
amount:1.0
traffic:1.0
tgv:1.6931471805599454
window:1.6931471805599454
washer:1.6931471805599454
waking:1.6931471805599454
person:1.6931471805599454
unnecessarily:1.6931471805599454
considered:1.6931471805599454
lazarus:2.386294361119891
long:2.386294361119891
capital:1.6931471805599454
crime:1.6931471805599454
first:1.6931471805599454
offense:1.6931471805599454
notebooks:1.6931471805599454
