dealy:2.6094379124341005
narya.gsfc.nasa.gov:1.0
brian:2.09861228866811
csc:1.0
subject:1.0
motif:2.09861228866811
maling:1.0
list:2.386294361119891
mailing:1.0
located:1.0
lobo.gsfc.nasa.gov:2.09861228866811
would:1.0
like:1.0
added:1.0
deleted:1.0
please:1.0
send:1.6931471805599454
mail:2.09861228866811
motif-request:1.0
301-572-8267:1.0
knowing:1.6931471805599454
kong.gsfc.nasa.gov:1.0
thats:1.0
important:1.0
uunet:1.0
dftsrv:1.0
kong:1.0
b.dylan:1.0
