glb6j:1.6931471805599454
smarine.uucp:1.6931471805599454
guy:2.09861228866811
babineau:1.6931471805599454
subject:1.0
find:2.09861228866811
window:1.0
id:1.6931471805599454
given:1.0
name:2.09861228866811
want:1.0
equivalent:1.0
xwininfo:1.0
via:1.0
call:1.0
set:1.0
calls:1.0
xlib:1.0
need:1.0
map:1.0
windows:1.0
probably:1.0
easy:1.0
ive:1.6931471805599454
programming:1.0
x:1.0
little:1.0
looked:1.0
oreilly:1.0
books:1.0
didnt:1.0
also:1.0
checked:1.0
faq:1.0
couldnt:1.0
email:1.0
one:1.0
following:1.0
addresses:1.0
ill:1.0
post:1.0
response:1.0
seems:1.0
reasonable:1.0
l:1.0
virginia.edu:1.0
sperry:1.0
marine:1.0
inc.72147.2474:1.0
compuserve.com:1.0
