gregg:2.386294361119891
netcom.com:1.0
weber:1.0
subject:1.0
inexpensive:1.6931471805599454
monochrome:1.6931471805599454
x:1.6931471805599454
station:1.6931471805599454
recommend:1.6931471805599454
someone:1.0
19:1.0
pc:1.0
software:1.0
emulation:1.0
based:1.0
please:1.0
tell:1.0
manufacturer:1.0
model:1.0
price:1.0
significant:1.0
specs:1.0
thanks:1.0
weberlet:1.0
open:1.0
bright:1.0
like:1.0
sky:1.0
netcom.comwithout:1.0
taking:1.0
sides:1.0
clouds:1.0
concepts:1.0
510:1.0
283-6264:1.0
kun-mkhyen:1.0
klong-chen-pa:1.0
