hsteve:2.386294361119891
carina.unm.edu:2.09861228866811
subject:1.0
xtranslatecoord:1.6931471805599454
problem:1.0
seems:1.0
like:1.0
doesnt:1.0
work:1.0
way:1.6931471805599454
expecting:1.0
right:1.6931471805599454
performs:1.0
xmovewindow:1.0
want:1.0
know:1.6931471805599454
absolute:1.0
window:1.6931471805599454
position:1.0
respect:1.0
root:1.0
get:1.0
info:1.0
xtranslatecoordinates:1.0
abs_x:1.0
abs_y:1.0
arent:1.0
anybody:1.0
find:1.0
information:1.0
thanks:1.0
please:1.0
e-mail:1.0
possible:1.0
steve:1.0
hydra.unm.edu:1.0
say:1.0
vms:1.0
