klee:1.6931471805599454
synoptics.com:1.6931471805599454
ken:1.6931471805599454
lee:1.6931471805599454
subject:1.0
circular:2.09861228866811
motif:1.0
widgets:1.6931471805599454
article:1.0
bjg:1.0
acsc.com:1.0
dev:1.0
hollywood.acsc.com:1.0
writes:1.0
support:1.6931471805599454
round:1.0
motifs:1.0
next:1.0
release:1.0
id:1.0
love:1.0
knob:1.0
widget:1.6931471805599454
could:1.0
used:1.0
instead:1.0
slider:1.0
much:1.0
need:1.0
dont:1.0
think:1.0
theres:1.0
anything:1.0
prohibits:1.0
implementing:1.0
though:1.0
write:1.0
versions:1.0
functions:1.0
draw:1.0
3d:1.0
shadow:1.0
traversal:1.0
highlighting:1.0
