kbw:1.6931471805599454
helios.ath.epa.gov:1.6931471805599454
kevin:2.09861228866811
b:1.0
weinrich:1.6931471805599454
subject:1.0
solution:1.0
need:1.0
xrdb:1.0
xdefaults:2.09861228866811
unchanged:1.0
short:1.0
answer:1.0
seems:1.6931471805599454
dont:1.0
particular:1.0
package:1.0
wscrawl:1.0
reset:1.0
defaults:1.0
missing:1.6931471805599454
file:1.6931471805599454
added:1.0
ones:1.0
problem:1.0
goes:1.0
away:1.0
computer:1.0
sciences:1.0
corp:1.0
