dbohdal:1.6931471805599454
jaguar.ess.harris.com:1.6931471805599454
subject:1.0
icon:1.6931471805599454
box:2.09861228866811
dear:1.0
xperts:1.0
want:1.0
place:1.0
specific:1.0
group:1.0
icons:1.6931471805599454
appear:1.0
outside:1.0
anyone:1.0
know:1.0
theres:1.0
way:1.0
im:1.0
using:1.0
x11r5:1.0
motif:1.0
1.2.1:1.0
thanks:1.0
