klee:1.6931471805599454
synoptics.com:1.6931471805599454
ken:1.6931471805599454
lee:1.6931471805599454
subject:1.0
dec:1.0
pixmap:1.6931471805599454
size:2.09861228866811
article:1.0
1964:1.0
igd.fhg.de:1.6931471805599454
haase:1.6931471805599454
helmut:1.0
goebel:1.0
writes:1.0
try:1.0
create:1.6931471805599454
larger:1.0
screen:1.6931471805599454
program:1.0
terminate:1.0
displaying:1.0
message:1.0
x:1.6931471805599454
error:1.0
badalloc:1.0
insufficient:1.0
resources:1.0
many:1.0
servers:1.0
supporting:1.0
graphics:1.0
accelerators:1.0
allow:1.0
creation:1.0
pixmaps:1.6931471805599454
exeeding:1.0
one:1.0
workaround:1.0
several:1.0
smaller:1.0
add:1.0
results:1.0
