aff209:1.6931471805599454
tijc02.uucp:1.0
ann:1.6931471805599454
freeman:1.6931471805599454
subject:1.0
seeking:1.0
user:1.0
experience:1.6931471805599454
x-based:1.0
test:1.6931471805599454
tools:1.0
anyone:1.0
using:1.0
xrunner:1.0
capbak/x:1.0
prevuex:1.0
automated:1.0
tool:1.0
x:1.0
please:1.0
email:1.0
directly:1.0
opinions:1.0
positive:1.0
negative:1.0
siemens:1.0
industrial:1.0
automation:1.0
inc:1.0
johnson:1.0
city:1.0
tn:1.0
tijc02:1.0
uunet.uu.net:1.0
