support:2.6094379124341005
qdeck.com:2.791759469228055
technical:1.6931471805599454
subject:1.0
desqview/x:2.6094379124341005
pc:2.386294361119891
article:1.6931471805599454
1qtk84:1.0
rn5:1.0
picasso.cssc-syd.tansu.com.au:1.0
gpatapis:1.0
boyd.tansu.com.au:1.0
writes:1.6931471805599454
14595639:1.0
wl.aecl.ca:1.6931471805599454
harrisp:1.0
use:1.0
think:1.0
great:1.0
really:2.09861228866811
shines:1.0
imho:1.0
let:1.0
unix:1.6931471805599454
users:1.6931471805599454
log:1.0
run:2.6094379124341005
dos:2.09861228866811
windows:1.0
applications:1.6931471805599454
display:1.0
going:2.09861228866811
screens:1.0
youll:2.09861228866811
need:1.0
get:1.6931471805599454
v:2.09861228866811
1.1:2.09861228866811
275:1.0
suggested:1.6931471805599454
retail:1.6931471805599454
x:1.0
systems:1.6931471805599454
200:1.0
also:2.09861228866811
must:1.6931471805599454
running:2.6094379124341005
supported:1.0
network:3.0794415416798357
ftp:1.0
softwares:1.0
pctcp:1.0
novell:2.09861228866811
lan:1.6931471805599454
workplace:1.0
sun:1.0
microsystems:1.0
pc-nfs:1.0
beame:1.0
whiteside:1.0
wollongong:1.0
pathway:1.0
tcpip:1.6931471805599454
hp:1.0
microsoft:1.0
manager:1.6931471805599454
dont:1.0
stuff:1.0
quarterdeck:2.386294361119891
give:2.386294361119891
copy:1.0
transprot:1.0
info:2.386294361119891
sending:1.0
email:1.0
appropriately:1.0
actually:1.0
customer:1.0
service:1.0
department:1.0
questions:1.6931471805599454
write:1.0
opinion:1.0
want:1.6931471805599454
people:2.6094379124341005
logging:1.0
486:2.09861228866811
33:1.6931471805599454
16:1.0
megs:1.0
ram:1.6931471805599454
xwindows:1.0
software:1.0
desqviewx:1.0
seems:1.0
like:1.0
et:1.0
4000:1.0
tseng:1.0
labs:1.0
chipset:1.0
based:1.0
graphics:1.0
card:1.6931471805599454
personally:1.0
found:1.0
things:1.6931471805599454
ran:1.0
better:1.0
scsi:1.0
drive:1.0
esdi:1.0
drives:1.0
experience:1.0
sort:1.6931471805599454
traffic:1.0
generated:1.0
x-calls:1.0
curious:1.0
find:1.0
required:1.0
bandwidth:1.6931471805599454
link:1.0
one:1.0
machine:2.386294361119891
dv/x:1.0
supporting:1.0
multiple:1.0
clients:1.0
require:1.0
adequate:1.0
response:1.0
time:2.386294361119891
anyone:1.0
ideas:1.0
expect:1.0
limiting:1.0
factor:1.0
server:1.0
real-world:1.0
example:1.0
roughly:1.0
100:1.0
using:1.0
dvx:1.6931471805599454
talk:1.0
bunch:1.0
boxes:1.0
file:1.0
servers:1.0
much:1.0
load:1.0
ethernet:1.0
maybe:1.0
4:1.0
concentrators:1.0
20-30:1.0
segment:1.0
badly:1.0
loaded:1.0
net:1.0
apps:1.6931471805599454
wanted:1.0
intensive:1.0
could:1.6931471805599454
slowdowns:2.09861228866811
biggest:1.0
problem:1.0
would:1.0
say:1.0
plenty:1.0
fast:1.0
hard:1.0
disk:1.0
10:1.6931471805599454
programs:2.386294361119891
youre:2.09861228866811
see:2.09861228866811
effectively:1.0
3.3:1.0
mhz:1.0
course:1.0
attempt:1.0
tasks:1.0
idle:1.6931471805599454
make:1.0
sure:1.0
slice:1.0
working:1.0
know:1.0
said:1.0
tweak:1.0
adding:1.0
calls:1.0
slices:1.0
thing:1.0
probably:1.0
15-20:1.0
given:1.0
started:1.0
seeing:1.0
depends:1.0
ie:1.0
slowdown:1.0
x-bandwidth:1.0
lot:1.0
sooner:1.0
office:1.0
internet:1.0
tom:1.0
bortels:1.0
pricing/ordering:1.0
tech:1.0
bbs:1.0
310:2.09861228866811
314-3227:1.0
fax:1.0
314-3217:1.0
compuserve:1.0
go:1.0
q/fax:1.0
314-3214:1.0
touch-tone:1.0
phone:1.0
technotes:1.0
demand:1.0
