defaria:2.9459101490553135
cup.hp.com:2.09861228866811
andy:1.6931471805599454
subject:1.0
mysterious:1.0
beeping:2.09861228866811
article:1.0
crossposted:1.0
hp.windows:1.0
author:1.0
posted:1.0
mon:1.0
19:1.0
apr:1.0
1993:1.0
18:08:38:1.0
gmt:1.0
reason:1.6931471805599454
following:2.09861228866811
code:2.6094379124341005
causes:1.0
x:1.6931471805599454
application:2.386294361119891
beep:1.6931471805599454
whenever:1.6931471805599454
intercept:1.0
keystroke:1.6931471805599454
change:1.6931471805599454
meaning:1.6931471805599454
intent:1.0
allow:1.0
date:3.4849066497880004
fields:1.0
special:2.09861228866811
keys:2.386294361119891
tt:2.09861228866811
insert:1.0
todays:1.0
bump:1.6931471805599454
day:1.6931471805599454
one:1.6931471805599454
hardcoded:1.0
dates:1.0
example:1.0
perhaps:1.0
shouldnt:1.0
using:1.0
xmtext:1.0
field:1.0
beeps:1.0
hit:1.0
idea:1.0
interpret:1.6931471805599454
implied:1.0
would:1.0
like:1.0
get:1.0
rid:1.0
far:1.0
tell:1.0
im:1.0
lose:1.0
understanding:1.0
occuring:1.0
include:2.6094379124341005
x11/intrinsic.h:1.0
xm/xm.h:1.0
xm/rowcolumn.h:1.0
xm/mainw.h:1.0
xm/text.h:1.0
widgettoplevel:1.0
widgetmainwindow:1.0
widgetmainpane:1.0
widgetdatefield:1.0
xtappcontextapplication:1.0
void:2.6094379124341005
marktoday:2.09861228866811
widget:2.6094379124341005
char:2.386294361119891
todaysdate:1.6931471805599454
04/19/93:1.0
xtvasetvalues:2.09861228866811
xmnvalue:2.09861228866811
null:3.1972245773362196
marktomorrow:2.09861228866811
tomorrowsdate:1.6931471805599454
04/20/93:1.0
markyesterday:2.09861228866811
yesterdaysdate:1.6931471805599454
04/18/93:1.0
datekeys:2.386294361119891
callingwidget:1.0
xmtextverifyptr:1.0
callbackdata:2.6094379124341005
capture:1.0
behaviour:1.0
found:1.0
set:1.6931471805599454
doit:2.386294361119891
false:2.386294361119891
wont:1.0
switch:1.6931471805599454
text:1.6931471805599454
ptr:1.0
0:1.6931471805599454
case:2.791759469228055
return:2.386294361119891
default:1.0
main:1.6931471805599454
cardinal:1.0
argc:1.6931471805599454
argv:1.6931471805599454
initialize:1.0
xt:1.0
toplevel:2.386294361119891
xtvaappinitialize:1.0
create:2.09861228866811
toolface:1.0
mainwindow:2.386294361119891
xtvacreatemanagedwidget:2.09861228866811
xmmainwindowwidgetclass:1.0
mainpane:2.09861228866811
xmrowcolumnwidgetclass:1.0
small:1.0
area:1.0
datefield:2.386294361119891
xmtextwidgetclass:1.0
xmntopattachment:1.0
xmattach_form:1.6931471805599454
xmnrightattachment:1.0
xmncolumns,8:1.0
modifyverifycallback:1.0
callback:1.0
xtaddcallback:1.0
xmnmodifyverifycallback:1.0
xtcallbackproc:1.0
xtpointer:1.0
realize:1.0
xtrealizewidget:1.0
go:1.0
xtmainloop:1.0
xtappmainloop:1.0
swear:1.6931471805599454
life:1.6931471805599454
love:1.6931471805599454
andrew:1.6931471805599454
never:1.6931471805599454
live:2.386294361119891
sake:1.6931471805599454
another:2.386294361119891
man:2.386294361119891
ask:1.6931471805599454
hewlett:1.6931471805599454
packard:1.6931471805599454
mine:1.6931471805599454
california:1.6931471805599454
language:1.6931471805599454
labs:1.6931471805599454
john:1.6931471805599454
galt:1.6931471805599454
