dan:2.09861228866811
tremor.think.com:1.0
aronson:1.0
subject:1.0
drawing:1.0
abstract:1.0
graph:1.6931471805599454
looking:1.0
software:1.0
draw:1.0
want:1.0
give:1.0
list:1.0
nodes:1.6931471805599454
edges:1.0
program:1.0
come:1.0
reasonable:1.0
positioning:1.0
thanks:1.0
advance:1.0
aronsondan:1.0
think.com:1.0
thinking:1.0
machines:1.0
corporation:1.0
