yang:2.386294361119891
cs.umass.edu:2.09861228866811
hong:1.0
subject:1.0
colormap:3.3978952727983707
question:1.6931471805599454
hi:1.0
experts:1.0
im:1.0
kind:1.0
new:1.0
x:1.0
following:2.09861228866811
strange:1.0
trying:1.0
modify:1.6931471805599454
contents:2.09861228866811
failed:1.0
without:1.0
reason:1.0
using:2.09861228866811
piece:1.0
code:1.0
toplevel:1.6931471805599454
xtinitialize:1.0
argv:1.6931471805599454
0:3.6390573296152584
testcolor:1.0
null:1.6931471805599454
argc:1.0
dpy:2.791759469228055
xtdisplay:1.0
scr:1.6931471805599454
defaultscreen:1.0
def_colormap:2.386294361119891
defaultcolormap:1.0
xalloccolorcells:1.0
true:1.0
cells:2.386294361119891
5:2.09861228866811
color.pixel:2.09861228866811
color.red:2.09861228866811
250:1.0
color.green:2.09861228866811
125:1.0
color.blue:2.09861228866811
color.flags:1.0
dored:1.0
dogreen:1.0
doblue:1.0
xstorecolor:1.6931471805599454
color:3.4849066497880004
printf:2.09861228866811
try:1.6931471805599454
allocate:2.6094379124341005
xquerycolor:1.6931471805599454
else:1.0
error:1.0
couldnt:1.0
running:1.0
output:1.6931471805599454
7:1.6931471805599454
250,125,0:1.0
0,0,0:1.0
returned:1.0
original:1.0
value:1.0
failure/error:1.0
displayed:1.0
obvious:1.0
unchanged:1.0
also:1.0
tried:1.0
draw:1.0
line:1.0
colors:1.6931471805599454
turned:1.0
unmodified:1.0
problem:1.0
help/information:1.0
appreciated:1.0
please:1.0
send:1.0
mail:1.0
william:1.0
email:1.0
way:1.0
environment:1.0
xdpyinfo:1.0
shows:1.0
default:2.6094379124341005
visual:3.833213344056216
pseudocolor:1.6931471805599454
version:1.0
number:3.3978952727983707
11.0:1.0
vendor:1.6931471805599454
string:1.0
decwindows:1.0
digitalequipmentcorporation:1.0
uws4.2:1.0
release:1.0
1:3.0794415416798357
maximum:2.09861228866811
request:1.0
size:2.9459101490553135
16384:1.0
longwords:1.0
65536:1.0
bytes:1.0
motion:1.0
buffer:1.0
100:1.0
bitmap:1.0
unit:1.0
bit:1.0
order:1.6931471805599454
padding:1.0
32:2.386294361119891
lsbfirst:1.6931471805599454
image:1.0
byte:1.0
supported:1.6931471805599454
pixmap:1.6931471805599454
formats:1.6931471805599454
2:1.6931471805599454
depth:3.5649493574615367
bits_per_pixel:1.6931471805599454
scanline_pad:1.6931471805599454
8:4.044522437723423
keycode:1.0
range:1.0
minimum:1.6931471805599454
86:1.0
251:1.0
extensions:1.0
adobe-dps-extension:1.0
dpsextension:1.0
shape:1.0
mit-shm:1.0
multi-buffering:1.0
xinputextension:1.0
mit-sundry-nonstandard:1.0
dec-xtrap:1.0
screen:1.6931471805599454
screens:1.0
dimensions:1.0
1024x864:1.0
pixels:1.6931471805599454
333x281:1.0
millimeters:1.0
resolution:1.0
78x78:1.0
dots:1.0
per:1.0
inch:1.0
depths:1.0
root:1.6931471805599454
window:1.6931471805599454
id:3.4849066497880004
0x29:1.0
planes:2.791759469228055
colormaps:1.0
0x27:1.0
256:2.6094379124341005
preallocated:1.0
black:1.0
white:1.0
options:1.0
backing-store:1.0
yes:1.6931471805599454
save-unders:1.0
current:1.0
input:1.0
event:1.0
mask:1.0
0xd0001d:1.0
keypressmask:1.0
buttonpressmask:1.0
buttonreleasemask:1.0
enterwindowmask:1.0
substructureredirectmask:1.0
propertychangemask:1.0
colormapchangemask:1.0
visuals:1.0
0x21:2.09861228866811
class:2.6094379124341005
entries:2.6094379124341005
red:2.6094379124341005
green:2.6094379124341005
blue:2.6094379124341005
masks:2.6094379124341005
0x0:3.1972245773362196
significant:2.6094379124341005
bits:3.302585092994046
specification:2.6094379124341005
0x22:1.6931471805599454
grayscale:1.0
0x23:1.6931471805599454
staticgray:1.0
0x24:1.6931471805599454
staticcolor:1.0
0x7:1.6931471805599454
0x38:1.6931471805599454
0xc0:1.6931471805599454
0x25:1.6931471805599454
truecolor:1.0
mono:1.0
multibuffer:1.6931471805599454
types:1.6931471805599454
max:2.6094379124341005
buffers:2.6094379124341005
stereo:1.0
