tom:2.09861228866811
dont_use.netcom.com:1.0
thomas:1.0
tulinsky:1.0
subject:1.0
wcl:2.386294361119891
solaris:2.09861228866811
2:1.6931471805599454
version:1.0
ported:1.0
including:1.0
ansi:1.0
c:1.0
numerous:1.0
problems:1.0
trying:1.0
compile:1.0
functions:1.0
prototypes:1.0
2.01:1.0
sun:1.0
user:1.0
groups:1.0
1992:1.0
cds:1.0
please:1.0
email:1.0
answers:1.6931471805599454
list:1.0
tulinskycapital:1.0
management:1.0
sciences:1.0
west:1.0
los:1.0
angeles:1.0
310:1.0
479:1.0
9715:1.0
manually:1.0
address:1.0
zuma:1.0
netcomsv.netcom.com:1.0
