masc0442:1.6931471805599454
ucsnews.sdsu.edu:1.0
todd:1.6931471805599454
greene:1.6931471805599454
subject:1.0
find:1.0
appcontext:1.0
xt:1.0
call:1.6931471805599454
give:1.6931471805599454
application:1.0
context:1.0
fixing:1.0
x/motif:1.0
program:1.0
trying:1.0
use:1.6931471805599454
xtappaddtimeout:1.0
whose:1.0
first:1.0
argument:1.0
app_context:1.0
value:1.0
thanks:1.0
ucssun1.sdsu.edu:1.0
