adrian:2.09861228866811
ora.com:1.0
nye:1.6931471805599454
subject:1.0
xwininfo:1.6931471805599454
want:1.0
equivalent:1.0
name:1.6931471805599454
via:1.0
call:1.0
set:1.0
calls:1.0
xlib:1.0
need:1.0
map:1.0
windows:1.0
id:1.0
probably:1.0
easy:1.0
ive:1.0
programming:1.0
x:1.6931471805599454
little:1.0
source:1.0
code:1.0
simply:1.0
look:1.0
mit/clients/xwininfo/xwininfo.c:1.0
find:1.0
exactly:1.0
oreilly:1.0
associates:1.0
