rainer:2.6094379124341005
sun3.eeam.elin.co.at:1.0
hochreiter:1.6931471805599454
subject:1.0
multi-screen:1.0
apps:1.0
window:1.0
managers:1.0
jo:1.6931471805599454
pelkey:1.0
phone:1.0
509:1.6931471805599454
375-6947:1.0
battelle:1.0
pacific:1.0
northwest:1.0
labs:1.0
fax:1.0
375-3641:1.0
mail:1.0
stop:1.0
k7-22:1.0
email:1.6931471805599454
je_pelkey:1.0
pnl.gov:1.0
p.o:1.0
box:1.0
999:1.0
richland:1.0
wa:1.0
99352:1.0
hi:1.0
im:1.0
also:1.0
interested:1.0
questions:1.0
get:1.0
answers:1.0
via:1.6931471805599454
repost:1.0
please:1.0
let:1.0
know:1.0
thanks:1.0
telephone:1.0
43:1.6931471805599454
1:1.6931471805599454
89100:1.6931471805599454
3961:1.0
elin-energieanwendung:1.0
gesmbh:1.0
telefax:1.0
3387:1.0
penzingerstr:1.0
76:1.0
a-1141:1.0
wien:1.0
austria/europe:1.0
e-mail:1.0
elin.co.at:1.0
