cjhs:1.0
minster.york.ac.uk:1.0
subject:1.0
xt:1.6931471805599454
intrinsics:1.0
slow:1.6931471805599454
popups:1.6931471805599454
help:1.0
running:1.0
sample:1.6931471805599454
problems:1.0
oreilly:1.0
volume:1.0
4:1.0
intrisics:1.0
programming:1.0
manual:1.0
chapter:1.0
3:1.0
popup:1.6931471805599454
dialog:2.386294361119891
boxes:1.0
example:1.0
3.5:1.0
page:1.0
76:1.0
creating:1.0
pop-up:1.0
box:2.09861228866811
application:1.0
creates:1.0
window:1.0
button:1.6931471805599454
quit:1.0
press:1.6931471805599454
pops:1.6931471805599454
strange:1.0
feature:1.0
program:1.6931471805599454
always:1.0
much:1.6931471805599454
faster:1.0
first:1.6931471805599454
time:3.1972245773362196
try:1.0
pop:1.0
2nd:1.6931471805599454
3rd:1.0
4th:1.0
slower:1.0
anyone:1.6931471805599454
experience:1.0
programs:1.0
get:1.0
behaviour:1.0
fast:1.6931471805599454
response:2.09861228866811
onwards:1.0
give:1.0
ideas:1.0
reasonable:1.0
thankyou:1.0
shirley:1.0
