dale:2.09861228866811
wente.llnl.gov:1.0
slone:1.0
subject:1.0
xlock:2.09861228866811
found:1.0
oddity:1.0
sgi:1.0
indigo:1.0
mips:1.0
r3000:1.0
chip:1.0
nolock:1.0
running:1.6931471805599454
working:1.0
remotely:1.0
batch:1.0
mode:1.0
runtime:1.0
programs:1.0
timed:1.0
using:1.0
clock:1.0
code:1.0
25:1.0
slower:1.0
processes:1.0
seem:1.0
affect:1.0
runtimes:1.0
yet:1.0
consistent:1.0
explanations:1.0
real:1.0
imagined:1.0
thanx:1.0
frostedflakes.llnl.gov:1.0
