cerna:1.6931471805599454
ntep.tmg.nec.co.jp:1.0
alexander:1.0
sv:1.0
subject:1.0
transparent:1.0
widgets:1.0
need:1.0
write:1.0
application:1.0
annotation:1.6931471805599454
notes:1.0
existing:1.0
documents:1.0
could:1.6931471805599454
done:1.6931471805599454
several:1.6931471805599454
times:1.0
different:1.0
people:1.0
idea:1.0
something:1.6931471805599454
like:1.6931471805599454
acetate:1.0
transparencies:1.0
stacked:1.0
top:1.0
user:1.0
see:1.0
ive:1.0
seen:1.0
oclock:1.0
client:1.0
someone:1.0
please:1.0
tell:1.0
xt:1.0
thank:1.0
much:1.0
