mahan:2.791759469228055
tgv.com:2.09861228866811
patrick:2.09861228866811
l:2.09861228866811
subject:1.0
find:1.0
appcontext:1.0
xt:1.0
call:1.6931471805599454
give:1.6931471805599454
application:1.6931471805599454
context:1.6931471805599454
fixing:1.0
x/motif:1.0
program:1.0
trying:1.0
use:2.09861228866811
xtappaddtimeout:1.0
whose:1.0
first:2.09861228866811
argument:1.0
app_context:1.0
value:1.0
xtdisplaytoapplicationcontext:1.0
retreive:1.0
tgv:1.6931471805599454
window:1.6931471805599454
washer:1.6931471805599454
waking:1.6931471805599454
person:1.6931471805599454
unnecessarily:1.6931471805599454
considered:1.6931471805599454
lazarus:2.386294361119891
long:2.386294361119891
capital:1.6931471805599454
crime:1.6931471805599454
offense:1.6931471805599454
notebooks:1.6931471805599454
