mahan:2.386294361119891
tgv.com:1.6931471805599454
patrick:1.6931471805599454
l:1.6931471805599454
subject:1.0
drawing:2.09861228866811
lines:3.0794415416798357
inverse/xor:1.0
im:2.791759469228055
trying:1.0
write:1.0
code:1.0
lets:1.0
draw:2.791759469228055
rubber-band:1.0
boxes:1.0
motif/x:1.0
running:1.0
8-bit:1.0
display:1.6931471805599454
ive:1.0
created:1.0
colormap:1.0
using:1.6931471805599454
almost:1.0
colors:1.0
want:1.0
area:1.6931471805599454
widget:1.6931471805599454
displaying:1.0
bitmap:1.0
xputimage:1.0
doesnt:1.0
matter:1.0
interactively:1.6931471805599454
stay:1.0
around:1.0
window:1.6931471805599454
refreshed:1.0
currently:1.0
begin:1.0
drawindex:2.791759469228055
colortable:1.0
index:1.6931471805599454
reserve:1.0
foreground:1.6931471805599454
my_default_bg_color:2.386294361119891
color:1.6931471805599454
background:1.6931471805599454
image:1.6931471805599454
palette_colors:2.9459101490553135
red:1.6931471805599454
green:1.6931471805599454
blue:1.6931471805599454
xstorecolors:1.0
mydisplay:2.9459101490553135
my_cmap:1.0
1:1.0
xflush:1.6931471805599454
xsetfunction:1.6931471805599454
gc:2.6094379124341005
gxxor:1.6931471805599454
xsetforeground:1.0
xdrawline:1.0
xtwindow:1.0
drawingarea1:1.0
x1:1.0
y1:1.0
x2:1.0
y2:1.0
done:1.0
return:1.0
things:1.0
normal:1.0
gxcopy:1.0
id:1.0
like:1.0
happen:1.0
inverse:1.0
whatever:1.0
instead:1.0
happens:1.0
get:1.0
white:1.6931471805599454
nothing:1.6931471805599454
shows:1.6931471805599454
black:1.0
strange:1.0
function:1.0
seems:1.0
right:1.0
since:1.0
rubber-banding:1.0
box:1.0
erases:1.0
redraws:1.0
correctly:1.0
ie:1.0
disturbing:1.0
underlying:1.0
suggestions:1.0
wrong:1.0
believe:1.0
work:1.0
must:1.0
set:1.0
foreground^background:1.0
tgv:1.0
washer:1.0
waking:1.0
person:1.0
unnecessarily:1.0
considered:1.0
lazarus:1.6931471805599454
long:1.6931471805599454
capital:1.0
crime:1.0
first:1.0
offense:1.0
notebooks:1.0
