buzz:1.6931471805599454
bear.com:1.0
moschetti:1.0
subject:1.0
xcopyplane:1.0
question:1.6931471805599454
article:1.0
whaley.93apr19171228:1.0
sigma.kpc.com:2.09861228866811
whaley:2.09861228866811
ken:1.0
writes:1.0
per:1.0
button:1.0
handler:1.0
add:1.0
object:1.0
call:1.0
window_redraw:1.0
whatever:1.0
directly:1.0
although:1.0
depending:1.0
design:1.0
work:1.0
dont:1.0
think:1.0
take:1.6931471805599454
easily:1.0
advantage:1.0
expose:1.0
event:1.0
redraw:1.0
optimization:1.0
whole:1.0
window:1.0
redrawn:1.0
area:1.0
new:1.0
item:1.0
p.s:1.0
im:1.0
replying:1.0
my/your:1.0
mailer:1.0
didnt:1.0
agree:1.0
return:1.0
address:1.0
