leon:2.791759469228055
dimatrix.dk:2.09861228866811
thrane:1.6931471805599454
subject:1.0
x:1.6931471805599454
intrinsic:1.0
mailing:2.09861228866811
list:1.6931471805599454
dont:1.0
get:1.0
newsfeed:1.0
wondering:1.0
whether:1.0
thing:1.0
xt:1.0
xpert:1.0
expo.lcs.mit.edu:1.0
would:1.0
appreciate:1.0
info:1.0
related:1.0
lists:1.0
thanks:1.0
advance:1.0
telephone:1.0
45:2.386294361119891
93:1.6931471805599454
51:1.6931471805599454
00:1.0
dimatrix:1.0
aps:1.0
fax:1.0
11:1.0
lyngby:1.6931471805599454
hovedgade:1.0
15d:1.0
e-mail:1.0
dk-2800:1.0
denmark:1.0
uunet:1.0
