n.r.ellis:1.6931471805599454
newcastle.ac.uk:1.0
nigel:2.09861228866811
r:1.6931471805599454
ellis:1.6931471805599454
subject:1.0
keyboard:2.386294361119891
map:1.6931471805599454
uk:1.6931471805599454
type:1.6931471805599454
5:1.6931471805599454
x11/r5:1.6931471805599454
hi:1.0
anyone:1.0
sun:1.0
use:1.0
thanks:1.0
artificial:1.0
intelligence:1.0
group:1.0
durham.ac.uk:1.0
computer:1.0
science:1.0
university:1.0
durham:1.6931471805599454
phne:1.0
44.91.374.2549:1.0
england:1.0
dh1:1.0
3le:1.0
fax:1.0
44.91.374.3741:1.0
