ianhogg:1.0
milli.cs.umn.edu:1.0
ian:1.6931471805599454
j:1.0
hogg:1.0
subject:1.0
find:1.0
appcontext:1.0
article:1.0
1qvatv:1.0
9ic:1.0
pandora.sdsu.edu:1.0
masc0442:1.0
ucsnews.sdsu.edu:1.0
todd:1.0
greene:1.0
writes:1.0
xt:1.0
call:1.6931471805599454
give:1.6931471805599454
application:1.0
context:1.0
fixing:1.0
x/motif:1.0
program:1.0
trying:1.0
use:1.6931471805599454
xtappaddtimeout:1.0
whose:1.0
first:1.0
argument:1.0
app_context:1.0
value:1.0
get:1.0
applicationcontext:1.0
associated:1.0
widget:1.0
calling:1.0
xtwidgettoapplicationcontext:1.0
hoggianhogg:1.0
cs.umn.edu:1.0
612:1.0
424-6332:1.0
