mufti:2.386294361119891
plsparc.uucp:1.0
saad:1.6931471805599454
subject:1.0
faq:1.6931471805599454
group:1.6931471805599454
could:1.0
kind:1.0
soul:1.0
point:1.0
right:1.0
direction:1.0
list:1.0
thanks:1.0
personal:1.0
library:1.0
software:1.0
e-mail:1.0
pls.com:1.0
