dealy:2.6094379124341005
narya.gsfc.nasa.gov:1.0
brian:2.09861228866811
csc:1.0
subject:1.0
2:1.0
get:1.0
fontname:1.0
fonstruct:1.0
anyone:1.6931471805599454
know:1.6931471805599454
application:1.6931471805599454
retrieve:1.0
name:1.0
font:1.0
given:1.0
xfontstruct:1.0
would:1.0
xgetfontproperty:1.0
work:1.0
passed:1.0
xa_font_name:1.0
details:1.0
thanks:1.0
advance:1.0
301-572-8267:1.0
knowing:1.6931471805599454
kong.gsfc.nasa.gov:1.0
thats:1.0
important:1.0
uunet:1.0
dftsrv:1.0
kong:1.0
b.dylan:1.0
