kavitsky:2.386294361119891
hsi.com:1.6931471805599454
jim:1.6931471805599454
subject:1.0
comp.windows.x.intrinsics:1.0
problem:1.6931471805599454
high:2.09861228866811
order:2.09861228866811
bit:2.09861228866811
character:2.09861228866811
clipped:1.0
entered:1.0
xterm:1.6931471805599454
window:2.09861228866811
motif:1.0
reprogrammed:1.0
f1:2.9459101490553135
key:2.791759469228055
transmit:1.0
ff:1.6931471805599454
sequence:1.6931471805599454
using:1.0
following:1.6931471805599454
line:1.6931471805599454
xdefaults:1.0
ctrl:1.0
shift:1.0
alt:1.0
string:1.6931471805599454
0xff:1.0
0xbe:1.0
merge:1.6931471805599454
xrdb:1.0
create:1.0
new:1.0
remapped:1.0
arises:1.0
application:1.6931471805599454
recieving:1.0
input:1.6931471805599454
time:2.09861228866811
sees:1.0
7f:1.6931471805599454
3e:1.6931471805599454
filtered:1.6931471805599454
ignored:1.0
run:1.0
xev:1.0
press:1.0
get:1.6931471805599454
correct:1.6931471805599454
value:1.0
showing:1.0
two:1.0
events:1.0
keypress:1.0
event:1.6931471805599454
serial:1.6931471805599454
14:1.0
synthetic:1.6931471805599454
0x2800001:1.6931471805599454
root:2.386294361119891
0x28:1.6931471805599454
subw:1.6931471805599454
0x0:2.386294361119891
2067815294:1.0
67,80:1.6931471805599454
74,104:1.6931471805599454
state:1.6931471805599454
keycode:1.6931471805599454
16:2.09861228866811
keysym:2.09861228866811
0xffbe:2.09861228866811
same_screen:1.6931471805599454
yes:1.6931471805599454
xlookupstring:1.6931471805599454
gives:1.6931471805599454
0:1.6931471805599454
characters:1.6931471805599454
keyrelease:1.0
2067815406:1.0
notice:1.0
transmitted:1.0
use:1.0
vi:1.0
program:1.0
wrote:1.0
spit:1.0
back:1.0
hex:1.0
values:1.0
keyboard:1.0
anyone:1.0
know:1.0
make:1.6931471805599454
sure:1.0
entire:1.0
8bits:1.0
final:1.0
help:1.0
greatly:1.0
appreciated:1.0
please:1.0
email:1.0
responses:1.0
