carl:2.386294361119891
teal.csn.org:1.0
podlogar:1.0
subject:1.0
need:1.0
font:2.386294361119891
family:2.386294361119891
weight:2.386294361119891
slant:2.386294361119891
instance:1.6931471805599454
widget:1.6931471805599454
get:1.6931471805599454
using:1.0
initfontcontext:1.0
getnextfont:1.0
freefontcontext:1.0
size:1.0
bunch:1.6931471805599454
stuff:1.0
concerning:1.0
nowhere:1.0
found:1.0
assume:1.0
access:1.0
source:1.0
orginaly:1.0
used:1.0
creating:1.0
fontlist:1.0
thanks:1.0
great:1.0
day:1.0
softsolut.com:1.0
