prunet:2.386294361119891
zephir.inria.fr:1.0
vincent:1.6931471805599454
subject:1.0
monthly:1.0
question:1.6931471805599454
xcopyarea:1.6931471805599454
expose:2.9459101490553135
events:2.6094379124341005
article:1.0
buzz.93apr19125438:1.0
lion.bear.com:1.0
buzz:1.6931471805599454
bear.com:1.0
moschetti:1.0
writes:1.0
2nd:1.0
posting:1.0
doesnt:1.0
seem:1.0
get:1.0
answered:1.0
suppose:1.0
idle:1.0
app:1.0
realized:1.0
mapped:2.09861228866811
window:3.5649493574615367
contains:1.6931471805599454
xlib:1.6931471805599454
graphics:1.0
button:1.0
widget:1.0
pressed:1.0
cause:1.0
new:2.386294361119891
item:2.09861228866811
drawn:1.0
action:1.0
clearly:1.0
call:2.09861228866811
equiv:1.0
directly:1.0
instead:1.0
register:1.0
existence:1.0
memory:1.0
structure:1.0
let:1.6931471805599454
event:2.09861228866811
handler:2.386294361119891
handles:1.0
regular:1.0
e.g:1.0
manager-driven:1.0
exposures:1.0
take:1.0
care:1.0
rendering:1.0
image:1.0
using:1.0
proper:1.0
way:1.6931471805599454
time:1.0
called:1.0
guaranteed:1.0
problem:1.0
course:1.0
generated:1.0
already:1.6931471805599454
visible:1.6931471805599454
need:1.6931471805599454
somehow:1.0
tickle:1.6931471805599454
hit:1.0
arguments:1.0
enable:1.0
render:1.0
part:1.0
best:1.0
produce:1.0
behavior:1.0
incrementally:1.6931471805599454
update:1.0
contents:1.0
windows:1.0
use:1.0
following:1.0
trick:1.0
1:1.0
set:1.0
background:2.6094379124341005
none:1.6931471805599454
2:1.6931471805599454
xcleararea:2.09861228866811
display:2.09861228866811
0:2.386294361119891
true:1.0
3:1.6931471805599454
restore:1.6931471805599454
correct:1.0
value:1.0
repaint:1.0
still:1.0
generates:1.0
exposure:1.0
parts:1.0
order:1.0
application:1.0
know:1.0
must:1.0
handled:1.0
something:1.0
displayed:1.0
screen:1.0
may:1.0
erased:1.0
encapsulate:1.0
operations:1.0
self:1.0
addressed:1.0
client:2.386294361119891
messages:1.0
preserve:1.0
asynchronicity:1.0
server:1.6931471805599454
xgrabserver:1.0
message:1.6931471805599454
start-incremental:1.0
end-incremental:1.0
xungrabserver:1.0
grabserver:1.0
prevents:1.0
inserted:1.0
critical:1.0
section:1.0
sema:1.0
group:1.0
sophia:1.6931471805599454
antipolis:1.6931471805599454
inria:1.0
bp:1.0
93:2.09861228866811
06902:1.0
cedex:1.0
france:1.0
sophia.inria.fr:1.0
33:1.6931471805599454
65:1.6931471805599454
78:1.0
42:1.0
fax:1.0
77:1.0
66:1.0
