larry:2.386294361119891
gator.rn.com:1.6931471805599454
snyder:1.6931471805599454
subject:1.0
dell:1.6931471805599454
2.2:1.6931471805599454
eisa:1.6931471805599454
video:1.6931471805599454
cards:1.6931471805599454
xfree86:1.0
support:1.0
