thor:1.6931471805599454
surt.atd.ucar.edu:1.0
richard:1.6931471805599454
e:1.0
neitzel:1.6931471805599454
subject:1.0
xquerybestcursor:2.09861228866811
semi-broken:1.6931471805599454
one:1.0
asked:1.0
recently:1.0
used:1.0
see:1.6931471805599454
could:1.6931471805599454
create:1.6931471805599454
given:1.0
size:2.791759469228055
seemed:1.0
imply:1.0
server:1.6931471805599454
cursors:1.6931471805599454
investigation:1.0
showed:1.0
x:1.6931471805599454
servers:1.0
happily:1.0
return:1.6931471805599454
root:2.09861228866811
window:1.6931471805599454
others:1.0
fixed:1.0
limit:1.0
reasonable:1.0
interesting:1.0
thing:1.0
binary:1.0
acts:1.0
differently:1.0
different:1.0
hardware:1.0
sun4:1.6931471805599454
cg2:1.0
claim:1.0
ok:1.6931471805599454
cg6:1.0
stop:1.0
32x32:1.0
far:1.0
ive:1.0
also:1.6931471805599454
seen:1.0
behavior:1.6931471805599454
ncd:1.6931471805599454
phase-x:1.0
terminals:1.0
told:1.0
occurs:1.0
hps:1.0
actually:1.0
even:1.0
liberal:1.0
sizes:1.0
much:1.0
larger:1.0
winodw:1.0
gladly:1.0
returned:1.0
correct:1.0
id:1.0
really:1.0
like:1.0
2000x2000:1.0
cursor:1.0
thor.atd.ucar.edu:1.0
torren:1.0
med:1.6931471805599454
sitt:1.6931471805599454
skjegg:1.0
national:1.0
center:1.0
atmospheric:1.0
research:1.0
lokkar:1.0
borni:1.6931471805599454
sole-vegg:1.0
box:1.0
3000:1.0
boulder:1.0
co:1.0
80307-3000:1.0
gjoi:1.0
shinn:1.0
303-497-2057:1.0
jagar:1.0
inn:1.0
