pjaques:1.6931471805599454
camborne-school-of-mines.ac.uk:1.0
paul:1.6931471805599454
jaques:1.6931471805599454
subject:1.0
problem:1.6931471805599454
dni:1.6931471805599454
openwin:1.0
3.0:1.6931471805599454
anyone:1.0
help:1.0
displaying:1.6931471805599454
images:1.0
greater:1.0
32768:1.0
bytes:1.0
decwindows:1.0
program:2.09861228866811
running:1.6931471805599454
vax:1.0
6310:1.0
sparc:1.0
ipc:1.0
openwindows:1.6931471805599454
works:1.0
fine:1.0
2.0:1.0
code:1.0
segment:1.0
fails:1.0
given:1.0
simply:1.0
crashes:1.0
xlib:1.0
i/o:1.0
error:1.0
xputimage:1.6931471805599454
call:1.0
ximage:2.386294361119891
xcreateimage:1.0
mydisplay:2.09861228866811
defaultvisual:1.0
myscreen:1.0
ddepth:1.0
zpixmap:1.0
0:2.386294361119891
image:1.0
xwid:1.6931471805599454
ywid:1.6931471805599454
8:1.0
mywindow:1.0
mygc:1.0
xpos:1.0
ypos:1.0
systems:1.0
engineer:1.0
camborne:1.0
school:1.0
mines:1.0
rosemanowes:1.0
herniss:1.0
penryn:1.0
cornwall:1.0
e-mail:1.0
csm.ac.uk:1.0
tel:1.0
stithians:1.0
0209:1.6931471805599454
860141:1.0
fax:1.0
861013:1.0
