grape:1.6931471805599454
suned1.nswses.navy.mil:1.6931471805599454
mike:1.0
grapevine:1.6931471805599454
subject:1.0
subscription:1.0
please:1.0
subscribe:1.0
mailing:1.0
list:1.0
michael:1.0
one:1.6931471805599454
days:1.6931471805599454
usn:1.0
swc:1.0
code:1.0
4g33:1.0
pow:1.0
gon:1.0
na:1.0
happen:1.0
bus:1.0
805:1.0
982-7791:1.0
wont:1.0
even:1.0
realize:1.0
