rgasch:1.0
nl.oracle.com:1.0
robert:1.0
gasch:1.0
subject:1.0
program:1.6931471805599454
argument:1.0
geometry:1.6931471805599454
question:1.0
regarding:1.0
processing:1.0
arguments:1.0
option:1.6931471805599454
since:1.0
standard:1.0
x:1.0
im:1.0
wondering:1.0
wether:1.0
parse:1.0
manually:1.0
whether:1.0
predefined:1.0
function:1.0
thanks:1.0
info:1.0
robret:1.0
