markhof:2.386294361119891
ls12r.informatik.uni-dortmund.de:1.0
ingolf:1.6931471805599454
subject:1.0
title:2.791759469228055
xterm:2.9459101490553135
article:1.6931471805599454
1quh74:1.0
r71:1.0
irz401.inf.tu-dresden.de:1.0
beck:1.6931471805599454
irzr17.inf.tu-dresden.de:1.0
andre:1.0
writes:1.6931471805599454
c5ol74.3b1:1.0
aeon.in-berlin.de:1.6931471805599454
thomas:1.6931471805599454
wolfram:1.0
hey:1.0
guys:1.0
work:2.09861228866811
many:1.0
stations:1.0
would:1.6931471805599454
like:1.0
name:2.09861228866811
current:2.09861228866811
logname:2.09861228866811
open:1.0
machine:1.0
closed:1.6931471805599454
words:1.0
want:1.0
host:2.791759469228055
appear:1.0
opened:1.0
almost:1.0
window:2.09861228866811
managers:1.0
twm:1.0
mwm:1.0
olwm:1.0
derivates:1.0
support:1.0
escape:1.0
sequences:2.09861228866811
purpose:1.0
put:1.0
following:1.6931471805599454
login:1.0
youre:1.0
using:1.0
csh:1.6931471805599454
tcsh:1.6931471805599454
sh:1.0
modify:1.0
term:1.0
echo:1.6931471805599454
2:2.09861228866811
g:1.6931471805599454
1:1.6931471805599454
endif:1.0
feature:1.0
manager:1.0
ansi:1.6931471805599454
compatible:2.09861228866811
anyone:1.0
know:1.0
think:1.0
dcs:1.0
device:1.0
control:1.0
sequence:1.6931471805599454
introduced:1.0
may:1.6931471805599454
csi:1.0
exists:1.0
must:1.0
dxterm:1.0
vt:1.0
xterms:2.386294361119891
works:1.0
least:1.0
problem:1.0
back:1.0
original:1.0
question:1.0
usually:1.0
start:1.0
new:1.0
selecting:1.0
proper:1.0
menu:1.6931471805599454
entry:1.0
desktop:1.0
sample:1.0
command:1.0
sl:1.0
999:1.0
n:2.09861228866811
ls12i:2.09861228866811
e:1.0
rlogin:1.0
options:1.0
give:1.0
text:1.0
icon:1.0
use:1.0
wonderful:1.0
extension:1.0
alias:1.6931471805599454
precmd:1.0
cwd^g:1.0
tcshrc:1.0
special:1.0
tvtwm:1.0
executed:1.0
time:1.0
printing:1.0
prompt:1.0
directory:1.0
path:1.0
bar:1.0
unido:1.0
university:1.0
dortmund:1.6931471805599454
ls:1.0
informatik:1.0
xii:1.0
p.o:1.0
box:1.0
500:1.6931471805599454
d-4600:1.0
50:1.0
f.r:1.0
germany:1.0
phone:1.0
49:1.6931471805599454
231:1.6931471805599454
755:1.6931471805599454
6142:1.0
fax:1.0
6555:1.0
email:1.0
ls12.informatik.uni-dortmund.de:1.0
