grape:1.6931471805599454
suned1.nswses.navy.mil:1.0
mike:1.0
grapevine:1.0
subject:1.0
subscribe:1.6931471805599454
nswses.navy.mil:1.0
