thad:2.791759469228055
cup.portal.com:1.6931471805599454
p:1.0
floryan:1.6931471805599454
subject:1.0
2:1.0
headed:1.6931471805599454
sun:2.09861228866811
3/60:1.6931471805599454
possible:1.6931471805599454
cgfour0/bwtwo0:1.0
article:1.0
1r28mg:1.0
9r5:1.0
fitz.tc.cornell.edu:1.0
matthew:1.6931471805599454
alchemy.tn.cornell.edu:1.0
kleinmann:1.0
writes:1.0
mono:2.6094379124341005
framebuffer:1.0
bwtwo0:1.6931471805599454
built:1.0
motherboard:2.386294361119891
system:2.09861228866811
also:1.0
cgfour:1.6931471805599454
cgfour0:1.6931471805599454
bwtwo1:2.09861228866811
daughterboard:1.0
using:1.0
color:2.386294361119891
monitor:2.09861228866811
front:1.0
screen:2.09861228866811
back:1.6931471805599454
tube:1.6931471805599454
recentley:1.0
picked:1.0
1600:1.0
x:1.0
1280:1.0
would:1.0
like:1.0
make:1.0
two:1.6931471805599454
care:1.0
loose:1.0
looking:1.0
xsun:1.0
man:1.0
page:1.0
sure:1.0
anybody:1.0
sucessfuly:1.0
done:1.0
consolation:1.0
2-headed:1.0
sun-3/60:1.0
systems:1.0
though:1.0
monitors:1.0
rated:1.0
1152x900:1.0
configuration:1.0
plugnplay:1.0
situation:1.0
except:1.0
dont:1.0
know:1.0
hi-res:1.6931471805599454
function:1.0
way:1.6931471805599454
however:1.0
may:1.0
simply:1.0
able:1.0
pull:1.6931471805599454
set:1.0
jumper:1.6931471805599454
located:1.0
array:1.0
jumpers:1.6931471805599454
ram/simm:1.0
selects:1.0
ethernet:1.0
connection:1.0
happily:1.0
left-rear:1.0
e.g:1.0
north-west:1.0
quadrant:1.0
left:1.0
simm:1.0
sockets:1.0
btr.com:1.0
netcom.com:1.0
