wam3090:1.6931471805599454
yak.com:1.0
bill:1.6931471805599454
massena:1.6931471805599454
subject:1.0
function:1.6931471805599454
key:2.386294361119891
text:2.09861228866811
string:2.09861228866811
translation:2.09861228866811
want:1.0
press:1.0
appear:1.0
xmtext:1.0
widget:1.0
put:1.6931471805599454
xmtext.translations:1.6931471805599454
augment:1.0
f1:2.09861228866811
insert-string:1.6931471805599454
hello:2.09861228866811
resource:1.0
file:1.6931471805599454
doesnt:1.0
happen:1.0
get:1.0
pressed:1.0
keys:1.0
work:1.0
makes:1.0
sense:1.0
since:1.0
default:1.0
mode:1.0
replace:1.0
syntax:1.0
problem:1.0
something:1.0
deeper:1.0
yak.boeing.com:1.0
