mccoy:2.386294361119891
gothamcity.jsc.nasa.gov:1.6931471805599454
daniel:1.6931471805599454
subject:1.0
title:2.791759469228055
xterm:3.0794415416798357
article:2.09861228866811
1r3fe2inn10d:1.0
fbi-news.informatik.uni-dortmund.de:1.0
markhof:1.6931471805599454
ls12r.informatik.uni-dortmund.de:1.0
ingolf:1.0
writes:2.09861228866811
1quh74:1.0
r71:1.0
irz401.inf.tu-dresden.de:1.0
beck:1.6931471805599454
irzr17.inf.tu-dresden.de:1.0
andre:1.0
c5ol74.3b1:1.0
aeon.in-berlin.de:1.6931471805599454
thomas:1.6931471805599454
wolfram:1.0
hey:1.0
guys:1.0
work:2.09861228866811
many:1.0
stations:1.0
would:2.09861228866811
like:1.0
name:2.09861228866811
current:2.09861228866811
logname:2.386294361119891
open:1.0
machine:1.0
closed:1.6931471805599454
words:1.0
want:1.0
host:3.0794415416798357
appear:1.0
opened:1.0
almost:1.0
window:2.09861228866811
managers:1.0
twm:1.0
mwm:1.0
olwm:1.0
derivates:1.0
support:1.0
escape:1.0
sequences:2.09861228866811
purpose:1.0
put:1.0
following:1.6931471805599454
login:1.0
youre:1.0
using:1.6931471805599454
csh:1.6931471805599454
tcsh:1.6931471805599454
sh:1.0
modify:1.0
term:1.0
echo:1.6931471805599454
2:2.09861228866811
g:1.6931471805599454
1:1.6931471805599454
endif:1.0
feature:1.0
manager:1.0
ansi:1.6931471805599454
compatible:2.09861228866811
anyone:1.0
know:1.0
think:1.0
dcs:1.0
device:1.0
control:1.0
sequence:1.6931471805599454
introduced:1.0
may:1.6931471805599454
csi:1.0
exists:1.0
must:1.0
dxterm:1.0
vt:1.0
xterms:2.386294361119891
works:1.0
least:1.0
problem:1.0
back:1.0
original:1.0
question:1.0
usually:1.0
start:1.0
new:1.0
selecting:1.0
proper:1.0
menu:1.6931471805599454
entry:1.0
desktop:1.0
sample:1.0
command:1.0
sl:1.0
999:1.0
n:2.386294361119891
ls12i:2.09861228866811
e:1.0
rlogin:1.0
options:1.0
give:1.0
text:1.0
icon:1.0
use:1.0
wonderful:1.0
extension:1.0
alias:1.6931471805599454
precmd:1.0
cwd^g:1.0
tcshrc:1.0
special:1.0
tvtwm:1.0
executed:1.0
time:1.0
printing:1.0
prompt:1.0
directory:1.0
path:1.0
bar:1.0
gotten:1.0
answer:1.0
yet:1.0
variables:1.0
j:1.0
space:1.6931471805599454
i-net:1.0
inc:1.0
nasa:1.0
mail:1.0
code:1.0
pt4:1.0
tel:1.0
713-483-0950:1.0
nasa/johnson:1.0
center:1.0
fax:1.0
713-244-5698:1.0
houston:1.0
texas:1.0
77058:1.0
future:1.0
