howardy:1.0
freud.nia.nih.gov:1.0
howard:1.6931471805599454
wai-chun:1.0
yeung:1.0
subject:1.0
need:1.6931471805599454
shading:1.6931471805599454
program:2.09861228866811
example:1.6931471805599454
x:1.0
anyone:1.0
know:1.0
based:1.0
xlib:1.0
public:1.0
domain:1.0
allocate:1.0
correct:1.0
colormaps:1.0
appreciate:1.0
help:1.0
