robert:2.386294361119891
cpuserver.acsc.com:1.0
grant:1.0
subject:1.0
animation:1.6931471805599454
xputimage:1.0
hi:1.0
everyone:1.0
anyone:1.0
know:1.0
good:1.0
way:1.0
adjust:1.0
colourmaps:1.0
fly:1.0
say:1.0
prevent:1.0
current:1.0
set:1.0
colours:1.0
flickering:1.0
thanks:1.0
acsc.com:1.0
