rlm:1.6931471805599454
helen.surfcty.com:1.6931471805599454
robert:1.6931471805599454
l:1.6931471805599454
mcmillin:1.6931471805599454
subject:1.0
mix:1.6931471805599454
gl:2.791759469228055
x:2.6094379124341005
xlib:1.6931471805599454
xt:2.09861228866811
mwm:1.0
19:1.0
apr:1.0
1993:1.0
16:59:12:1.0
0400:1.0
graham:1.6931471805599454
sparc1.ottawa.jade.com:1.0
jay:1.0
said:1.0
developing:1.0
xm:1.0
application:2.09861228866811
include:2.09861228866811
graphics:1.6931471805599454
window:1.6931471805599454
sort:1.0
moving:1.0
symbols:1.0
among:1.0
things:1.0
pure:1.0
could:1.0
implemented:1.0
motif:1.6931471805599454
widgets:1.0
one:2.09861228866811
would:1.6931471805599454
xmdrawingarea:1.6931471805599454
drawing:1.0
like:1.0
take:1.0
advantage:1.0
library:1.0
available:1.0
ibm:1.6931471805599454
rs/6000:1.0
sgis:1.6931471805599454
believe:1.0
possible:1.0
program:1.0
use:1.0
subroutines:1.0
opened:1.0
xopenwindow:1.0
distribution:1.0
indigo:1.0
line:1.0
others:1.0
well:1.6931471805599454
possibly:1.0
source:1.0
code:1.0
widget:1.0
fits:1.0
top:1.0
thats:1.0
based:1.0
may:1.0
wish:1.0
ask:1.0
whether:1.0
support:1.0
surf:1.0
city:1.0
software:1.0
dude:1.0
std.disclaimer.h:1.0
