brians:2.09861228866811
atlastele.com:1.6931471805599454
brian:1.6931471805599454
sheets:1.6931471805599454
subject:1.0
looking:1.0
filemanager:1.0
x11r5:1.0
anyone:1.0
file:1.0
manager:1.0
runs:1.0
unix/x11r5:1.0
truck:1.6931471805599454
support:1.0
engineer:1.0
o_o:1.0
atlas:1.0
telecom:1.0
inc:1.0
raiders:1.0
lost:1.0
ark:1.0
u:1.0
