etxmesa:1.0
eos.ericsson.se:1.0
michael:1.6931471805599454
salmon:1.6931471805599454
subject:1.0
title:1.0
xterm:1.0
article:1.0
1r3fe2inn10d:1.0
fbi-news.informatik.uni-dortmund.de:1.0
markhof:1.6931471805599454
ls12r.informatik.uni-dortmund.de:1.0
ingolf:1.0
writes:1.0
alias:1.6931471805599454
precmd:1.0
echo:1.0
n:1.0
2:1.0
host:1.0
cwd^g:1.0
tcshrc:1.0
special:1.0
tvtwm:1.0
presume:1.0
meant:1.0
say:1.0
tcsh:1.0
include:2.09861228866811
standard.disclaimer:1.0
witty.saying:1.0
fancy.pseudo.graphics:1.0
ericsson:1.0
telecom:1.0
ab:1.0
stockholm:1.0
