rlm:1.6931471805599454
helen.surfcty.com:1.6931471805599454
robert:1.6931471805599454
l:1.6931471805599454
mcmillin:1.6931471805599454
subject:1.0
find:1.0
appcontext:1.0
19:1.0
apr:1.0
1993:1.0
23:00:15:1.0
gmt:1.0
masc0442:1.0
ucsnews.sdsu.edu:1.0
todd:1.0
greene:1.0
said:1.0
xt:1.0
call:1.6931471805599454
give:1.6931471805599454
application:1.0
context:1.0
fixing:1.0
x/motif:1.0
program:1.0
trying:1.0
use:1.6931471805599454
xtappaddtimeout:1.0
whose:1.0
first:1.0
argument:1.0
app_context:1.0
value:1.0
believe:1.0
xtvaappinitialize:1.0
something:1.0
like:1.0
surf:1.0
city:1.0
software:1.0
dude:1.0
include:1.0
std.disclaimer.h:1.0
