baldwa:2.386294361119891
antietam.adobe.com:1.0
sanjay:1.6931471805599454
subject:1.0
x:1.6931471805599454
support:1.0
pressure:1.6931471805599454
sensitive:1.6931471805599454
tablet:1.0
vendors:1.0
supporting:1.0
tablet/pen:1.0
appreciate:1.0
pointers:1.0
thanks:1.0
adobe.com:1.0
decwrl:1.0
adobe:1.0
