gerard:2.09861228866811
dps.co.uk:1.6931471805599454
odriscoll:1.6931471805599454
subject:1.0
mix:1.0
gl:2.09861228866811
x:1.0
xlib:1.0
xt:1.0
mwm:1.0
pyeatt:1.0
texaco.com:1.0
writes:1.0
widget:1.6931471805599454
already:1.0
defined:1.0
glxmdraw:1.0
motif:1.0
glxdraw:1.0
athena:1.0
similar:1.0
xmdrawingarea:1.0
except:1.0
allows:1.0
use:1.0
calls:1.0
render:1.0
window:1.0
look:1.0
glxlink:1.0
glxunlink:1.0
glxgetconfig:1.0
glxwinset:1.0
man:1.0
pages:1.0
get:1.0
hold:1.0
widgets:1.0
gerard.odriscoll:1.0
du:1.0
pont:1.0
pixel:1.0
systems:1.0
ltd:1.0
