bill:2.386294361119891
west.msi.com:1.0
poitras:1.6931471805599454
subject:1.6931471805599454
automated:1.6931471805599454
x:2.791759469228055
testing:2.09861228866811
mark:1.6931471805599454
collier:1.0
trident.datasys.swri.edu:1.0
wrote:1.0
anyone:1.6931471805599454
know:2.09861228866811
available:1.0
terms:1.0
x/motif:1.0
applications:1.0
thinking:1.0
system:1.0
could:1.6931471805599454
program:1.6931471805599454
record:2.09861228866811
events/output:1.0
verification:1.0
test:1.0
procedures:1.0
run/rerun:1.0
time:1.0
regression:1.0
interested:1.0
product:1.0
like:1.6931471805599454
unix:1.0
projects:1.0
separate:1.0
project:1.0
using:1.0
openvms:1.0
question:1.0
answered:1.0
faq:1.0
sharing:1.0
windows:1.0
one:1.0
answers:1.0
xtrap:1.6931471805599454
playback:1.6931471805599454
extenstion:1.0
find:1.0
export.lcs.mit.edu:1.0
contrib/xtrapv33_x11r5.tar.z:1.0
doesnt:1.6931471805599454
require:1.0
extension:1.0
servers:1.0
work:1.0
vendor:1.0
extensions:1.0
cant:1.0
modify:1.6931471805599454
help:2.09861228866811
conferencing:1.0
software:1.0
mit:1.0
dont:1.0
easy:1.0
would:1.6931471805599454
appreciated:1.0
molecular:1.0
simulations:1.0
inc:1.0
tel:1.0
408:1.6931471805599454
522-9229:1.0
msi.com:1.0
sunnyvale:1.0
ca:1.0
94086-3522:1.0
fax:1.0
732-0831:1.0
ftp:1.6931471805599454
mail:1.6931471805599454
ftpmail:1.0
decwrl.dec.com:1.0
offers:1.0
via:1.0
email:1.0
cr:1.6931471805599454
quit:1.0
