jlong:1.6931471805599454
b4pps40.berkeley.edu:1.0
john:1.6931471805599454
long:1.6931471805599454
subject:1.0
xman:2.09861228866811
source:2.09861228866811
get:1.6931471805599454
would:1.6931471805599454
like:1.0
binaries:1.0
hp:1.0
9000/700:1.0
settle:1.0
o.f:1.0
bnr:1.0
inc:1.0
god:1.0
pops:1.0
bnr.ca:1.0
next:1.0
kleenex:1.0
include:1.0
standard_disclaimer.h:1.0
art:1.0
hoppe:1.0
