toml:1.6931471805599454
blade.boulder.parcplace.com:1.0
tom:2.09861228866811
lastrange:1.6931471805599454
subject:1.0
forcing:1.0
window:3.5649493574615367
manager:2.6094379124341005
accept:1.6931471805599454
specific:1.0
coordinates:1.0
article:1.0
bading.93apr21134939:1.0
athene.cs.tu-berlin.de:1.0
bading:1.6931471805599454
cs.tu-berlin.de:1.0
tobias:1.0
doping:1.0
writes:1.0
try:1.0
xcreatewindow:1.0
include:1.0
x11/xutil.h:1.0
display:2.09861228866811
xsizehints:3.302585092994046
xallocsizehints:1.0
flags:1.6931471805599454
usposition:2.09861228866811
ussize:1.6931471805599454
pposition:2.09861228866811
psize:1.6931471805599454
x:1.0
42:1.6931471805599454
width:1.0
100:1.6931471805599454
height:1.0
xsetwmnormalhints:1.0
xfree:1.0
hints:1.0
tell:1.0
position:2.09861228866811
size:2.09861228866811
specified:1.6931471805599454
users:1.0
values:2.09861228866811
use:1.0
tells:1.0
prefered:1.0
program:1.0
user:1.6931471805599454
dont:2.09861228866811
know:1.0
doesnt:1.0
place:1.0
like:1.6931471805599454
prefer:1.0
specify:1.0
right:1.0
please:1.0
makes:1.0
brain:1.0
hurt:1.0
set:1.0
say:1.0
blow:1.0
gasket:1.0
whats:1.0
harm:1.0
managers:1.0
different:1.0
things:1.0
besides:1.0
positioning:1.0
see:1.0
rather:1.0
boulder.parcplace.com:1.0
