earle:2.791759469228055
isolar.tujunga.ca.us:1.6931471805599454
greg:1.6931471805599454
subject:1.0
tvtwm:1.0
xsetroot:1.0
x11r5:1.6931471805599454
sparcstation:1.0
10:2.386294361119891
keyboard:2.791759469228055
article:1.6931471805599454
1r1q5g:1.0
cv4:1.0
genesis.ait.psu.edu:1.0
barr:1.6931471805599454
pop.psu.edu:1.0
david:1.0
writes:1.6931471805599454
mailqueue-101.930420145015.384:1.0
oak.shu.ac.uk:1.0
d.haywood:1.0
sheffield-hallam.ac.uk:1.0
environment:1.0
sun:1.6931471805599454
sparc:1.6931471805599454
sunos:1.0
4.1.3:1.0
patch:2.386294361119891
level:1.0
23:1.0
x:1.0
process:1.0
started:1.0
xdm:1.0
okay:1.0
thats:1.0
good:1.0
im:1.0
typing:1.0
exactly:1.0
setup:1.0
us-unix:1.0
layout:1.0
install:1.6931471805599454
sunkbd:2.09861228866811
though:1.6931471805599454
ii:1.0
open:2.09861228866811
xterm:1.6931471805599454
keys:2.9459101490553135
recognised:1.0
sending:1.0
correct:1.0
characters:1.6931471805599454
contrib:1.0
directory:1.0
export:1.0
send:1.0
events:1.0
properly:1.6931471805599454
except:1.0
following:1.6931471805599454
end:1.6931471805599454
pageup:1.6931471805599454
pagedown:1.6931471805599454
6-key:1.0
cluster:1.0
arent:1.6931471805599454
recognized:1.0
even:1.0
compose:1.0
key:3.8903717578961645
works:1.0
cant:1.0
seem:1.0
get:1.6931471805599454
composed:1.0
passed:1.0
anyone:1.0
fix:1.0
last:1.0
two:1.0
dont:1.0
know:1.0
anything:1.0
use:1.0
xmodmap:1.6931471805599454
file:1.0
run:1.0
xinitrc:1.0
via:1.0
home/.xmodmap:1.0
course:1.0
type-5:1.6931471805599454
unix:1.6931471805599454
bit:1.0
brute:1.0
force:1.0
however:1.0
remappings:1.0
remaps:1.0
arrow:2.09861228866811
default:1.6931471805599454
keypad:1.0
shift-8:1.0
shift-4:1.0
left:1.6931471805599454
shift-6:1.0
right:1.6931471805599454
shift-2:1.0
work:1.0
assigned:1.0
keysym:2.09861228866811
keycode:4.044522437723423
27:1.0
31:1.0
34:1.0
35:1.0
want:1.0
back:1.0
space:1.0
emit:1.0
delete:1.6931471805599454
50:1.0
random:1.0
mappings:1.0
sysrq/print:1.0
screen:1.0
29:1.0
sunsys_req:1.0
print:1.0
break/pause:1.0
28:1.0
break:1.0
pause:1.0
alt:1.0
graph:1.0
20:1.0
mode_switch:1.0
103:1.0
prior:1.0
130:1.0
next:1.0
insert:1.6931471805599454
51:1.0
home:1.0
look:1.0
functions:1.0
stop:1.0
sunstop:1.6931471805599454
cancel:1.0
8:1.0
sunagain:1.6931471805599454
redo:1.0
props:1.0
32:1.0
sunprops:1.0
undo:1.6931471805599454
sunundo:1.6931471805599454
33:1.0
front:1.0
56:1.0
sunfront:1.0
copy:1.0
58:1.0
suncopy:1.0
79:1.0
sunopen:1.0
paste:1.0
80:1.0
sunpaste:1.0
find:1.6931471805599454
sunfind:1.6931471805599454
102:1.0
cut:1.0
104:1.0
suncut:1.0
phone:1.0
818:1.6931471805599454
353-8695fax:1.0
353-1877:1.0
internet:1.0
uucp:1.0
isolar:1.6931471805599454
elroy.jpl.nasa.gov:1.0
a.k.a:1.0
elroy:1.0
