dcr:2.791759469228055
mail.ast.cam.ac.uk:2.791759469228055
derek:2.791759469228055
c:2.386294361119891
richardson:2.386294361119891
subject:2.09861228866811
animation:2.386294361119891
think:1.0
tried:1.0
send:1.0
message:2.09861228866811
query:1.0
posted:1.0
comp.windows.x:1.0
ive:2.09861228866811
appended:1.0
received:3.1972245773362196
remember:1.0
typed:1.0
id:2.791759469228055
appreciate:1.0
another:1.0
attempt:1.0
tel:1.6931471805599454
0223:2.386294361119891
337548:1.6931471805599454
x:2.09861228866811
37501:1.6931471805599454
institute:2.09861228866811
astronomy:2.09861228866811
fax:1.6931471805599454
337523:1.6931471805599454
cambridge:2.09861228866811
u.k:1.6931471805599454
cb3:1.6931471805599454
0ha:1.6931471805599454
e-mail:1.6931471805599454
begin:1.0
included:1.6931471805599454
aol.com:2.09861228866811
postmaster:1.6931471805599454
thu:1.6931471805599454
apr:3.3978952727983707
22:1.6931471805599454
04:47:31:1.0
1993:2.09861228866811
cast0.ast.cam.ac.uk:1.6931471805599454
uk-smail:1.0
3.1.25.1/2:1.0
m0nlsg0-0001mpc:1.0
93:3.0794415416798357
04:47:1.0
bst:1.0
sco1.prod.aol.net:1.0
hp81.prod.aol.net:1.0
smtp:1.6931471805599454
1.37.109.4/16.2:1.0
aa19251:1.0
wed:3.1972245773362196
21:3.1972245773362196
23:49:16:1.0
0400:2.6094379124341005
x-mailer:1.0
america:1.0
online:1.0
mailer:1.0
returned:1.0
mail:1.6931471805599454
unknown:1.6931471805599454
member:1.0
date:1.6931471805599454
23:46:36:1.0
edt:1.6931471805599454
message-id:1.6931471805599454
9304212346.tn60988:1.0
status:1.0
r:1.0
sent:1.6931471805599454
could:1.0
delivered:1.0
addressed:1.0
user.the:1.0
text:1.0
follows:1.0
hi:1.0
im:1.0
new:1.0
group:1.0
please:1.0
bear:1.0
two:1.0
years:1.0
ago:1.0
wrote:1.0
sunview:2.09861228866811
application:1.0
fast:1.0
raster:1.0
files:1.0
becoming:1.0
rapidly:1.0
obselete:1.0
finally:1.0
decided:1.0
rewrite:1.0
everything:1.0
scratch:1.0
xview:1.0
put:1.0
together:1.0
quick:1.0
test:1.0
found:1.0
xputimage:2.386294361119891
considerably:1.0
slower:1.0
factor:1.0
2:1.6931471805599454
average:1.0
command:1.0
pw_rop:1.0
moves:1.0
image:1.6931471805599454
data:1.6931471805599454
memory:1.0
pixrects:1.0
canvas:1.0
sparc:1.0
ipx:1.0
seems:1.0
1:1.0
protocol:1.0
communication:1.0
slowing:1.0
things:1.0
inefficient:1.0
question:1.0
fastest:1.0
way:1.0
x11r5:1.0
dump:1.0
8:1.0
plane:1.0
window:1.0
take:1.0
advantage:1.0
fact:1.0
client:1.0
running:1.0
machine:1.0
server:1.0
stuck:1.0
case:1.0
might:1.0
well:1.0
give:1.0
help:1.0
appreciated:1.0
thanks:1.0
headers:1.0
uupsi7:1.6931471805599454
expo.lcs.mit.edu:2.9459101490553135
xpert-mailer:1.0
23:46:29:1.0
remote:1.0
aolsys:1.0
aolsys.aol.com:1.0
aa23625:1.0
23:39:41:1.0
uu7.psi.com:1.0
5.65b/4.0.071791-psi/psinet:1.0
via:1.0
aa16562:1.0
19:44:00:1.0
13:58:06:1.0
enterpoop.mit.edu:1.6931471805599454
13:58:05:1.0
5.57/4.7:1.0
aa15705:1.0
13:57:34:1.0
usenet:1.6931471805599454
enterpoop:1.6931471805599454
netnewsfor:1.0
xpert:2.09861228866811
contact:1.0
questions:1.0
15:46:20:1.0
gmt:1.0
1993apr21.154620.16330:1.0
infodev.cam.ac.uk:1.0
organization:1.0
reply-to:1.0
end:1.0
