sp1henhj:1.0
edit:1.0
henrik:2.09861228866811
balthazar:1.0
hjort:2.09861228866811
subject:1.0
postscript:2.6094379124341005
x-terminal:2.09861228866811
problem:1.0
im:1.0
using:1.0
working:1.0
local:1.0
sun:1.6931471805599454
sparcstaton:1.0
ipc:1.0
works:1.0
good:1.0
connect:1.6931471805599454
get:1.0
error:1.0
messages:1.0
news-display:1.0
doesnt:1.0
work:1.6931471805599454
way:1.0
make:1.0
