eks:1.0
daimi.aau.dk:1.0
eigil:1.6931471805599454
krogh:1.6931471805599454
s|rensen:1.0
subject:1.0
x-window:1.6931471805599454
pc:1.6931471805599454
package:1.0
exists:1.0
runs:1.0
om:1.0
dos:1.0
maybe:1.0
ms-windows:1.0
would:1.0
happy:1.0
hear:1.0
thanx:1.0
advance:1.0
sorensen:1.0
