egreshko:1.0
twntpe.cdc.com:1.0
ed:1.0
greshko:1.0
subject:1.0
cxterm:1.6931471805599454
mips:1.6931471805599454
hello:1.0
anyone:1.0
built:1.0
x11r5:1.0
platform:1.0
please:1.0
send:1.0
email:1.0
dont:1.0
read:1.0
group:1.0
ive:1.0
bunch:1.0
questions:1.0
thanks:1.0
edward:1.0
greshkocontrol:1.0
data:1.0
taiwan:1.6931471805599454
voice:1.0
886-2-715-2222:1.0
x2876/f:1.0
131:1.0
nanking:1.0
east:1.0
road:1.0
section:1.0
3:1.0
fax:1.0
886-2-712-9197taipei:1.0
r.o.c:1.0
