egan:2.386294361119891
phony25.cc.utah.edu:1.6931471805599454
f:1.6931471805599454
ford:1.6931471805599454
subject:1.0
need:1.6931471805599454
help:2.09861228866811
key:2.386294361119891
bindings:1.0
binding:1.0
value:1.6931471805599454
home:2.09861228866811
end:2.09861228866811
keys:2.09861228866811
keyboard:1.0
rs/6000:1.0
w:1.0
aix3.2.3ext:1.0
running:1.6931471805599454
x11r5pl19:1.0
mit:1.0
dist:1.0
im:1.0
using:1.0
pc:1.0
exceed:1.0
windows:1.0
xterminal:1.0
send:1.0
application:1.0
needs:1.0
defined:1.6931471805599454
used:1.0
xdefaults:1.0
define:1.0
varnet*vt100.translations:1.0
override:1.0
string:1.6931471805599454
033:2.386294361119891
8:1.6931471805599454
7:2.09861228866811
xterm:1.0
name:1.0
varnet:1.0
works:1.0
perfect:1.0
however:1.0
1:1.0
keypad:1.0
also:1.0
ideas:1.0
please:1.0
thanks:1.0
hellgate.utah.edu:1.0
