bgendler:1.6931471805599454
opus.starlab.csc.com:1.0
bruce:1.6931471805599454
gendler:1.6931471805599454
subject:1.0
x/gl:1.0
widget:2.9459101490553135
translation:1.0
problem:1.0
writing:1.0
custom:1.0
support:1.0
display:1.0
graphics:1.0
imagery:1.0
user:1.0
able:1.0
specify:1.0
creating:1.0
whether:1.0
operate:1.0
x:1.6931471805599454
gl:2.09861228866811
mode:2.386294361119891
set:1.0
translations:1.6931471805599454
actions:1.0
handle:1.0
mouse:1.0
button:1.0
presses:1.0
work:2.09861228866811
fine:1.0
gl/x:1.0
child:1.6931471805599454
manager:1.0
put:1.0
another:1.0
way:1.0
configured:1.0
shell:1.0
anyone:1.0
know:1.0
happening:1.0
thanks:1.0
advance:1.0
csc.com:1.0
