wcl:2.09861228866811
risc.sps.mot.com:1.6931471805599454
wayne:1.6931471805599454
long:1.6931471805599454
subject:1.0
problem:1.6931471805599454
running:1.0
aix:2.09861228866811
info:1.6931471805599454
sun:2.09861228866811
rlogin:1.6931471805599454
shell:1.6931471805599454
run:1.0
rs6000s:1.0
utility:1.0
remote:1.6931471805599454
login:1.0
sparc:1.0
1:1.0
longer:1.0
type:1.6931471805599454
lower:1.6931471805599454
case:1.6931471805599454
infos:1.0
window:2.09861228866811
prompts:1.0
thought:1.0
prob:1.0
may:1.0
due:1.0
mgr:1.0
openlook:1.6931471805599454
incompatible:1.0
motif:1.6931471805599454
application:1.0
tried:1.0
tvtwm:1.0
also:1.0
result:1.0
presumably:1.0
x11:1.0
key:1.0
definition:1.0
workstations:1.0
system:1.0
admins:1.0
feign:1.0
ignorance:1.0
need:1.0
able:1.0
app:1.0
within:1.0
local:1.0
manager:1.0
oe215:1.0
internet:1.0
6501:1.0
william:1.0
cannon:1.0
drive:1.0
west:1.0
uucp:1.0
cs.texas.edu:1.0
oakhill:1.0
risc:1.0
austin:1.0
texas:1.0
78735-8598:1.0
phone:1.0
512:1.0
891-4649:1.0
fax:1.0
891-3818:1.0
