dyoung:1.0
media.mit.edu:1.0
david:1.6931471805599454
young:1.0
subject:1.0
q:1.0
colormaps:1.0
dialog:1.0
shells:1.0
applicationshell:1.6931471805599454
uses:1.6931471805599454
colormap:2.386294361119891
created:1.0
xcreatecolormap:1.0
colors:1.0
available:1.0
8-bit:1.0
display:1.0
move:1.0
cursor:2.386294361119891
window:2.09861228866811
get:2.386294361119891
technicolor:1.0
effect:1.0
fine:1.0
basically:1.0
program:1.0
works:1.0
problem/question:1.0
popup:1.0
dialogshell:2.09861228866811
prompt:1.0
user:1.0
input:1.0
want:1.0
xmndialogstyle:1.0
set:1.0
xmdialog_primary_application_modal:1.0
result:1.0
default:1.0
id:1.0
like:1.0
application:1.0
suggestions:1.0
thanks:1.0
