mikes:1.0
ase.co.uk:1.0
mike:1.0
schofield-00000315:1.0
subject:1.0
xterm:1.6931471805599454
status:1.6931471805599454
line:1.0
color:1.6931471805599454
im:1.0
looking:1.0
version:1.0
handles:1.0
vt220:1.0
style:1.0
lines:1.0
anyone:1.0
help:1.0
thanks:1.0
