banz:2.386294361119891
umbc.edu:1.6931471805599454
rob:1.6931471805599454
subject:1.6931471805599454
looking:1.0
r5:1.0
xserver:1.0
hp9000/385:1.0
says:1.0
anyone:1.0
know:1.0
find:1.0
one:1.0
binaries:1.0
nice:1.0
source:1.0
would:1.0
thanks:1.0
advance:1.0
give:1.0
people:1.0
alternative:1.0
microsoft:1.0
greater:1.0
good:1.0
steve:1.0
jobs:1.0
unixworld:1.0
april:1.0
1993:1.0
yes:1.0
bill:1.0
father:1.0
ibm:1.0
os/2:1.0
presentation:1.0
fose93:1.0
