hoang1:1.0
litwin.com:1.0
ted:1.0
hoang:1.0
subject:1.0
wcl:2.09861228866811
2.02:1.6931471805599454
hi:1.0
problem:1.6931471805599454
compiled:1.0
sco:2.386294361119891
odt:2.09861228866811
2.0:2.09861228866811
cc:1.0
c:1.0
ox:1.0
i/usr/include:1.0
xt4getresl.c:2.09861228866811
47:1.0
error:1.6931471805599454
c2065:1.0
xtconstraintbit:2.09861228866811
undefined:1.0
code:1.0
1:1.6931471805599454
although:1.0
follow:1.0
instructions:1.0
file:1.0
readme_build:1.0
build:1.0
platform:1.0
didnt:1.0
resolve:1.0
questions:1.0
related:1.0
matter:1.0
exist:1.0
use:1.6931471805599454
x11r3:1.6931471805599454
x11r4:1.6931471805599454
release:1.0
2:1.0
someone:1.0
know:1.0
work:1.0
around:1.0
