cjhs:1.6931471805599454
minster.york.ac.uk:1.6931471805599454
subject:1.0
xt:1.6931471805599454
intrinsics:1.0
slow:1.6931471805599454
popups:1.6931471805599454
wrote:1.0
help:1.0
running:1.6931471805599454
sample:1.6931471805599454
problems:1.0
oreilly:1.0
volume:1.0
4:1.0
intrisics:1.0
programming:1.0
manual:1.0
chapter:1.0
3:1.0
popup:2.09861228866811
dialog:2.386294361119891
boxes:1.0
example:1.0
3.5:1.0
page:1.0
76:1.0
creating:1.0
pop-up:1.0
box:2.09861228866811
application:1.0
creates:1.0
window:2.09861228866811
button:1.6931471805599454
quit:1.0
press:1.6931471805599454
pops:1.6931471805599454
strange:1.0
feature:1.0
program:1.6931471805599454
always:1.0
much:1.6931471805599454
faster:1.0
first:1.6931471805599454
time:3.1972245773362196
try:1.0
pop:1.0
2nd:1.6931471805599454
3rd:1.0
4th:1.0
slower:1.0
anyone:1.6931471805599454
experience:1.0
programs:1.0
get:1.0
behaviour:1.6931471805599454
fast:1.6931471805599454
response:2.09861228866811
onwards:1.0
give:1.0
ideas:1.0
reasonable:1.0
thankyou:1.0
shirley:1.6931471805599454
thanks:1.6931471805599454
responded:1.0
able:1.0
prevent:1.0
two:1.0
methods:1.0
1:1.0
twm:1.0
rather:1.0
olwm:1.6931471805599454
2:1.0
keeping:1.0
putting:1.0
wmtimeout:1.0
10:1.0
resources:1.0
suggested:1.0
difficuty:1.0
something:1.0
manager:1.0
positioning:1.0
guru:1.0
analyse:1.0
going:1.0
information:1.0
please:1.0
post:1.0
let:1.0
us:1.0
know:1.0
