reznik:1.6931471805599454
robios.me.wisc.edu:1.0
dan:1.6931471805599454
subject:1.0
correction:1.0
last:1.0
posting:1.0
glx:1.0
lack:1.0
cous:1.0
dialog:1.0
widget:1.0
code:1.0
sent:1.0
please:1.0
replace:1.0
line:1.0
xtaddcallback:1.6931471805599454
popupshell:2.09861228866811
xtncallback:1.6931471805599454
mypopup:1.6931471805599454
xtpointer:1.6931471805599454
button:1.0
rest:1.0
question:1.0
remains:1.0
