dwex:1.6931471805599454
cbnewsj.cb.att.com:1.0
david.e.wexelblat:1.0
subject:1.0
dell:1.6931471805599454
2.2:1.6931471805599454
eisa:2.6094379124341005
video:1.6931471805599454
cards:1.6931471805599454
belongs:1.0
comp.windows.x.i386unix:1.0
ive:1.0
redirected:1.0
followups:1.0
article:1.0
c5sshu.cbi:1.0
gator.rn.com:2.09861228866811
larry:2.386294361119891
snyder:1.6931471805599454
writes:1.0
xfree86:2.386294361119891
support:1.6931471805599454
know:1.0
fact:1.0
version:1.0
orchid:1.0
prodesigner:1.0
iis:1.0
works:1.0
however:1.0
svga:1.0
card:1.0
likely:1.0
waste:1.0
money:1.0
2.0:1.0
comes:1.0
accelerated:1.0
chipsets:1.6931471805599454
isa:1.0
vlb:1.0
supported:1.6931471805599454
important:1.0
question:1.0
bus:1.0
basically:1.0
irrelevent:1.0
compatibility:1.0
issue:1.0
david:1.0
wexelblat:1.0
mtgzfs3.att.com:1.0
908:1.6931471805599454
957-5871:1.0
fax:1.0
957-5627:1.0
bell:1.0
laboratories:1.0
200:1.0
laurel:1.0
ave:1.0
3f-428:1.0
middletown:1.0
nj:1.0
07748:1.0
requests:1.0
addressed:1.0
physics.su.oz.au:1.0
love:1.6931471805599454
like:1.6931471805599454
oxygen:1.6931471805599454
get:1.6931471805599454
much:1.0
high:1.0
enough:1.0
youre:1.0
gon:1.0
na:1.0
die:1.0
sweet:1.0
