davesimp:1.6931471805599454
soda.berkeley.edu:1.6931471805599454
david:2.09861228866811
simpson:1.6931471805599454
subject:1.0
trying:1.0
find:2.09861228866811
papers:1.0
rosenthal:2.09861228866811
march/april:1.0
version:1.0
x:2.6094379124341005
journal:1.0
open:1.0
front:1.0
ill:1.6931471805599454
working:1.0
programming:2.6094379124341005
x-clients:1.0
summer:1.0
since:1.0
dont:1.0
much:1.0
experience:1.0
thought:1.0
issue:1.0
might:1.0
helpful:1.0
section:2.09861228866811
debugging:1.0
40:1.0
common:1.0
errors:1.6931471805599454
end:1.0
following:1.0
references:1.0
tutorials:1.0
style:1.0
simple:1.0
x11:1.6931471805599454
client:1.0
program:1.0
proceedings:1.6931471805599454
winter:1.6931471805599454
1988:1.6931471805599454
usenix:1.6931471805599454
conference:1.6931471805599454
lemke:1.0
visualizing:1.0
clients:1.0
1989:1.6931471805599454
anyone:1.0
know:1.0
could:1.0
printed:1.0
preferably:1.0
electronic:1.0
form:1.0
suggest:1.0
net:1.6931471805599454
resources:1.0
devoted:1.0
introduction:1.0
looking:1.0
bookstore:1.0
books:1.0
really:1.0
asking:1.0
thanks:1.0
