tim:2.6094379124341005
kimba.catt.citri.edu.au:1.6931471805599454
liddelow:1.6931471805599454
subject:1.0
keysym:2.386294361119891
database:1.0
problems:1.6931471805599454
motif:1.0
application:2.09861228866811
run:1.0
another:1.0
machine:1.6931471805599454
different:1.6931471805599454
x:1.0
paths:1.0
etc:1.6931471805599454
cant:1.0
find:1.6931471805599454
xkeysymdb:2.09861228866811
file:1.6931471805599454
causes:1.0
large:1.0
warning:2.9459101490553135
output:1.0
translation:2.09861228866811
table:2.09861228866811
syntax:2.09861228866811
error:2.09861228866811
unknown:2.09861228866811
name:2.09861228866811
osfactivate:1.6931471805599454
found:2.09861228866811
parsing:2.09861228866811
key:2.09861228866811
managerparentactivate:1.0
osfcancel:1.6931471805599454
managerparentcancel:1.0
osfselect:1.6931471805599454
managergadgetselect:1.0
location:1.0
xt:1.0
seems:1.0
look:1.0
place:1.0
app:1.0
compiled:1.0
way:1.0
read:1.0
manually:1.0
x/xt:1.0
call:1.0
additions:1.0
distributed:1.0
used:1.0
trace:1.0
1:1.0
going:1.0
need:1.0
fix:1.0
translations:1.0
recognised:1.0
fork:1.0
systems:1.0
programmer:1.0
centre:1.0
advanced:1.0
technology:1.0
telecommunications:1.0
brain:1.0
bad:1.0
day:1.0
citri:1.0
melbourne:1.0
australia:1.0
internet:1.0
phone:1.0
61:1.6931471805599454
3:1.6931471805599454
282:1.6931471805599454
2455:1.0
fax:1.0
2444:1.0
