detroch:1.0
imec.be:1.0
stefan:1.6931471805599454
de:1.0
troch:1.0
subject:1.0
virtual:1.6931471805599454
mwm:1.6931471805599454
hi:1.0
netland:1.0
thought:1.0
read:1.0
existance:1.6931471805599454
like:1.0
vtwm:1.0
usual:1.0
ftp:1.0
sites:1.0
gatakeeper.dec.com:1.0
export.lcs.mit.edu:1.0
cant:1.0
find:1.6931471805599454
trace:1.0
program:2.09861228866811
could:1.0
anybody:1.0
give:1.0
hint:1.0
confirm/deny:1.0
regards:1.0
