davewood:1.6931471805599454
bruno.cs.colorado.edu:1.0
david:1.6931471805599454
rex:1.6931471805599454
wood:1.6931471805599454
subject:1.0
x:2.09861228866811
error:2.386294361119891
failed:2.6094379124341005
request:2.6094379124341005
badpixmap:2.09861228866811
invalid:1.6931471805599454
pixmap:1.6931471805599454
parameter:1.6931471805599454
could:1.0
someone:1.0
please:1.6931471805599454
give:1.0
guess:1.0
simple:1.0
little:1.0
program:1.6931471805599454
causes:1.0
fourth:1.0
bizarre:1.0
call:1.0
xtrelaizewidget:1.0
code:1.0
int:1.6931471805599454
stoploop:2.386294361119891
0:2.6094379124341005
static:1.6931471805599454
void:1.6931471805599454
callback:2.09861228866811
widget:2.386294361119891
xtpointer:2.386294361119891
main:1.0
xttoolkitinitialize:1.0
xtappcontext:1.0
app:2.09861228866811
xtcreateapplicationcontext:1.0
1:1.6931471805599454
junk:1.6931471805599454
display:1.0
dis:2.09861228866811
xtopendisplay:1.0
null:3.302585092994046
top:2.791759469228055
xtappcreateshell:1.0
applicationshellwidgetclass:1.0
box:2.09861228866811
xtvacreatemanagedwidget:1.0
xmpushbuttonwidgetclass:1.0
xmnheight:1.0
25:1.6931471805599454
xmnwidth:1.0
xtaddcallback:1.0
xmnactivatecallback:1.0
xtrealizewidget:1.0
xevent:1.0
event:2.09861228866811
xtappnextevent:1.0
xtdispatchevent:1.0
xtreleasegc:1.0
xdefaultgcofscreen:1.0
xtscreen:1.0
needed:1.0
xtdestroywidget:1.0
xtclosedisplay:1.0
get:1.0
yes:1.0
4th:1.0
time:1.0
try:1.0
show:1.0
major:1.0
opcode:1.0
55:1.0
x_creategc:1.0
resource:1.0
id:1.0
0xd0000d:1.0
serial:1.6931471805599454
number:1.6931471805599454
71:1.0
current:1.0
output:1.0
stream:1.0
85:1.0
respond:1.0
via:1.0
email:1.0
thanks:1.0
much:1.0
note:1.0
realize:1.0
nothing:1.0
useful:1.0
ultra-trivialized:1.0
version:1.0
fo:1.0
real:1.0
library:1.0
routine:1.0
cs.colorado.edu:1.0
university:1.0
colorado:1.0
boulder:1.0
