mlee:1.0
eng.sdsu.edu:1.0
mike:1.0
lee:1.0
subject:1.0
post:1.6931471805599454
script:1.6931471805599454
viewer:1.6931471805599454
hello:1.0
recently:1.0
printing:1.0
lot:1.0
files:1.0
schools:1.0
laser:1.0
printer:1.0
feeling:1.0
guilty:1.0
please:1.0
help:1.6931471805599454
showing:1.0
get:1.0
x-windows:1.0
thank:1.0
student:1.0
trying:1.0
enhence:1.0
cybernatic:1.0
ability:1.0
