kriss:1.0
frec.bull.fr:1.6931471805599454
christian:1.6931471805599454
mollard:1.6931471805599454
subject:1.0
looking:1.0
david:2.09861228866811
e:1.0
smyth:1.0
article:1.0
1993apr9.144859.10535:1.0
nynexst.com:1.6931471805599454
zvi:1.6931471805599454
guter:1.0
writes:1.0
author:1.0
wcl:1.0
current:1.0
care:1.0
taker:1.0
name:1.6931471805599454
found:1.0
dist:1.0
tree:1.0
tried:1.0
mail:1.6931471805599454
david.smyth:1.0
ap.mchp.sni.de:1.0
bounced:1.0
back:1.0
help:1.0
finding:1.0
greatly:1.0
appreciated:1.0
try:1.0
ap542.uucp:1.0
ap542:1.0
ztivax.siemens.com:1.0
xtian:1.0
email:1.0
c.mollard:1.0
phone:1.0
33:1.6931471805599454
76:2.09861228866811
39:1.6931471805599454
78:1.6931471805599454
92:1.6931471805599454
bull:1.6931471805599454
229:1.0
fax:1.0
00:1.0
address:1.0
s.a:1.0
b.p:1.0
208:1.0
38432:1.0
echirolles:1.0
cedex:1.0
france:1.0
