dscheck:1.0
nextsrv1.andi.org:1.0
david:1.0
scheck:1.0
subject:1.0
imake:1.6931471805599454
dos:2.09861228866811
windows:1.0
anyone:1.0
experience:1.0
porting:1.0
using:1.0
microsoft:1.0
watcom:1.0
compiler:1.0
since:1.0
easy:1.0
access:1.0
news:1.0
response:1.0
white_billy:1.0
po.gis.prc.com:1.0
would:1.0
appreciated:1.0
