tomk:1.0
skywalker.bocaraton.ibm.com:1.0
thomas:1.0
chun-hong:1.0
kok:1.0
subject:1.0
hypercard:1.6931471805599454
unix:1.6931471805599454
article:1.0
1993apr23.114028.17633:1.0
bernina.ethz.ch:1.6931471805599454
queloz:1.6931471805599454
ronald:1.0
writes:1.0
hi:1.0
netlanders:1.0
anybody:1.0
know:1.0
something:1.0
like:1.0
macintosh:1.0
platform:1.0
thanks:1.0
advance:1.0
ron:1.0
try:1.0
metacard:1.0
hypercard-like:1.0
programming:1.0
environment:1.0
x:1.0
chun:1.0
hong:1.0
