queloz:1.6931471805599454
bernina.ethz.ch:1.0
ronald:1.0
subject:1.0
hypercard:1.6931471805599454
unix:1.6931471805599454
hi:1.0
netlanders:1.0
anybody:1.0
know:1.0
something:1.0
like:1.0
macintosh:1.0
platform:1.0
thanks:1.0
advance:1.0
ron:1.0
