cverond:1.0
nyx.cs.du.edu:1.0
cristiano:1.0
verondini:1.0
subject:1.0
image:1.6931471805599454
plotting:1.0
source:1.6931471805599454
code:1.0
needed:1.0
hi:1.0
im:1.0
looking:1.0
sample:1.0
create:1.0
window:1.0
actually:1.0
2dim:1.0
matrix:1.0
unsigned:1.0
char:1.0
help:1.0
appreciated:1.0
