curtiss:1.6931471805599454
cs.und.nodak.edu:1.0
chuck:1.0
x3289:1.0
subject:1.0
athena:1.6931471805599454
widgets:1.6931471805599454
find:1.0
needed:1.0
xtdm-2.4.8:1.0
thanks:1.0
advance:1.0
