tracy:2.09861228866811
cs.ucf.edu:1.0
rene:1.0
tolley:1.6931471805599454
subject:1.0
help:1.0
xdm:1.6931471805599454
solaris2.1:1.6931471805599454
recently:1.0
read:1.0
sun:1.0
patch:1.6931471805599454
wondering:1.0
anyone:1.0
could:1.0
give:1.0
number:1.0
thanks:1.0
advance:1.0
university:1.0
central:1.0
florida:1.0
technical:1.0
support:1.0
