lanzo:2.386294361119891
tekelec.com:1.6931471805599454
mark:1.6931471805599454
subject:1.0
title:3.1972245773362196
xterm:2.6094379124341005
prior:1.0
article:1.0
naoumov:1.6931471805599454
physics.unc.edu:1.0
sergei:1.0
writes:1.0
hey:1.0
guys:1.0
work:1.0
many:1.0
stations:1.0
would:1.0
like:1.0
name:1.6931471805599454
current:1.6931471805599454
logname:1.6931471805599454
open:1.0
machine:1.0
closed:1.6931471805599454
words:1.0
want:1.6931471805599454
host:1.6931471805599454
appear:1.0
opened:1.0
apologies:1.0
im:1.0
answering:1.0
something:1.0
already:1.0
answered:1.0
faq:1.6931471805599454
news:1.0
feed:1.0
losing:1.0
lot:1.0
articles:1.0
lately:1.6931471805599454
havent:1.0
seen:1.0
check:1.0
two:1.0
ways:1.0
1:2.09861228866811
start:1.0
use:2.09861228866811
command:2.09861228866811
line:1.0
options:1.0
n:1.0
icon_name:1.0
set:2.791759469228055
icon:2.386294361119891
label:1.6931471805599454
window_title:2.09861228866811
window:2.386294361119891
equivalent:1.0
2:2.09861228866811
escape:2.6094379124341005
sequences:2.09861228866811
change:1.0
things:1.0
fly:1.0
basic:1.0
sequence:1.6931471805599454
esc:2.09861228866811
p:1.6931471805599454
some_arbitary_text:1.6931471805599454
bel:2.09861228866811
ascii:1.6931471805599454
bell:1.0
characters:1.6931471805599454
decimal:1.0
digit:1.0
0:1.6931471805599454
depending:1.6931471805599454
whether:1.0
trying:1.0
desired:1.0
string:2.09861228866811
hence:1.0
echo:2.6094379124341005
033:2.09861228866811
your_title_goes_here007c:2.09861228866811
course:1.0
may:1.0
fiddle:1.0
exact:1.0
syntax:1.0
works:1.0
system:1.0
shell:1.6931471805599454
using:1.6931471805599454
ive:1.0
shown:1.0
system-v:1.0
semantics:1.0
bourne:1.0
korn:1.0
shells:1.0
hint:1.0
sun:1.0
os:1.0
users:1.0
usr/5bin/echo:1.0
instead:1.6931471805599454
bin/echo:1.0
cshs:1.0
built-in:1.0
otherwise:1.0
youll:1.6931471805599454
embed:1.0
literal:1.0
convenient:1.0
octal:1.0
titlebar:1.0
updated:1.0
continously:1.0
say:1.0
show:1.0
directory:1.0
hostname:1.0
somesuch:1.0
see:1.0
coerce:1.0
spitting:1.0
appropriate:1.6931471805599454
prompts:1.0
commands:1.0
sometimes:1.6931471805599454
put:1.0
prompt:1.0
kd4qlz:1.0
919-460-5576:1.0
xx:1.0
