bshaw:1.0
spdc.ti.com:1.0
bob:1.6931471805599454
shaw:1.0
subject:1.0
summary:1.0
xon:1.0
x11r5:1.0
hi:1.0
folks:1.0
thanks:1.6931471805599454
ones:1.0
replied:1.0
however:1.0
problem:1.6931471805599454
turned:1.0
simple:1.0
xresources:1.0
space:1.0
xterm*font:1.6931471805599454
10x20:1.0
removing:1.0
xrdb:1.0
fixed:1.0
also:1.0
symptom:1.0
users:1.0
proper:1.0
capitals:1.0
