andre:2.6094379124341005
bae.bellcore.com:1.6931471805599454
cosma:1.6931471805599454
subject:1.0
authentication:2.09861228866811
planned:1.0
feature:1.6931471805599454
x11r6:1.6931471805599454
greetings:1.0
question:1.0
whether:1.0
upcoming:1.0
release:1.0
provide:1.0
strong:1.0
x:1.0
clients:1.0
server:1.0
based:1.0
kerberos:1.6931471805599454
mechanism:1.0
version:1.0
5:1.0
used:1.0
please:1.0
reply:1.0
via:1.0
email:1.0
thanks:1.0
rrc:1.0
1n-215:1.0
bellcore:1.0
security:1.0
444:1.0
hoes:1.0
lane:1.0
data:1.0
services:1.0
908:1.0
699-8441:1.0
piscataway:1.0
nj:1.0
08854:1.0
