stevedav:1.0
netcom.com:1.0
steve:1.0
davidson:1.0
subject:1.0
moolit:2.6094379124341005
olit:2.386294361119891
anyone:1.0
know:1.0
difference:1.0
sun:1.0
support:1.0
available:2.09861228866811
sparcstations:1.0
recntly:1.0
downloaded:1.0
copy:1.0
wkshtree:1.6931471805599454
written:1.0
eric:1.0
wallengren:1.0
univel:1.0
many:1.0
widgets:1.0
apparently:1.0
program:1.0
steved:1.0
cfcl.com:1.0
