min:2.09861228866811
stella.skku.ac.kr:1.6931471805599454
hyoung:1.0
bok:1.0
subject:1.0
subscribe:1.6931471805599454
