dbrooks:1.6931471805599454
osf.org:2.09861228866811
david:2.09861228866811
brooks:1.0
subject:1.0
q:1.0
colormaps:1.0
dialog:1.6931471805599454
shells:1.0
dyoung:1.0
media.mit.edu:1.0
young:1.0
writes:1.0
applicationshell:1.6931471805599454
uses:1.6931471805599454
colormap:2.386294361119891
created:1.0
xcreatecolormap:1.0
colors:1.0
available:1.0
8-bit:1.0
display:1.0
popup:1.0
dialogshell:2.09861228866811
prompt:1.0
user:1.0
input:1.0
want:1.0
xmndialogstyle:1.0
set:2.09861228866811
xmdialog_primary_application_modal:1.0
result:1.0
cursor:2.09861228866811
get:2.09861228866811
window:1.6931471805599454
default:1.6931471805599454
id:1.0
like:1.0
application:1.0
think:1.0
correct:1.0
behavior:1.0
remember:1.0
colormapfocuspolicy:1.6931471805599454
keyboard:2.386294361119891
meaning:1.0
cmap:2.386294361119891
focus:2.9459101490553135
follows:1.0
since:1.6931471805599454
modal:1.0
mwm:1.0
wont:2.09861228866811
allow:1.6931471805599454
onto:1.0
main:1.0
shell:1.0
either:1.0
sounds:1.0
though:1.0
keyboardfocuspolicy:1.6931471805599454
pointer:1.6931471805599454
suggest:1.0
also:1.6931471805599454
way:1.0
slavishly:1.0
follow:1.0
beat:1.0
path:1.0
explicit:1.6931471805599454
need:1.0
binding:1.0
f.focus_color:1.0
probably:1.0
mb1:1.0
brooksdbrooks:1.0
open:1.0
software:1.0
foundationuunet:1.0
showres:1.0
soote:1.0
foote:1.0
