barnett:2.6094379124341005
grymoire.crd.ge.com:1.0
bruce:1.6931471805599454
subject:1.0
title:1.0
xterm:2.09861228866811
article:1.0
1993apr22.173546.5198:1.0
gecko.uucp:1.0
lanzo:1.6931471805599454
tekelec.com:1.0
mark:1.0
writes:1.0
hint:1.0
sun:2.09861228866811
os:1.0
users:1.0
use:1.0
usr/5bin/echo:1.6931471805599454
instead:1.6931471805599454
bin/echo:1.0
cshs:1.0
built-in:1.6931471805599454
echo:4.555348061489413
otherwise:1.0
youll:1.0
embed:1.0
literal:1.0
esc:1.0
bel:1.0
characters:1.0
string:1.0
using:2.09861228866811
convenient:1.0
octal:1.0
sequences:1.0
bad:1.0
idea:1.0
slower:1.0
execute:1.6931471805599454
hostname:3.772588722239781
per:1.6931471805599454
shell:1.0
window:1.0
read:1.0
one:1.0
extra:1.6931471805599454
file:1.6931471805599454
manipluating:1.0
titles:1.0
require:1.0
executing:1.0
programs:1.6931471805599454
oh:1.0
yes:1.0
system:1.6931471805599454
stores:1.0
next:1.0
time:1.0
setenv:1.0
endif:2.09861228866811
figure:1.0
generate:1.0
escape:1.0
bell:1.0
commands:1.0
without:1.0
line:1.0
terminator:1.0
may:1.0
done:1.0
variable:1.0
e:3.302585092994046
set:3.302585092994046
executed:1.0
script:1.0
already:1.0
variables:1.0
dev/tty:2.09861228866811
else:2.386294361119891
f:1.0
source:2.09861228866811
n:3.0794415416798357
wc:1.0
l:2.09861228866811
0:1.0
built:1.6931471805599454
bsd:1.0
berkeley:1.0
style:1.0
ech:2.791759469228055
tr:1.6931471805599454
033:1.6931471805599454
b:2.386294361119891
007:1.6931471805599454
sysv:1.0
c:1.0
shelltool:1.0
cmdtool:1.0
duplicate:1.0
aliases:1.6931471805599454
avoid:1.0
problems:1.0
term:1.6931471805599454
alias:2.386294361119891
header:1.6931471805599454
1:2.6094379124341005
iheader:1.6931471805599454
2:1.0
crd.ge.com:1.0
uunet:1.0
crdgw1:1.0
