egan:2.386294361119891
phony25.cc.utah.edu:1.6931471805599454
f:1.6931471805599454
ford:1.6931471805599454
subject:1.0
color:1.6931471805599454
xterm:1.6931471805599454
im:1.0
look:1.0
current:1.0
patches:1.0
x11r5:1.0
pl19:1.0
ro:1.0
higher:1.0
could:1.0
someone:1.0
please:1.0
tell:1.0
get:1.0
e-mail:1.0
thanks:1.0
hellgate.utah.edu:1.0
