mcc:2.09861228866811
timessqr.gc.cuny.edu:2.09861228866811
george:1.6931471805599454
mcclintock:1.0
subject:1.0
xdm:1.6931471805599454
decnet:2.09861228866811
answer:1.0
questions:1.0
running:1.0
say:1.0
following:1.0
defines:1.0
must:1.0
added:1.0
site.def:1.6931471805599454
building:1.0
r5:1.0
x:1.0
clients:1.0
work:1.0
define:1.6931471805599454
connectionflags:1.0
dtcpconn:1.0
dunixconn:1.0
ddnetconn:1.0
extralibraries:1.0
ldnet:1.0
hoping:1.0
helps:1.0
opinions:2.386294361119891
expressed:1.6931471805599454
author:1.6931471805599454
way:1.6931471805599454
represent:1.6931471805599454
cuny:1.6931471805599454
graduate:1.6931471805599454
school:1.6931471805599454
agencies:1.6931471805599454
personnel:1.6931471805599454
cmcgc:1.6931471805599454
cunyvm.bitnet:1.6931471805599454
