rar:1.0
schooner.otra.com:1.0
rich:1.6931471805599454
rollman:1.6931471805599454
subject:1.0
file:1.6931471805599454
formats:1.6931471805599454
hi:1.0
folks:1.0
anyone:1.0
give:1.0
information:1.6931471805599454
location:1.0
reference:1.0
material:1.0
following:1.0
wiff:1.0
mo:1.0
dca/ioca:1.0
pcx:1.0
quite:1.0
appropriate:1.6931471805599454
place:1.0
ask:1.0
questions:1.0
please:1.0
let:1.0
know:1.0
one:1.0
accept:1.0
apologies:1.0
advance:1.0
thanks:1.0
help:1.0
dogleg:1.0
systems:1.0
inc:1.0
908:1.0
389-9597:1.0
