tim:2.6094379124341005
kimba.catt.citri.edu.au:1.6931471805599454
liddelow:1.6931471805599454
subject:1.0
installing:1.0
mit:1.6931471805599454
x11r5:1.6931471805599454
apollo:1.6931471805599454
gurus:1.0
let:1.0
know:1.0
experiences:1.0
building:1.0
without:1.0
gcc:1.0
2.3.3:1.0
particular:1.0
anything:1.0
watch:1.0
thanks:1.0
advance:1.0
fork:1.0
systems:1.0
programmer:1.0
centre:1.0
advanced:1.0
technology:1.0
telecommunications:1.0
brain:1.0
bad:1.0
day:1.0
citri:1.0
melbourne:1.0
australia:1.0
internet:1.0
phone:1.0
61:1.6931471805599454
3:1.6931471805599454
282:1.6931471805599454
2455:1.0
fax:1.0
2444:1.0
