chlbs079:1.0
twnmoe10.bitnet:1.0
subject:1.0
change:1.0
default:2.09861228866811
visual:2.09861228866811
hp720:1.0
workstation:1.0
uses:1.0
pseudocolor:1.0
id:1.0
0x21:1.0
255:1.0
colors:1.0
start:1.0
x:1.0
different:1.0
