mike:1.6931471805599454
hopper.virginia.edu:1.0
michael:1.0
chapman:1.0
subject:1.0
looking:1.6931471805599454
filemanager:1.0
x11r5:1.0
article:1.0
1993apr21.130259.3773:1.0
atlastele.com:1.6931471805599454
brians:1.0
brian:1.0
sheets:1.0
writes:1.0
anyone:1.0
file:1.0
manager:1.0
runs:1.0
unix/x11r5:1.0
xdtm:1.0
working:1.0
ftptool:1.0
really:1.0
isnt:1.0
anything:1.0
quality:1.0
ive:1.0
seen:1.0
though:1.0
im:1.0
seriously:1.0
considering:1.0
writing:1.0
one:1.0
hopper.acs.virginia.edu:1.0
raise:1.0
taxes:1.0
middle:1.0
class:1.0
unknown:1.0
