steerr:1.0
h01.uucp:1.0
r:1.0
william:1.0
steer:1.6931471805599454
subject:1.0
x-server:1.0
nt:1.6931471805599454
anybody:1.0
generated:1.0
x:1.0
server:1.0
windows:1.0
willing:1.0
share:1.0
config:1.0
file:1.0
tricks:1.0
necessary:1.0
make:1.0
work:1.0
thanks:1.0
information:1.0
bill:1.0
westinghouse:1.0
412:1.0
374-6367:1.0
