rao:2.386294361119891
cse.uta.edu:1.6931471805599454
venkatesh:1.0
simha:1.0
subject:1.0
xrn:1.6931471805599454
xarchie:1.6931471805599454
hp:1.0
9000/730:1.6931471805599454
asap:1.0
hi:1.0
need:1.0
hps:1.0
version:1.0
8:1.0
os:1.0
either:1.0
source:1.0
form:1.6931471805599454
preferably:1.0
executable:1.0
please:1.0
suggest:1.0
find:1.0
send:1.0
e-mail:1.0
thanks:1.0
advance:1.0
ssc:1.0
