mike:1.6931471805599454
hopper.virginia.edu:1.0
michael:1.0
chapman:1.0
subject:1.0
tektronix:1.6931471805599454
remember:1.0
seeing:1.0
something:1.0
x:1.6931471805599454
distribution:1.0
mentioning:1.0
support:1.0
terminal:1.0
server:1.0
accurate:1.0
hopper.acs.virginia.edu:1.0
raise:1.0
taxes:1.0
middle:1.0
class:1.0
unknown:1.0
