dick:1.6931471805599454
bart.starnet.com:1.0
montgomery:1.0
subject:1.0
x-window:1.0
pc:1.6931471805599454
briefly:1.0
starnet:1.6931471805599454
communications:1.0
four:1.0
x:1.0
server:1.0
packages:1.0
micro:2.386294361119891
x-lite:1.0
75.00:1.0
includes:2.386294361119891
integrated:2.09861228866811
tcp/ip:2.791759469228055
runs:2.09861228866811
640kb:1.0
arcs:1.0
x-enlite:1.0
150.00:1.0
dos:1.6931471805599454
shape:1.6931471805599454
extension:1.6931471805599454
interface:2.09861228866811
novell:1.6931471805599454
x-dos:1.0
345.00:1.0
225:1.0
ea:1.6931471805599454
5-pack:1.6931471805599454
ftps:1.6931471805599454
pc/tcp:1.6931471805599454
pc-nfs:1.6931471805599454
x-win:1.0
425.00:1.0
300:1.0
lanera:1.0
tcpopen:1.0
stack:1.0
utilities:1.0
suns:1.0
winsock:1.0
information:1.0
contact:1.0
communicationsfax:1.0
1-408-739-0936:1.0
3073:1.0
lawrence:1.0
expresswayvoice:1.0
1-408-739-0881:1.0
santa:1.0
clara:1.0
ca:1.0
95051e-mail:1.0
microx:1.0
starnet.com:1.0
