usun:1.0
mcl.ucsb.edu:1.0
sonnie:1.0
subject:1.0
x:2.09861228866811
bitmap:1.6931471805599454
postscript:1.6931471805599454
hey:1.0
folks:1.0
course:1.0
develope:1.0
window:1.6931471805599454
application:1.0
encountered:1.0
problem:1.0
could:1.0
transform:1.0
files:1.0
library:1.0
routines:1.0
source:1.0
code:1.0
call:1.0
job:1.0
thank:1.0
advance:1.0
p.s:1.0
email:1.0
reply:1.0
please:1.0
seldom:1.0
read:1.0
newsgroup:1.0
