theslim:1.6931471805599454
anathema.engin.umich.edu:1.0
eric:1.6931471805599454
michael:1.0
slimko:1.6931471805599454
subject:1.0
real-time:1.0
data:1.6931471805599454
display:1.6931471805599454
tool:1.6931471805599454
hi:1.0
im:1.0
looking:1.0
x-windows:1.0
2d:1.0
plot:1.0
real:1.0
time:1.0
couple:1.0
different:1.0
signals:1.0
anybody:1.0
know:1.0
gem:1.0
please:1.0
email:1.0
read:1.0
group:1.0
often:1.0
thanks:1.0
much:1.0
caen.engin.umich.edu:1.0
