amathur:1.6931471805599454
ces.cwru.edu:1.0
alok:2.09861228866811
mathur:1.6931471805599454
subject:1.0
get:1.6931471805599454
24bit:1.0
color:2.386294361119891
xview:2.386294361119891
frames:1.0
hi:1.0
using:2.09861228866811
3.0:1.0
sparc:1.0
ipx:1.0
openwindows:1.0
along:1.0
xvideo:1.0
board:1.0
parallax:1.0
enables:1.0
use:2.09861228866811
24:2.6094379124341005
bit:2.09861228866811
problems:1.0
utilizing:1.0
would:2.09861228866811
greatly:1.0
appreciate:1.0
help:1.6931471805599454
matter:1.0
create:1.6931471805599454
frame:3.0794415416798357
canvas:1.6931471805599454
pane:1.0
inside:1.0
display:2.6094379124341005
live:1.0
video:1.6931471805599454
input:1.0
problem:1.0
top:1.0
level:1.0
created:1.6931471805599454
xv_create:1.0
null:1.6931471805599454
seems:1.0
depth:2.6094379124341005
8:1.0
propagated:1.0
like:1.0
know:1.0
set:1.6931471805599454
bits:1.0
tried:1.0
following:1.0
xlib:1.0
code:1.0
xvisualinfo:1.0
visual_info:2.09861228866811
int:1.0
colormap:2.791759469228055
xsetwindowattributes:1.0
attribs:1.6931471805599454
unsigned:1.0
long:1.0
valuemask:2.09861228866811
0:1.0
window:1.6931471805599454
win:2.386294361119891
xv_opaque:1.0
xv_get:1.0
xv_xid:1.0
xmatchvisualinfo:1.0
screen:1.0
truecolor:1.0
far:1.0
good:1.0
xcreatecolormap:1.0
allocnone:1.0
dies:1.0
badmatch:1.0
error:1.0
attribs.colormap:1.0
cwcolormap:1.0
xchangewindowattributes:1.0
w:1.0
xsetwindowcolormap:1.0
completely:1.0
wrong:1.6931471805599454
approach:1.0
possible:1.0
thanks:1.6931471805599454
advance:1.0
prefer:1.0
response:1.0
via:1.0
email:1.6931471805599454
although:1.0
post:1.0
newsgroup:1.0
also:1.0
okay:1.0
computer:1.0
science:1.0
engg:1.0
case:1.0
western:1.0
reserve:1.0
univ:1.0
cleveland:1.6931471805599454
oh:1.6931471805599454
44106:1.6931471805599454
11414:1.0
fairchild:1.0
road:1.0
2:1.0
216:1.6931471805599454
368-8871:1.0
res:1.0
791-1261:1.0
alpha.ces.cwru.edu:1.0
