mknewman:1.6931471805599454
blkbox.com:1.6931471805599454
marc:1.6931471805599454
kraker:1.0
newman:1.6931471805599454
subject:1.0
unsubscribe:1.6931471805599454
pancamo:1.6931471805599454
blkbox.comm:1.0
please:1.0
user:1.0
become:1.0
inactive:1.0
wish:1.0
discontinue:1.0
participation:1.0
mailing:1.0
list:1.0
lkbox.com:1.0
