megan:2.386294361119891
cs.uq.oz.au:1.6931471805599454
grenenger:1.6931471805599454
subject:1.0
regression:1.6931471805599454
testing:1.6931471805599454
x:2.386294361119891
id:1.0
appreciate:1.0
feedback:1.0
capture/playback:1.0
tools:1.6931471805599454
use:1.0
clients:1.6931471805599454
pulled:1.0
xtm:1.6931471805599454
public:1.0
domain:1.0
appears:1.0
set:1.0
test:1.0
servers:1.0
comparisons/comments:1.0
would:1.0
great:1.0
particularly:1.0
xrunner:1.0
autotester:1.0
sris:1.0
capbak:1.0
smarts:1.0
exdiff:1.0
