mahan:2.386294361119891
tgv.com:1.6931471805599454
patrick:1.6931471805599454
l:1.6931471805599454
subject:1.0
tektronix:1.6931471805599454
remember:1.0
seeing:1.0
something:1.0
x:1.6931471805599454
distribution:1.0
mentioning:1.0
support:1.0
terminal:1.0
server:1.0
accurate:1.0
xterm:1.0
supports:1.0
401x:1.0
emulation:1.0
tgv:1.0
window:1.0
washer:1.0
waking:1.0
person:1.0
unnecessarily:1.0
considered:1.0
lazarus:1.6931471805599454
long:1.6931471805599454
capital:1.0
crime:1.0
first:1.0
offense:1.0
notebooks:1.0
