venky:2.09861228866811
engr.latech.edu:1.0
venkatachalam:1.0
subject:1.0
faq:1.6931471805599454
comp.windows.x:1.0
list:1.0
programming:1.0
x:1.0
windows:1.0
thankx:1.0
info:1.0
bye:1.0
