hdr:2.09861228866811
ross.com:1.6931471805599454
henry:1.6931471805599454
reynolds:1.6931471805599454
subject:1.0
x11r5:1.0
sun4/110:1.0
cg2:1.0
comes:1.0
mono:1.0
4/100:1.0
prints:1.0
following:1.0
message:1.0
framebuffer:1.0
cgtwo0:1.6931471805599454
vme24d16:1.0
0x400000:1.0
vec:1.0
0xa8:1.0
sun-3:1.0
color:1.0
board:1.0
fast:1.0
read:1.0
anybody:1.0
know:1.0
story:1.0
impulse:1.0
item:1.0
instead:1.0
nidhog.cactus.org:1.0
fone:1.0
512:1.6931471805599454
892-7802:1.0
x253:1.0
ross:1.0
technology:1.0
inc:1.0
fax:1.0
892-3036:1.0
5316:1.0
hwy:1.0
290:1.0
west:1.0
suite:1.0
500:1.0
austin:1.0
tx:1.0
78735:1.0
