mike:1.6931471805599454
hopper.virginia.edu:1.0
michael:1.0
chapman:1.0
subject:1.0
tektronix:1.6931471805599454
article:1.0
930424212154.1000227:1.0
tgv.com:1.6931471805599454
mahan:1.6931471805599454
patrick:1.0
l:1.0
writes:1.0
remember:1.0
seeing:1.0
something:1.0
x:2.386294361119891
distribution:1.0
mentioning:1.0
support:1.0
terminal:1.6931471805599454
server:1.6931471805599454
accurate:1.0
xterm:1.0
supports:1.0
401x:1.0
emulation:1.0
talking:1.0
using:1.0
tek:1.0
display:1.0
possible:1.0
write:1.0
far:1.0
tell:1.0
im:1.0
asking:1.0
already:1.0
one:1.0
hopper.acs.virginia.edu:1.0
raise:1.0
taxes:1.0
middle:1.0
class:1.0
unknown:1.0
