marc:2.6094379124341005
pinet.aip.org:1.0
wiener:1.6931471805599454
subject:1.0
core:2.09861228866811
dump:1.6931471805599454
getcons:1.6931471805599454
getting:1.0
memory:1.0
fault:1.0
whenever:1.0
end:1.0
motif:1.0
session:1.0
ultrix:1.0
4.3:1.0
running:1.0
dec:1.0
5000/240:1.0
examintion:1.0
file:1.0
leads:1.0
us:1.0
believe:1.0
anyone:1.0
know:1.0
aip.org:1.0
american:1.0
institute:1.0
physics:1.0
500:1.0
sunnyside:1.0
blvd:1.0
voice:1.0
516:1.6931471805599454
576-2329:1.0
woodbury:1.0
ny:1.0
11797:1.0
fax:1.0
349-7669:1.0
