pjaques:1.6931471805599454
camborne-school-of-mines.ac.uk:1.0
paul:2.09861228866811
jaques:1.6931471805599454
subject:1.0
polygon:1.6931471805599454
raster:1.0
converter:1.0
required:1.0
anybody:1.0
tell:1.0
know:1.0
obtain:1.0
source:1.0
code:1.0
filling:1.0
algorithm:1.0
graphics:1.0
orientated:1.0
mailing:1.0
lists:1.0
may:1.0
able:1.0
help:1.0
thanks:1.0
systems:1.0
engineer:1.0
camborne:1.0
school:1.0
mines:1.0
rosemanowes:1.0
herniss:1.0
penryn:1.0
cornwall:1.0
e-mail:1.0
csm.ac.uk:1.0
tel:1.0
stithians:1.0
0209:1.6931471805599454
860141:1.0
fax:1.0
861013:1.0
