eei.eeiihy:1.6931471805599454
memo.ericsson.se:1.0
353-1-2800455:1.6931471805599454
subject:1.0
help:1.6931471805599454
received:1.0
93-04-26:1.0
12.28:1.0
vax.xpert..expo.lcs.mit.edu..inet:1.0
mail:1.0
user:1.0
vax:1.0
internet:1.0
