rchui:2.386294361119891
nswc-wo.nswc.navy.mil:1.6931471805599454
raymond:2.386294361119891
chui:2.386294361119891
subject:1.0
question:1.6931471805599454
found:1.0
faq:1.0
comp.windows.x:1.0
article:1.0
1993apr26.122007.25760:1.0
relay.nswc.navy.mil:1.0
writes:1.0
please:2.09861228866811
igore:1.0
previouse:1.0
calculation:1.6931471805599454
mistaked:1.0
see:1.0
correct:1.6931471805599454
sorry:1.0
created:2.09861228866811
pixmap:2.09861228866811
drawable:1.6931471805599454
window:1.6931471805599454
used:1.0
xdrawline:2.09861228866811
function:1.6931471805599454
drawed:1.0
line:1.6931471805599454
fingure:1.0
width:1.0
300:2.386294361119891
p1:1.6931471805599454
height:1.0
p3:1.6931471805599454
p2:1.6931471805599454
size:1.0
300x300:1.0
draw:1.0
x1=270:1.0
y1=100:1.0
x2=500:1.0
y2=800:1.0
dose:1.0
finger:1.0
x3:2.386294361119891
y3:2.386294361119891
calculate:1.0
art:1.0
tan:1.6931471805599454
500:1.0
270:1.6931471805599454
800:1.0
100:1.6931471805599454
18.19:1.0
degrees:1.0
191.29:1.0
191:1.0
integer:1.0
prove:1.0
give:1.0
right:1.0
dont:2.09861228866811
ask:1.0
900x900:1.0
wan:1.0
thanks:1.0
advance:1.0
h:1.6931471805599454
nswc:1.6931471805599454
n62:1.6931471805599454
10901:1.6931471805599454
new:1.6931471805599454
hampshire:1.6931471805599454
ave:1.6931471805599454
silver:1.6931471805599454
spring:1.6931471805599454
md:1.6931471805599454
20903-5000:1.6931471805599454
u.s.a:1.6931471805599454
voice:1:1.6931471805599454
301:2.386294361119891
394-3807:1.6931471805599454
ext:1.6931471805599454
45:1.6931471805599454
fax:1:1.6931471805599454
394-4483:1.6931471805599454
email:1.6931471805599454
opal.nswc.navy.mil:1.6931471805599454
