rchui:1.6931471805599454
nswc-wo.nswc.navy.mil:1.0
raymond:1.6931471805599454
chui:1.6931471805599454
subject:1.0
question:1.6931471805599454
found:1.0
faq:1.0
created:2.09861228866811
pixmap:2.09861228866811
drawable:1.6931471805599454
window:1.6931471805599454
used:1.0
xdrawline:2.09861228866811
function:1.6931471805599454
drawed:1.0
line:1.6931471805599454
fingure:1.0
width:1.0
300:2.09861228866811
p1:1.6931471805599454
height:1.0
p3:1.6931471805599454
p2:1.6931471805599454
size:1.0
300x300:1.0
draw:1.0
x1=270:1.0
y1=100:1.0
x2=500:1.0
y2=800:1.0
dose:1.0
finger:1.0
correct:1.0
x3:2.386294361119891
y3:2.386294361119891
calculate:1.0
art:1.0
tan:1.0
800:1.0
100:2.09861228866811
500:1.0
270:1.0
71.81:1.6931471805599454
degrees:1.0
x3/tan:1.0
300/tan:1.0
198.58:1.0
integer:1.0
199:1.0
prove:1.0
give:1.0
right:1.0
please:1.0
dont:2.09861228866811
ask:1.0
900x900:1.0
wan:1.0
thanks:1.0
advance:1.0
h:1.0
nswc:1.0
n62:1.0
10901:1.0
new:1.0
hampshire:1.0
ave:1.0
silver:1.0
spring:1.0
md:1.0
20903-5000:1.0
u.s.a:1.0
voice:1:1.0
301:1.6931471805599454
394-3807:1.0
ext:1.0
45:1.0
fax:1:1.0
394-4483:1.0
email:1.0
opal.nswc.navy.mil:1.0
