michel:2.09861228866811
crnsu1.in2p3.fr:1.6931471805599454
6893:1.0
subject:1.0
creating:1.0
gif:1.6931471805599454
file:2.09861228866811
looking:1.0
x:1.0
client:1.0
convert:1.0
xwd:1.0
bitmap:1.0
use:1.0
macintosh:1.0
thanks:1.0
laurent:1.0
crn:1.0
gti:1.0
bp:1.0
20:1.0
67037:1.0
strasbourg:1.0
cedex:1.0
france:1.0
phone:1.0
33:1.0
88:1.0
28:1.0
62:1.0
76:1.0
