beck:2.09861228866811
irzr17.inf.tu-dresden.de:1.0
andre:1.6931471805599454
subject:1.0
title:1.0
xterm:1.0
yet:1.0
escape:1.0
sequences:1.6931471805599454
speaking:1.0
non:1.0
standard:1.0
dangerous:1.0
fact:1.0
ansi:1.0
compliant:1.0
sequence:1.0
parser:1.0
hangs:1.0
strange:1.0
esc:1.0
instead:1.0
compatible:1.0
dsc:1.0
brain:1.0
inside:1.0
abpsoft:1.0
mehl:1.0
andre_beck:1.0
irs.inf.tu-dresden.de:1.0
