andreas:2.791759469228055
appel012.hydromech.uni-hannover.de:1.6931471805599454
dunker:1.6931471805599454
subject:1.0
mail:1.0
hello:1.0
networld:1.0
im:1.0
looking:1.0
x:1.0
mailreader:1.0
xelm:1.0
live:1.0
yellow:1.0
subroutine:1.0
veeble.han.de:1.0
beatles:1.0
