oleg:2.386294361119891
sdd.comsat.com:1.6931471805599454
roytburd:1.6931471805599454
subject:1.0
hp:1.6931471805599454
2623a:1.6931471805599454
graphics:2.09861228866811
terminal:1.0
emulators:1.0
would:1.6931471805599454
grateful:1.0
anyone:1.0
knows:1.0
x-windows:1.0
application:1.0
emulate:1.0
manner:1.0
similar:1.0
way:1.0
tek:1.0
windows:1.0
implemented:1.0
xterm:1.0
thanks:1.0
help:1.0
