gmh:1.0
hpfcso.fc.hp.com:1.0
greg:1.6931471805599454
hughes:1.0
subject:1.0
looking:1.0
r5:1.6931471805599454
xserver:1.0
hp9000/385:1.0
update:1.0
385:1.0
hp-ux:1.0
9.0:1.0
get:1.0
server:1.0
libraries:1.0
hughesgmh:1.0
fc.hp.com:1.0
