epstein:2.386294361119891
trwacs.fp.trw.com:2.09861228866811
jeremy:2.386294361119891
subject:1.0
wanted:1.0
x:2.6094379124341005
security:1.6931471805599454
posting:2.09861228866811
days:1.0
ago:1.0
group:1.0
andrea:1.0
winkler:1.0
titled:1.0
technical:1.0
conference:1.0
one:1.0
instructors:1.0
tutorial:1.0
unfortunately:1.0
system:1.0
purged:1.0
message:1.0
chance:1.0
see:1.0
dont:1.0
andreas:1.6931471805599454
email:1.0
address:1.6931471805599454
someone:1.0
and/or:1.0
would:1.0
really:1.0
appreciate:1.0
youd:1.0
forward:1.0
thanks:1.0
epsteininternet:1.6931471805599454
trusted:1.6931471805599454
research:1.6931471805599454
groupvoice:1.6931471805599454
1:1.6931471805599454
703/803-4947:1.6931471805599454
trw:1.6931471805599454
systems:1.6931471805599454
division:1.6931471805599454
fairfax:1.6931471805599454
virginia:1.6931471805599454
