steerr:1.0
h01.uucp:1.0
r:1.0
william:1.0
steer:1.6931471805599454
subject:1.0
x:1.6931471805599454
server:1.6931471805599454
nt:1.6931471805599454
anybody:1.0
theyre:1.0
willing:1.0
share:1.0
files:1.0
experiences:1.0
bill:1.0
westinghouse:1.0
