tomk:1.0
skywalker.bocaraton.ibm.com:1.0
thomas:1.0
chun-hong:1.0
kok:1.0
subject:1.0
moolit:2.6094379124341005
olit:2.09861228866811
article:1.0
stevedavc5y2jz.3d7:1.0
netcom.com:1.6931471805599454
stevedav:1.0
steve:1.0
davidson:1.0
writes:1.0
anyone:1.0
know:1.0
difference:1.0
sun:1.0
support:1.0
available:1.0
sparcstations:1.0
motif/open:1.0
look:2.09861228866811
intrinsic:1.0
toolkit:1.0
allows:1.0
developers:1.0
build:1.0
applications:1.0
switch:1.0
motif:1.0
open:1.6931471805599454
run-time:1.0
gives:1.0
internet:1.0
chunhong:1.0
vnet.ibm.com:1.0
