chudel:1.0
watarts.uwaterloo.ca:1.0
chris:1.0
hudel:1.0
subject:1.0
4-plane:1.6931471805599454
xterminal:2.09861228866811
want:1.6931471805599454
one:1.0
ive:1.6931471805599454
offerred:1.0
old:1.0
4-bits/pixel:1.0
greyscale:1.0
aside:1.0
real:1.0
people:1.0
already:1.0
upgraded:1.0
risc:1.0
architecture:1.0
r5:1.6931471805599454
servers:1.6931471805599454
im:1.0
concerned:1.0
4-planes:1.6931471805599454
ever:1.0
heard:1.0
1:1.6931471805599454
mono:1.0
8:1.6931471805599454
colour:1.0
planes:1.0
concerns:1.0
unit:1.0
specifically:1.0
related:1.0
vs:1.0
thanks:1.0
c:1.0
ps:1.0
apps:1.0
run:1.0
r4/r3:1.0
right:1.0
