vidya-v:1.0
acsu.buffalo.edu:1.0
vidyaranya:1.6931471805599454
subject:1.0
red:1.6931471805599454
color:1.0
button:1.6931471805599454
enter:1.0
window:1.6931471805599454
may:1.0
faq:1.6931471805599454
dont:1.0
know:1.0
get:1.0
list:1.0
openlook:1.0
application:1.6931471805599454
buttons:1.0
first:1.0
turns:1.0
gets:1.0
highlighted:1.0
soon:1.0
sprite:1.0
mouse:1.0
moved:1.0
suppress:1.0
