moore:1.6931471805599454
halley.est.3m.com:1.0
richard:1.0
subject:1.0
using:1.6931471805599454
message:1.6931471805599454
passing:1.6931471805599454
xtaddinput:1.6931471805599454
past:1.0
used:1.0
named:1.0
pipes:1.0
communicate:1.0
processes:1.0
function:1.0
set:1.0
event:1.0
handling:1.0
motif:1.0
anybody:1.0
know:1.0
way:1.0
ipc:1.0
tried:1.0
luck:1.0
far:1.0
thanks:1.0
