mikell:2.386294361119891
cactus.org:2.09861228866811
vanderlaan:1.0
subject:1.0
unisys:1.6931471805599454
22403:1.6931471805599454
emulation:1.6931471805599454
anyone:1.0
seen:1.0
source:1.0
xterm:1.0
package:1.0
ready:1.0
perform:1.0
terminal:1.0
got:1.6931471805599454
clunker:1.0
connect:1.0
return:1.0
calame:1.0
linebarger:1.0
graham:1.0
pena:1.0
attys:1.0
law:1.0
