mwchiu:1.6931471805599454
tigr.org:1.6931471805599454
man-wai:1.0
chiu:1.6931471805599454
subject:1.0
xm1.2.1:1.0
ow:1.6931471805599454
server:2.9459101490553135
program:2.6094379124341005
written:1.0
x11r5:1.6931471805599454
motif:1.0
1.2.1:1.0
runs:1.0
fine:1.0
sun:1.0
macx:1.0
run:1.6931471805599454
sparc:1.0
2:1.0
crashed:2.09861228866811
along:1.0
first:1.0
window:2.09861228866811
showed:1.0
got:1.0
following:1.0
error:1.6931471805599454
x:1.6931471805599454
xio:1.0
fatal:1.0
io:1.0
32:1.0
broken:1.6931471805599454
pipe:1.0
perot:0.0:1.0
62:1.0
requests:1.0
59:1.0
known:1.0
processed:1.0
0:1.0
events:1.0
remaining:1.0
connection:1.0
probably:1.0
shutdown:1.0
killclient:1.0
xmon:1.6931471805599454
last:1.0
twenty:1.0
lines:1.0
request:2.386294361119891
getproperty:1.6931471805599454
delete:1.0
false:1.0
win:2.09861228866811
00900001:1.6931471805599454
property:1.6931471805599454
atm:2.386294361119891
00000074:2.386294361119891
type:2.09861228866811
long-offset:1.0
00000000:1.6931471805599454
reply:1.6931471805599454
format:1.6931471805599454
00:3.5649493574615367
none:1.0
bytes-after:1.0
getinputfocus:2.09861228866811
revert-to:1.0
parent:1.0
focus:1.0
0040000d:1.0
changeproperty:1.0
mode:1.0
replace:1.0
08:1.0
data:1.0
42:1.0
01:1.0
10:1.0
75:1.0
please:1.0
email:1.0
idea:1.0
problem:1.0
thanks:1.0
advance:1.0
mw:1.0
