folkert:2.09861228866811
capints.uucp:1.6931471805599454
boonstra:2.09861228866811
subject:1.0
comp.windows.x:1.6931471805599454
would:1.6931471805599454
like:1.6931471805599454
keep:1.0
track:1.0
x:1.0
development:1.0
a/ux:1.0
ultrix:1.0
openwindows:1.0
currently:1.0
use:1.6931471805599454
newsgroup:1.0
email:1.0
based:1.0
info:1.0
thanks:1.0
cap:1.0
gemini:1.0
innovationdutch:1.0
research:1.0
centre:1.0
burg.elsenlaan:1.0
170phone:1.0
31:1.6931471805599454
70:1.6931471805599454
3957:1.6931471805599454
239:1.0
p.o:1.0
box:1.0
3027fax:1.0
237:1.0
2280:1.0
ga:1.0
rijswijk:1.0
nl:1.0
e-mail:1.0
