tom:2.791759469228055
capmgtsci.com:2.09861228866811
thomas:1.0
tulinsky:1.0
subject:1.0
manual:1.0
unsubscribe:1.0
request:1.0
list:1.0
two:1.0
addresses:1.0
think:1.0
zuma:1.6931471805599454
netcomsv.netcom.com:1.6931471805599454
please:1.0
delete:1.0
second:1.0
one:1.0
thanks:1.0
sorry:1.0
screw:1.0
tulinskycapital:1.0
management:1.0
sciences:1.0
west:1.0
los:1.0
angeles:1.0
310:1.0
479:1.0
9715:1.0
