barmar:2.09861228866811
think.com:1.6931471805599454
barry:1.6931471805599454
margolin:1.6931471805599454
subject:1.0
pulldown:1.0
menu:1.0
periodically:2.09861228866811
hangs:1.0
application:1.6931471805599454
openwindows:1.6931471805599454
3.0:1.0
article:1.0
1rgt23innonv:1.0
ssdc.ssdc.sterling.com:1.6931471805599454
rlee:1.0
richard:1.0
lee:1.0
writes:1.0
motif:1.0
1.2.2:1.0
hang:1.6931471805599454
run:1.0
3:1.0
server:1.0
xnews:1.0
seen:1.0
problem:1.6931471805599454
using:1.0
sparcstation:1.0
10:1.0
solaris:2.09861228866811
2.1:1.6931471805599454
ow:2.09861228866811
3.1:2.09861228866811
case:1.0
happens:1.0
far:1.0
often:1.0
dont:1.0
know:1.0
theres:1.0
corresponding:1.0
patch:2.386294361119891
sounds:1.0
like:1.0
following:1.0
bug:1.0
supposedly:1.0
fixed:1.0
100492-06:1.0
1.x:1.0
olwm:1.6931471805599454
jumbo:1.0
1108642:1.0
window:1.0
system:1.6931471805599454
errant:1.0
pointer:1.0
grab:1.0
actually:1.0
suspect:1.0
may:1.0
different:1.0
since:1.0
readme:1.0
file:1.0
says:1.0
sunos:1.0
4.x:1.0
version:2.09861228866811
maybe:1.0
line:1.0
came:1.0
earlier:1.0
forgot:1.0
take:1.0
06:1.0
manager:1.0
thinking:1.0
machines:1.0
corp:1.0
uunet:1.0
harvard:1.0
think:1.0
