hedrick:1.6931471805599454
geneva.rutgers.edu:1.0
charles:1.0
subject:1.0
xsun:1.6931471805599454
running:1.0
sparcclassic:1.6931471805599454
herzog:1.6931471805599454
dogwalk.eng.sun.com:1.0
brian:1.0
sunsoft:1.0
product:1.0
engineering:1.0
writes:1.0
im:1.0
guessing:1.0
id:1.0
guess:1.0
x11r5:2.09861228866811
expects:1.0
cg3:1.6931471805599454
1152x900:1.6931471805599454
resolution:1.6931471805599454
version:2.386294361119891
1024x768:1.6931471805599454
ive:1.0
used:1.0
classics:1.0
set:1.0
choose:1.0
want:1.6931471805599454
prom:1.0
monitor:1.0
booting:1.0
one:1.0
person:1.0
trouble:1.0
fixed:1.0
using:1.0
multi-screen:1.6931471805599454
heres:1.0
built:1.0
copy:1.0
usr/local/x11r5/bin/xsun:1.0
farside.rutgers.edu:1.0
see:1.0
whether:1.0
work:1.0
r5:1.6931471805599454
distribution:1.0
installed:2.386294361119891
pub/r5/mit:1.0
1-4:1.0
contrib:1.0
1-3:1.0
export.lcs.mit.edu:1.0
patches:2.09861228866811
1:1.0
23:1.0
pub/r5/fixes:1.0
export:2.09861228866811
contrib/r5.xsun.multi-screen:1.0
22-mar-93:1.6931471805599454
solaris:1.0
2.1:1.0
release:1.0
1/update:1.0
2:1.0
contrib/r5.sunos5.patch:1.0
compilation:1.0
gcc:1.0
2.3.3:1.0
configuration:1.0
standard:1.0
except:1.0
root:1.0
usr/local/x11r5:1.0
per:1.0
rutgers:1.0
conventions:1.0
