matt:2.386294361119891
centerline.com:1.6931471805599454
landau:1.0
subject:1.0
looking:1.0
updated:1.0
xview:2.09861228866811
textedit:2.9459101490553135
source:2.6094379124341005
w/d-n-d:1.0
support:2.09861228866811
version:2.386294361119891
3:1.6931471805599454
distribution:1.0
included:2.09861228866811
contrib:1.6931471805599454
section:1.0
x11r5:1.0
program:1.0
id:1.6931471805599454
like:1.6931471805599454
take:1.0
sources:2.386294361119891
modify:1.0
add:1.0
tooltalk-like:1.0
message:1.0
server:1.0
maybe:1.0
tooltalk:1.6931471805599454
im:1.0
since:1.0
sun-supplied:1.0
binary:1.6931471805599454
doesnt:1.0
seem:1.6931471805599454
speak:1.0
however:1.0
r5:1.0
area:1.6931471805599454
older:1.0
shipped:1.0
openwindows:1.0
example:1.0
3.0:1.6931471805599454
includes:1.0
drag:1.6931471805599454
drop:1.6931471805599454
dropsite:1.0
main:1.0
control:1.0
contrib/xview:1.0
knows:1.0
nothing:1.0
textedit.c:1.6931471805599454
says:1.6931471805599454
15.50:1.0
dated:1.0
5/22/90:1.0
2.62:1.0
91/09/14:2.386294361119891
copyr:2.386294361119891
1990:2.386294361119891
sun:2.386294361119891
micro:2.386294361119891
dragdrop.c:1.0
1.26:1.0
tooltalk.c:1.0
2.16:1.0
ds_relname.c:1.0
1.7:1.0
anyone:1.0
know:1.0
9/14/91:1.0
available:1.0
really:1.0
work:1.0
latest:1.0
possible:1.0
please:1.0
reply:1.0
email:1.0
ill:1.0
post:1.0
summary:1.0
theres:1.0
enough:1.0
interest:1.0
landauwaiting:1.0
flash:1.0
enlightenment:1.0
blood:1.0
thunder:1.0
