julia:1.6931471805599454
netcom.com:1.0
miller:1.0
subject:1.0
posix:1.6931471805599454
message:1.6931471805599454
catalogs:2.09861228866811
someone:1.0
tell:1.0
25:1.0
words:1.0
less:1.0
compile:1.6931471805599454
use:1.0
catgets:1.0
catopen:1.0
etc:1.0
know:1.6931471805599454
format:1.0
dont:1.0
please:1.0
reply:1.0
chas:1.6931471805599454
blackwhite.com:1.6931471805599454
thanks:1.0
advance:1.0
black:1.6931471805599454
white:1.6931471805599454
software:2.09861228866811
inc:1.0
leaders:1.0
systems:1.6931471805599454
solutions:1.0
2155:1.0
bascom:1.0
ave:1.0
suite:1.0
210:1.0
contact:1.0
information:1.0
campbell:1.0
ca:1.0
95008:1.0
x:1.0
windows:1.0
osf/motif:1.6931471805599454
support:1.0
408:1.6931471805599454
369-7400:1.0
ms-windows:1.0
gui:1.0
builders:1.0
369-7406:1.0
add:1.0
widgets:1.0
editors:1.0
help:1.0
info:1.0
c:1.0
ada:1.0
motif:1.0
bindings:1.0
