ccdw:1.0
kudu.ru.ac.za:1.0
dave:1.6931471805599454
wilson:1.6931471805599454
subject:1.0
xlib:2.386294361119891
timeouts:1.0
process:1.0
modifying:1.0
x:1.0
application:1.0
uses:1.0
id:1.0
like:1.0
include:1.0
timer-driven:1.0
facility:1.0
network:1.0
polling:1.0
see:1.0
using:2.09861228866811
know:1.0
done:1.0
xaw:1.0
xtappaddtimeout:1.0
xttimercallbackproc:1.0
thanks:1.0
help:1.0
please:1.0
email:1.0
computing:1.0
centre:1.0
rhodes:1.0
university:1.0
grahamstown:1.0
south:1.0
africa:1.0
