jgealow:1.0
mtl.mit.edu:1.0
jeffrey:1.0
c:1.0
gealow:1.0
subject:1.0
standard:3.1972245773362196
colormaps:3.3978952727983707
im:1.0
working:1.0
x11r5:2.386294361119891
application:1.6931471805599454
concerns:1.0
regarding:1.0
documentation:2.09861228866811
says:1.0
usually:1.0
window:1.6931471805599454
manager:1.6931471805599454
creates:1.0
wonder:1.0
writer:1.0
mind:1.0
neither:1.0
twm:1.0
mwm:1.0
seem:2.386294361119891
create:1.6931471805599454
course:1.0
one:2.09861228866811
use:2.6094379124341005
xstdcmap:2.09861228866811
however:1.0
doesnt:1.0
try:1.0
hard:1.0
avoid:1.6931471805599454
conflicts:1.0
default:1.0
colormap:1.6931471805599454
created:1.0
rest:1.0
display:1.0
goes:1.0
black:1.0
seems:1.0
causes:1.0
problem:1.0
intended:1.0
perhaps:1.0
every:1.0
used:1.6931471805599454
things:1.0
would:2.386294361119891
wonderful:1.0
many:1.0
applications:1.0
finally:1.0
operation:1.0
functions:1.0
xmugetcolormapallocation:2.386294361119891
xmustandardcolormap:2.09861228866811
xmucreatecolormap:1.6931471805599454
inconsistent:1.0
section:2.6094379124341005
14.3:2.6094379124341005
xlib:1.6931471805599454
according:1.0
p:1.0
436:1.0
grayscale:1.6931471805599454
red_max:2.791759469228055
red_mult:2.386294361119891
base_pixel:1.6931471805599454
members:1.6931471805599454
defined:2.6094379124341005
ignored:1.6931471805599454
compute:1.0
pixel:1.0
value:2.09861228866811
following:1.0
expression:1.0
gray:2.791759469228055
0xffffffff:1.0
mit/lib/xmu/cmapalloc.c:1.0
xmulookupstandardcolormap:1.0
mit/lib/xmu/lookupcmap.c:1.0
select:1.0
green_max:2.09861228866811
blue_max:2.09861228866811
values:1.0
call:1.0
rgb_gray_map:1.6931471805599454
property:1.6931471805599454
specified:1.6931471805599454
sets:2.386294361119891
30:1.0
total:2.386294361119891
number:2.386294361119891
cells:1.6931471805599454
scale:1.6931471805599454
59:1.0
ot:1.0
11:1.0
referring:2.09861228866811
expect:2.09861228866811
set:1.0
mit/lib/xmu/stdcmap.c:1.0
green_mult:2.09861228866811
blue_mult:2.09861228866811
equal:1.6931471805599454
1:1.6931471805599454
mit/lib/xmu/crcmap.c:1.0
constructs:1.0
map:1.0
sum:1.0
gives:1.0
maximum:1.6931471805599454
give:1.0
