pjaques:1.6931471805599454
camborne-school-of-mines.ac.uk:1.0
paul:2.09861228866811
jaques:1.6931471805599454
subject:1.0
problem:1.6931471805599454
dni:1.6931471805599454
ow:1.0
3.0:1.6931471805599454
anybody:1.0
help:1.0
displaying:1.0
images:1.6931471805599454
greater:1.0
32768:1.0
bytes:1.0
sparc:1.0
ipc:1.6931471805599454
running:1.0
openwindows:1.6931471805599454
program:2.09861228866811
runs:1.0
vax:1.0
displays:1.0
problems:1.0
use:1.0
2.0:1.0
uses:1.0
following:1.0
lines:1.0
display:1.0
image:1.6931471805599454
xputimage:1.6931471805599454
routine:1.6931471805599454
crashes:1.0
ximage:2.386294361119891
xcreateimage:1.0
mydisplay:2.09861228866811
defaultvisual:1.0
myscreen:1.0
ddepth:1.0
zpixmap:1.0
0:2.6094379124341005
xwid:1.6931471805599454
ywid:1.6931471805599454
8:1.0
mywindow:1.0
mygc:1.0
xpos:1.0
ypos:1.0
error:2.09861228866811
get:1.0
xio:1.0
fatal:1.0
io:1.6931471805599454
65535:1.0
x:1.0
server:1.0
galaxy:1.0
0.0:1.0
30:1.0
requests:1.0
18:1.0
known:1.0
processed:1.0
events:1.0
remaining:1.0
xlib-f-ioerror:1.0
xlib:1.0
system-f-linkdiscon:1.0
network:1.0
partner:1.0
disconnected:1.0
logical:1.0
link:1.0
trace-f-traceback:1.0
symbolic:1.0
stack:1.0
dump:1.0
follows:1.0
module:1.0
name:1.6931471805599454
line:1.0
rel:1.0
pc:1.6931471805599454
abs:1.0
000773b9:1.6931471805599454
00077bbe:1.6931471805599454
0007259d:1.6931471805599454
00072741:1.6931471805599454
00072840:1.6931471805599454
00072a27:1.6931471805599454
myxsubs:1.0
my_imtoiks:1.0
3184:1.0
00000093:1.0
000010af:1.0
test:2.09861228866811
main:1.0
293:1.0
000000e5:1.0
00000ee5:1.0
simple:1.0
anyone:1.0
would:1.0
like:1.0
thanks:1.0
systems:1.0
engineer:1.0
camborne:1.0
school:1.0
mines:1.0
rosemanowes:1.0
herniss:1.0
penryn:1.0
cornwall:1.0
e-mail:1.0
csm.ac.uk:1.0
tel:1.0
stithians:1.0
0209:1.6931471805599454
860141:1.0
fax:1.0
861013:1.0
