gcw:1.6931471805599454
met.ed.ac.uk:1.6931471805599454
gordon:2.09861228866811
watson:1.6931471805599454
subject:1.0
get:1.6931471805599454
pixel:1.6931471805599454
value:1.6931471805599454
drawable:1.6931471805599454
without:1.6931471805599454
copy:1.6931471805599454
client:1.6931471805599454
ximage:1.0
use:1.0
xgetpixel:1.0
want:1.0
select:1.0
pixels:1.0
animating:1.0
window:1.0
server:1.0
whole:1.0
lot:1.0
back:1.0
x11r5:1.0
pointers:1.0
appreciated:1.0
c:1.0
meteorology:1.0
department:1.0
edinburgh:1.0
university:1.0
scotland:1.0
janet:1.0
g.c.watson:1.0
uk.ac.ed:1.0
internet:1.0
