moore:1.6931471805599454
halley.est.3m.com:1.0
richard:1.0
subject:1.0
x:1.0
interactive:1.6931471805599454
performance:1.0
image:1.6931471805599454
display:1.0
10:1.0
frames:1.0
per:1.0
second:1.6931471805599454
seems:1.6931471805599454
lower:1.0
limit:1.0
operations:1.0
bringing:1.0
viewing:1.0
less:1.0
1:1.0
good:1.0
number:1.0
course:1.0
measure:1.0
response:1.0
time:1.0
based:1.0
applications:1.0
planning:1.0
run:1.0
