hans:2.6094379124341005
xelion.nl:1.6931471805599454
bos:1.6931471805599454
subject:1.0
save:2.09861228866811
x11r5:2.09861228866811
following:1.0
problem:1.0
servers:1.0
window:3.0794415416798357
obscured:1.6931471805599454
pop:1.6931471805599454
attribute:1.6931471805599454
set:1.6931471805599454
subwindows:1.6931471805599454
restored:1.0
normally:1.0
redrawn:1.0
parent:1.0
gets:1.6931471805599454
expose:2.09861228866811
event:1.6931471805599454
used:1.0
sent:1.0
exposuremask:1.0
child:1.0
windows:1.6931471805599454
correctly:1.0
updated:1.0
popup:1.6931471805599454
disappears:1.0
however:1.0
application:1.0
many:1.0
events:1.0
see:1.0
extra:1.0
redraws:1.0
everything:1.0
works:1.0
fine:1.0
x11r4:1.6931471805599454
something:2.09861228866811
changed:1.0
obvious:1.0
wrong:1.0
also:1.0
mine:1.0
bug:1.0
x11:1.0
release:1.0
5:1.0
greetings:1.0
domain:1.0
xelion:1.6931471805599454
bv:1.0
uucp:1.0
sun4nl:1.0
postbus:1.0
88:1.0
phone:1.0
31:1.0
15:1.0
622121:1.0
