lakshman:2.386294361119891
ms.uky.edu:1.6931471805599454
k:1.0
subject:1.0
realtime:1.0
x-tensions:1.0
hi:1.0
iam:1.0
looking:1.0
information:1.6931471805599454
work:1.0
deals:1.0
real-time:1.0
support:1.0
x-windows:1.0
would:1.0
happy:1.0
could:1.0
provide:1.0
pointers:1.0
thanks:1.0
