susan:1.6931471805599454
andrew.cmu.edu:1.6931471805599454
straub:1.0
subject:1.0
registration:2.386294361119891
andrew:2.386294361119891
tutorial:2.9459101490553135
technical:2.386294361119891
conference:3.302585092994046
1993:2.09861228866811
thursday:2.09861228866811
friday:2.09861228866811
june:2.6094379124341005
24:1.6931471805599454
25:1.6931471805599454
deadline:1.0
4:1.0
carnegie:2.09861228866811
mellon:2.09861228866811
university:2.09861228866811
pittsburgh:1.6931471805599454
pennsylvania:1.0
sponsor:1.0
consortium:1.6931471805599454
cmus:1.0
school:1.0
computer:1.0
science:1.0
schedule:1.0
followed:1.0
dinner:2.09861228866811
annual:2.09861228866811
meeting:2.09861228866811
proper:1.0
attendees:1.0
welcome:1.0
wednesday:1.0
23:1.0
check:1.0
4:00:1.0
pm:2.791759469228055
informal:1.0
reception:1.0
7:30:1.0
9:00:1.6931471805599454
a.m:1.0
5:00:1.6931471805599454
6:30:1.0
8:00:1.0
cost:1.0
fee:1.6931471805599454
includes:1.6931471805599454
breaks:1.6931471805599454
lunch:1.0
materials:1.0
100:2.386294361119891
proceedings:1.0
rooms:1.0
student:1.0
housing:2.386294361119891
50:1.0
night:1.0
tight:1.0
around:1.0
campus:1.0
area:1.0
please:2.386294361119891
register:1.0
soon:1.0
prefer:1.0
stay:1.0
off-campus:1.0
contact:1.6931471805599454
us:1.0
suggestions:1.0
mary:1.6931471805599454
anne:1.6931471805599454
cowden:1.6931471805599454
handling:1.0
email:1.6931471805599454
mc8b:1.0
phone:1.6931471805599454
412:1.0
268-6710:1.0
x0c:1.0
form:1.6931471805599454
complete:1.0
attached:1.0
return:1.0
smith:1.0
hall:1.0
106:1.0
5000:1.0
forbes:1.0
avenue:1.0
pa:1.0
15213-3890:1.0
cut:1.0
along:1.0
name:1.0
address:1.0
organization:1.0
50/night:1.0
total:1.0
enclosed:1.0
make:1.0
checks:1.0
payable:1.0
