gary:1.0
keim:1.0
gk5g:1.0
andrew.cmu.edu:1.0
subject:1.0
x:1.6931471805599454
toolkits:1.6931471805599454
excerpts:1.0
misc:1.0
27-apr-93:1.0
sivesh:1.0
pradhaan:1.0
rebels.b:1.0
423:1.0
finger:1.0
way:1.0
accessing:1.0
service:1.0
like:1.0
mail:1.0
server:1.0
telnet:2.09861228866811
ftp:1.0
use:1.0
xhost:1.0
atk.itc.cmu.edu:1.6931471805599454
79:1.0
run-demo:1.0
