neal:2.09861228866811
grover.stat.washington.edu:1.0
phil:2.09861228866811
subject:1.0
wierd:1.0
xdm:2.386294361119891
behavior:1.0
dear:1.0
sun:1.6931471805599454
windows:1.0
people:1.0
running:1.0
workstations:1.0
sunos:1.0
4.1.1:1.0
vanilla:1.0
x11:1.0
r5:1.0
bunch:1.0
xterminals:1.0
well:1.0
today:1.0
fail:1.0
9:30:1.0
impossible:1.0
login:2.386294361119891
host:1.0
xterminal:1.0
message:1.0
many:1.0
retransmissions:1.0
xdm-errors:1.0
file:1.0
following:1.0
entries:1.0
error:2.9459101490553135
pid:2.9459101490553135
7423:2.386294361119891
server:2.386294361119891
display:2.9459101490553135
0:2.9459101490553135
terminated:2.386294361119891
unexpectedly:2.386294361119891
256:2.09861228866811
7927:1.0
warning:2.09861228866811
keyboard:2.09861228866811
could:2.6094379124341005
secured:2.09861228866811
also:1.6931471805599454
7457:1.0
7462:1.0
console:1.6931471805599454
box:1.0
would:2.386294361119891
come:1.0
2:1.0
seconds:1.0
go:1.0
away:1.0
continuously:1.0
another:1.6931471805599454
workstation:1.0
hosts:1.6931471805599454
question:1.0
however:1.0
tried:1.0
killing:1.0
restarting:1.0
didnt:1.0
help:1.6931471805599454
finally:1.0
rebooted:1.0
hurts:1.0
done:1.0
middle:1.0
day:1.0
appreciated:1.0
thanks:1.0
systems:1.0
programmer:1.0
statistics:1.0
department:1.0
gn-22:1.0
university:1.0
washington:1.0
seattle:1.0
wa:1.0
98195:1.0
usa:1.0
206-685-1627:1.0
look:1.0
bit:1.0
repo:1.0
man:1.0
movie:1.0
