jeffcop:2.09861228866811
i88.isc.com:2.09861228866811
jeff:2.09861228866811
copeland:2.09861228866811
subject:1.0
hp:1.6931471805599454
interface:1.6931471805599454
architect:1.6931471805599454
hey:1.0
gui:1.6931471805599454
folks:1.0
anyone:1.0
experience:1.0
dev:1.0
tool:1.0
call:1.6931471805599454
ask:1.0
couple:1.0
quick:1.0
questions:1.6931471805599454
promise:1.0
ill:1.6931471805599454
brief:1.0
simple:1.0
course:1.0
nickel:1.0
708-505-9100:1.6931471805599454
x330:1.6931471805599454
interactive:1.0
systems:1.0
corp:1.0
systemhouse:1.0
co:1.0
