gse9k:1.0
uvacs.cs.virginia.edu:1.0
scott:1.6931471805599454
evans:1.0
subject:1.0
menubutton:1.6931471805599454
widget:1.6931471805599454
question:1.0
im:1.0
trying:1.0
create:1.0
button:1.0
label:1.6931471805599454
bitmap:1.6931471805599454
using:1.0
possible:1.0
right:1.0
get:1.0
sign:1.0
help:1.0
would:1.0
appreciated:1.0
