ron:2.386294361119891
cr.cric.com:1.0
r:1.0
lundstrom:1.6931471805599454
subject:1.0
request:1.0
unsubscribe:1.0
please:1.0
remove:1.0
mailing:1.0
list:1.0
finally:1.0
got:1.0
news:1.0
feed:1.0
l:1.0
collaborative:1.0
research:1.0
inc:1.0
617-487-7979:1.0
x148:1.0
cric.com:1.0
1365:1.0
main:1.0
street:1.0
617-891-5062:1.0
fax:1.0
waltham:1.0
02154:1.0
