herlock:1.6931471805599454
lclark.edu:1.6931471805599454
jon:1.6931471805599454
herlocker:1.0
subject:1.0
access:1.6931471805599454
24-bit:2.6094379124341005
color:2.09861228866811
cg8:2.09861228866811
sun:1.0
3/80:1.0
acquired:1.0
frame:1.0
buffer:1.0
card:1.0
supposed:1.0
support:1.0
visual:2.791759469228055
monochrome:2.09861228866811
default:1.0
xnews:1.0
server:1.6931471805599454
unable:1.0
change:1.0
tried:1.0
using:1.0
xgetvisualinfo:1.0
get:1.0
depth:1.0
24:1.0
success:1.0
xdpyinfo:1.0
gives:1.0
information:1.0
deep:1.0
two:1.0
possible:1.0
solutions:1.0
someone:1.6931471805599454
patches:1.0
x11r5:1.0
xsun:1.0
could:1.6931471805599454
forward:1.0
us:1.6931471805599454
otherwise:1.0
instruct:1.0
openwindows:1.0
herlockeremail:1.0
lewis:1.0
clark:1.0
college:1.0
portland:1.0
97219:1.0
