fish:2.09861228866811
daacdev1.stx.com:1.0
john:1.6931471805599454
vanderpool:1.6931471805599454
subject:1.0
simple:1.0
way:1.0
check:1.0
action:1.0
mouse:1.0
button:1.0
take:1.0
w/o:1.0
actually:1.0
executing:1.0
somehow:1.0
one:1.0
xterminal:1.0
users:1.0
made:1.0
click:1.0
mb3:1.0
right:1.0
automatically:1.0
kills:1.0
clients:1.0
oh:1.0
thanx:1.0
r:1.0
internet:1.0
eosdata.gsfc.nasa.gov:1.0
nasa/gsfc/hstx:1.0
vox:1.0
301-513-1683:1.0
run:1.6931471805599454
catch:1.0
sun:1.0
sinking:1.0
racing:1.0
around:1.0
come:1.0
behind:1.0
rw/dg:1.0
