subject:1.0
xv:1.0
3.00:1.0
escaped:1.0
sands:2.09861228866811
ccu1.aukuni.ac.nz:1.0
greg:2.09861228866811
bradley:1.6931471805599454
grip.cis.upenn.edu:1.0
john:1.0
writes:1.0
found:1.0
answers:1.0
name:1.0
contrib/xv-3.00.tar.z:1.0
even:1.0
think:1.0
getting:1.0
going:1.0
posted:1.0
comp.sources.x:1.0
time:1.0
near:1.0
future:1.0
department:1.0
engineering:1.0
science:1.0
university:1.0
auckland:1.0
g.sands:1.0
auckland.ac.nz:1.0
new:1.0
zealand:1.0
