fabian:2.6094379124341005
vivian.w.open.de:1.6931471805599454
hoppe:1.0
subject:1.0
searching:1.0
cad-software:1.6931471805599454
hi:1.0
im:1.0
looking:1.0
mechanic-construction:1.0
either:1.0
pd-sources:1.0
sun:1.0
3-binaries:1.0
respective:1.0
licence:1.0
knows:1.0
package:1.0
source/site:1.0
get:1.0
thx:1.0
hoppephone:1.0
49:1.6931471805599454
2332:1.6931471805599454
12580:1.0
elsternstr:1.0
57fax:1.0
83741:1.0
w-5820:1.0
gevelsbergemail:1.0
germany:1.0
