restrugo:1.0
netcom.com:1.0
ramiro:1.0
estrugo:1.0
subject:1.0
sources:1.0
vuewm:1.6931471805599454
gadgets:1.6931471805599454
anyone:1.0
know:1.0
sites/resources:1.0
find:1.0
window:1.0
manager:2.09861228866811
types:1.0
actions:1.0
icons:1.0
file:1.0
event:1.0
etc:1.0
tanks:1.0
input:1.0
appreciated:1.0
