wilde:2.386294361119891
bernina.tik.ethz.ch:1.0
erik:1.6931471805599454
subject:1.0
x:2.09861228866811
audio:2.386294361119891
extension:2.09861228866811
official:1.0
allows:1.0
use:1.6931471805599454
programs:1.0
system-specific:1.0
ways:1.0
access:1.0
capabilities:1.0
computer:1.6931471805599454
run:1.0
hardware-independent:1.0
way:1.0
like:1.0
video:1.0
xv:1.0
thanks:1.0
help:1.0
tik.ethz.ch:1.0
swiss:1.0
federal:1.0
institute:1.0
technology:1.0
eth:1.0
zuerich:1.6931471805599454
laboratory:1.0
engineering:1.0
networks:1.0
tik:1.0
eth-zentrum:1.0
etz:1.0
g61.2:1.0
ch:1.0
8092:1.0
phone:1.0
41-1-254-7009:1.0
fax:1.0
41-1-251-2504:1.0
