9130037:2.09861228866811
golum.riv.csu.edu.au:1.6931471805599454
chan:1.0
yin:1.0
mei:1.0
subject:1.0
help:1.0
anything:1.0
x:1.6931471805599454
9150618:1.6931471805599454
thu:1.6931471805599454
apr:1.6931471805599454
29:1.6931471805599454
16:36:43:1.0
1993:1.6931471805599454
date:1.0
16:36:42:1.0
1000:1.0
gavin:1.0
fairlamb:1.0
status:1.0
r:1.0
hello:1.0
folks:1.0
uni:1.0
project:1.6931471805599454
wondering:1.0
could:1.0
supply:1.0
specific:1.0
info:2.09861228866811
references:1.0
regarding:1.0
1:1.0
considerations:1.0
installation:1.0
xwindows:1.0
hp:1.0
9000:1.0
unknown:1.0
model:1.0
2:1.0
motif:1.0
openlook:1.0
xtoolkit:1.0
3:1.0
x11:1.0
x11r:1.0
4:1.0
glossary:1.0
term:1.0
considering:1.0
software:1.0
deals:1.0
image:1.0
analysis:1.0
would:1.0
greatly:1.0
appreciated:1.0
please:1.0
email:1.0
