spang:2.09861228866811
nbivax.nbi.dk:1.0
karsten:2.09861228866811
subject:1.0
create:1.6931471805599454
24:2.6094379124341005
plane:2.09861228866811
window:2.09861228866811
hello:1.0
xers:1.0
problem:1.6931471805599454
able:1.0
bit:1.0
planes:1.0
following:1.0
code:1.0
illustrates:1.0
include:2.09861228866811
stdio.h:1.0
x11/xlib.h:1.0
x11/xutil.h:1.0
main:1.0
display:3.302585092994046
win:1.6931471805599454
xvisualinfo:1.0
vinfo:1.6931471805599454
colormap:2.09861228866811
xsetwindowattributes:1.0
attributes:1.6931471805599454
xevent:1.0
event:1.6931471805599454
status:2.09861228866811
display=xopendisplay:1.0
null:1.0
status=xmatchvisualinfo:1.0
defaultscreen:1.0
truecolor:1.6931471805599454
fprintf:1.0
stderr:1.0
visual:2.09861228866811
found:1.0
exit:1.0
1:1.0
colormap=xcreatecolormap:1.0
defaultrootwindow:1.6931471805599454
vinfo.visual:1.6931471805599454
allocnone:1.0
attributes.colormap=colormap:1.0
win=xcreatewindow:1.0
0,0,100,100:1.0
0,24:1.0
inputoutput:1.0
cwcolormap:1.0
xmapwindow:1.0
xnextevent:1.0
tried:1.6931471805599454
sgi:1.0
server:1.6931471805599454
hp:1.6931471805599454
9000-700:1.6931471805599454
directcolor:1.0
obviously:1.0
neccessary:1.0
change:1.0
running:1.0
x11r4:1.6931471805599454
client:1.0
side:1.0
xlib:1.6931471805599454
decstation:1.6931471805599454
x11r3:1.0
combinations:1.0
gave:1.0
badmatch:1.6931471805599454
error:2.09861228866811
createwindow:1.0
request:1.0
far:1.0
tell:1.6931471805599454
manual:1.0
attribute:1.0
may:1.0
give:1.0
belongs:1.0
wrong:1.6931471805599454
correctly:1.0
matched:1.0
get:1.0
message:1.0
information:1.0
xwud:1.0
aborts:1.0
internet:1.0
krs:1.0
kampsax.dk:1.0
phone:1.0
45:1.6931471805599454
36:1.6931471805599454
77:1.6931471805599454
22:1.0
23:1.0
kampsax:1.0
data:1.0
fax:1.0
03:1.0
01:1.0
p.o:1.0
box:1.0
1142:1.0
dk-2650:1.0
hvidovre:1.0
denmark:1.0
