rainer:2.6094379124341005
sun3.eeam.elin.co.at:1.0
hochreiter:1.6931471805599454
subject:1.0
x-server:1.0
documentaion:1.0
get:1.0
documentation:1.6931471805599454
x-server-internals:1.0
btw:1.0
im:1.0
also:1.0
interested:1.0
tiga:1.0
hints:1.0
welcome:1.0
thanks:1.0
telephone:1.0
43:1.6931471805599454
1:1.6931471805599454
89100:1.6931471805599454
3961:1.0
elin-energieanwendung:1.0
gesmbh:1.0
telefax:1.0
3387:1.0
penzingerstr:1.0
76:1.0
a-1141:1.0
wien:1.0
austria/europe:1.0
e-mail:1.0
elin.co.at:1.0
