spang:2.6094379124341005
nbivax.nbi.dk:2.09861228866811
karsten:2.386294361119891
subject:1.0
create:1.6931471805599454
24:1.6931471805599454
plane:1.0
window:2.09861228866811
summary:1.0
article:1.0
1993apr28.100545.1217:1.0
writes:1.0
problem:1.6931471805599454
able:1.0
bit:1.0
planes:1.0
gave:1.0
badmatch:2.09861228866811
error:1.6931471805599454
createwindow:1.0
request:1.0
far:1.0
tell:1.0
manual:1.0
attribute:1.6931471805599454
may:1.0
give:1.0
colormap:2.09861228866811
belongs:1.0
wrong:1.0
visual:2.9459101490553135
correctly:1.0
matched:1.0
got:1.6931471805599454
several:1.6931471805599454
answers:1.0
complete:1.0
errol:1.0
crary:1.0
errolc:1.0
tv.tv.tek.com:1.0
looked:1.0
r4:1.0
server:1.0
listings:1.0
mit/server/dix/window.c:1.0
ways:1.0
get:1.0
even:1.0
though:1.0
oreilly:1.6931471805599454
book:1.0
says:1.0
borderwidth:1.0
nonzero:1.0
inputonly:2.6094379124341005
1:1.6931471805599454
class:2.09861228866811
bw:1.0
0:2.386294361119891
depth:2.386294361119891
2:1.6931471805599454
find:1.0
acceptable:1.0
screen:1.6931471805599454
3:1.6931471805599454
vmask:1.6931471805599454
cwborderpixmap:1.0
cwborderpixel:1.0
pparent:1.0
drawable.depth:1.0
4:1.6931471805599454
cwcolormap:1.6931471805599454
ancwopt:1.6931471805599454
none:1.0
case:2.9459101490553135
seems:1.0
since:2.09861228866811
looks:1.0
suspicious:1.0
giving:1.0
cwborder:1.0
mask:1.0
parent:1.0
would:1.0
suspect:1.0
need:1.0
supply:1.6931471805599454
border:1.0
pixel:1.0
new:1.0
going:1.0
use:1.0
seem:1.0
attributes:1.0
thanks:1.0
help:1.0
internet:1.0
krs:1.0
kampsax.dk:1.0
phone:1.0
45:1.6931471805599454
36:1.6931471805599454
77:1.6931471805599454
22:1.0
23:1.0
kampsax:1.0
data:1.0
fax:1.0
03:1.0
01:1.0
p.o:1.0
box:1.0
1142:1.0
dk-2650:1.0
hvidovre:1.0
denmark:1.0
