steve:1.0
smartstar.com:1.0
subject:1.0
motif:1.0
server:1.6931471805599454
ascii:1.0
terminals:1.6931471805599454
anyone:1.0
know:1.0
x:1.0
character:1.0
cell:1.0
doesnt:1.0
anything:1.0
fancy:1.0
long:1.0
works:1.0
