lrn:1.0
howdy.wustl.edu:1.0
larry:1.6931471805599454
roger:1.0
nittler:1.6931471805599454
subject:1.6931471805599454
x:1.0
amiga:1.6931471805599454
4000:1.6931471805599454
hi:1.0
couple:1.0
articles:1.0
posted:1.0
group:1.0
day:1.0
heading:1.0
unfortunately:1.0
expired:1.0
could:2.09861228866811
read:1.0
really:1.0
use:1.0
xterm-like:1.0
thing:1.0
somwone:1.0
give:1.0
information:1.0
thanks:1.0
r:1.0
