dac:1.0
cbnewsf.cb.att.com:1.0
david.a.copperman:1.0
subject:1.0
click:1.0
focus:2.09861228866811
vs:1.0
point:1.0
problem:1.6931471805599454
ensuring:1.0
point-to-focus:1.6931471805599454
mouse:1.0
cursor:1.6931471805599454
enters:1.0
window:2.09861228866811
application:1.6931471805599454
im:1.0
using:1.0
interviews:1.0
may:1.0
matter:1.0
seems:1.6931471805599454
generic:1.0
x:1.6931471805599454
example:1.0
use:1.0
openwindows:1.0
sparc2:1.0
set:1.0
generally:1.0
works:1.0
always:1.0
depending:1.0
going:1.0
move:1.0
one:1.0
shell:1.0
tool:1.0
another:1.0
question:1.0
within:1.6931471805599454
guarantee:1.0
point-to:1.0
thanks:1.0
response:1.0
dave:1.0
