wilfred.hansen:1.0
cs.cmu.edu:1.0
subject:1.0
aix3.2:2.09861228866811
version:2.791759469228055
andrew:3.833213344056216
5.1:2.386294361119891
consortium:2.09861228866811
school:1.0
computer:1.0
science:1.0
carnegie:1.6931471805599454
mellon:1.6931471805599454
pleased:1.0
announce:1.0
auis:2.6094379124341005
5.1.1:1.0
4/26/93:1.0
user:2.386294361119891
interface:2.386294361119891
system:3.1972245773362196
cdrom:1.6931471805599454
developed:1.0
aix:1.6931471805599454
3.1:1.0
ibm:1.0
rs/6000:1.0
many:1.6931471805599454
platforms:1.0
accomodate:1.0
3.2:1.0
created:1.0
patch:2.09861228866811
sources:1.0
accompanying:1.0
instructions:1.6931471805599454
application:1.0
retrieved:1.0
charge:1.0
via:1.6931471805599454
anonymous-ftp:1.0
internet:2.6094379124341005
host:2.09861228866811
emsworth.andrew.cmu.edu:1.0
128.2.45.40:1.0
directory:1.0
aixpatch:1.0
without:1.0
access:1.0
3.5:1.0
diskette:1.0
ordered:1.6931471805599454
10:1.0
sending:1.0
faxing:1.0
purchase:1.0
order:1.0
address:1.0
base:1.0
us:1.0
ftped:1.0
note:1.0
adds:1.0
additional:2.09861228866811
functionality:1.0
simply:1.6931471805599454
allows:1.0
compile:1.0
comprehensive:1.0
environment:1.6931471805599454
top:1.0
x11:1.6931471805599454
windows:1.0
create:1.6931471805599454
use:1.6931471805599454
mail:2.791759469228055
multi-media:1.6931471805599454
applications:1.6931471805599454
documents:1.6931471805599454
major:1.0
advantage:1.0
capability:1.0
recursively:1.0
embed:1.0
objects:2.791759469228055
thus:1.0
one:1.0
edit:1.0
text:2.09861228866811
contains:1.6931471805599454
multiple:1.0
fonts:1.6931471805599454
indentation:1.0
typography:1.0
also:1.6931471805599454
embedded:2.386294361119891
raster:1.0
images:1.6931471805599454
spreadsheets:1.0
drawing:1.0
editors:2.09861228866811
equations:1.0
simple:1.0
animations:1.0
contain:1.0
including:2.09861228866811
three:1.0
components:1.0
integrated:1.0
extensible:1.0
set:1.0
beginning:1.0
ez:1.0
editor:1.0
help:1.6931471805599454
monitoring:1.0
tool:1.0
editor-based:1.0
shell:1.0
corresponding:1.0
various:1.0
available:1.6931471805599454
types:1.0
toolkit:2.09861228866811
atk:1.0
portable:1.0
object-oriented:1.0
user-interface:1.0
provides:2.09861228866811
architecture:1.0
wherein:1.0
one-another:1.0
programmers:1.0
new:2.09861228866811
easily:1.0
come:1.0
message:1.6931471805599454
ams:1.6931471805599454
bulletin-boards:1.0
supports:1.0
several:1.0
management:1.6931471805599454
strategies:1.0
implements:1.0
advanced:1.0
features:1.6931471805599454
authentication:1.0
return:1.0
receipts:1.0
automatic:1.0
sorting:1.0
vote:1.0
collection:1.0
tabulation:1.0
enclosures:1.0
audit:1.0
trails:1.0
related:1.0
messages:1.0
subscription:1.0
variety:1.0
interfaces:1.0
support:1.6931471805599454
ttys:1.0
low-function:1.0
personal:1.0
computers:1.0
addition:1.0
high-function:1.0
workstations:1.0
current:1.0
public:1.0
release:1.6931471805599454
includes:1.0
mime:1.0
multipurpose:1.0
extensions:1.0
standards:1.0
multipart:1.0
multimedia:1.6931471805599454
newer:1.0
5.2:1.0
members:1.0
numerous:1.0
drawings:1.0
preferences:1.0
remote:2.09861228866811
demo:2.09861228866811
service:2.386294361119891
try:1.0
work:1.0
station:1.0
need:1.0
machine:1.6931471805599454
running:1.0
window:1.0
youll:1.0
able:1.0
compose:1.0
navigate:1.0
interactive:1.0
tour:1.0
browse:1.0
cmus:1.0
four:1.0
thousand:1.0
bulletin:1.0
boards:1.0
newsgroups:1.0
get:1.0
started:1.0
run:1.0
following:1.0
command:1.0
finger:1.0
atk.itc.cmu.edu:1.0
give:1.0
information:2.09861228866811
requests:1.0
university:1.0
smith:1.0
hall:1.0
106:1.0
5000:1.0
forbes:1.0
avenue:1.0
pittsburgh:1.0
pa:1.0
15213-3890:1.0
usa:1.0
phone:1.0
1-412-268-6710:1.0
fax:1.0
1-412-682-6938:1.0
info-andrew-request:1.6931471805599454
andrew.cmu.edu:1.6931471805599454
contact:1.0
