bingle:2.6094379124341005
cs.purdue.edu:1.6931471805599454
richard:1.6931471805599454
subject:1.0
xv:3.6390573296152584
3.00:1.6931471805599454
escaped:1.0
article:1.0
1993apr29.102341.13820:1.0
comp.lancs.ac.uk:1.6931471805599454
julian:1.6931471805599454
g:1.0
self:1.0
writes:1.0
wasnt:1.0
shareware:1.6931471805599454
fee:1.6931471805599454
suggestion:1.6931471805599454
john:2.6094379124341005
individual:1.0
make:1.0
choice:1.0
whether:1.0
honour:1.0
part:2.6094379124341005
money:2.09861228866811
personally:1.0
position:1.0
would:2.6094379124341005
exactly:1.0
thing:1.0
obviously:1.0
put:1.0
lot:1.0
time:1.0
effort:1.0
shouldnt:1.0
receive:2.09861228866811
interesting:1.0
look:1.6931471805599454
change:1.0
mind:1.0
author:1.6931471805599454
file:2.09861228866811
xgif:1.0
early:1.0
incarnation:1.0
reads:2.386294361119891
follows:2.386294361119891
whatever:1.0
want:1.6931471805599454
program:1.6931471805599454
though:1.6931471805599454
nice:2.09861228866811
name:1.6931471805599454
remained:1.0
somewhere:1.0
may:2.386294361119891
freely:1.0
modified:2.09861228866811
distributed:1.6931471805599454
used:1.0
fill:1.0
disk:1.0
space:1.0
readme:2.09861228866811
1.00:1.0
note:1.0
like:1.0
decide:1.0
use:2.386294361119891
please:1.0
send:1.0
short:1.0
email:1.0
message:1.0
effect:1.0
sure:1.6931471805599454
mention:1.0
full:1.0
organization:1.0
sponsors:1.0
ask:1.6931471805599454
us:1.0
handy:1.0
able:1.0
come:1.0
long:1.0
list:1.0
organizations:1.0
using:1.6931471805599454
code:1.0
developed:1.6931471805599454
grasp:1.6931471805599454
lab:1.6931471805599454
brownie:1.0
points:1.0
copyright:3.0794415416798357
notices:2.09861228866811
appeared:1.6931471805599454
1989:2.09861228866811
1990:2.09861228866811
university:2.09861228866811
pennsylvania:1.6931471805599454
permission:1.6931471805599454
copy:2.09861228866811
distribute:1.0
non-commercial:1.0
purposes:1.6931471805599454
hereby:1.0
granted:1.0
without:1.6931471805599454
providing:1.0
notice:2.09861228866811
appear:1.6931471805599454
copies:1.6931471805599454
supporting:1.0
documentation:1.0
software:1.6931471805599454
versions:1.0
provided:1.0
express:1.0
implied:1.0
warranty:1.0
2.00:1.0
also:1.0
find:1.6931471805599454
nifty:1.6931471805599454
useful:1.6931471805599454
generally:1.6931471805599454
cool:1.6931471805599454
value:1.6931471805599454
donation:2.09861228866811
tax-deductable:1.0
greatly:1.6931471805599454
appreciated:1.6931471805599454
10:1.0
u.s:1.0
probably:1.0
fine:1.0
amount:1.0
donate:2.09861228866811
folks:1.6931471805599454
25:2.386294361119891
bound:1.6931471805599454
manual:1.6931471805599454
printed:1.6931471805599454
spiffo:1.0
600-dpi:1.0
laser:1.0
printer:1.0
itll:1.0
lovely:1.0
mounted:1.0
fireplace:1.0
looks:1.0
see:1.0
julians:1.0
comment:1.0
1991:1.6931471805599454
1992:1.6931471805599454
bradley:1.6931471805599454
personal:1.0
amusement:1.0
non-deductable:1.0
suggested:1.0
course:1.0
larger:1.0
donations:1.0
quite:1.0
welcome:1.0
extra:1.0
charge:1.0
one:1.0
specify:1.0
version:1.0
commercial:1.0
government:1.0
institutional:1.0
users:1.0
must:1.6931471805599454
register:1.6931471805599454
exceedingly:1.0
reasonable:1.0
price:1.0
per:1.0
workstation/x:1.0
terminal:1.0
site:1.0
licenses:1.0
available:1.0
wish:1.0
run:1.0
large:1.6931471805599454
number:1.0
machines:1.0
contact:1.0
details:1.0
second:1.0
paragraph:1.0
says:1.0
universities:1.0
pay:1.0
potentially:1.0
sum:1.0
read:1.0
1993:1.0
upenns:1.0
time/equipment:1.0
mentioned:1.0
say:1.0
dept:1.0
computer:1.0
sciences:1.0
backbone:1.0
purdue:1.6931471805599454
317:1.0
494-0893:1.0
west:1.0
lafayette:1.0
47907-1398:1.0
