kelsey:1.6931471805599454
mdd.comm.mot.com:1.0
joe:1.0
subject:1.0
xv:1.6931471805599454
3.00:1.0
escaped:1.0
1rmhiuinnh2a:1.0
skeena.ucs.ubc.ca:1.6931471805599454
lindholm:2.386294361119891
ucs.ubc.ca:1.6931471805599454
george:1.6931471805599454
writes:2.09861228866811
article:1.6931471805599454
1rlhhkinng62:1.0
123645:1.0
netnews.upenn.edu:1.0
bradley:1.6931471805599454
grip.cis.upenn.edu:1.0
john:1.6931471805599454
first:1.0
patch:1.6931471805599454
following:1.0
fixes:1.0
problems:1.0
imakefile:1.6931471805599454
files:1.0
makes:1.0
possible:1.0
compile:1.6931471805599454
xv-3.00:1.6931471805599454
solaris:1.0
without:1.0
use:2.386294361119891
ucb:1.0
stuff:1.0
oops:1.0
didnt:1.0
get:2.386294361119891
signal:1.6931471805599454
processing:1.0
right:1.0
thats:1.0
work:1.6931471805599454
ascii:1.0
terminal:1.0
fixed:1.0
patches:1.0
xv.h:1.0
need:1.0
ifdef:2.09861228866811
svr4:2.09861228866811
rather:1.0
overly:1.0
complex:1.0
defined:1.6931471805599454
sun:1.0
sysv:1.0
order:1.0
generically:1.0
i386svr4architecture:1.0
also:1.0
rand:1.6931471805599454
srand:1.6931471805599454
dont:1.6931471805599454
well:1.0
lrand48:1.6931471805599454
seed48:1.6931471805599454
better:1.0
results:1.0
otherwise:1.0
compiles:1.0
fine:1.0
esix:1.0
system:1.0
v:1.0
4.0.4:1.0
box:1.0
xfree86:1.0
gcc-2.3.3:1.0
uncommented:1.0
gcc:1.0
definition:1.0
makefile:1.0
added:1.0
l/usr/x386/lib:1.0
i/usr/x386/include:1.0
copts:1.0
line:1.0
modified:1.0
libs:1.0
include:1.0
lsocket:1.0
lnsl:1.0
really:1.0
things:1.0
like:1.0
even:1.0
mentioned:1.0
1.11993/04/28:1.0
08:33:13:1.0
xv.h1993/04/28:1.0
17:47:38:1.0
284,292:1.0
284,298:1.0
macros:1.0
define:3.302585092994046
hold_sig:1.6931471805599454
sighold:1.0
sigalrm:2.386294361119891
release_sig:1.6931471805599454
sigrelse:1.0
pause_sig:1.6931471805599454
sigpause:1.6931471805599454
else:1.0
sigblock:1.6931471805599454
sigmask:1.0
0:1.6931471805599454
endif:2.09861228866811
default:1.0
folks:1.0
318,323:1.0
324,333:1.0
random:1.6931471805599454
srandom:1.6931471805599454
