neal:2.09861228866811
fuentez.com:1.0
norwitz:1.0
subject:1.0
getting:1.0
openbugs:1.0
motif:1.6931471805599454
1.2:1.6931471805599454
hello:1.0
title:1.0
says:1.0
need:1.0
list:1.0
bugs:1.0
thanks:1.0
