lindholm:2.386294361119891
ucs.ubc.ca:1.6931471805599454
george:1.6931471805599454
subject:1.0
xv:3.0794415416798357
3.00:1.6931471805599454
escaped:1.6931471805599454
article:1.6931471805599454
1rlhhkinng62:1.0
skeena.ucs.ubc.ca:1.0
writes:1.6931471805599454
123645:1.0
netnews.upenn.edu:1.0
bradley:1.6931471805599454
grip.cis.upenn.edu:1.0
john:1.0
another:1.0
false:1.0
alarm:1.0
itll:1.0
certainly:1.0
done:1.0
next:1.0
week:1.0
message:1.0
real:1.0
thing:1.0
repeat:1.0
drill:1.0
batten:1.0
hatches:1.0
hide:1.0
women:1.0
lock:1.0
cows:1.0
finally:1.0
cleaning:1.0
cage:1.0
morning:1.0
overpowered:1.0
broke:1.0
office:1.0
door:1.0
fled:1.0
lab:1.0
last:1.0
seen:1.0
heading:1.0
general:1.0
direction:1.0
export.lcs.mit.edu:1.0
nearly:1.0
30k:1.0
per:1.0
second:1.0
found:1.0
answers:1.0
name:1.0
contrib/xv-3.00.tar.z:1.0
blast:1.0
im:1.0
vacation:1.0
capital:1.0
u.s:1.0
waco:1.0
texas:1.0
first:2.09861228866811
patch:1.6931471805599454
following:1.0
fixes:1.0
problems:1.0
imakefile:1.6931471805599454
files:1.6931471805599454
makes:1.0
possible:1.0
compile:1.0
xv-3.00:1.0
solaris:1.0
without:1.0
use:1.0
ucb:1.0
stuff:1.0
oops:1.0
didnt:1.0
get:1.6931471805599454
signal:1.6931471805599454
processing:1.0
right:1.0
thats:1.0
work:1.0
ascii:1.0
terminal:1.0
fixed:1.0
1.11993/04/28:2.386294361119891
06:05:03:1.0
imakefile1993/04/28:1.0
08:20:35:1.0
209,215:1.0
objs4=xcmap.o:1.6931471805599454
programs:2.386294361119891
bggen:2.386294361119891
vdcomp:1.6931471805599454
xcmap:1.6931471805599454
defined:3.302585092994046
havejpeg:2.386294361119891
havetiff:1.6931471805599454
ifdef:2.09861228866811
209,218:1.0
echo:3.302585092994046
remember:1.6931471805599454
make:1.6931471805599454
depend:2.09861228866811
222,238:1.0
subdirs:2.6094379124341005
tiff:1.6931471805599454
endif:3.302585092994046
define:3.5649493574615367
passcdebugflags:1.6931471805599454
makesubdirs:1.6931471805599454
dependsubdirs:1.6931471805599454
dubdirs:1.0
building:1.6931471805599454
225,236:1.0
ihavesubdirs:1.6931471805599454
259,267:1.0
srcs:1.6931471805599454
srcs1:1.6931471805599454
srcs2:1.6931471805599454
srcs3:1.6931471805599454
srcs4:1.6931471805599454
dependtarget:2.09861228866811
alltarget:1.6931471805599454
normalprogramtarget:2.386294361119891
objs1:1.6931471805599454
deplibs:2.386294361119891
local_libraries:2.386294361119891
objs2:1.6931471805599454
257,269:1.0
06:09:50:1.0
xcmap.c1993/04/28:1.0
07:09:03:1.0
9,15:1.0
9,19:1.0
include:2.791759469228055
stdio.h:1.0
sun:2.09861228866811
sysv:2.09861228866811
string.h:1.0
else:2.09861228866811
strings.h:1.0
ctype.h:1.0
x11/xos.h:1.0
08:33:13:1.0
xv.h1993/04/28:1.0
17:47:38:1.0
284,292:1.0
284,298:1.0
macros:1.0
hold_sig:1.6931471805599454
sighold:1.0
sigalrm:2.386294361119891
release_sig:1.6931471805599454
sigrelse:1.0
pause_sig:1.6931471805599454
sigpause:1.6931471805599454
sigblock:1.6931471805599454
sigmask:1.0
0:1.6931471805599454
default:1.0
folks:1.0
318,323:1.0
324,333:1.0
random:1.6931471805599454
rand:1.6931471805599454
srandom:1.6931471805599454
srand:1.6931471805599454
x:1.6931471805599454
06:17:41:1.0
tiff/imakefile1993/04/28:1.0
08:53:34:1.0
49,59:1.0
49,69:1.0
tif_compress.o:1.0
hasgcc:1.0
g3states.h:3.302585092994046
mkg3states.c:2.386294361119891
t4.h:1.6931471805599454
rm:2.6094379124341005
cc:1.6931471805599454
traditional:1.0
mkg3states:2.6094379124341005
cflags:1.6931471805599454
clean:1.0
