muller:2.09861228866811
mafalda.inria.fr:1.0
christophe:1.6931471805599454
subject:1.0
xv:2.09861228866811
3.00:1.0
escaped:1.0
interesting:1.0
look:1.0
change:1.0
mind:1.0
john:1.0
interested:1.0
indeed:1.0
kind:1.0
changes:1.0
gnu:1.0
copyleft:1.0
protecting:1.0
us:1.0
anyway:1.0
simulog:1.0
abandon:1.0
using:1.0
mostly:1.0
slide:1.0
shows:1.0
loop:1.0
feature:1.0
display:1.6931471805599454
wonderful:1.0
imagemagick:1.0
package:1.0
think:1.0
implement:1.0
even:1.0
shell-script:1.0
job:1.0
forget:1.0
cheers:1.0
simulog.fr:1.0
police:1.0
maam:1.0
musicians:1.0
