dcr:1.6931471805599454
mail.ast.cam.ac.uk:1.6931471805599454
derek:2.09861228866811
c:1.6931471805599454
richardson:1.6931471805599454
subject:1.6931471805599454
xview:1.6931471805599454
3.0:1.0
window:2.09861228866811
positioning:1.0
problems:1.0
dont:1.0
seem:1.0
able:1.0
get:1.0
positions:1.0
reliably:1.0
xv_get:2.6094379124341005
function:1.0
x:1.6931471805599454
int:1.6931471805599454
my_frame:2.09861228866811
xv_x:1.6931471805599454
xv_y:1.6931471805599454
example:1.0
set:1.0
50,50:2.09861228866811
frame:1.6931471805599454
comes:1.0
correct:1.0
position:1.6931471805599454
top:1.0
left:1.0
corner:1.0
size:1.0
handle:1.0
returns:1.6931471805599454
well:1.0
later:1.0
5,25:1.6931471805599454
without:1.0
intervening:1.0
xv_set:1.0
xv:1.0
fitted:1.0
around:1.6931471805599454
canvas:1.6931471805599454
turns:1.0
measuring:1.0
screen:1.0
first:1.0
pixel:1.0
relative:1.0
frames:1.6931471805599454
origin:1.0
gives:1.0
help:1.0
appreciated:1.0
p.s:1.0
related:1.0
way:1.0
querying:1.0
manager:1.0
thickness:1.0
borders:1.0
puts:1.0
etc:1.0
tel:1.0
0223:1.6931471805599454
337548:1.0
37501:1.0
institute:1.0
astronomy:1.0
fax:1.0
337523:1.0
cambridge:1.0
u.k:1.0
cb3:1.0
0ha:1.0
e-mail:1.0
