colinm:1.0
max.carleton.ca:1.0
colin:1.6931471805599454
mcfadyen:1.0
subject:1.0
x11r5:1.6931471805599454
support:1.6931471805599454
386i:1.6931471805599454
gx:1.0
graphics:1.0
accelerator:1.0
board:1.0
sun:1.0
thanks:1.0
advance:1.0
