ktz:1.0
lrs.e-technik.uni-erlangen.de:1.0
martin:1.6931471805599454
kreutzer:1.6931471805599454
subject:1.0
problem:1.0
german:1.6931471805599454
keyboard:2.09861228866811
sparc10:1.6931471805599454
yesterday:1.0
changed:1.0
us-keyboard:1.0
get:1.6931471805599454
alt:1.0
graph:1.0
characters:1.6931471805599454
tilde:1.0
usw:1.0
exit:1.0
x:1.6931471805599454
anybody:1.0
give:1.0
hints:1.0
check:1.0
correct:1.0
installation:1.0
