deford:2.386294361119891
netwrx1.nw1.com:1.6931471805599454
brian:1.6931471805599454
subject:1.0
preventing:1.0
user:1.6931471805599454
hitting:1.6931471805599454
ctrl-alt-bksp:1.0
exit:1.6931471805599454
x:2.6094379124341005
hello:1.0
admin:1.0
rs/6000:1.0
running:1.0
aix:1.0
3.2:1.0
x11r5:1.0
motif:1.0
xdt3:1.0
want:1.6931471805599454
prevent:1.6931471805599454
cntl-alt-bkspc:1.0
ive:1.6931471805599454
tried:1.0
invoking:1.0
xinit:2.386294361119891
doesnt:1.0
work:1.0
appends:1.0
call:2.09861228866811
xinitrc:1.0
man:1.0
page:1.0
help:1.0
fact:1.0
tells:1.0
script:1.0
really:1.0
binary:1.0
file:1.0
far:1.0
way:1.6931471805599454
able:1.0
accomplish:1.0
feat:1.0
add:1.0
usr/lpp/x11/defaults/xserverrc:1.0
would:1.0
rather:1.0
anyone:1.0
ideas:1.0
defordinternet:1.0
open:1.0
networks:1.0
inc.usenet:1.0
uunet:1.0
netwrx1:1.0
11490:1.0
commerce:1.0
park:1.0
dr:1.0
205tel:1.0
703-648-0013:1.0
reston:1.0
va:1.0
22091fax:1.0
703-648-0016:1.0
