kartik:2.386294361119891
hls.com:1.6931471805599454
chandrasekhar:1.0
subject:1.0
multiple:1.0
simultaneous:1.0
server:1.0
connections:1.0
hi:1.0
requirement:1.0
dynamically:1.0
closing:1.0
opening:1.0
different:1.0
display:1.6931471805599454
servers:1.0
within:1.0
x:1.0
application:1.0
manner:1.0
time:1.0
one:1.0
associated:1.0
client:1.0
assumming:1.0
proper:1.0
cleanup:1.0
done:1.0
transition:1.0
anticipate:1.0
problems:1.0
