apara:1.6931471805599454
ctp.com:1.6931471805599454
atul:1.6931471805599454
parasnis:1.0
subject:1.0
dce:1.6931471805599454
rpc:1.0
threads:1.6931471805599454
x/motif:1.0
clients:1.0
anyone:1.0
used:1.0
x:1.6931471805599454
client:1.0
possible:1.0
one:1.0
thread:1.0
listening:1.0
incoming:1.0
rpcs:1.0
another:1.0
processes:1.0
events:1.0
set:1.0
something:1.0
like:1.0
