rpicas:1.6931471805599454
porto.inescn.pt:1.6931471805599454
rui:1.0
picas:1.0
subject:1.0
subscribe:1.6931471805599454
please:1.0
e-mail:1.0
