dlemoin:1.6931471805599454
xobu.nswc.navy.mil:1.6931471805599454
lemoine:1.6931471805599454
subject:1.0
colormap:2.6094379124341005
problem:1.6931471805599454
saving:1.6931471805599454
image:2.386294361119891
one:1.0
machine:2.09861228866811
redisplaying:1.0
another:1.0
hp:1.0
9000:1.0
model:1.0
750s:1.0
created:1.0
using:2.09861228866811
xcreateimage:1.0
xgetimage:1.0
displayed:1.0
xputimage:1.0
redisplayed:1.0
correctly:1.0
except:1.0
colors:1.6931471805599454
wrong:1.0
server:1.6931471805599454
different:1.0
tried:1.6931471805599454
pixel:1.6931471805599454
rgb:1.6931471805599454
values:1.6931471805599454
redisplay:1.0
performed:1.0
table:1.0
lookup:1.0
new:1.6931471805599454
didnt:1.0
work:1.6931471805599454
combos:1.0
dont:1.0
exist:1.0
way:1.6931471805599454
force:1.0
load:1.0
set:1.0
simpler:1.0
solve:1.0
xinitcolormap:1.0
couldnt:1.0
get:1.0
either:1.0
help:1.0
would:1.0
appreciated:1.0
naval:1.0
surface:1.0
warfare:1.0
center:1.0
dahlgren:1.6931471805599454
division:1.0
va:1.0
22405:1.0
703:1.0
663-7917:1.0
