bglenden:1.6931471805599454
colobus.cv.nrao.edu:1.0
brian:2.09861228866811
glendenning:1.6931471805599454
subject:1.0
xv:1.0
3.00:1.0
escaped:1.0
alas:1.0
stop:1.0
using:1.0
national:1.0
radio:1.0
astronomy:1.0
observatory:1.0
nrao.edu:1.0
charlottesville:1.0
va:1.0
804:1.0
296-0286:1.0
