david:2.09861228866811
pop:1.0
e:1.0
smyth:1.0
subject:1.0
r5:1.0
table:3.3978952727983707
widget:2.791759469228055
causing:1.0
trouble:1.0
xtquerygeometry:1.0
got:1.0
bug:1.0
report:1.0
fix:1.6931471805599454
exact:1.0
problem:2.6094379124341005
fisher:1.6931471805599454
iscp.bellcore.com:1.0
greg:1.0
serious:1.0
identified:1.0
incorporated:1.0
occurs:1.0
widgets:2.386294361119891
geometrymanager:1.0
invoked:1.0
child:1.6931471805599454
work:1.0
correctly:1.0
parent:2.6094379124341005
complies:1.0
xt:1.0
protocols:1.0
however:2.386294361119891
case:2.09861228866811
motif:2.386294361119891
ignore:1.6931471805599454
xtcwqueryonly:2.09861228866811
sizing:1.0
incorrect:1.0
order:1.0
see:1.0
following:1.0
events:1.0
must:2.386294361119891
happen:1.0
1:1.0
request:1.6931471805599454
new:2.386294361119891
size:2.6094379124341005
2:1.0
query:2.6094379124341005
set:2.09861228866811
3:1.0
bit:1.0
resize:2.9459101490553135
part:1.0
xmptableforgetproposedlayout:1.0
called:1.6931471805599454
tw:4.332204510175204
table.current_cols:1.6931471805599454
table.current_rows:1.6931471805599454
zero:2.09861228866811
4:1.0
continue:2.09861228866811
setting:1.0
working:1.6931471805599454
assumption:1.0
proposed:2.791759469228055
actual:1.0
layout:2.6094379124341005
end:1.0
call:1.0
xmptablesaveproposedlayout:1.6931471805599454
save:1.0
table.cols:1.6931471805599454
table.rows:1.6931471805599454
restore:1.0
values:1.0
already:3.0794415416798357
5:1.6931471805599454
since:2.386294361119891
resized:2.386294361119891
need:2.09861228866811
second:1.0
6:1.0
next:1.6931471805599454
another:1.0
managed:1.0
ancestor:1.0
results:1.0
requesting:1.0
tables:1.0
preferred:1.6931471805599454
return:1.0
0x0:1.0
7:1.0
likely:1.0
grant:1.0
resulting:1.0
loss:1.0
whole:1.0
display:1.0
isolated:1.0
workaround:1.0
seems:1.0
precisely:1.0
correct:1.0
implementation:1.0
xmptablenewproposedlayout:1.6931471805599454
released:1.0
update:1.0
weeks:1.0
xmp/table.c:1.0
void:1.6931471805599454
xmptablewidget:1.0
xmptableconsidersamesize:1.0
xmptableproposedcolsandrows:1.0
xmptablequeryparentforresize:1.0
made:1.6931471805599454
still:1.6931471805599454
broken:1.6931471805599454
actually:1.6931471805599454
may:1.6931471805599454
forgotten:2.386294361119891
quietly:1.6931471805599454
exit:1.6931471805599454
table.resize_status:1.6931471805599454
rsduetorequest:1.6931471805599454
xmptablemakecolsfitquerywidth:1.0
xmptablemakerowsfitqueryheight:1.0
xmptablegetproposedchildsize:1.0
else:1.6931471805599454
done:1.6931471805599454
would:1.6931471805599454
process:1.6931471805599454
xptable:1.0
identical:1.0
except:1.0
course:1.0
names:1.0
xp/table.c:1.0
xptablenewproposedlayout:1.0
xptablewidget:1.0
xptableconsidersamesize:1.0
xptableproposedcolsandrows:1.0
xptablequeryparentforresize:1.0
manager:1.0
xptablemakecolsfitquerywidth:1.0
xptablemakerowsfitqueryheight:1.0
xptablegetproposedchildsize:1.0
xptablesaveproposedlayout:1.0
smythdavid:1.0
jpl-devvax.jpl.nasa.gov:1.0
senior:1.0
software:1.0
engineer:1.0
818:1.0
306-6193:1.0
use:1.0
v-mail:1.0
yet:1.0
cccp:1.0
x:1.6931471805599454
object:1.0
guru.office:1.0
525/c165:1.0
jet:1.0
propulsion:1.0
lab:1.0
m/s:1.0
525-3660:1.0
4800:1.0
oak:1.0
grove:1.0
drive:1.0
pasadena:1.0
ca:1.0
91109:1.0
sun:1.0
windows:1.0
thingy:1.0
whats:1.0
know:1.0
really:1.0
awful:1.0
thats:1.0
yuck:1.0
