uphya001:2.09861228866811
odie.uni-bielefeld.de:1.6931471805599454
lars:2.09861228866811
koeller:1.6931471805599454
d0-231/258,1065375,0526189607:1.0
subject:1.0
xdm:2.09861228866811
configuration:1.6931471805599454
hello:1.0
want:1.0
configure:1.0
x11r5:1.6931471805599454
sytem:1.0
i486:1.0
33mhz:1.0
running:1.6931471805599454
bsd-like:1.0
unix:1.0
comming:1.0
chooser:2.386294361119891
menu:2.09861228866811
different:1.0
machines:2.386294361119891
works:2.09861228866811
connect:1.0
connection:1.0
localhost:1.6931471805599454
x:1.6931471805599454
indirect:1.6931471805599454
machine:1.6931471805599454
well:1.0
starting:1.6931471805599454
boot:1.6931471805599454
time:2.09861228866811
servers:1.0
specified:1.0
xservers:1.0
x-server:1.6931471805599454
appears:1.6931471805599454
named:1.0
xacces:1.0
bye:1.0
machine1:1.0
machine2:1.0
broadcast:1.0
number:1.0
users:1.0
load:1.0
displayed:1.0
correct:1.0
selecting:1.0
host:1.0
starts:1.0
nothing:1.0
happens:1.0
know:1.0
bug:1.0
x11r4:1.0
please:1.0
help:1.0
e-mail:1.0
universitaet:1.0
bielefeld:1.6931471805599454
germany:1.0
dave.hrz.uni-bielefeld.de:1.0
fakultaet:1.0
fuer:1.0
physik:1.0
d0-231:1.0
phone:1.0
49:1.6931471805599454
521-106-5375:1.0
universitaetsstr:1.0
25:1.0
fax:1.0
521-106-5244:1.0
4800:1.0
1:1.0
telex:1.0
932:1.0
362:1.0
