sirosh:2.09861228866811
cs.utexas.edu:1.0
joseph:1.6931471805599454
subject:1.0
x:2.6094379124341005
design:1.0
choice:1.0
color:2.791759469228055
handling:1.0
question:1.0
graphics:1.0
systems:1.0
seen:1.0
drawing:1.6931471805599454
routines:1.0
also:1.0
specify:1.0
like:1.6931471805599454
drawpoint:1.0
drawline:1.0
x1:1.6931471805599454
y1:1.6931471805599454
x2:1.6931471805599454
y2:1.6931471805599454
fillrectangle:1.0
something:1.0
xsetforeground:1.0
current_color:1.0
xdrawpoint:1.0
w:1.0
split:1.0
two:1.0
functions:1.0
designers:1.0
decide:1.0
associate:1.6931471805599454
object:1.0
drawn:1.6931471805599454
instead:1.0
display:1.0
