hwn:1.6931471805599454
cci.dk:1.6931471805599454
henrik:1.6931471805599454
w:1.6931471805599454
nielsen:1.6931471805599454
subject:1.0
help:1.0
badmatch:1.6931471805599454
making:1.0
24bit:1.0
win:1.0
8bit:1.0
server:2.386294361119891
im:1.6931471805599454
trying:1.0
make:1.0
24:2.791759469228055
bit:1.6931471805599454
window:2.09861228866811
using:1.6931471805599454
xcreatewindow:1.6931471805599454
8:3.0794415416798357
pseudocolor:1.6931471805599454
far:1.0
know:1.0
possible:1.0
supports:1.0
truecolor:1.6931471805599454
directcolor:2.09861228866811
visual:3.0794415416798357
sun:1.0
ipc:1.0
rasterflex:1.0
card:1.0
running:1.0
xdpyinfo:1.0
gives:1.0
screen:1.6931471805599454
0:2.386294361119891
dimensions:1.0
1152x900:1.0
pixels:1.0
352x275:1.0
millimeters:1.0
resolution:1.0
83x83:1.0
dots:1.0
per:1.0
inch:1.0
depths:1.0
4:1.0
1:2.09861228866811
5:1.0
root:1.6931471805599454
id:2.6094379124341005
0x80083:1.0
depth:2.386294361119891
planes:2.386294361119891
number:1.6931471805599454
colormaps:1.0
minimum:1.0
maximum:1.0
6:1.0
default:1.6931471805599454
colormap:2.386294361119891
0x80080:1.0
visuals:1.0
0x80079:1.6931471805599454
class:2.09861228866811
size:2.09861228866811
256:2.09861228866811
entries:2.09861228866811
red:2.09861228866811
green:2.09861228866811
blue:2.09861228866811
masks:2.09861228866811
0x0:2.09861228866811
significant:2.09861228866811
bits:2.791759469228055
color:2.09861228866811
specification:2.09861228866811
0x8007a:1.0
0xff:1.6931471805599454
0xff00:1.6931471805599454
0xff0000:1.6931471805599454
0x8007b:1.0
code:1.0
looks:1.0
like:1.0
xio.dspptr:2.6094379124341005
xopendisplay:1.0
null:2.09861228866811
logexit:1.0
connect:1.0
x:1.6931471805599454
xdisplayname:1.0
xio.scr:2.09861228866811
defaultscreen:1.0
use:1.0
xmatchvisualinfo:1.0
xtern.colorinfo:1.6931471805599454
memset:1.0
setwinattrib:1.6931471805599454
sizeof:1.0
xsetwindowattributes:1.0
xio.gswin:1.0
rootwindow:1.0
h:1.0
inputoutput:1.0
results:1.0
error:1.0
anyone:1.0
please:1.0
tell:1.0
winther:1.0
ccccccc:1.6931471805599454
ii:2.386294361119891
basic:1.0
development:1.0
cc:2.386294361119891
cccc:1.6931471805599454
cci:1.0
europe:1.0
mail:1.0
oester:1.0
parkvej:1.0
9:1.0
phone:1.0
86295588:1.0
361:1.0
dk-8270:1.0
hoejbjerg:1.0
denmark:1.0
e:1.6931471805599454
u:1.0
r:1.0
p:1.0
