beck:2.09861228866811
irzr17.inf.tu-dresden.de:1.0
andre:1.6931471805599454
subject:1.0
x11perfcomp:2.09861228866811
visualization:1.0
hi:1.0
script/program/thelike:1.0
already:1.6931471805599454
existing:1.0
could:1.0
transform:1.0
output:1.6931471805599454
huge:1.0
table:1.0
nice:1.0
3dish:1.0
diagram:1.0
graph:1.0
producing:1.0
postscript:1.0
input:1.0
maybe:1.0
someone:1.0
written:1.0
beast:1.0
brain:1.0
inside:1.0
abpsoft:1.0
mehl:1.0
andre_beck:1.0
irs.inf.tu-dresden.de:1.0
