sirosh:2.09861228866811
cs.utexas.edu:1.0
joseph:1.6931471805599454
subject:1.0
encapsulated:2.09861228866811
postscript:2.386294361119891
x:1.6931471805599454
view:1.6931471805599454
eps:1.0
files:1.0
image:1.0
color:1.0
need:1.0
screen:1.0
utilities:1.0
let:1.0
convert:1.0
plain:1.0
