aep:1.0
world.std.com:1.0
andrew:1.6931471805599454
e:1.6931471805599454
page:1.6931471805599454
subject:1.0
encyclopedia/directory:1.0
widgets:1.6931471805599454
document:1.0
either:1.0
bookstores:1.0
possible:1.0
ftp:1.0
site:1.0
somewhere:1.0
nothing:1.0
really:1.0
fancy:1.0
something:1.0
gives:1.0
listing:1.0
available:1.0
resources:1.0
pertinant:1.0
flavors:1.0
motif:1.0
occur:1.0
warrior:1.0
poet:1.0
decision:1.0
effort:1.0
archer:1.0
arrow:1.0
mac:1.0
consultant:1.0
difference:1.0
macintosh:1.0
dsp:1.0
technology:1.0
want:1.0
