glb:1.0
uvacs.cs.virginia.edu:1.0
gina:1.6931471805599454
bull:1.0
subject:1.0
need:1.0
patches:1.0
use:1.6931471805599454
dev/cgtwelve0:1.6931471805599454
good:1.0
news:1.6931471805599454
got:1.0
two:1.0
sparc10s:1.6931471805599454
bad:1.0
apparently:1.0
supported:1.0
x11r4:1.0
x11r5:1.0
anyone:1.0
know:1.0
patch:1.0
obtain:1.0
either:1.0
x:1.0
version:1.0
enable:1.0
us:1.0
x11:1.0
adthanksvance:1.0
