mdb:1.0
rossby.colorado.edu:1.0
mark:1.0
borges:1.0
subject:1.0
summary:1.6931471805599454
virtual:1.6931471805599454
mouse:1.6931471805599454
ol:1.6931471805599454
v:1.6931471805599454
wm:1.6931471805599454
regarding:1.0
euamol:1.0
eua.ericsson.se:1.0
mats:1.0
larsson:1.0
adds:1.0
virtualgrabkeys:1.0
ow:1.0
resource:2.09861228866811
belongs:1.0
olvwm:1.6931471805599454
1:1.6931471805599454
version3.3:1.0
man-page:1.0
says:1.0
called:1.0
grabvirtualkeys:1.0
boolean:1.0
controls:1.0
whether:1.0
keys:1.0
marked:1.6931471805599454
involving:1.0
grabs:1.0
active:1.6931471805599454
set:1.0
false:1.0
none:1.0
bindings:1.0
asterisk:1.0
ever:1.0
default:1.0
value:1.0
true:1.0
