pv:1.0
semt1.smts.cea.fr:1.0
pierre:1.6931471805599454
verpeaux:1.6931471805599454
subject:1.0
xdm:1.6931471805599454
configuration:1.6931471805599454
article:1.0
c6adru.jpf:1.0
hermes.hrz.uni-bielefeld.de:1.0
uphya001:1.0
odie.uni-bielefeld.de:1.0
lars:1.0
koeller:1.0
d0-231/258,1065375,0526189607:1.0
writes:1.0
hello:1.0
want:1.0
configure:1.0
x11r5:1.0
sytem:1.0
i486:1.0
33mhz:1.0
running:1.0
bsd-like:1.0
unix:1.0
comming:1.0
chooser:1.0
menu:1.0
different:1.0
machines:1.0
works:2.09861228866811
connect:1.0
connection:1.0
localhost:2.09861228866811
x:1.6931471805599454
indirect:2.386294361119891
machine:1.6931471805599454
well:1.0
starting:1.6931471805599454
boot:1.6931471805599454
time:1.6931471805599454
servers:1.0
specified:1.0
xservers:1.0
x-server:1.6931471805599454
deleted:1.0
need:1.0
start:1.6931471805599454
its_name:1.0
use:1.0
loopback:2.09861228866811
adress:2.386294361119891
try:1.6931471805599454
contact:1.0
another:1.0
host:1.0
one:1.0
answer:1.0
good:1.0
remember:1.0
every:1.0
127.0.0.1:1.0
network:1.0
dmt/semt/lams:1.0
1:1.0
69.08.65.42:1.0
