dealy:3.0794415416798357
narya.gsfc.nasa.gov:1.0
brian:2.09861228866811
csc:1.0
subject:1.0
encyclopedia/directory:1.0
widgets:3.3978952727983707
directory:1.0
know:2.09861228866811
lists:1.0
commercial:1.0
non-commercial:1.0
ics:2.386294361119891
widget:1.6931471805599454
data:1.0
book:1.0
sells:1.0
various:1.0
prices:1.0
also:1.0
public:1.6931471805599454
domain:1.6931471805599454
delivery:1.0
databook:1.6931471805599454
subscription:1.0
kind:1.0
thing:1.6931471805599454
pay:1.0
nominal:1.0
fee:1.0
get:1.0
cd:1.0
use:1.6931471805599454
freely:1.0
selectively:1.0
activate:1.0
want:1.0
purchase:1.6931471805599454
right:1.0
nice:1.0
whole:1.0
sets:1.0
used:1.0
dataviews:1.0
dont:1.6931471805599454
pricing:1.0
schemes:1.0
often:1.0
better:1.0
buy:1.0
redevelop:1.0
complex:1.0
especially:1.0
one:1.0
customer:1.0
distribute:1.0
extent:1.0
except:1.0
got:1.0
catalog:1.0
looked:1.0
impressive:1.0
lots:1.0
work:1.0
sold:1.0
hope:1.0
helps:1.0
301-572-8267:1.6931471805599454
knowing:2.386294361119891
kong.gsfc.nasa.gov:1.6931471805599454
thats:1.6931471805599454
important:1.6931471805599454
uunet:1.6931471805599454
dftsrv:1.6931471805599454
kong:1.6931471805599454
b.dylan:1.6931471805599454
