jbrandt:2.09861228866811
hns.com:1.6931471805599454
jim:2.09861228866811
brandt:1.6931471805599454
subject:1.0
multiple:1.0
heads:1.0
sparc-2:2.09861228866811
2:1.0
cgsix:1.6931471805599454
cards:1.6931471805599454
id:1.0
like:1.0
r5:1.6931471805599454
server:2.09861228866811
recognize:1.0
second:2.791759469228055
card:2.791759469228055
mknod:1.0
created:1.0
dev/cgsix1:1.0
device:1.6931471805599454
brought:1.0
ignored:1.0
setup:1.0
note:1.0
borrow:1.0
cgthree:1.6931471805599454
put:1.0
box:1.0
finds:1.0
set:1.0
display:1.0
start:1.0
window:1.0
manager:1.0
worse:1.0
case:1.0
trade:1.0
someone:1.6931471805599454
maybe:1.0
seen:1.0
problem:1.0
already:1.0
email:2.09861228866811
preferred:1.0
post:1.0
must:1.0
thanks:1.0
advance:1.0
hughes:1.0
lan:1.0
systems/hughes:1.0
network:1.0
systems:1.0
550:1.0
south:1.0
winchester:1.0
blvd:1.0
suite:1.0
406:1.0
san:1.0
jose:1.0
ca:1.0
95128:1.0
hls.com:1.0
voice:1.0
408:1.6931471805599454
246-5590:1.0
fax:1.0
246-2306:1.0
vvvvvvvvvvvvvvvvvvvvvvvvvvvvvvvvvvvvvvvvvvvvvvvvvvvvvvvvvv:1.0
