beck:2.09861228866811
irzr17.inf.tu-dresden.de:1.0
andre:1.6931471805599454
subject:1.0
encapsulated:1.0
postscript:1.6931471805599454
x:1.0
eps:2.09861228866811
plain:1.0
wrapped:1.0
comments:1.0
stripped:1.0
dubious:1.0
commands:1.0
compatibility:1.0
simply:1.0
save:1.0
gsave:1.0
showpage:1.6931471805599454
def:1.0
include:1.6931471805599454
file:2.09861228866811
grestore:1.0
restore:1.0
end:1.0
way:1.0
show:1.0
natural:1.0
page:1.0
position:1.0
size:1.0
programs:1.0
may:1.0
use:1.0
boundingbox:1.0
comment:1.0
arbitrary:1.0
scale:1.0
rotate:1.0
translate:1.0
complicated:1.0
ways:1.0
brain:1.0
inside:1.0
abpsoft:1.0
mehl:1.0
andre_beck:1.0
irs.inf.tu-dresden.de:1.0
