rgb:1.0
roadnet.ups.com:1.0
rudy:1.0
bonefas:1.0
subject:1.0
need:1.0
x:2.09861228866811
win:1.0
popup:1.6931471805599454
menu:1.0
package:2.09861228866811
rather:1.0
write:1.0
anyone:1.0
direct:1.0
let:1.0
create:1.0
cascaded:1.0
menus:1.0
windows:1.0
reasons:1.0
portability:1.0
rely:1.0
toolkit:1.0
xlib:1.0
xt:1.0
intrinsics:1.0
something:1.0
written:1.0
c:1.0
would:1.0
nice:1.0
thanks:1.0
