dealy:2.6094379124341005
narya.gsfc.nasa.gov:1.0
brian:2.09861228866811
csc:1.0
subject:1.0
encyclopedia/directory:1.0
widgets:2.09861228866811
forot:1.0
mention:1.0
free:1.0
widget:1.0
foundation:1.0
maintains:1.0
freely:1.0
available:1.0
set:1.0
info:1.0
group:1.0
gotten:1.0
free-widgets-request:1.0
kazoo.cs.uiuc.edu:1.0
list:1.6931471805599454
maintained:1.0
volunteers:1.0
may:1.0
subscribe:1.0
mailing:1.0
discusses:1.0
various:1.0
aspects:1.0
using:1.0
abusing:1.0
301-572-8267:1.0
knowing:1.6931471805599454
kong.gsfc.nasa.gov:1.0
thats:1.0
important:1.0
uunet:1.0
dftsrv:1.0
kong:1.0
b.dylan:1.0
