meunier:2.09861228866811
inf.enst.fr:1.6931471805599454
sylvain:1.0
subject:1.0
xv:2.386294361119891
3.00:1.0
escaped:1.0
article:1.0
bglenden.93apr29182711:1.0
colobus.cv.nrao.edu:1.6931471805599454
bglenden:1.0
brian:1.6931471805599454
glendenning:1.0
writes:1.0
alas:1.0
stop:1.0
using:1.0
following:1.0
version:1.6931471805599454
surprise:1.0
discover:1.0
new:1.0
shareware:1.0
pitty:1.0
found:1.0
inthernet:1.0
freeware:2.386294361119891
make:2.09861228866811
spent:1.6931471805599454
long:1.0
time:1.6931471805599454
dont:1.0
plain:1.0
paid:1.6931471805599454
use:1.6931471805599454
think:1.0
evrybody:1.6931471805599454
stay:1.0
2:1.0
drop:1.0
3:1.0
meuniere-mail:1.0
