sean:1.6931471805599454
michael:1.0
goller:1.0
wipeout:1.6931471805599454
cmu.edu:1.6931471805599454
subject:1.0
porting:1.0
athena:1.0
widgets:1.0
xview:2.09861228866811
checked:1.0
faq:1.0
first:1.0
luck:1.0
need:1.0
convert:1.0
r5:1.0
tree:1.0
widget:1.0
use:1.0
v3.0:1.0
problem:1.0
fact:1.0
uses:1.0
event:1.0
loop:1.0
system:1.0
wondering:1.0
anyone:1.0
tips:1.0
converted:1.0
source:1.0
converting:1.0
pups:1.0
thanks:1.0
