ajaffe:1.6931471805599454
oddjob.uchicago.edu:1.6931471805599454
andrew:2.09861228866811
jaffe:1.6931471805599454
subject:1.0
xarchie:1.6931471805599454
2.0.1:1.6931471805599454
icon:1.6931471805599454
problems:1.0
hi:1.0
ive:1.0
installed:1.0
new:1.0
works:1.6931471805599454
fine:2.09861228866811
except:1.0
grayscale:1.0
xterm:1.0
custom:1.0
icons:1.0
compiled:1.0
program:1.0
dont:1.6931471805599454
work:1.6931471805599454
bw:1.0
terminal:1.0
set:1.0
xbm:1.0
file:1.0
twmrc:1.0
doesnt:1.0
give:1.0
neat-o:1.0
change:1.0
busy:1.0
action:1.0
programs:1.0
similar:1.0
actions:1.0
e.g:1.0
xmail:1.0
xbiff:1.0
x-interface:1.0
author:1.0
george:1.0
ferguson:1.0
suggests:1.0
might:1.0
problem:1.6931471805599454
x:1.6931471805599454
intrinsics:1.0
isnt:1.0
willing:1.0
hack:1.0
around:1.0
fix:1.6931471805599454
know:1.6931471805599454
zero:1.0
programming:1.0
think:1.0
find:1.0
anyone:1.0
obvious:1.0
dept:1.0
astronomy:1.0
astrophysics:1.0
u:1.0
chicago:1.6931471805599454
5640:1.0
ellis:1.0
ave:1.0
312:1.6931471805599454
702-6041:1.0
il:1.0
60637-1433:1.0
702-8212:1.0
fax:1.0
