schlotz:1.6931471805599454
kestrel.unx.sas.com:1.0
david:1.6931471805599454
schlotzhauer:1.6931471805599454
subject:1.0
xcutsel:2.09861228866811
xcb:2.09861228866811
question:1.0
want:1.0
something:1.0
like:1.6931471805599454
date:1.6931471805599454
0:1.6931471805599454
get:1.0
output:1.0
command:2.09861228866811
put:2.09861228866811
xprimary:1.6931471805599454
selection:1.0
unfortunately:1.0
interactive:1.0
little:1.6931471805599454
bugger:1.0
isnt:1.0
argument:1.0
tell:1.0
window:1.0
use:1.0
analog:1.0
stuff:1.0
instead:1.0
cut:1.0
buffer:1.0
phone:1.0
919:1.0
677-8000:1.0
sas:1.0
institute:1.0
inc:1.0
e-mail:1.0
unx.sas.com:1.0
