stevea:2.09861228866811
lachman.com:1.6931471805599454
steve:2.09861228866811
alexander:1.6931471805599454
subject:1.0
compiling:1.0
mh-6.8:1.6931471805599454
xmh:1.6931471805599454
sco:2.09861228866811
3.2.4:1.6931471805599454
article:1.0
1993apr30.132044.15762:1.0
vpbuild.vp.com:1.0
jessea:1.0
u013.me.vp.com:1.0
jesse:1.0
w:1.0
asher:1.0
writes:1.0
im:1.6931471805599454
trying:1.0
get:1.6931471805599454
mh:2.09861228866811
compiled:1.0
problems:1.0
ive:1.0
got:1.0
using:1.0
gcc:1.0
file:1.0
listed:1.0
anyone:1.0
suggestions:1.0
add:1.0
compile:1.0
heres:1.0
one:1.0
used:1.0
id:1.0
v:1.0
1.7:1.0
90/04/06:1.0
09:44:31:1.0
sources:1.0
exp:1.0
3.2.4v2:1.0
bin/usr/local/bin:1.0
bboardson:1.0
etc/usr/local/lib/mh:1.0
mail/usr/spool/mail:1.0
mailgroupmail:1.0
ldoptlibs-lsocket:1.0
lcrypt_i:1.0
mandir/usr/man:1.0
ccgcc:1.0
ccoptions-traditional:1.0
manualsnone:1.0
chown/bin/chown:1.0
mtssendmail/smtp:1.0
popon:1.0
debugoff:1.0
sharedliboff:1.0
signalvoid:1.0
sprintf:1.0
int:1.0
optionsattvibug:1.0
bind:1.0
dpop:1.0
dumb:1.0
rename:1.0
sockets:1.0
sys5:1.6931471805599454
sys5dir:2.09861228866811
vsprintf:1.0
fcntl:1.0
mhe:1.0
mhrc:1.0
mime:1.0
usr/bin/more:1.0
popservice:1.0
pop3:1.0
rpaths:1.0
foldprot:1.0
700:1.0
msgprot:1.0
600:1.0
sbackup:1.0
043:1.0
shadow:1.0
curses-lcurses:1.0
ltermcap:1.0
ranliboff:1.0
may:1.0
want:1.0
use:1.6931471805599454
different:1.0
locking:1.6931471805599454
style:1.0
mailbox:1.0
mounted:1.0
nfs:1.0
fcntl-style:1.0
also:1.0
applied:1.0
following:1.0
tweak:1.0
sbr/makedir.c:1.6931471805599454
src/public/mh-6.8/sbr/makedir.c:1.0
tue:1.6931471805599454
dec:1.0
15:1.0
10:55:22:1.0
1992:1.0
apr:1.0
13:1.0
14:02:04:1.0
1993:1.0
24,30:1.0
include:2.791759469228055
sys/types.h:1.6931471805599454
sys/stat.h:1.6931471805599454
endif:2.386294361119891
defined:2.6094379124341005
svr4:1.6931471805599454
ncr:1.6931471805599454
unistd.h:1.6931471805599454
24,31:1.0
define:1.0
maxpathlen:1.0
1024:1.0
took:1.0
care:1.0
everything:1.0
man:1.0
pages:1.0
installed:1.0
hand:1.0
good:1.0
luck:1.0
lachman:1.0
technology:1.0
inc:1.0
708:1.6931471805599454
505-9555:1.0
x256:1.0
fax:1.0
505-9574:1.0
sun:1.0
ico:1.0
laidbak:1.0
