styx:1.6931471805599454
eurom.rhein-main.de:1.0
ruediger:1.0
merz:1.0
subject:1.0
preventing:1.0
user:1.6931471805599454
hitting:1.6931471805599454
ctrl-alt-bksp:1.0
exit:1.6931471805599454
x:1.6931471805599454
hi:1.0
hello:1.0
admin:1.0
rs/6000:1.0
running:1.0
aix:1.0
3.2:1.0
x11r5:1.0
motif:1.0
xdt3:1.0
want:1.0
prevent:1.0
cntl-alt-bkspc:1.0
try:1.0
dontzap:1.0
usr/lib/x11/xconfig:1.0
cu:1.0
free:1.6931471805599454
software:2.09861228866811
association:1.0
germany:1.0
great:1.0
phone:1.0
069:1.6931471805599454
6312083:1.0
data:1.0
6312934:1.0
