ma201rs:2.09861228866811
prism.gatech.edu:1.6931471805599454
shonkwiler:1.6931471805599454
r:1.6931471805599454
w:1.6931471805599454
subject:1.0
scrollbar:1.6931471805599454
xterm:1.6931471805599454
possible:1.0
get:1.0
come:1.0
right:1.0
side:1.0
instead:1.0
left:1.0
ron:1.0
shenk:1.0
georgia:1.6931471805599454
institute:1.0
technology:1.0
atlanta:1.0
30332:1.0
uucp:1.0
allegra:1.0
amd:1.0
hplabs:1.0
seismo:1.0
ut-ngp:1.0
gatech:1.0
prism:1.0
arpa:1.0
