jessea:2.09861228866811
u013.me.vp.com:1.0
jesse:1.6931471805599454
w:1.6931471805599454
asher:1.6931471805599454
subject:1.0
x-windows:1.0
extensions:1.0
perl:2.09861228866811
using:1.0
usersub:1.0
stuff:1.0
incorporate:1.0
things:1.0
like:1.0
curses:1.0
use:1.0
wondering:1.0
anyone:1.0
done:1.0
x:1.0
preferably:1.0
motif:1.0
could:1.0
get:1.0
source:1.0
901:1.0
762-6000:1.0
varco-pruden:1.0
buildings:1.0
6000:1.0
poplar:1.0
ave:1.0
suite:1.0
400:1.0
memphis:1.0
tn:1.0
38119:1.0
internet:1.0
vpbuild.vp.com:1.0
uucp:1.0
vpbuild:1.0
