ethan:2.09861228866811
cs.columbia.edu:1.0
solomita:1.0
subject:1.0
desqview/x:1.0
tcp/ip:1.0
reliable:1.6931471805599454
implemented:1.0
three:1.0
qs:1.0
1:1.0
2:1.0
send:1.0
information:1.0
ms:2.6094379124341005
windows:2.09861228866811
app:1.0
x11:1.0
protocol:1.0
draw:1.0
everything:1.0
graphics:1.0
one:1.0
window:1.0
use:1.0
multiple:1.0
essentially:1.0
work:1.0
cleverly:1.0
3:1.0
want:1.0
run:1.6931471805599454
word:2.09861228866811
example:1.0
remotely:2.09861228866811
separate:1.0
copy:1.0
start:1.0
started:1.0
thanks:1.0
lot:1.0
