stellr:1.0
smyrna.cc.vt.edu:1.6931471805599454
ray:1.6931471805599454
stell:1.0
subject:1.6931471805599454
prereq:1.0
public-patch-0:1.0
r5:1.0
file:1.6931471805599454
fix-01:1.6931471805599454
line:1.6931471805599454
reads:1.0
dont:1.0
see:1.0
fix-00:1.0
got:1.0
hmmm:1.0
lines:1.0
putting:1.0
made:1.0
wonder:1.0
missed:1.0
00:1.0
mark:1.0
thank:1.0
stellstellr:1.0
703:1.0
231-4109:1.0
call:1.0
stephen:1.0
first:1.0
martyr:1.0
hadnt:1.0
lazarus:1.0
rawer:1.0
deal:1.0
c:1.0
lewis:1.0
