rtparies:1.6931471805599454
b8.b8.ingr.com:1.0
randy:1.6931471805599454
paries:1.6931471805599454
subject:1.0
help:1.6931471805599454
xcleararea:2.09861228866811
hi:1.0
could:1.0
please:1.6931471805599454
tell:1.0
errors:1.0
ways:1.0
trying:1.0
update:1.0
drawable:1.6931471805599454
happens:1.0
pixmap:1.0
button:1.0
problem:1.6931471805599454
xtdisplay:1.6931471805599454
m_usr:2.09861228866811
0:2.386294361119891
xtwindow:1.0
80:1.0
8:1.0
40:1.6931471805599454
true:1.0
appears:1.0
work:1.0
sprintf:1.0
tmp_str:2.09861228866811
r:1.0
fun:1.0
xdrawstring:1.0
bmaps:1.0
my_gc:1.0
78:1.0
10:1.0
strlen:1.0
new:1.6931471805599454
info:2.386294361119891
drawn:1.0
old:1.6931471805599454
still:1.6931471805599454
even:1.0
pass:1.0
false:1.0
see:1.0
clear:1.0
redraws:1.0
thanks:1.0
turq.b8.ingr.com:1.0
x6191:1.0
cr041:1.0
intergraph:1.0
huntsville:1.0
alabama:1.0
