vinod:2.386294361119891
sommerfeld.wpi.edu:1.0
k:1.0
nair:1.0
subject:1.0
using:1.0
xterm:1.6931471805599454
display:1.6931471805599454
output:1.6931471805599454
hello:1.0
writing:1.0
program:1.0
forks:1.0
number:1.0
child:1.0
processes:1.0
children:1.0
printing:1.0
things:1.0
screen:1.0
quite:1.0
messy:1.0
one:1.0
window:1.0
sxxd:1.0
option:1.0
seems:1.0
solution:1.0
opening:1.0
slave:1.0
windows:1.0
use:1.0
following:1.0
code:1.0
open:2.09861228866811
pty:1.0
taken:1.0
stevens:1.0
manage:1.0
x-term:1.6931471805599454
successfully:1.0
problem:1.0
however:1.0
write:1.0
please:1.0
help:1.0
static:2.09861228866811
char:2.386294361119891
pty_name:2.9459101490553135
12:1.0
int:2.09861228866811
pty_master:1.6931471805599454
void:1.6931471805599454
fd:2.09861228866811
ptr:2.6094379124341005
struct:1.0
stat:1.6931471805599454
statbuff:1.6931471805599454
ptychar:1.6931471805599454
pqrs:1.0
hexdigit:1.6931471805599454
0123456789abcdef:1.0
0:2.386294361119891
strcpy:1.0
dev/ttyxy:1.0
8:1.0
9:1.6931471805599454
break:1.0
i=0:1.0
16:1.0
o_rdwr:1.0
return:1.6931471805599454
1:1.0
email:1.0
ee.wpi.edu:1.0
eye:1.6931471805599454
makes:1.0
whole:1.0
world:1.0
blind:1.0
mohandas:1.0
karamchand:1.0
gandhi:1.0
