hps:1.6931471805599454
jach.hawaii.edu:1.6931471805599454
henry:1.6931471805599454
stilmack:1.6931471805599454
jac:1.0
hawaii:1.0
sysmgr:1.0
subject:1.0
help:2.09861228866811
building:1.0
xview:1.6931471805599454
sparc:1.6931471805599454
classic:1.6931471805599454
anyone:1.0
system:1.0
solaris:1.0
2.1:1.0
gcc:2.6094379124341005
2.3.3:1.0
x11r5:1.0
try:1.0
build:1.0
libraries:1.0
xview3:1.0
patched:1.0
patch:1.0
x11r5-solaris:1.0
kit:1.0
get:1.6931471805599454
following:1.0
error:4.295836866004329
rm:1.6931471805599454
f:1.6931471805599454
ndet_loop.o:2.386294361119891
shared/ndet_loop.o:2.386294361119891
fpcc-struct-return:2.386294361119891
e:1.6931471805599454
o2:2.386294361119891
i../../.././build/include:2.386294361119891
i/usr/x11r5/include:2.386294361119891
dsvr4:2.386294361119891
dsysv:2.386294361119891
dfuncproto=15:2.386294361119891
dos_has_locale:2.386294361119891
dos_has_mmap:2.386294361119891
ndet_loop.c:3.302585092994046
xstr:1.6931471805599454
l:1.6931471805599454
libxview_xstr:1.6931471805599454
c:2.386294361119891
fpic:1.6931471805599454
x.c:1.6931471805599454
file:2.791759469228055
included:2.791759469228055
build/include/xview/notify.h:29:1.6931471805599454
build/include/xview_private/ntfy.h:24:2.386294361119891
x.c:18:2.386294361119891
usr/include/sys/ucontext.h:25:2.386294361119891
parse:4.091042453358316
sigset_t:2.791759469228055
warning:3.4849066497880004
semicolon:1.6931471805599454
end:1.6931471805599454
struct:1.6931471805599454
union:1.6931471805599454
usr/include/sys/ucontext.h:26:1.6931471805599454
data:3.0794415416798357
definition:3.0794415416798357
type:3.302585092994046
storage:3.302585092994046
class:3.0794415416798357
usr/include/sys/ucontext.h:29:2.386294361119891
build/include/xview/notify.h:286:2.386294361119891
x.c:35:1.6931471805599454
usr/include/sys/user.h:226:1.6931471805599454
maxsig:1.6931471805599454
undeclared:3.995732273553991
outside:2.386294361119891
functions:2.386294361119891
ndet_loop.c:71:1.6931471805599454
nsig:2.386294361119891
ndet_loop.c:85:2.386294361119891
variable:1.6931471805599454
ndet_sigvec:2.386294361119891
initializer:1.6931471805599454
incomplete:1.6931471805599454
ndet_loop.c:88:2.386294361119891
function:4.091042453358316
ndet_fig_sig_change:1.6931471805599454
ndet_loop.c:687:2.791759469228055
first:3.6390573296152584
use:3.6390573296152584
identifier:1.6931471805599454
reported:1.6931471805599454
appears:1.6931471805599454
ndet_signal_catcher:1.6931471805599454
ndet_loop.c:751:1.6931471805599454
ucontext_t:1.6931471805599454
ndet_loop.c:764:2.386294361119891
newmask:3.0794415416798357
ndet_loop.c:766:1.6931471805599454
ndet_loop.c:769:1.6931471805599454
oldmask:2.386294361119891
ndet_loop.c:777:1.6931471805599454
ndet_loop.c:795:1.6931471805599454
assignment:1.6931471805599454
makes:1.6931471805599454
pointer:1.6931471805599454
integer:1.6931471805599454
without:1.6931471805599454
cast:1.6931471805599454
ndet_loop.c:798:1.6931471805599454
ndet_send_delayed_sigs:1.6931471805599454
ndet_loop.c:825:2.386294361119891
ndet_loop.c:837:1.6931471805599454
ndet_loop.c:839:1.6931471805599454
ndet_loop.c:848:1.6931471805599454
top:1.6931471805599454
level:1.6931471805599454
ndet_loop.c:1022:1.6931471805599454
size:1.6931471805599454
isnt:1.6931471805599454
known:1.6931471805599454
code:1.6931471805599454
1:1.6931471805599454
make:1.6931471805599454
fatal:1.6931471805599454
command:1.6931471805599454
failed:1.6931471805599454
target:1.6931471805599454
obviously:1.0
due:1.0
problem:1.0
encountered:1.0
including:1.0
sys/ucontext.h:1.0
ive:1.0
tried:1.0
several:1.0
approaches:1.0
cant:1.0
past:1.0
point:1.0
would:1.0
greatly:1.0
appreciated:1.0
mahalo:1.0
nui:1.0
kakou:1.0
computing:1.0
systems:1.0
manager:1.0
perform:1.0
random:1.0
kindnesses:1.0
uk/netherlands/canada:1.0
joint:1.0
astronomy:1.0
centre:1.0
senseless:1.0
acts:1.0
beauty:1.0
660:1.0
n:1.0
aohoku:1.0
place:1.0
hilo:1.0
hi:1.0
96720:1.0
808-969-6530:1.0
