rbroders:1.6931471805599454
oracle.com:1.6931471805599454
robert:1.0
brodersen:1.6931471805599454
subject:1.0
resolution:2.9459101490553135
bitmapped:2.09861228866811
fonts:3.1972245773362196
device:1.0
independence:1.0
recently:1.0
corrected:1.0
sparcstation:1.0
changing:1.0
usr/lib/x11/xdm/xservers:1.0
0:2.6094379124341005
local:1.6931471805599454
usr/bin/x11/x:1.6931471805599454
ar1:1.6931471805599454
500:1.6931471805599454
dpi:2.386294361119891
100:1.6931471805599454
85:2.09861228866811
determined:1.0
19:1.0
1152x900:1.6931471805599454
monitor:1.0
measuring:1.0
active:1.0
screen:1.6931471805599454
area:1.0
dividing:1.0
however:1.0
caused:1.6931471805599454
application:1.6931471805599454
behave:1.0
strangely:1.0
research:1.0
believe:1.6931471805599454
applications:2.6094379124341005
requesting:1.0
family:1.6931471805599454
weight:1.0
slant:1.0
pointsize:1.0
x:2.386294361119891
grabbing:1.0
first:1.0
font:3.1972245773362196
path:2.6094379124341005
characteristics:1.0
displaying:1.0
since:1.0
75dpi:2.09861228866811
100dpi:1.6931471805599454
results:1.0
inaccurate:1.0
speedo:1.6931471805599454
using:1.0
helvetica:1.0
think:1.0
incorrect:1.0
always:1.0
provided:1.0
display:1.6931471805599454
never:1.0
seems:1.0
happen:1.0
unless:1.6931471805599454
explicitly:1.0
request:1.0
xres:1.0
yres:1.0
true:1.0
scaleable:1.0
instance:1.0
command:1.6931471805599454
xfd:1.6931471805599454
fn:1.6931471805599454
bitstream-charter-*-*-*-*-*-240:1.0
invoke:1.6931471805599454
despite:1.6931471805599454
fact:1.6931471805599454
adobe-courier-*-*-*-*-*-240:1.0
depending:1.0
knows:1.0
generate:1.0
85dpi:1.6931471805599454
specifies:1.0
appears:1.0
pick:1.0
stupid:1.0
default:1.0
bug:1.0
feature:1.0
anything:1.0
get:1.0
around:1.0
problem:1.0
people:1.0
suggested:1.0
lie:1.0
specify:1.0
single:1.0
75:1.0
would:1.0
least:1.0
make:1.0
app:1.0
consistent:1.0
like:1.0
able:1.0
look:1.0
rulers:1.0
appear:1.0
paint:1.0
say:1.0
yup:1.0
thats:1.0
inch:1.6931471805599454
anyone:1.0
set:1.0
use:1.0
system:1.0
info:1.0
sun:1.0
sparc:1.0
10/41:1.0
w/32:1.0
mb:1.0
sunos:1.0
4.1.3:1.0
xdpyinfo:1.0
version:1.0
number:1.6931471805599454
11.0:1.0
vendor:1.6931471805599454
string:1.0
mit:1.0
consortium:1.0
release:1.0
5000:1.0
dimensions:1.0
pixels:1.0
348x272:1.0
millimeters:1.0
85x85:1.0
dots:1.0
per:1.0
xset:1.0
q:1.0
usr/lib/x11/fonts/misc:1.0
usr/lib/x11/fonts/speedo:1.0
usr/lib/x11/fonts/100dpi:1.0
usr/lib/x11/fonts/75dpi:1.0
thanks:1.0
bob:1.0
415:1.0
506-2189:1.0
architect:1.0
technology:1.0
group:1.0
division:1.0
oracle:1.0
corporation:1.0
redwood:1.0
shores:1.0
ca:1.0
94065:1.0
