wilfred.hansen:1.0
cs.cmu.edu:1.0
subject:1.0
andrew:2.09861228866811
view:1.6931471805599454
v:1.0
2:1.0
1:1.0
latest:1.0
issue:1.0
newsletter:1.6931471805599454
consortium:1.0
available:1.0
simplest:1.0
way:1.0
get:1.0
via:1.0
ftp:1.0
emsworth.andrew.cmu.edu:1.0
128.2.45.40:1.0
directory:1.0
newsletters:1.0
subdirectories:1.0
ascii:1.0
postscript:1.0
contain:1.0
formats:1.0
requested:1.0
past:1.0
receive:1.0
email:1.0
copy:1.0
may:1.0
request:1.6931471805599454
placed:1.0
mailing:1.0
list:1.0
sending:1.0
info-andrew-request:1.0
andrew.cmu.edu:1.0
fred:1.0
hansen:1.0
