slayer:1.6931471805599454
b64743.student.cwru.edu:1.6931471805599454
chad:1.6931471805599454
dougherty:1.6931471805599454
subject:1.0
netvis:1.0
xfree86:1.0
tv:1.0
sucks:1.0
case:1.0
western:1.0
reserve:1.0
univ:1.0
know:1.0
youre:1.0
upset:1.0
right:1.0
boy:1.0
crd6:1.0
po.cwru.edu:1.0
ill:1.0
pretend:1.0
didnt:1.0
say:1.0
homer:1.0
simpson:1.0
bart:1.0
