min:1.6931471805599454
stella.skku.ac.kr:1.6931471805599454
subject:1.0
none:1.0
x02ubject:1.0
subscrive:1.0
please:1.0
subscribe:1.0
e-mail:1.0
