deepak:2.09861228866811
expert.cc.purdue.edu:1.0
mulchandani:1.0
subject:1.0
redirecting:1.0
stdout/stderr:1.0
program:2.09861228866811
hi:1.0
anyone:1.6931471805599454
know:1.0
redirect:1.0
stdout:1.0
stderr:1.0
callback:1.0
function:1.0
x:1.0
fork:1.0
child:1.0
process:1.0
guess:1.0
cant:1.0
use:1.0
pipes:1.0
help:1.0
thanks:1.0
