bamboroughp:1.6931471805599454
logica.co.uk:1.6931471805599454
subject:1.0
wanted:1.6931471805599454
rolling:1.6931471805599454
demo:1.0
creator:1.0
produce:1.0
demonstration:1.0
x:1.6931471805599454
window/motif:1.0
software:1.6931471805599454
anybody:1.0
know:1.0
public:1.0
domain:1.0
record/playback:1.0
window:1.0
events:1.0
similar:1.0
thanks:1.0
advance:1.0
paul:1.0
bamborough:1.0
must:1.0
protest:1.0
captain:1.0
merry:1.0
man:1.0
worf:1.0
sttng:1.0
