jessea:2.09861228866811
u013.me.vp.com:1.0
jesse:1.6931471805599454
w:1.6931471805599454
asher:1.6931471805599454
subject:1.0
xw:2.09861228866811
widget:1.6931471805599454
set:1.6931471805599454
ported:1.6931471805599454
x11r5:1.6931471805599454
im:1.6931471805599454
trying:1.0
compile:1.0
xftp:1.6931471805599454
uses:1.0
problems:1.0
using:1.0
motif:1.0
seems:1.0
version:1.0
stuff:1.0
r3:1.0
patches:1.0
port:2.09861228866811
r5:1.6931471805599454
newer:1.6931471805599454
altogether:1.0
perhaps:1.0
use:1.0
thanks:1.0
advance:1.0
901:1.0
762-6000:1.0
varco-pruden:1.0
buildings:1.0
6000:1.0
poplar:1.0
ave:1.0
suite:1.0
400:1.0
memphis:1.0
tn:1.0
38119:1.0
internet:1.0
vpbuild.vp.com:1.0
uucp:1.0
vpbuild:1.0
