joe:2.791759469228055
islandsw.com:1.6931471805599454
mcguckin:1.6931471805599454
subject:1.0
vitex:1.0
rasterflex32:1.0
experience:1.6931471805599454
im:1.0
going:1.0
purchasing:1.0
one:1.0
soom:1.0
ss2:1.0
anyone:1.0
card:1.0
positive:1.0
negative:1.0
comments:1.0
welcome:1.0
please:1.0
respond:1.0
immediately:1.0
thanks:1.0
island:1.0
software:1.0
oilean:1.0
sgi.com:1.0
415:1.0
969-5453:1.0
