jim:2.09861228866811
ennis:1.6931471805599454
ucf1vm.bitnet:1.0
subject:1.0
hummingbird:1.6931471805599454
software:1.6931471805599454
query:1.0
hello:1.0
considering:1.0
buying:1.0
x-windows:1.0
ms-windows:1.0
3.1:1.0
pc:1.0
386-40mhz:1.0
ne2000:1.0
ethernet:1.0
board:1.0
would:1.0
anyone:1.0
tell:1.0
using:1.0
package:1.0
similar:1.0
environment:1.0
happy:1.0
connecting:1.0
sun:1.6931471805599454
sparcstation:1.0
10:1.0
running:1.0
os:1.0
4.1.3:1.0
thanks:1.0
much:1.0
university:1.0
central:1.0
florida:1.0
