thomas_richard_stevenson:1.0
mts.cc.wayne.edu:1.0
thomas:1.0
r:1.0
stevenson:1.0
subject:1.0
xcomm:2.09861228866811
imakefile:1.0
files:1.0
ive:1.0
installed:1.0
many:1.6931471805599454
x:1.0
apps:1.0
imakefiles:1.0
lines:2.386294361119891
startingwith:1.0
xmkmf:1.0
create:1.0
makefile:1.6931471805599454
also:1.0
comment:1.0
always:1.0
edit:1.0
make:1.6931471805599454
command:1.6931471805599454
barfs:1.0
wondering:1.0
might:1.0
wrong:1.0
causes:1.0
dislike:1.0
thanks:1.0
