amir:2.6094379124341005
matis.ingr.com:1.6931471805599454
j:1.6931471805599454
katz:1.6931471805599454
subject:1.0
xv:1.6931471805599454
3.0:1.0
author:1.6931471805599454
vacation:1.6931471805599454
till:1.6931471805599454
may:1.6931471805599454
10:1.6931471805599454
people:1.0
flaming:1.0
john:1.0
bradley:1.0
hes:1.0
15:1.0
dont:1.0
remember:1.0
maybe:1.0
slow:1.0
wait:1.0
hear:1.0
side:1.0
wrt:1.0
copyrights:1.0
fees:1.0
etc:1.0
ingr:1.0
matis:1.0
system:1.0
specialist:1.0
voice:1.0
972:1.6931471805599454
52-584684:1.0
see:1.0
technologies:1.0
ltd:1.0
fax:1.0
52-543917:1.0
boldly:1.0
go:1.0
one:1.0
hacked:1.0
