axel:2.386294361119891
hpcvlx:1.0
deininger:1.0
subject:1.0
x:2.386294361119891
meta:1.0
file:1.6931471805599454
anyone:1.0
hi:1.0
im:1.0
working:1.0
project:1.0
involves:1.0
storing:1.0
applications:1.0
rendering:1.0
display:1.0
playing:1.0
back:1.6931471805599454
rather:1.0
reinvent:1.0
wheel:1.0
like:1.0
find:1.0
format:1.0
saving:1.0
protocol:1.0
software:1.0
saves:1.0
replays:1.0
session:1.0
ideas:1.0
ive:1.0
heard:1.0
version:1.0
xscope:1.0
save:1.0
replay:1.0
sessions:1.0
id:1.0
willing:1.0
share:1.0
much:1.0
code:1.0
develop:1.0
community:1.0
cv.hp.com:1.0
