changj:1.0
qucdn.queensu.ca:1.0
subject:1.0
tn3270:1.6931471805599454
support:1.6931471805599454
xterm:1.6931471805599454
program:1.0
dont:1.0
like:1.0
x3270:1.0
cant:1.0
copy:1.0
windows:1.0
thanks:1.0
