dcr:1.6931471805599454
mail.ast.cam.ac.uk:1.6931471805599454
derek:2.09861228866811
c:1.6931471805599454
richardson:1.6931471805599454
subject:1.0
xview:1.6931471805599454
3.0:1.0
question:1.6931471805599454
yet:1.0
another:1.0
easy:1.0
way:1.6931471805599454
detecting:1.0
user:1.0
resized:1.0
frame:1.6931471805599454
externally:1.0
window:1.0
manager:1.0
e.g:1.0
grabbing:1.0
letting:1.0
go:1.0
resize:1.0
corners:1.0
olwm:1.0
please:1.0
let:1.0
know:1.0
tel:1.0
0223:1.6931471805599454
337548:1.0
x:1.0
37501:1.0
institute:1.0
astronomy:1.0
fax:1.0
337523:1.0
cambridge:1.0
u.k:1.0
cb3:1.0
0ha:1.0
e-mail:1.0
