graeme:2.09861228866811
labtam.labtam.oz.au:1.0
gill:1.6931471805599454
subject:1.0
xv:2.09861228866811
3.00:1.0
escaped:1.0
article:1.0
46464:1.0
sophia.inria.fr:1.0
muller:1.6931471805599454
mafalda.inria.fr:1.0
christophe:1.0
writes:1.0
anyway:1.0
simulog:1.0
abandon:1.0
using:1.0
mostly:1.0
slide:1.0
shows:1.0
loop:1.0
feature:1.0
display:1.6931471805599454
wonderful:1.0
imagemagick:1.0
package:1.0
think:1.0
implement:1.0
even:1.0
shell-script:1.0
job:1.0
forget:1.0
xli:1.0
xloadimage:1.0
goto:1.0
flag:1.0
