qizeng:1.0
acsu.buffalo.edu:1.0
qi:1.0
zeng:2.09861228866811
subject:1.0
source:2.09861228866811
code:2.09861228866811
x:1.6931471805599454
dear:1.0
netters:1.0
could:1.0
mail:1.0
book:1.0
advanced:1.0
window:1.0
application:1.0
programming:1.0
johnson:1.0
reichard:1.0
need:1.0
ask:1.0
thank:1.0
much:1.0
sincerely:1.0
qiyong:1.6931471805599454
suny:1.0
buffulo:1.0
