cornhead:1.6931471805599454
netcom.com:1.0
jeff:1.0
miller:1.0
subject:1.0
oreilly:1.6931471805599454
x:2.09861228866811
adobe:1.6931471805599454
pscript:1.0
sun:1.6931471805599454
openlook:2.09861228866811
books:2.791759469228055
cheap:1.0
brand:1.0
new:1.0
copies:1.0
following:1.0
sale:1.0
down-rev:1.0
dont:1.0
know:1.0
much:1.0
look:1.0
pages:3.1972245773362196
copyright:1.0
date:1.0
etc:1.0
clues:1.0
postscript:1.6931471805599454
language:1.6931471805599454
reference:2.09861228866811
manual:2.6094379124341005
sys:1.0
inc:1.0
addison-wesley:1.0
copyr:2.09861228866811
1986:1.0
printed:1.0
1990:1.6931471805599454
299:1.0
22.95:1.0
tutorial:1.0
cookbook:1.0
243:1.0
16.95:1.0
ill:2.386294361119891
sell:2.09861228866811
two:1.6931471805599454
set:2.09861228866811
15:1.6931471805599454
postage:1.0
paid:1.0
w/in:2.09861228866811
us:2.09861228866811
gui:1.6931471805599454
functional:1.0
specification:1.0
micro:1.0
addison-w:1.0
1989:1.0
564:1.0
34.95:2.09861228866811
application:1.0
style:1.0
guidelines:1.0
388:1.0
24.95:1.0
ppd:1.6931471805599454
associates:1.0
definitive:1.0
guides:1.0
window:1.0
system:1.0
version:1.0
11:1.0
revised:1.0
updated:1.0
release:1.0
4:1.0
vol:2.386294361119891
0:1.0
protocol:1.0
498:1.0
30:1.6931471805599454
1:1.0
xlib:1.6931471805599454
programming:1.6931471805599454
672:1.0
2:1.0
792:1.0
7:1.0
xview:1.0
640:1.0
four:1.0
35:1.0
due:1.0
high:1.0
hassle:1.0
ratio:1.0
asking:1.0
pre-payment:1.0
check:1.0
queing:1.0
cashing:1.0
packing:1.0
shipping:1.0
prepared:1.0
wait:1.0
3:1.0
weeks:1.0
show:1.0
youd:1.0
like:1.0
pick:1.0
live:1.0
san:1.0
francisco:1.0
prices:1.0
though:1.0
e-mail:1.0
interested:1.0
thanks:1.0
