perrot:2.6094379124341005
grbb.polymtl.ca:1.6931471805599454
gildas:1.6931471805599454
subject:1.0
installing:1.0
xdbx:1.6931471805599454
v2.1.2:1.6931471805599454
sgi:1.6931471805599454
anyone:1.0
install:1.0
workstation:1.0
thanks:1.0
answer.gildas:1.0
associe:1.0
de:1.6931471805599454
recherche:1.0
ecole:1.0
polytechnique:1.0
institut:1.0
genie:1.0
biomedical:1.0
c.p:1.0
6079:1.0
succ:1.0
e-mail:1.0
montreal:1.0
h3c3a7:1.0
canada:1.0
tel:1.0
514:1.6931471805599454
340-4183:1.0
fax:1.0
340-4611:1.0
