smn:1.6931471805599454
netcom.com:1.6931471805599454
subodh:1.6931471805599454
nijsure:1.0
subject:1.0
scaling:1.6931471805599454
fonts:1.6931471805599454
x:1.6931471805599454
x/motif:1.0
gurus:1.0
handling:1.0
text:1.0
performing:1.0
zooming:1.0
operations:1.0
figures:1.0
restricting:1.0
user:1.0
select:1.0
scalable:1.0
restrictive:1.0
absolute:1.0
books:1.0
discussion:1.0
topic:1.0
really:1.0
taken:1.0
computer:1.0
graphics:1.0
courses:1.0
late:1.0
summarize:1.0
response:1.0
thanks:1.0
advance:1.0
