mahan:2.386294361119891
tgv.com:1.6931471805599454
patrick:1.6931471805599454
l:1.6931471805599454
subject:1.0
remote:2.09861228866811
x:1.0
across:1.0
tcpip:1.6931471805599454
decnet:2.386294361119891
anyone:1.6931471805599454
know:1.6931471805599454
following:1.0
possible:1.6931471805599454
go:1.0
want:1.0
able:1.0
display:1.6931471805599454
x11:1.6931471805599454
applications:1.0
vaxstation:2.09861228866811
2000:1.6931471805599454
internet:2.791759469228055
node:2.386294361119891
problem:1.0
comes:1.6931471805599454
isnt:1.0
connected:2.09861228866811
directly:1.0
via:1.6931471805599454
connection:1.0
get:1.0
use:1.0
local:1.0
send:1.0
machine:1.0
running:1.6931471805599454
vms:1.0
obtain:1.0
multinet:1.6931471805599454
tcp/ip:1.0
gateway:1.0
tgv:1.0
window:1.0
washer:1.0
waking:1.0
person:1.0
unnecessarily:1.0
considered:1.0
lazarus:1.6931471805599454
long:1.6931471805599454
capital:1.0
crime:1.0
first:1.0
offense:1.0
notebooks:1.0
