yonglong:2.09861228866811
ipi.uni-hannover.de:1.0
xu:1.6931471805599454
5556:1.0
subject:1.0
help:1.6931471805599454
wanted:1.0
display:1.6931471805599454
stereo:1.6931471805599454
images:1.6931471805599454
gt-accelerator:1.6931471805599454
hi:1.0
friends:1.0
sparc:1.0
workstation:1.0
equippied:1.0
want:1.0
use:1.0
accelerator:1.0
double:1.0
buffers:1.6931471805599454
access:1.0
switch:1.0
functions:1.6931471805599454
xgl:1.0
phigs:1.0
xlib:1.0
xlib-extension:1.0
highly:1.0
appreciated:1.0
uni:1.0
hannover:1.0
10.5.93:1.0
