osvaldo:2.386294361119891
ipgaix.unipg.it:1.0
gervasi:1.6931471805599454
subject:1.0
public:1.6931471805599454
domain:1.6931471805599454
low:1.6931471805599454
price:1.6931471805599454
case:1.6931471805599454
rs6000:1.0
looking:1.0
running:1.0
aix/6000:1.0
3.2:1.0
and/or:2.09861228866811
solaris:1.0
1.1:1.0
sun/os:1.0
3.1:1.0
x/motif:1.0
x/openlook:1.0
im:1.0
regular:1.0
follower:1.0
groups:1.0
would:1.0
prefer:1.0
answer:1.0
e-mail:1.0
thanks:1.0
advance:1.0
regards:1.0
centro:1.0
di:1.6931471805599454
calcolo:1.0
universita:1.6931471805599454
degli:1.0
studi:1.0
perugia:1.6931471805599454
piazza:1.0
2:1.0
i06100:1.0
