pramod:2.09861228866811
stein.u.washington.edu:1.0
mahadev:1.0
subject:1.0
problem:1.0
r4:1.0
release:1.0
ld:1.0
unidentified:1.0
external:1.0
symbol:1.0
get_wmshellwidgetclass:1.0
get_applicationshellwidgetclass:1.0
use:1.0
lxaw:1.0
lxmu:1.0
lxext:1.0
lx11:1.0
lxt:1.0
order:1.6931471805599454
proper:1.0
wondering:1.0
changes:1.0
link:1.0
libraries:1.6931471805599454
include:1.0
help:1.0
matter:1.0
useful:1.0
highly:1.0
appreciated:1.0
thanks:1.0
