ls116:1.6931471805599454
cunixa.cc.columbia.edu:1.6931471805599454
lei:1.6931471805599454
shao:1.6931471805599454
subject:1.0
error:2.09861228866811
building:1.0
x11r5:1.6931471805599454
xdm:1.6931471805599454
hi:1.0
im:1.0
trying:1.0
build:1.0
mit:1.0
core:1.0
distribution:1.0
sparcstation:1.0
running:1.0
sunos:1.0
4.1.1:1.0
thing:1.0
change:1.0
projectroot:1.0
site.def:1.0
make:1.0
world:1.0
process:1.6931471805599454
goes:1.0
cc:1.0
get:1.0
following:1.0
ld:1.0
undefined:1.0
symbol:1.0
c0095a2a:1.0
code:1.0
2:1.0
continues:1.0
finish:1.0
anybody:1.0
know:1.0
whats:1.0
wrong:1.0
thanx:1.0
info:1.0
