dbld:1.0
oz.plymouth.edu:1.0
d^2:1.0
subject:1.0
xwd:1.6931471805599454
color:1.0
anyone:1.0
able:1.0
get:1.6931471805599454
dump:1.0
anything:1.0
black:1.6931471805599454
white:1.0
text:1.0
window:1.0
borders:1.0
tried:1.0
xy:1.0
option:1.0
didnt:1.0
know:1.0
still:1.0
effect:1.0
help:1.0
matter:1.0
would:1.0
greatly:1.0
appreciated:1.0
