naoumov:1.6931471805599454
physics.unc.edu:1.0
sergei:1.0
subject:1.0
twm:2.09861228866811
hey:1.0
guys:1.0
run:1.6931471805599454
would:2.09861228866811
like:1.6931471805599454
execute:1.0
program:1.6931471805599454
leaving:1.0
words:1.0
f.quit:1.0
possible:1.0
make:1.0
menu:1.0
section:1.0
contain:1.0
two:1.0
parts:1.0
thanks:1.0
advance:1.0
serge:1.6931471805599454
gluttony.astro.unc.edu:1.0
