schwarte:2.09861228866811
beethoven.cs.colostate.edu:1.0
eric:1.6931471805599454
schwartz:1.0
subject:1.0
looking:1.6931471805599454
x:1.0
windows:1.0
pc:1.0
check:1.0
program:1.0
called:1.0
pc-xview:1.0
ive:1.0
used:1.0
tell:1.0
exactly:1.0
youre:1.0
last:1.0
checked:1.0
able:1.0
find:1.0
160:1.0
copy:1.0
cs.colostate.edu:1.0
course:1.0
im:1.0
certain:1.0
heisenberg:1.0
lamar.colostate.edu:1.0
hadnt:1.0
single:1.0
redeeming:1.0
vice:1.0
bob:1.0
barker:1.0
go:1.0
oscar:1.0
wilde:1.0
watch:1.0
vanna:1.0
white:1.0
wasting:1.0
time:1.0
important:1.0
part:1.0
living:1.0
