gdmr:1.6931471805599454
dcs.ed.ac.uk:1.6931471805599454
george:1.6931471805599454
ross:1.6931471805599454
subject:1.0
twm:1.6931471805599454
greyscale:1.0
distributed:1.0
thinks:1.0
everything:1.0
three:1.0
colormap:1.0
cells:1.0
must:1.0
colour:1.0
screen:1.0
heres:1.0
patch:1.0
use:1.0
screens:1.0
visual:1.6931471805599454
class:1.6931471805599454
twm.c.distwed:1.0
may:1.6931471805599454
12:1.6931471805599454
14:56:55:1.0
1993:1.6931471805599454
twm.cwed:1.0
15:47:53:1.0
343,352:1.0
343,384:1.0
scr:3.0794415416798357
xorvalue:1.0
unsigned:1.0
long:1.0
1:2.09861228866811
d_depth:1.0
ifdef:1.0
oldcode:1.0
displaycells:1.0
dpy:2.09861228866811
scrnum:2.09861228866811
3:1.0
monochrome:3.0794415416798357
else:2.09861228866811
color:1.6931471805599454
xvisualinfo:1.6931471805599454
template:1.6931471805599454
visualinfo:2.09861228866811
int:1.0
nitems:2.386294361119891
template.visual:1.6931471805599454
defaultvisual:1.0
template.visualid:1.0
xvisualidfromvisual:1.0
template.screen:1.0
xgetvisualinfo:1.0
visualidmask|visualscreenmask:1.0
switch:1.0
case:2.386294361119891
staticcolor:1.0
pseudocolor:1.0
truecolor:1.0
directcolor:1.0
break:1.6931471805599454
default:1.6931471805599454
void:1.0
fprintf:1.0
stderr:1.0
match:1.0
es:1.0
assuming:1.0
mono:1.0
assume:1.0
endif:1.0
setup:1.0
colors:1.0
firsttime:1.0
true:1.0
department:1.0
computer:1.0
science:1.0
university:1.0
edinburgh:1.6931471805599454
kings:1.0
buildings:1.0
mayfield:1.0
road:1.0
scotland:1.0
eh9:1.0
3jz:1.0
mail:1.0
voice:1.0
031-650:1.0
5147:1.0
fax:1.0
031-667:1.0
7209:1.0
