barmar:2.09861228866811
think.com:1.6931471805599454
barry:1.6931471805599454
margolin:1.6931471805599454
subject:1.0
twm:2.386294361119891
article:1.0
1993may12.161857.29950:1.0
samba.oit.unc.edu:1.0
naoumov:1.6931471805599454
physics.unc.edu:1.0
sergei:1.0
writes:1.0
run:1.6931471805599454
would:2.09861228866811
like:1.6931471805599454
execute:2.09861228866811
program:1.6931471805599454
leaving:1.0
words:1.0
f.quit:1.6931471805599454
possible:1.0
make:1.0
menu:1.6931471805599454
section:1.0
contain:1.0
two:1.0
parts:1.0
definition:1.0
put:1.0
quit:2.09861228866811
f.function:1.0
define:1.0
function:1.0
some_program:1.0
system:1.0
manager:1.0
thinking:1.0
machines:1.0
corp:1.0
uunet:1.0
harvard:1.0
think:1.0
