farrow:2.386294361119891
ucsu.colorado.edu:1.0
j:1.6931471805599454
scott:2.09861228866811
subject:1.0
looking:1.0
x:1.6931471805599454
windows:1.0
pc:1.0
mark:2.791759469228055
taylor.uucp:1.6931471805599454
davis:1.6931471805599454
writes:1.6931471805599454
markw:1.0
pspmf3.gpsemi.com:1.0
wilkinson:1.0
ext:1.0
3443:1.0
performance:2.6094379124341005
suck:1.0
lemons:1.0
running:1.6931471805599454
xserver:1.0
clone:2.09861228866811
experience:1.0
would:1.6931471805599454
much:1.6931471805599454
better:2.386294361119891
xterminal:1.6931471805599454
new:1.0
install:1.6931471805599454
least:1.0
four:1.0
times:1.0
addition:1.0
easier:1.0
use:1.0
top:1.0
cost:1.0
price:1.0
4mb:1.6931471805599454
ram:1.6931471805599454
ethernet:1.0
card:1.6931471805599454
high:1.0
graphics:1.0
good:1.0
monitor:1.0
server:1.6931471805599454
software:1.6931471805599454
tcp/ip:1.0
mouse:1.0
keyboard:1.0
etc:2.09861228866811
spend:1.0
whole:1.0
lot:1.6931471805599454
get:1.0
15:1.0
tektronix:1.0
xp11:1.0
terminals:1.0
900:1.6931471805599454
80000:1.0
xstones:1.0
lake:1.0
taylor:1.6931471805599454
hospital:1.0
norfolk:1.0
va:1.0
804:1.0
461-5001x431:1.0
sys.administrator:1.0
computer:1.0
services:1.6931471805599454
think:1.0
depend:1.0
upon:1.0
im:1.0
linux:1.6931471805599454
xfree86:1.0
33mhz:1.0
486dx:1.0
8mb:1.0
swap:1.0
runs:1.0
fine:1.0
crappy:1.0
old:1.0
xterminals:1.0
labs:1.0
school:1.0
anyway:1.0
could:1.0
probably:1.0
outfit:1.0
386sx:1.0
minimal:1.0
linux/x:1.0
setup:1.0
imho:1.0
student:1.0
sysadmin/programmer:1.0
university:1.0
colorado:1.6931471805599454
computing:1.0
network:1.0
boulder:1.0
usa:1.0
phone:1.0
303:1.0
492-4428:1.0
internet:1.0
spot.colorado.edu:1.0
users:1.0
free:1.0
