mvalente:1.6931471805599454
draco.lnec.pt:1.0
subject:1.0
none:1.0
mail:1.0
relay:1.0
hi:1.0
people:1.0
im:1.0
looking:1.0
x:1.0
servers:1.0
dos:1.0
windows:1.0
ive:1.0
already:1.0
seen:1.0
desqview/x:1.0
xvision:1.0
id:1.0
like:1.0
aware:1.0
choices:1.0
anything:1.6931471805599454
public:1.0
domain:1.0
shareware:1.0
commercial:1.0
area:1.0
aggressive:1.0
pricing:1.0
incompatibilities:1.0
window:1.0
managers:1.0
info:1.0
welcome:1.0
thanx:1.0
advance:1.0
c:1.0
u:1.0
e:1.0
mario:1.0
valente:1.0
