pngai:1.0
adobe.com:1.0
phil:1.0
ngai:1.0
subject:1.0
looking:1.0
x:1.0
windows:1.0
pc:1.0
article:1.0
1993may12.170631.18675:1.0
qdeck.com:1.6931471805599454
support:1.6931471805599454
technical:1.0
writes:1.0
may:1.0
humbly:1.0
suggest:1.0
desqview/x:1.0
course:1.0
im:1.0
biased:1.0
weird:1.0
oddball:1.0
one:1.0
kind:1.0
video:1.0
card:1.0
orchid:1.0
fahrenheit:1.0
get:1.0
run:1.0
640x480:1.0
dvx:1.0
least:1.0
dont:1.0
worry:1.0
straining:1.0
eyes:1.0
super:1.0
vga:1.0
stuff:1.0
