olav:2.09861228866811
nordic-offshore.no:2.09861228866811
jan-olav:2.09861228866811
eide:2.09861228866811
subject:1.0
ics:1.6931471805599454
widget:1.6931471805599454
data:1.6931471805599454
book:1.6931471805599454
anyone:1.0
know:1.0
obtain:1.0
information:1.6931471805599454
email:2.09861228866811
address:1.0
dont:2.09861228866811
seem:1.0
reading:1.0
replying:1.0
mail:2.09861228866811
software:1.6931471805599454
engineer:1.6931471805599454
systems:2.386294361119891
administrator:1.6931471805599454
snail:1.6931471805599454
nordic:1.6931471805599454
offshore:1.6931471805599454
drilling:1.0
services:1.0
voice:1.0
ringsveien:1.0
3:1.0
box:1.0
185:1.0
47:1.6931471805599454
67125580:1.0
ext:1.0
211:1.0
1321:1.0
stabekk:1.0
fax:1.0
norway:1.0
67125401:1.0
believe:1.6931471805599454
astrology:1.6931471805599454
im:1.0
capricorn:1.0
capricorns:1.0
