pannon:2.386294361119891
bcsfse.ca.boeing.com:1.6931471805599454
joe:1.6931471805599454
subject:1.0
geometry:1.0
font:2.09861228866811
units:2.386294361119891
place:1.0
pixels:1.0
planning:1.0
convert:1.0
motif:1.0
1.2:1.0
app:1.0
pixel:1.6931471805599454
would:1.0
set:1.0
apps:1.0
resource:1.6931471805599454
file:1.6931471805599454
instead:1.0
hard:1.0
coded:1.0
program:1.6931471805599454
however:1.0
word:1.0
people:1.6931471805599454
tried:1.0
already:1.0
unknown:1.0
reason:1.0
xmform:1.0
offsets:1.0
placed:1.0
still:1.0
interpreted:1.0
forcing:1.0
code:1.0
offset:1.0
somebody:1.0
confirm:1.0
thanks:1.0
