mufti:2.386294361119891
plsparc.uucp:1.0
saad:1.6931471805599454
subject:1.6931471805599454
tool:2.09861228866811
convert:1.0
gif:1.0
file:1.0
xpm:1.0
pixmap:1.0
format:1.0
need:1.0
described:1.0
line:1.0
available:1.0
via:1.0
ftp:1.0
id:1.0
appreciate:1.0
someone:1.0
could:1.0
e-mail:1.6931471805599454
location:1.0
pathname:1.0
thanks:1.0
personal:1.0
library:1.0
software:1.0
pls.com:1.0
