vadi:2.09861228866811
csi.com:1.6931471805599454
vadivelu:1.0
elumalai:1.0
subject:1.0
x:2.09861228866811
screen:2.791759469228055
saver:2.09861228866811
hi:1.0
question:1.0
directly:1.0
related:1.0
blank:1.6931471805599454
idle:2.09861228866811
time:1.6931471805599454
dont:1.0
want:1.0
go:1.0
get:1.0
locked:1.0
call:2.09861228866811
xlock:1.0
program:1.6931471805599454
parallel:1.0
xsetscreensaver:1.0
locks:1.0
lock:1.0
certain:1.0
amount:1.0
way:1.0
find:1.0
long:1.0
server:1.0
thanks:1.0
