ptm:1.6931471805599454
xact.demon.co.uk:1.6931471805599454
paul:1.6931471805599454
thomas:1.0
mahoney:1.6931471805599454
subject:1.0
uimx:1.0
motif:1.0
application:1.0
generator:1.0
thanks:1.0
responses:1.0
ive:1.0
made:1.0
contact:1.0
uk:1.0
distributor:1.0
x-act:1.0
solutions:1.0
limited:1.0
smail:1.0
20:1.0
shipley:1.0
lane:1.0
cooden:1.0
bexhill-on-sea:1.0
east:1.0
sussex:1.0
tn39:1.0
3sr:1.0
email:1.0
pmahoney:1.0
cix.compulink.co.uk:1.0
phone:1.0
44:1.0
424:1.0
846368:1.0
