stu_jwshelby:1.6931471805599454
vax1.acs.jmu.edu:1.6931471805599454
joseph:1.0
w:1.0
shelby:1.6931471805599454
subject:1.0
xdec:1.6931471805599454
x11r5:1.6931471805599454
server:2.09861228866811
decstation:1.6931471805599454
5000/2:1.0
0|5:1.0
sans:1.0
decnet:1.6931471805599454
anybody:1.0
built:1.0
run:1.0
personal:1.6931471805599454
5000:1.0
line:1.0
ultrix:1.0
4.3:1.0
catch:1.0
machines:1.0
install:1.0
onto:1.0
gatekeeper:1.0
requires:1.0
replies:1.0
welcome:1.0
joe:1.0
