rrk:1.6931471805599454
bones.et.byu.edu:2.09861228866811
robin:2.09861228866811
kinzy:2.09861228866811
subject:1.0
resource:2.09861228866811
listing:1.0
x11r5:1.6931471805599454
anyone:1.0
know:1.0
source:1.0
book:1.0
file:1.0
etc:1.0
standard:1.0
names:1.0
small:1.0
description:1.0
would:1.6931471805599454
also:1.0
helpful:1.0
vital:1.0
help:1.0
direction:1.0
go:1.0
greatly:1.0
appreciated:1.0
thanks:1.0
office:1.0
home:1.0
brigham:1.6931471805599454
young:1.6931471805599454
university:1.6931471805599454
college:1.6931471805599454
engineering:1.6931471805599454
technology:1.6931471805599454
r:1.0
270:1.0
clyde:1.0
building:1.0
1080:1.0
e:1.0
700:1.0
n:1.0
provo:1.6931471805599454
ut:1.6931471805599454
84602:1.0
84606:1.0
phone:1.6931471805599454
801:1.6931471805599454
378-7206:1.0
373-4657:1.0
email:1.6931471805599454
bruce:1.0
owen:1.0
lee:1.6931471805599454
pay:1.0
price:1.0
count:1.0
cost:1.0
rush:1.0
