hasty:2.6094379124341005
netcom.com:1.6931471805599454
amancio:2.09861228866811
jr:1.0
subject:1.0
looking:1.0
x:2.386294361119891
windows:1.0
pc:1.0
article:1.0
1993may13.132845.21867:1.0
taylor.uucp:2.09861228866811
mark:2.6094379124341005
davis:1.6931471805599454
writes:2.386294361119891
farrow:1.6931471805599454
ucsu.colorado.edu:1.0
j:1.0
scott:1.0
markw:1.0
pspmf3.gpsemi.com:1.0
wilkinson:1.0
ext:1.0
3443:1.0
performance:2.386294361119891
suck:1.0
lemons:1.0
running:2.386294361119891
xserver:1.0
clone:1.6931471805599454
almost:1.0
name:1.0
generating:1.0
91k:1.0
xstones:2.386294361119891
486/33mhz:1.0
system:1.6931471805599454
get:2.09861228866811
15:1.0
tektronix:1.0
xp11:1.0
terminals:1.0
900:1.0
80000:1.0
im:1.0
linux:1.0
xfree86:1.0
33mhz:1.0
486dx:1.0
4mb:1.0
ram:1.0
8mb:1.6931471805599454
swap:1.0
runs:1.0
fine:1.0
lot:1.0
better:1.0
crappy:1.0
old:1.0
xterminals:1.0
labs:1.0
school:1.0
anyway:1.0
come:1.0
even:1.0
close:1.0
xp10:1.6931471805599454
series:1.6931471805599454
plus:1.0
excuse:1.0
486/50:1.0
256k:1.0
cache:1.0
s3:1.6931471805599454
928:1.6931471805599454
isa:1.0
card:1.0
xs3:1.0
x11r5:1.0
386bsd:1.6931471805599454
100k:1.0
1024x768:1.0
65mhz:1.0
doubt:1.0
gets:1.0
commerical:1.0
verions:1.0
servers:1.6931471805599454
cards:1.0
136k:1.0
additionally:1.0
since:1.0
unix:1.0
multiple:1.0
users:1.0
use:1.0
done:1.0
home:1.6931471805599454
setup:1.0
maintenance:1.0
minimal:1.0
read:1.0
readme:1.0
files:1.0
message:1.0
brought:1.0
letters:1.0
number:1.0
3:1.0
415:1.0
495-3046:1.0
ftp-site:1.0
depository:1.0
work:1.0
e-mail:1.0
sunvis.rtpnc.epa.gov:1.0
pub/386bsd/incoming:1.0
