d91-jda:1.6931471805599454
themsen.nada.kth.se:1.0
johan:1.6931471805599454
danielsson:1.6931471805599454
subject:1.0
copyrights:1.0
always:1.0
zillion:1.0
lawyers:1.0
get:1.6931471805599454
paid:1.0
well:2.09861228866811
enough:1.0
sue:1.0
brains:1.0
gosh:1.0
cant:1.0
anyone:1.0
send:1.6931471805599454
another:1.0
planet:1.0
maybe:1.0
would:1.6931471805599454
better:1.0
apple:1.0
microsoft:1.0
others:1.0
way:1.0
rid:1.0
terrible:1.0
products:1.0
nada.kth.se:1.0
drag-n-drop-dead:1.0
