maddox:1.6931471805599454
bose.com:1.0
john:1.0
subject:1.0
color:1.6931471805599454
tektronics:1.6931471805599454
term:1.0
emulation:1.0
anyone:1.0
know:1.0
x-based:1.0
terminal:1.6931471805599454
emulator:1.0
emulate:1.0
graphics:1.0
tek:1.6931471805599454
4105:1.0
4107:1.0
etc:1.0
