arshad:2.6094379124341005
siesoft.co.uk:1.0
mahmood:1.6931471805599454
subject:1.0
monitor:2.9459101490553135
freq:1.0
requirment:1.0
xfree86:2.791759469228055
repost:1.0
need:1.0
advice:1.0
regarding:1.0
use:1.6931471805599454
et4000:1.0
based:1.0
graphic:1.0
card:1.6931471805599454
1:1.0
meg:1.0
memory:1.0
know:1.0
supported:1.0
friend:1.0
mine:1.0
one:1.0
pc:1.0
17:1.0
colour:1.0
capable:1.0
displaying:1.0
1280x1024:1.0
resolution:1.6931471805599454
cant:1.0
afford:1.0
kind:1.6931471805599454
expensive:1.0
heard:1.0
somewhere:1.0
requires:1.0
multisync:1.0
minimum:1.0
horizontal:1.6931471805599454
scan:1.6931471805599454
frequency:1.6931471805599454
60khz:1.0
true:1.0
would:1.0
like:1.0
800x600:1.0
256:1.0
colours:1.0
thinking:1.0
buying:1.0
cheap:1.6931471805599454
14:1.6931471805599454
svga:1.6931471805599454
interlaced:1.0
monitors:1.0
maximum:1.0
38khz:1.0
work:1.0
please:1.0
reply:1.0
email:1.6931471805599454
thaks:1.0
advance:1.0
tel:1.0
0344:1.6931471805599454
850987:1.0
siemens:1.6931471805599454
nixdorf:1.6931471805599454
information:1.0
systems:1.0
limited:1.0
fax:1.0
850096:1.0
house:1.0
sni.co.uk:1.0
oldbury:1.0
bracknell:1.0
berkshire:1.0
rg12:1.0
4fz:1.0
england:1.0
