casper:2.09861228866811
fwi.uva.nl:1.0
h.s:1.0
dik:1.0
subject:1.0
patch:1.6931471805599454
x11r5:1.6931471805599454
solaris:1.0
2.1:1.0
cfl:1.0
buc.edu.au:1.0
colin:1.0
linahan:1.0
writes:1.0
hi:1.0
sorry:1.0
faq:1.0
could:1.0
someone:1.0
please:1.0
tell:1.0
get:1.6931471805599454
es:1.0
compile:1.0
solaris2.1:1.0
export.lcs.mit.edu:1.0
contrib/r5.sunos5.patch.tar.z:1.0
xsun.multi-screen.tar.z:1.0
youre:1.0
