anthony:2.386294361119891
kurango.cit.gu.edu.au:1.0
thyssen:1.6931471805599454
subject:1.6931471805599454
automatically:2.386294361119891
configuring:1.0
display:3.833213344056216
variable:3.1972245773362196
ainman:1.6931471805599454
css.itd.umich.edu:1.0
andrew:1.6931471805599454
douglas:1.0
inman:1.6931471805599454
writes:1.0
anyone:2.09861228866811
know:1.0
way:1.0
unix:1.0
machine:2.791759469228055
set:2.09861228866811
xterm:2.09861228866811
youre:1.0
using:1.0
thats:1.0
serving:1.0
x:1.0
best:1.0
ive:1.0
able:1.0
come:1.0
rather:1.0
convoluted:1.0
script:2.386294361119891
extracts:1.0
ip:1.0
whos:1.0
command:2.6094379124341005
frequently:1.0
fails:1.0
mention:1.0
requires:1.0
user:1.6931471805599454
name:1.0
added:1.0
consultant:1.0
itd:1.0
consulting:1.0
support:1.0
services:1.0
umich.edu:1.0
university:1.6931471805599454
michigan:1.0
notes:1.0
methods:1.0
passwd:1.0
authorization:2.791759469228055
one:1.0
another:1.0
also:2.6094379124341005
includes:1.6931471805599454
problem:1.0
notifing:1.0
remote:3.302585092994046
host:2.386294361119891
current:1.6931471805599454
used:1.6931471805599454
1:1.0
use:2.6094379124341005
rsh/rexec/on:1.0
method:3.302585092994046
xauth:2.791759469228055
manual:1.6931471805599454
rhosts:1.0
file:2.6094379124341005
home:2.09861228866811
directory:1.6931471805599454
password:1.0
required:2.09861228866811
remotly:1.0
execute:1.0
commands:1.0
extract:2.09861228866811
rsh:1.0
merge:1.0
xrsh:1.6931471805599454
pass:2.6094379124341005
vampire:1.0
program:1.6931471805599454
uses:1.6931471805599454
variation:1.0
however:2.09861228866811
wrap:1.6931471805599454
part:1.6931471805599454
sequence:1.0
eg:1.0
add:1.6931471805599454
auth:1.0
included:1.0
xrlogin:1.6931471805599454
job:1.0
programs:1.0
usally:1.0
newer:1.0
ones:1.0
allow:1.0
secified:1.0
list:1.0
environment:3.302585092994046
variables:2.386294361119891
and/or:1.0
copy:1.0
code:1.0
xon:1.0
available:1.6931471805599454
enabled:1.0
sun:1.0
machines:1.0
well:1.0
store:1.0
authority:1.0
passing:1.6931471805599454
unless:1.6931471805599454
shared:2.09861228866811
directories:1.6931471805599454
warning:1.0
line:1.0
arguments:1.6931471805599454
visible:1.0
ps:1.0
listing:1.0
appropiate:1.6931471805599454
flags:1.0
information:2.9459101490553135
recomended:1.0
recommended:1.0
given:1.0
shown:1.0
safe:1.0
view:1.0
users:1.0
2:1.6931471805599454
term:3.6390573296152584
fact:1.0
executors:1.0
matter:1.0
login:2.09861228866811
things:1.0
appropiatly:1.0
version:1.0
network:1.0
basically:1.0
change:1.0
actual:1.0
call:1.0
rlogin:2.386294361119891
performed:1.0
include:1.0
return:1.0
normal:1.0
reseting:1.0
sttying:1.0
terminal:1.0
8:2.386294361119891
launching:1.0
bin/sh:1.0
bin/rl:1.6931471805599454
n:1.0
case:1.0
hostname:2.09861228866811
esac:1.0
nextract:1.0
export:1.0
fi:1.0
cshrc:1.0
echo:2.6094379124341005
tr:1.0
cd:1.0
cut:2.09861228866811
f3:1.0
nmerge:1.0
setenv:2.09861228866811
f2:1.0
f1:1.0
endif:1.6931471805599454
e:1.0
3:1.0
nfs:2.09861228866811
write:1.0
partition:1.0
access:1.0
note:1.0
mounted:1.0
passed:1.0
hoever:1.0
still:1.0
via:1.0
means:1.0
ie:1.6931471805599454
x11host:1.6931471805599454
cat:1.0
4:1.0
finger:1.6931471805599454
info:1.0
plan:1.6931471805599454
involves:1.0
encrypting:1.0
project:1.0
disadvantage:1.0
fingering:1.0
thus:1.0
requiring:1.0
encryption:1.6931471805599454
uniq:1.0
individual:1.0
decyrption:1.0
must:1.0
known:1.0
others:1.0
easy:1.0
determine:1.0
improvment:1.0
fingered:1.0
technique:1.0
give:1.0
accounts:1.0
asking:1.0
last:1.6931471805599454
developed:1.0
year:1.6931471805599454
second:1.0
untill:1.0
explained:1.0
need:1.0
point:1.0
gave:1.0
valid:1.0
easer:1.0
less:1.0
secure:1.0
sysprog:1.0
griffith:1.0
cit.gu.edu.au:1.0
magic:1.0
real:1.0
declared:1.0
integer:1.0
john:1.0
p.melvin:1.0
