hart:2.386294361119891
uv2.eglin.af.mil:1.0
subject:1.6931471805599454
vxt2000:1.6931471805599454
windowing:2.386294361119891
terminal:2.791759469228055
help:2.09861228866811
e:1.0
g:1.0
l:1.6931471805599454
n:1.0
f:1.0
b:1.0
dennis:1.6931471805599454
date:1.0
14-may-1993:1.0
02:41pm:1.0
cst:1.0
tel:1.0
904:1.0
882:1.0
3154:1.0
dept:1.0
646ccsg/scwa*sas:1.0
internet:1.0
addressee:1.0
smtp:1.0
xpert:1.0
expo.lcs.mit.edu:1.0
greetings:1.0
several:1.0
vxt:2.386294361119891
2000:2.09861228866811
terminals:1.6931471805599454
associated:1.0
software:1.0
network:1.0
able:1.0
open:1.6931471805599454
lat:2.9459101490553135
window:2.09861228866811
workstation:1.0
nodes:1.0
unable:1.0
get:1.0
x:2.6094379124341005
session:1.6931471805599454
work:1.0
customized:1.0
security:1.6931471805599454
allow:2.09861228866811
connections:1.6931471805599454
trying:1.6931471805599454
invoke:1.0
results:1.0
following:1.6931471805599454
message:2.09861228866811
displayed:1.0
manager:1.0
area:1.0
host:1.6931471805599454
support:1.6931471805599454
sessions:2.09861228866811
vax4000:1.6931471805599454
model:1.6931471805599454
60:1.0
opening:1.0
logging:1.0
server:1.0
node:1.0
setting:1.0
display:1.6931471805599454
variable:1.0
follows:1.6931471805599454
set:1.0
display/create/node=lat:1.0
transport=lat:1.0
create:1.0
decterm:1.0
create/term=decterm/detach:1.0
fails:1.0
gives:1.0
error:1.0
dectermport:1.0
failed:1.0
find:1.0
language:1.6931471805599454
xopendisplay:1.0
returned:1.0
null:1.0
decw-f-cant-open-displ:1.0
cant:1.0
using:1.0
system:1.0
defaults:1.0
ie:1.0
default:1.0
font:1.0
except:1.0
options:1.6931471805599454
enabling:1.0
protocol:1.0
vt1200:1.0
things:1.0
enough:1.0
vms:1.0
version:1.0
5.5-1:1.0
running:1.0
decwindows/motif:1.0
60s:1.0
please:1.0
atlantic:1.0
research:1.0
corporation:1.0
directorate:1.0
computer:1.0
sciences:1.0
eglin:1.0
afb:1.0
fl:1.0
