kaleb:2.09861228866811
expo.lcs.mit.edu:1.0
keithley:1.0
subject:1.0
seeking:1.6931471805599454
simple:1.6931471805599454
wm:1.0
pmartz:1.0
dsd.es.com:1.0
paul:1.0
martz:1.0
writes:1.6931471805599454
article:1.0
basile:1.6931471805599454
soleil.serma.cea.fr:1.0
starynkevitch:1.0
im:1.6931471805599454
window:1.0
manager:1.0
icccm:1.6931471805599454
compliant:1.6931471805599454
minimal:1.0
doc:1.0
dont:1.0
want:1.6931471805599454
ol*wm:1.0
twm:1.6931471805599454
gwm:1.0
whatever:1.0
happened:1.0
uwm:1.6931471805599454
still:1.6931471805599454
available:1.6931471805599454
form:1.0
years:1.0
since:1.0
used:1.0
heard:1.0
anyone:1.0
talk:1.0
99:1.0
44/100:1.0
positive:1.0
isnt:1.0
r4:1.0
sources:1.0
export.lcs.mit.edu:1.0
18.24.0.12:1.0
pub/r4:1.0
