dacheng:1.0
jaffna.berkeley.edu:1.0
da:1.6931471805599454
cheng:1.0
subject:1.6931471805599454
x:1.6931471805599454
terminal:1.0
faq:1.6931471805599454
68:1.0
current:1.0
state:1.0
world:1.0
terminals:1.6931471805599454
jim:1.6931471805599454
morton:1.0
applix.com:1.0
posts:1.0
quarterly:1.0
comp.windows.x:1.0
list:1.0
manufacturers:1.0
includes:1.0
pricing:1.0
information:1.0
somebody:1.0
send:1.0
copy:1.0
thanks:1.0
alot:1.0
