boyd:2.386294361119891
gauss:1.0
mickey:1.6931471805599454
subject:1.0
xkernel:1.6931471805599454
sun:1.6931471805599454
3/80:1.0
anyone:1.0
built:1.0
3/80s:1.0
works:1.0
great:1.0
3/50s:1.0
would:1.0
soon:1.0
kiss:1.0
entire:1.0
3:1.0
architeture:1.0
goodbye:1.0
reclaim:1.0
bunch:1.0
disk:1.0
space:1.0
email:1.6931471805599454
direct:1.0
ill:1.0
post:1.0
summary:1.0
systems:1.0
administrator:1.0
florida:1.0
state:1.0
university:1.0
mathematics:1.0
department:1.0
math.fsu.edu:1.0
office:1.0
904:1.6931471805599454
644-7167:1.0
pager:1.0
657-6425:1.0
