carl:1.6931471805599454
frost.bain.oz.au:1.0
sandland:1.0
subject:1.0
c++/motif:1.0
gcc:1.0
silly:1.0
messages:1.0
thanks:1.0
everyone:1.0
mailed:1.0
help:1.6931471805599454
unfortunately:1.0
end:1.0
problem:1.0
really:1.0
stupid:1.0
oversight:1.0
behalf:1.0
code:1.0
100:1.0
perfect:1.0
might:1.0
add:1.0
control.c:1.0
makefile:1.0
anyway:1.0
mangled:1.0
name:1.0
telling:1.0
couldnt:1.0
locate:1.0
control:1.0
constructor:1.0
want:1.0
reaffirm:1.0
valuable:1.0
book:1.0
one:1.0
im:1.0
enjoying:1.0
evry:1.0
page:1.0
