jones:2.09861228866811
chpc.utexas.edu:1.0
william:1.0
l:1.0
subject:1.0
outline:1.0
scalable:1.6931471805599454
fonts:1.6931471805599454
versus:1.0
bitmap:1.0
replicated:1.0
looking:1.0
scaling:1.0
code:1.0
realized:1.0
follwing:1.0
1:1.0
problem:1.6931471805599454
resolution:1.0
100x100:1.0
foints:1.0
due:1.0
installation:1.0
2:1.0
x:1.0
server:2.09861228866811
font:1.6931471805599454
rescale:1.0
best:1.0
find:1.0
meet:1.0
requirements:1.0
means:1.0
return:1.0
response:1.0
like:1.0
following:1.0
adobe-helvetica-medium-o-normal:1.6931471805599454
0-0-75-75-p-0-iso8859-1:1.0
ask:1.0
follwogin:1.0
14-100-90-90-p-0-iso8859-1:1.0
generate:1.0
try:1.0
always:1.0
use:1.0
known:1.0
pixel:1.0
sizes:1.0
bill:1.0
