mufti:2.09861228866811
pls.com:1.6931471805599454
subject:1.0
including:1.0
color:1.6931471805599454
pixmap:1.6931471805599454
xpm:1.6931471805599454
files:1.6931471805599454
application:1.6931471805599454
portable:1.0
convenient:1.0
way:1.0
use:1.0
picture:1.0
format:1.0
define:1.0
x:1.0
motif:1.0
functions:1.0
pointers:1.0
tips:1.0
etc:1.0
would:1.0
welcome:1.0
saad:1.0
personal:1.0
library:1.0
software:1.0
e-mail:1.0
