broeze:1.6931471805599454
cs.utwente.nl:1.0
arjen:1.6931471805599454
subject:1.0
mswindows:1.0
xwindows:1.6931471805599454
conversion:1.0
hi:1.0
ive:1.0
heard:1.0
commercial:1.0
package:2.09861228866811
named:1.0
zink:1.0
could:1.0
convert:1.0
ms-windows:1.0
source-code:1.6931471805599454
c:1.0
problem:1.0
isnt:1.0
available:1.0
holland:1.0
least:1.0
cant:1.0
find:1.6931471805599454
anywhere:1.0
another:1.0
preferrably:1.0
free:1.0
shareware:1.0
thing:1.0
buy:1.0
thanks:1.0
advance:1.0
