tvtjet:1.0
eua.ericsson.se:1.6931471805599454
jorgen:1.6931471805599454
eriksson:1.0
subject:1.0
drawing:1.6931471805599454
networks:1.6931471805599454
graphs:1.6931471805599454
widgets:1.6931471805599454
function:1.0
librarys:1.0
etc:1.6931471805599454
tree:1.0
views:1.0
freeware:1.0
shareware:1.0
comercial:1.0
like:1.0
instance:1.0
giving:1.0
associations:1.6931471805599454
nodes:1.6931471805599454
automatic:1.0
layout:1.0
generation:1.0
would:1.6931471805599454
nice:1.0
node:1.0
symbols:1.0
could:1.0
used:1.0
maybe:1.0
even:1.0
insert:1.0
using:1.0
different:1.0
line:1.0
styles:1.0
describing:1.0
information:1.0
appreciated:1.0
thanks:1.0
advance:1.0
jorgen.eriksson:1.0
