jvs:1.0
jacks.apana.org.au:1.0
jack:1.6931471805599454
strangio:1.0
subject:1.0
svr4:2.09861228866811
xclients:1.6931471805599454
wont:1.0
work:1.6931471805599454
svr4.2:1.6931471805599454
repost:1.0
changed:1.0
intel:1.0
box:1.0
discovered:1.0
xload:1.0
etc:1.0
would:1.0
longer:1.0
bomb:1.0
message:1.0
error:1.0
cant:1.6931471805599454
open:1.0
display:1.0
unix:0.0:1.0
find:1.0
correct:1.6931471805599454
shared:1.0
libraries:1.0
need:1.0
recompiled:1.0
used:1.0
options:1.0
systems:1.0
use:1.0
x11r5:1.0
thanks:1.0
