mhung:1.0
capricorn.taisel.com.tw:1.0
michael:1.6931471805599454
hung:1.6931471805599454
subject:1.0
internationalization:1.6931471805599454
hi:1.0
anybody:1.0
example:1.0
programs:1.0
using:1.0
features:1.0
x11r5:1.0
small:1.0
x:1.0
program:1.0
show:1.0
chinese:1.0
texts:1.0
wondows:1.0
menu:1.0
bar:1.0
icons:1.0
thanks:1.0
advance:1.0
c:1.0
