dave:1.6931471805599454
sg25.npt.nuwc.navy.mil:1.0
lewis:1.0
subject:1.0
unsubscribe:1.6931471805599454
