sadie:2.386294361119891
cs.sun.ac.za:1.0
hf:1.0
subject:1.0
looking:1.6931471805599454
article:1.6931471805599454
urgently:1.0
following:1.0
cant:1.0
seem:1.0
find:1.6931471805599454
anywhere:1.0
multi-threaded:1.0
x:1.6931471805599454
server:1.0
john:1.0
allen:1.0
smith:1.0
resource:1.0
issue:1.0
1:1.0
pp:1.0
73-89:1.0
winter:1.0
1992:1.0
anyone:1.0
tell:1.0
much:1.0
appreciated:1.0
h.f:1.0
departement:1.0
computer:1.0
science:1.0
university:1.0
stellenbosch:1.0
south:1.0
africa:1.0
e-mail:1.0
itu.sun.ac.za:1.0
