ladislas:2.09861228866811
sobeco.com:1.0
subject:1.0
faqs:1.6931471805599454
could:1.0
someone:1.0
repost:1.0
group:1.0
please:1.0
thanks:1.0
