skji:1.6931471805599454
eve.kaist.ac.kr:1.6931471805599454
ji:1.0
soonki:1.0
subject:1.0
none:1.0
subscribe:1.0
xpert:1.0
