udumula:1.6931471805599454
fndaug.fnal.gov:1.0
lourdu:1.6931471805599454
subject:1.0
xterm:1.6931471805599454
slave:1.6931471805599454
mode:1.6931471805599454
tunning:1.0
newgroup:1.0
long:1.0
time:1.0
could:1.0
somebody:1.0
tell:1.0
used:1.0
info:2.09861228866811
get:1.6931471805599454
examples:1.0
want:1.0
use:1.0
bunch:1.0
xterms:2.09861228866811
send:1.0
input:1.0
one:1.0
application:1.0
output:1.0
please:1.0
email:1.0
thanks:1.0
