gibanez:1.6931471805599454
dcc.uchile.cl:1.6931471805599454
gabriel:1.6931471805599454
ibanez:1.0
c:1.6931471805599454
subject:1.0
key:2.09861228866811
event:2.09861228866811
window:2.386294361119891
hi:1.0
someone:1.0
program:1.6931471805599454
sending:1.0
another:1.0
must:1.0
appear:1.0
used:1.0
xsendevent.tar:1.0
package:1.0
example:1.0
get:1.6931471805599454
executing:1.0
bin/sh:1.0
read:1.0
something:1.6931471805599454
echo:1.0
send:1.0
keypress:1.0
keyrelease:1.0
something=a:1.0
thanks:1.0
advance:1.0
iban~ez:1.0
