peter_imants_buttuls:1.0
mts.ucs.ualberta.ca:1.6931471805599454
subject:1.0
free:1.6931471805599454
x-servers:1.6931471805599454
pcs:1.6931471805599454
anyone:1.0
know:1.0
preferably:1.0
run:1.0
ms:1.0
windows:1.0
thanks:1.0
peter:1.0
buttuls:1.0
university:1.0
alberta:1.0
edmonton:1.0
canada:1.0
e-mail:1.0
userpib:1.0
