dan:1.0
watson.ibm.com:1.0
walt:1.0
daniels:1.0
subject:1.0
x:1.0
shared:1.6931471805599454
libraries:1.6931471805599454
replacing:1.6931471805599454
modules:1.0
know:1.0
nothing:1.0
suns:1.0
pieces:1.0
straight:1.0
forward:1.0
rs/6000s:1.0
releases:1.0
extract:1.0
appropriate:1.0
pierce:1.0
ar:1.6931471805599454
rebind:1.0
replace:1.0
see:1.0
info:1.0
details:1.0
