mhung:1.0
capricorn.taisel.com.tw:1.0
michael:1.0
hung:1.6931471805599454
subject:1.0
multi-bytes:1.6931471805599454
fonts:2.6094379124341005
wondering:1.0
change:1.0
english:1.6931471805599454
existed:1.0
api:1.0
chinese:1.6931471805599454
japanese:1.6931471805599454
someone:1.6931471805599454
told:1.0
x11r5:1.0
supports:1.0
internationalization:1.0
features:1.0
find:1.0
examples:1.0
need:1.0
anybody:1.0
done:1.6931471805599454
similar:1.0
jobs:1.0
way:1.0
replace:1.0
means:1.0
windows:1.0
menubar:1.0
button:1.0
great:1.0
share:1.0
us:1.0
thanks:1.0
advance:1.0
m.c:1.0
