hdr:2.09861228866811
ross.com:1.6931471805599454
henry:1.6931471805599454
reynolds:1.6931471805599454
subject:1.0
help:1.0
w:2.386294361119891
x11r5p22:1.0
sun:1.0
4/110:2.09861228866811
cg2:1.0
framebuffer:1.6931471805599454
xsun:2.9459101490553135
wont:1.0
come:1.6931471805599454
color:2.09861228866811
trying:1.0
use:1.0
xkernel:1.0
4/110s:1.0
freshly:1.0
built:1.0
statically:1.6931471805599454
linkes:1.0
copy:1.0
works:1.0
fine:1.0
cg6:1.0
cg4:1.0
bw2:1.0
type:1.6931471805599454
framebuffers:1.0
frame:1.0
buffer:1.0
get:1.0
mono:2.386294361119891
cgtwo0:1.6931471805599454
vme24d16:1.0
0x400000:1.0
vec:1.0
0xa8:1.0
sun-3:1.0
board:1.0
fast:1.0
read:1.0
ive:1.6931471805599454
tried:1.6931471805599454
removing:1.0
dev/cg:1.0
dev/bw:1.0
dev/fb:1.6931471805599454
selectivly:1.0
recreating:1.6931471805599454
dev/cgtwo0:1.6931471805599454
comes:2.09861228866811
dev:1.0
ps:1.0
xnews:1.0
linked:1.6931471805599454
dynamically:1.0
also:1.6931471805599454
pps:1.0
compiled:1.0
gcc:1.0
2.3.3:1.0
system:1.0
running:1.6931471805599454
4.1.3:1.6931471805599454
thanks:1.0
n:1.0
advance:1.0
highway:1.0
made:1.0
lime:1.0
jello:1.0
honda:1.0
barbequeued:1.0
oyster:1.0
yum:1.0
nidhog.cactus.org:1.0
fone:1.0
512:1.6931471805599454
892-7802:1.0
x253:1.0
ross:1.0
technology:1.0
inc:1.0
fax:1.0
892-3036:1.0
5316:1.0
hwy:1.0
290:1.0
west:1.0
suite:1.0
500:1.0
austin:1.0
tx:1.0
78735:1.0
