gabi:2.09861228866811
ankh.technion.ac.il:1.0
zodik:1.0
subject:1.0
wanted:1.0
interactive:1.0
gui:2.09861228866811
builder:1.0
x:2.09861228866811
motif:1.6931471805599454
hi:1.0
im:1.6931471805599454
looking:1.0
tools:1.0
make:1.0
programming:1.0
easy:1.0
would:1.0
like:1.0
tool:1.0
enable:1.0
create:1.6931471805599454
interactivly:1.0
currently:1.0
working:1.0
sgi:1.0
forms:1.0
package:1.0
enables:1.0
coding:1.0
callbacks:1.0
help:1.0
appreciated:1.0
thanks:1.0
