iop:1.6931471805599454
server2.iie.ncku.edu.tw:1.0
subject:1.0
program:1.0
wm_protocols:1.0
wm_delete_window:2.09861228866811
olit:1.0
hi:1.0
study:1.6931471805599454
atom:1.0
open:1.6931471805599454
look:1.6931471805599454
book:1.6931471805599454
unix:1.0
desktop:1.0
guide:1.0
run:1.6931471805599454
example:1.6931471805599454
chapter:1.0
8:1.0
result:1.0
described:1.0
books:1.0
figure:1.0
8.1:1.0
dose:1.0
anyone:1.6931471805599454
read:1.0
winprop.c:1.0
problem:1.0
curious:1.0
programming:1.0
help:1.6931471805599454
thanks:1.0
advance:1.0
