se7107297:1.0
ntuvax.ntu.ac.sg:1.0
subject:1.0
x-windows:1.6931471805599454
ms-dos:1.6931471805599454
pc:1.6931471805599454
wheres:1.0
faq:2.09861228866811
need:1.6931471805599454
know:1.6931471805599454
get:1.0
xwindows:1.0
machines:1.0
usual:1.0
gave:1.0
name:1.0
file:1.0
called:1.0
xservers-nonunix.txt.z:1.0
find:1.0
anywhere:1.0
programming:1.0
msdos:1.0
anyone:1.0
go:1.0
