ccdw:1.0
kudu.ru.ac.za:1.0
dave:1.6931471805599454
wilson:1.6931471805599454
subject:1.0
open:1.6931471805599454
look:1.6931471805599454
obtain:1.0
copy:1.6931471805599454
widgets:1.0
obtainable:1.0
net:1.0
somewhere:1.0
need:1.0
order:1.0
thanks:1.0
help:1.0
please:1.0
email:1.0
computing:1.0
centre:1.0
rhodes:1.0
university:1.0
grahamstown:1.0
south:1.0
africa:1.0
