jhpark:1.6931471805599454
kdb.snu.ac.kr:1.6931471805599454
park:1.6931471805599454
jang:1.6931471805599454
ho:1.6931471805599454
subject:1.0
x11r5:1.6931471805599454
ibm:1.6931471805599454
rs6000:1.6931471805599454
everybody:1.0
installed:1.0
workstation:1.0
os:1.0
version:1.0
aix:1.0
3.2.3:1.0
problem:1.6931471805599454
installation:1.0
invoking:1.0
xinit:2.386294361119891
invoke:1.0
error:1.6931471805599454
message:1.6931471805599454
follows:1.0
giving:1.0
unable:1.0
connect:1.0
x:1.0
server:1.6931471805599454
process:1.0
errno:1.0
3:1.0
im:1.0
navice:1.0
dont:1.0
know:1.0
reason:1.0
get:1.0
please:1.0
help:1.6931471805599454
waiting:1.0
thanks:1.0
reading:1.0
mail:1.0
