rainer:2.386294361119891
sun3.eeam.elin.co.at:1.0
hochreiter:1.6931471805599454
subject:1.0
moving:1.0
curosr:1.0
keyboard:1.6931471805599454
hi:1.0
xperts:1.0
move:1.0
cursor:1.6931471805599454
i.e:1.0
keys:1.0
mouse:1.0
available:1.0
hints:1.0
welcome:1.0
thanks:1.0
telephone:1.0
43:1.6931471805599454
1:1.6931471805599454
89100:1.6931471805599454
3961:1.0
elin-energieanwendung:1.0
gesmbh:1.0
telefax:1.0
3387:1.0
penzingerstr:1.0
76:1.0
a-1141:1.0
wien:1.0
austria/europe:1.0
e-mail:1.0
elin.co.at:1.0
