schit:1.6931471805599454
ctp.com:1.6931471805599454
subbarao:1.6931471805599454
chitturi:1.6931471805599454
subject:1.0
starting:1.0
x:2.09861228866811
windows:1.0
soon:1.0
logged:1.0
linux:1.0
type:2.09861228866811
xinit:2.386294361119891
setting:1.0
tcp:1.0
so_linger:1.0
protocol:1.6931471805599454
available:1.0
siocgifconf:1.0
xfree86:1.0
version:1.6931471805599454
1.2/x:1.0
window:1.0
system:1.6931471805599454
11:1.0
revision:1.0
0:1.0
vendor:1.0
release:1.0
5000:1.0
configured:1.6931471805599454
drivers:1.0
vga256:1.0
256:2.6094379124341005
colout:1.0
svga:1.0
et4000:1.6931471805599454
et:1.0
3000:1.0
pvga1:1.0
gvga:1.0
ati:1.0
tvga8900c:1.0
tgva9000:1.0
using:1.0
vt:1.0
number:1.0
7:1.0
mouse:1.6931471805599454
systems:1.0
device:1.6931471805599454
dev/mouse:1.0
baudrate:1200:1.0
font:1.0
path:1.0
set:1.0
usr/lib/x11/fonts/type1:1.0
usr/lib/x11/fonts/75:1.0
dpi:1.0
usr/lib/x11/fonts/speedo:1.0
usr/lib/x11/fonts/bitstream1:1.0
usr/lib/x11/fonts/misc:1.0
vga:2.386294361119891
mem:1.0
ok:1.0
numclocks:1.0
16:1.0
clocks:1.6931471805599454
25.2:1.0
28.3:1.0
47.8:1.0
41.2:1.0
25.4:1.0
0.0:3.1972245773362196
47.6:1.0
41.3:1.0
little:1.0
memory:1.0
virtual:1.0
resolution:1.0
1024:1.0
1204:1.0
found:1.6931471805599454
display:1.0
modes:1.0
could:1.0
resolved:1.0
fatal:1.0
server:2.09861228866811
error:1.6931471805599454
screens:1.0
giving:1.0
interrupted:1.0
call:1.0
errno:1.6931471805599454
4:1.0
unable:1.0
connect:1.0
process:1.0
3:1.0
getting:1.0
messages:1.0
configuration:1.0
file:1.0
x-windows:1.0
like:1.0
config.sys:1.0
msdos:1.0
start:1.0
session:1.0
shell:1.0
