ngolding:1.0
tartarus.uwa.edu.au:1.0
neil:1.6931471805599454
golding:1.0
subject:1.0
cga:2.09861228866811
windows:1.6931471805599454
3.1:1.6931471805599454
hi:1.0
looking:1.0
assistance:1.6931471805599454
locating:1.0
information:1.0
run:1.0
win:1.0
monitor:1.0
setup:1.0
suggests:1.0
look:1.0
manual:1.0
guy:1.0
helping:1.0
part:1.0
large:1.0
office:1.0
computer:1.0
must:1.0
booked:1.0
advance:1.0
therefore:1.0
cant:1.0
get:1.0
onto:1.0
system:1.0
thanx:1.0
anticipation:1.0
