timbo:1.0
rudolph.csd.harris.com:1.0
tim:1.6931471805599454
bomgardner:1.6931471805599454
subject:1.0
x:1.6931471805599454
professional:1.6931471805599454
organization:1.6931471805599454
anyone:1.6931471805599454
ever:1.0
heard:1.0
member:1.0
membership:1.0
worth:1.0
100:1.0
charge:1.0
