pjs:1.6931471805599454
euclid.jpl.nasa.gov:1.6931471805599454
peter:1.6931471805599454
j:1.0
scott:1.6931471805599454
subject:1.0
microsoft:1.0
buy:1.0
xhibition:1.6931471805599454
well:1.0
im:1.0
glad:1.0
theres:1.0
plenty:1.0
nt:1.0
stuff:1.0
want:1.6931471805599454
use:1.0
instead:1.0
x:1.0
find:1.0
chances:1.0
time:1.0
future:1.0
may:1.0
choice:1.0
news:1.6931471805599454
nasa/jpl/caltech:1.0
brain:1.0
questions:1.0
