kerch:1.6931471805599454
parc.xerox.com:1.6931471805599454
berry:2.09861228866811
kercheval:1.6931471805599454
subject:1.0
cga:2.09861228866811
windows:1.6931471805599454
3.1:1.6931471805599454
sat:1.0
eng.tridom.com:1.0
stephen:1.0
thomas:1.0
writes:1.6931471805599454
article:1.0
6af:1.0
uniwa.uwa.edu.au:1.0
ngolding:1.0
tartarus.uwa.edu.au:1.0
neil:1.0
golding:1.0
looking:1.0
assistance:1.0
locating:1.0
information:1.0
run:1.0
win:1.0
monitor:1.0
driver:1.0
3.0:1.0
works:1.0
fine:1.0
win3.1:1.0
oh:1.6931471805599454
theyve:1.0
taken:1.0
comp.windows.misc:1.0
theyre:1.0
coming:1.0
us:1.0
