dbl:1.6931471805599454
visual.com:1.0
subject:1.0
makedepend:2.09861228866811
problem:2.09861228866811
doesnt:1.0
know:1.6931471805599454
correctly:1.0
process:1.0
im:1.0
way:1.0
adding:1.0
grammar:1.0
parsing:1.0
expressions:1.0
dont:1.0
ill:1.0
able:1.0
get:1.0
back:1.0
youre:1.0
welcome:1.0
far:1.0
havent:1.0
looked:1.0
versions:1.0
may:1.0
solve:1.0
elegantly:1.0
david:1.6931471805599454
b:1.0
lewistemporarily:1.0
speaking:1.0
visual:1.0
inc:1.0
day:1.0
visual.comevening:1.0
craft:1.0
uunet.uu.net:1.0
