spatel:1.6931471805599454
cs.tamu.edu:1.6931471805599454
samir:1.6931471805599454
k:1.0
patel:1.0
subject:1.0
colorizing:1.6931471805599454
motif:1.6931471805599454
widgets:1.6931471805599454
using:1.0
resource:1.0
file:1.6931471805599454
posted:1.0
question:1.0
got:1.0
working:1.0
fine:1.6931471805599454
one:1.0
bug:1.0
xdefault:1.0
work:1.0
normal:1.0
case:1.0
thanks:1.0
