ln:1.6931471805599454
doc.ic.ac.uk:1.0
leonidas:1.6931471805599454
nikidis:1.6931471805599454
subject:1.0
xcreateregion:1.6931471805599454
works:1.0
hi:1.0
could:1.0
someone:1.0
explain:1.6931471805599454
exactly:1.0
xlib:1.0
functions:1.6931471805599454
xpolygonregion:1.0
xpointinregion:1.0
suggest:1.0
ftp:1.0
site:1.0
find:1.0
programs:1.0
using:1.0
ps:1.0
man:1.0
pages:1.0
much:1.0
thank:1.0
leo:1.0
doc.ic.ac.ukimperial:1.0
college:1.0
london:1.0
uk:1.0
dept:1.0
computing:1.0
