wijkstra:2.386294361119891
fwi.uva.nl:1.6931471805599454
marcel:2.09861228866811
aio:1.6931471805599454
subject:1.0
resources:2.09861228866811
cpp:1.6931471805599454
help:1.0
hi:1.0
running:1.0
x11r4:1.0
ibm:1.0
rs/6000:1.6931471805599454
aix:1.0
3.2:1.0
x11r5:1.0
sun4:1.0
sunos:1.0
4.1:1.0
since:1.0
run:1.0
x:2.386294361119891
colour:1.0
black:1.0
white:1.0
displays:1.0
need:1.0
different:2.09861228866811
values:1.0
resource:2.09861228866811
want:1.6931471805599454
use:1.6931471805599454
ifdef:1.0
color:1.0
application:1.0
defaults:1.0
files:1.6931471805599454
however:1.6931471805599454
invoked:1.0
xrdb:1.0
loaded:1.0
demand:1.0
proper:1.6931471805599454
solution:1.6931471805599454
far:1.0
ive:1.6931471805599454
come:1.0
think:1.0
create:1.0
2:1.0
app-defaults:1.6931471805599454
say:1.0
xterm:2.386294361119891
xterm-color:2.386294361119891
set:1.6931471805599454
xfilesearchpath:2.09861228866811
either:1.0
home:1.6931471805599454
n:2.09861228866811
n-color:1.0
always:1.0
seem:1.0
work:1.0
e.g:1.0
executing:1.0
remote:1.0
shell:1.0
command:1.0
without:1.0
reading:1.0
cshrc:1.0
furthermore:1.0
thought:1.0
using:1.0
include:1.0
override:1.0
things:1.0
machines:1.0
sun:1.0
first:1.0
found:1.6931471805599454
used:1.6931471805599454
i.e:1.6931471805599454
one:2.386294361119891
b:1.0
w:1.0
last:1.6931471805599454
value:1.0
question:1.0
specification:1.0
c:1.6931471805599454
stands:1.0
class:1.0
stand:1.0
thanks:1.0
advance:1.0
replying:1.0
drs:1.0
visualization:1.0
faculty:1.0
mathematics:1.0
computer:1.0
science:1.0
ph:1.0
31:1.6931471805599454
20:1.6931471805599454
525:1.6931471805599454
7522:1.0
university:1.0
amsterdam:1.0
netherlands:1.0
fx:1.0
7490:1.0
life:1.0
stinks:1.0
fortunately:1.0
got:1.0
cold:1.0
