gmh:1.0
hpfcso.fc.hp.com:1.0
greg:1.6931471805599454
hughes:1.6931471805599454
subject:1.0
hpgl:2.6094379124341005
anything:2.09861228866811
converter:1.6931471805599454
wanted:1.0
comp.windows.x:1.0
doug:1.6931471805599454
happy.vf.ge.com:1.0
writes:1.0
ive:1.0
found:1.0
viewer:1.0
x:1.0
postscript:1.0
anybody:1.0
allows:1.0
convert:1.0
im:1.0
desperately:1.0
need:1.6931471805599454
something:1.0
like:1.0
support:1.0
raster:1.0
primitives:1.0
formatter:1.0
would:1.0
punt:1.0
popular:1.0
image:1.0
formats:1.0
probably:1.0
explains:1.0
lack:1.0
translators:1.0
plot:1.0
hughesgmh:1.0
fc.hp.com:1.0
303:1.0
229-7162:1.0
