queloz:1.6931471805599454
bernina.ethz.ch:1.0
ronald:1.0
subject:1.0
integration:1.0
hp46021a-keyboard:1.0
sco:2.09861228866811
odt:1.6931471805599454
2.0:1.0
allows:1.0
adapt:1.0
x-server:1.0
non-standard:1.0
keyboard:1.6931471805599454
using:1.6931471805599454
xkeyboard:1.0
configuration:2.09861228866811
compiler:1.0
xsconfig:1.0
provides:1.0
files:1.0
usr/lib/x11/xsconfig/*.kbd:1.0
e.g:1.0
siemens:1.0
wx200:1.0
question:1.0
anywhere:1.0
file:1.0
hp46021a:1.0
available:1.0
especially:1.0
interested:1.0
hp:1.0
specific:1.0
keys:1.0
insertline:1.0
menu:1.0
thanks:1.0
ron:1.0
