rick:2.6094379124341005
ee.uwm.edu:1.6931471805599454
miller:2.09861228866811
linux:2.09861228866811
device:1.0
registrar:1.0
subject:1.0
find:1.0
list:1.6931471805599454
toolkit:1.6931471805599454
options:2.09861228866811
ive:1.6931471805599454
started:1.0
messing:1.0
x:1.6931471805599454
windows:1.0
run:1.0
thing:1.6931471805599454
man-pages:1.0
number:1.0
clients:1.0
get:1.6931471805599454
xview:1.0
would:1.0
kind:1.0
soul:1.0
show:1.0
set:1.0
ricxjo:1.6931471805599454
discus.mil.wi.us:1.0
muelisto:1.0
send:1.0
postcard:1.0
one:1.0
back:1.0
enposxtigu:1.0
bildkarton:1.0
kaj:1.0
vi:1.0
ricevos:1.0
alion:1.0
16203:1.0
woods:1.0
muskego:1.0
wis:1.0
53150:1.0
usa:1.0
