main:2.09861228866811
lambda.msfc.nasa.gov:1.0
john:1.0
subject:1.0
xod:1.6931471805599454
exist:1.0
hello:1.0
wondering:1.0
anyone:1.0
knew:1.0
interface:1.0
od:1.0
octal:1.0
dump:1.0
assume:1.0
would:1.0
called:1.0
actually:1.0
viewer:1.0
core:1.0
file:1.0
looked:1.0
export:1.0
mit:1.0
index:1.0
contrib:1.0
didnt:1.0
find:1.0
anything:1.0
relevant:1.0
thanks:1.0
hate:1.0
bama:1.0
winter:1.0
superman.msfc.nasa.gov:1.0
