mick:1.0
quay.ie:1.0
subject:1.0
looking:1.6931471805599454
converters:1.0
xpm:1.6931471805599454
utilities:1.0
converting:1.0
gifs/jpegs/ps:1.0
etc:1.0
format:1.0
information:1.0
appreciated:1.0
thanks:1.0
michael:1.0
linehan:1.0
