curtis:1.6931471805599454
aries.wistar.upenn.edu:1.0
subject:1.0
setting:1.0
display:2.6094379124341005
working:1.0
company:2.09861228866811
one:1.0
connection:1.0
internet:1.0
firewall:1.0
gateway:1.6931471805599454
unix:1.0
workstation:1.6931471805599454
would:1.0
like:1.0
able:1.0
telnet:1.0
host:1.0
outside:1.0
set:2.09861228866811
pc:1.6931471805599454
running:1.6931471805599454
x-terminal:1.0
emulator:1.0
exceed/w:1.0
problem:1.0
variable:1.0
ip:1.0
address:1.0
get:1.0
error:1.0
cant:1.6931471805599454
open:1.0
message:1.0
hard:1.0
work:1.0
around:1.0
btw:1.0
trouble:1.0
x-clients:1.0
local:1.0
workstations:1.0
wahlgren:1.0
