hou:1.6931471805599454
siemens.com:1.6931471805599454
tai-yuan:1.0
subject:1.0
iconize:1.6931471805599454
window:2.386294361119891
application:1.6931471805599454
running:1.0
one:1.0
id:1.0
like:1.0
later:1.0
deiconize:1.0
back:1.0
could:1.0
help:1.0
would:1.0
appreciated:1.0
tai:1.0
thou:1.0
