mccoy:2.386294361119891
gothamcity.jsc.nasa.gov:1.6931471805599454
daniel:1.6931471805599454
subject:1.0
motifbc:1.6931471805599454
article:1.0
h1m:1.0
vtserf.cc.vt.edu:1.0
stellr:1.0
smyrna.cc.vt.edu:1.0
ray:1.0
stell:1.0
writes:1.0
install:1.0
x11r5:2.09861228866811
backward:1.0
compatibility:1.0
motif:2.09861228866811
1.2:1.0
clients:1.0
work:1.0
servers:1.0
works:1.0
ive:1.0
run:1.0
1.1.3,1.1.4,1.1.5,1.2,1.2.1:1.0
1.2.2:1.0
server:1.0
defined:1.0
j:1.0
space:1.6931471805599454
i-net:1.0
inc:1.0
nasa:1.0
mail:1.0
code:1.0
pt4:1.0
tel:1.0
713-483-0950:1.0
nasa/johnson:1.0
center:1.0
fax:1.0
713-244-5698:1.0
houston:1.0
texas:1.0
77058:1.0
future:1.0
