dwarner:1.6931471805599454
journalism.indiana.edu:1.6931471805599454
david:1.6931471805599454
j:1.6931471805599454
subject:1.0
marlins:1.6931471805599454
win:1.6931471805599454
caught:1.0
tail:1.0
end:1.0
one:1.0
espn:1.0
anyone:1.0
report:1.0
look:1.0
teal:1.0
bleah:1.0
blue:1.0
riddle:1.0
productions:1.0
1993:1.0
rap:1.0
art:1.0
ep:1.0
coming:1.0
tape:1.0
time:1.0
real:1.0
e-mail:1.0
411:1.0
