jaufrecht:1.0
pomona.claremont.edu:1.0
subject:1.0
dodgers:1.6931471805599454
newsletter:1.6931471805599454
could:1.0
somebody:1.0
please:1.0
tell:1.0
net:1.0
subscribe:1.0
thanks:1.0
joel:1.0
