subject:1.0
giants:2.09861228866811
win:2.09861228866811
pennant:2.09861228866811
mrosales:1.0
koko.csustan.edu:1.0
maria:1.0
rosales:1.0
gi:1.0
ooops:1.0
guess:1.0
im:1.0
little:1.0
early:1.0
see:1.0
october:1.0
