thf2:1.6931471805599454
kimbark.uchicago.edu:1.6931471805599454
ted:1.6931471805599454
frank:2.09861228866811
subject:1.0
players:2.386294361119891
overpaid:1.6931471805599454
theres:1.0
lot:1.6931471805599454
whining:1.0
much:1.6931471805599454
thought:1.0
id:1.0
put:1.0
together:1.0
underpaid:1.0
team:2.09861228866811
could:1.6931471805599454
win:1.0
pennant:1.0
splurged:1.0
let:1.0
four:1.0
earn:1.0
half:1.0
million:2.09861228866811
dollars:1.6931471805599454
highest-paid:1.0
player:1.6931471805599454
thomas:1.6931471805599454
900k:1.0
cut:1.0
like:1.0
kenny:1.0
lofton:1.0
chris:1.0
hoiles:1.0
keith:1.0
mitchell:1.0
tim:1.0
wakefield:1.0
bunch:1.0
pitchers:1.0
arguably:1.0
made:1.0
better:1.0
cost:1.0
1:1.0
total:1.0
salary:1.0
7,781,500:1.0
averaging:1.0
slightly:1.0
300k:1.0
thats:1.0
steep:1.0
dump:1.0
bagwell:1.6931471805599454
replacing:1.0
paul:1.0
sorrento:1.0
minimum:1.0
wager:1.0
save:1.0
bit:1.0
still:1.0
one:1.0
best:1.0
teams:1.0
majors:1.0
p:2.791759469228055
juan:1.0
guzman:1.0
500:1.0
mussina,400:1.0
castillo:1.0
250:1.0
eldred:1.0
175:1.0
rhodes,155:1.0
militello:1.0
118:1.0
rp:2.6094379124341005
rojas,300:1.0
beck,250:1.0
melendez:1.0
235:1.0
hernandez,185:1.0
nied,150:1.0
c:2.09861228866811
rodriguez,275:1.0
piazza:1.0
126:1.0
1b:1.6931471805599454
thomas,900:1.0
655:1.0
2b:1.6931471805599454
knoblauch,500:1.0
barberie,190:1.0
3b:1.6931471805599454
gomez,312.5:1.0
palmer,250:1.0
ss:1.6931471805599454
listach,350:1.0
pena,170:1.0
lf:1.0
gonzalez,525:1.0
cf:1.0
lankford,290:1.0
rf:1.0
r.sanders,275:1.0
plantier,245:1.0
however:1.0
teel:1.0
mentioned:1.0
though:1.0
advice:1.0
legally:1.0
sound:1.0
follow:1.0
u:1.0
law:1.0
school:1.0
probably:1.0
wind:1.0
jail:1.0
standard:1.0
disclaimers:1.0
james:1.0
donald:1.0
misc.legal:1.0
