khansen:1.6931471805599454
staff.tc.umn.edu:1.6931471805599454
kevin:1.6931471805599454
hansen:1.6931471805599454
subject:1.6931471805599454
scott:1.6931471805599454
erickson:2.09861228866811
article:1.0
12718:1.6931471805599454
news.duke.edu:2.386294361119891
fierkelab:1.6931471805599454
bchm.biochem.duke.edu:2.386294361119891
eric:2.09861228866811
roush:1.6931471805599454
writes:1.0
path:1.0
news1.cis.umn.edu:1.0
umn.edu:1.0
news-feed-1.peachnet.edu:1.0
gatech:1.0
concert:1.0
duke:1.0
newsgroups:1.0
rec.sport.baseball:1.0
message-id:1.0
date:1.0
5:1.0
apr:1.0
93:1.0
18:21:18:1.0
gmt:1.0
sender:1.0
news:2.09861228866811
organization:1.0
biochemistry:1.0
lines:1.0
13:1.0
nntp-posting-host:1.0
bruchner.biochem.duke.edu:1.0
usa:1.0
today:1.0
reports:1.0
may:1.0
going:1.0
dl:1.6931471805599454
arm:1.0
pains:1.0
unspecified:1.0
nature:1.0
would:1.0
appreciated:1.0
roushfierkelab:1.0
marxist:1.0
groucho:1.0
sort:1.0
grafitti:1.0
paris:1.0
1968:1.0
tanstaafl:1.0
although:1.0
internet:1.0
comes:1.0
close:1.0
go:1.0
15:1.0
day:1.0
pulled:1.0
muscle:1.0
left:1.0
side:1.0
near:1.0
rib:1.0
cage:1.0
4/18/93:1.0
twins:1.0
bring:1.0
mn:1.0
twin:1.0
family:1.0
study:1.0
university:1.6931471805599454
minnesota:1.6931471805599454
612:1.0
626-7224:1.0
contact:1.0
womens:1.0
basketball:1.0
theory:1.0
guides:1.0
experiment:1.0
decides:1.0
izaak:1.0
kolthoff:1.0
