tedward:1.0
cs.cornell.edu:1.0
edward:1.0
ted:1.0
fischer:1.0
subject:1.0
young:1.0
catchers:1.0
article:1.0
mssc52ril.8e0:1.0
netcom.com:1.6931471805599454
mss:1.0
mark:1.0
singer:1.0
writes:1.0
speculation:2.791759469228055
others:1.0
lopez:2.09861228866811
produce:1.6931471805599454
better:1.6931471805599454
two:1.6931471805599454
proven:1.6931471805599454
veterans:1.6931471805599454
nothing:1.0
matter:1.0
well:1.0
founded:1.0
also:1.0
make:1.0
difference:1.0
whether:1.0
well-founded:1.0
obviously:1.0
braves:1.0
believe:1.0
win:1.0
catching:1.0
agree:1.0
change:1.0
minds:1.0
theyll:1.0
call:1.0
though:1.0
good:1.0
point:1.0
one:1.0
safer:1.0
reversed:1.0
cheers:1.0
valentine:1.0
