carrd:1.0
iccgcc.decnet.ab.com:1.0
subject:1.0
david:1.6931471805599454
wells:1.6931471805599454
landed:1.0
team:1.0
yet:1.0
id:1.0
think:1.0
tigers:1.0
anemic:1.0
pitching:1.0
would:1.0
grab:1.0
guy:1.0
pronto:1.0
dc:1.0
