gajarsky:1.6931471805599454
pilot.njin.net:1.0
bob:1.6931471805599454
hobokenite:1.0
subject:1.0
quick:1.0
way:1.0
tell:1.6931471805599454
local:1.0
beat:1.0
writer:1.0
dumb:1.0
ok:1.0
sorry:1.0
didnt:1.0
realise:1.0
sarcastic:1.0
sort:1.0
things:1.6931471805599454
ill:1.0
mike:1.0
lupica:1.0
daily:1.0
news:1.0
usually:1.0
says:1.0
pretty:1.0
funny:1.0
shooting:1.0
lip:1.0
columns:1.0
gaj:1.0
