djs9683:1.0
ritvax.isc.rit.edu:1.0
subject:1.0
finnally:1.0
phils:1.0
support:1.0
phillies:1.6931471805599454
picked:2.09861228866811
first:1.0
someone:1.0
replied:1.0
people:1.6931471805599454
mets:1.0
last:1.0
year:1.0
reply:1.0
yeah:1.0
may:1.0
true:1.0
fritz:1.0
