jhunter:1.6931471805599454
mta.ca:1.6931471805599454
john:1.6931471805599454
hunter:1.0
subject:1.0
white:1.6931471805599454
sox:1.6931471805599454
mailing:1.6931471805599454
list:1.6931471805599454
hi:1.0
gang:1.0
id:1.0
like:1.0
subscribe:1.0
one:1.0
exists:1.0
someone:1.0
please:1.0
e-mail:1.0
address:1.0
thanks:1.0
alot:1.0
