reiniger:2.386294361119891
ug.cs.dal.ca:1.6931471805599454
darren:2.09861228866811
subject:1.0
mlb:1.0
logos:1.6931471805599454
part:1.0
3:1.0
posted:1.0
nl:1.6931471805599454
east:1.0
teams:1.0
alt.binaries.pictures.misc:1.0
hopefully:1.0
ill:1.0
finish:1.0
series:1.0
next:1.0
week:1.0
west:1.0
arishem:1.0
ac.dal.ca:1.0
centre:1.0
marine:1.0
geology:1.0
dalhousie:1.0
university:1.0
halifax:1.0
n.s:1.0
canada:1.0
people:1.0
wonder:1.0
generation:1.0
going:1.0
remind:1.0
came:1.0
first:1.0
place:1.0
