derich:2.09861228866811
netcom.com:1.6931471805599454
scotty*tissue:1.0
subject:1.0
15-day:2.09861228866811
30-day:1.6931471805599454
60-day:1.6931471805599454
disabled:1.6931471805599454
list:2.09861228866811
questions:1.0
ive:1.6931471805599454
curiousity:1.0
whenever:1.0
person:2.09861228866811
put:1.0
longer:1.0
specificed:1.0
time:1.0
seen:1.0
maybe:1.0
4:1.0
months:1.0
last:1.0
year:1.0
dont:1.0
remember:1.0
need:1.0
little:1.0
clarification:1.0
specifications:1.0
scotyy:1.0
scott:1.0
allen:1.0
steinbrink:1.0
go:2.09861228866811
cleveland:2.09861228866811
cavaliers:1.0
nba:1.0
finals:1.0
93:1.6931471805599454
netcom:1.0
indians:1.0
world:1.0
series:1.0
digex:1.0
digex.com:1.0
browns:1.0
super:1.0
bowl:1.0
94:1.0
