jonesk:1.0
ur.msstate.edu:1.0
subject:1.0
mo:1.6931471805599454
sanford:1.6931471805599454
article:1.0
1993apr3.045040.10480:1.0
ra.msstate.edu:1.0
js1:1.0
jazz.cc.msstate.edu:1.0
jiann-ming:1.0
su:1.0
writes:1.0
know:1.0
rockies:1.0
pitcher:1.0
got:1.0
cut:1.0
use:1.0
reds:1.0
drafted:1.0
expansion:1.0
draft:1.0
believe:1.0
sent:1.0
aaa:1.0
