fierkelab:1.0
bchm.biochem.duke.edu:1.6931471805599454
eric:1.6931471805599454
roush:1.0
subject:1.0
reds:1.6931471805599454
without:1.0
sleeves:1.0
new:1.0
uniforms:1.6931471805599454
person:1.0
thinks:1.0
sleeveless:1.0
ugly:1.0
yet:1.0
another:1.0
reason:1.0
wont:1.0
win:1.0
nl:1.0
west:1.0
roushfierkelab:1.0
marxist:1.0
groucho:1.0
sort:1.0
grafitti:1.0
paris:1.0
1968:1.0
tanstaafl:1.0
although:1.0
internet:1.0
comes:1.0
close:1.0
