pkeenan:1.0
s.psych.uiuc.edu:1.0
patricia:1.0
keenan:1.0
subject:1.0
quick:1.0
easy:1.6931471805599454
question:1.6931471805599454
rauser:2.386294361119891
fraser.sfu.ca:1.0
richard:1.6931471805599454
john:1.0
writes:1.0
heres:1.0
someone:1.0
knows:1.0
nothing:1.0
baseball:1.0
city:1.0
california:1.0
angels:1.0
play:1.0
anaheim:1.0
j:1.0
idea:1.0
youre:1.0
sfu.ca:1.0
oh:1.0
dont:1.0
worry:1.0
professional:1.0
wni:1.0
outlaws:1.0
living:1.0
remember:1.0
matter:1.0
go:1.0
dr.banzai:1.0
