mjones:1.6931471805599454
fenway.aix.kingston.ibm.com:1.0
mike:1.6931471805599454
jones:1.6931471805599454
subject:1.0
belated:1.0
predictions:1.0
nl:1.0
mss:1.0
netcom.com:1.0
mark:1.0
singer:1.0
writes:1.6931471805599454
article:1.0
apr.4.19.42.08.1993.12176:1.0
pilot.njin.net:1.6931471805599454
gajarsky:1.6931471805599454
bob:1.0
hobokenite:1.0
javier:1.0
lopez:1.6931471805599454
better:1.6931471805599454
catcher:1.6931471805599454
greg:1.0
olson:1.0
ever:1.6931471805599454
history:1.0
baseball:1.0
22-year-old:1.0
younger:1.0
rookie:2.6094379124341005
compared:1.0
favorably:1.0
among:1.0
league:1.6931471805599454
catchers:1.0
terms:1.0
defense:1.0
brought:1.0
247:1.0
bat:1.0
wasnt:1.6931471805599454
sandy:1.6931471805599454
alomar:1.6931471805599454
supposed:1.6931471805599454
good:1.6931471805599454
year:2.791759469228055
benito:1.6931471805599454
santiago:1.6931471805599454
hrm:1.0
24:1.0
old:2.386294361119891
132:1.0
games:2.09861228866811
290/.326/.418:1.0
threw:1.6931471805599454
baserunners:1.6931471805599454
22:1.0
146:1.0
300/.324/.467:1.0
ivan:1.0
rodriguez:1.0
20:1.0
rookies:2.09861228866811
88:1.0
264/.276/.354:1.0
didnt:1.0
exactly:1.0
suck:1.0
behind:1.6931471805599454
plate:1.6931471805599454
continue:1.0
thread:1.0
others:1.6931471805599454
mentioned:1.0
get:1.0
point:1.0
seem:1.0
quick:1.0
dismiss:1.0
seasoned:1.0
veterans:1.0
favor:1.0
hot:1.0
young:1.0
perhaps:2.09861228866811
management:1.0
team:1.0
pennant-winning:1.0
braves:1.0
knows:1.0
something:1.0
know:1.0
21:1.0
22-year:1.0
come:1.0
majors:1.0
make:1.0
impact:1.0
true:1.0
makes:1.0
important:1.0
realize:1.0
one:1.0
season:1.0
last:1.0
adjusted:1.0
major:1.0
equivalencies:1.0
306/.330/.472:1.0
15:1.0
hrs:1.0
bad:1.0
olsons:1.0
238/.316/.328:1.0
aix:1.0
high-end:1.0
development:1.0
donald.aix.kingston.ibm.com:1.0
would:1.0
admire:1.0
hitting:1.0
ryne:1.0
duren:1.0
hit:1.0
head:1.0
might:1.0
past:1.0
tense:1.0
casey:1.0
stengel:1.0
