ryan:1.6931471805599454
robbins:1.6931471805599454
io20456:1.6931471805599454
maine.maine.edu:1.6931471805599454
subject:1.0
redflops:1.0
wont:1.0
win:1.0
dont:1.0
knock:1.0
vaughn:1.0
spring:1.0
training:1.0
400:1.0
hitter:2.09861228866811
250:1.0
regular:1.0
season:1.0
around:1.0
30:1.0
games:1.0
played:1.0
isnt:1.0
indication:1.0
good:1.0
quality:1.0
pitching:1.0
way:1.0
penobscot:1.0
hall:1.0
university:1.0
maine:1.0
