fath:2.386294361119891
mbcrr.dfci.harvard.edu:1.0
michael:1.6931471805599454
subject:1.0
help:1.0
looking:1.6931471805599454
cleveland:1.6931471805599454
sports:1.6931471805599454
mailing:1.6931471805599454
list:1.6931471805599454
info:1.0
im:1.0
address:1.0
join:1.0
anyone:1.0
knows:1.0
would:1.0
greatful:1.0
could:1.6931471805599454
email:1.0
copy:1.0
member:1.0
mail:1.0
one:1.0
lists:1.0
letters:1.0
probably:1.0
figure:1.0
thanks:1.0
mm:1.6931471805599454
fffff:1.0
j:1.0
fdept:1.0
microbiology:1.0
molecular:1.0
genetics:1.0
fff:1.0
harvard:1.0
medical:1.0
school:1.0
f:1.0
boston:1.0
02115:1.0
mbcrr.harvard.edu:1.0
