gajarsky:1.6931471805599454
pilot.njin.net:1.0
bob:1.6931471805599454
hobokenite:1.0
subject:1.0
belated:1.0
predictions:1.0
nl:1.0
briefly:1.0
since:1.0
im:1.0
sleep:1.0
mles:1.6931471805599454
work:1.0
pretty:1.0
well:1.0
aa:1.0
nd:1.0
aaa:1.0
players:2.09861228866811
22:1.0
younger:1.0
tend:1.0
explosions:1.0
numbers:1.0
whether:1.0
mmles:1.0
next:1.0
2:1.0
years:1.0
26:1.0
older:1.0
levels:1.0
generally:1.0
inflated:1.0
theyre:1.0
reliable:1.0
major:1.0
league:1.0
stats:1.0
player:1.0
gaj:1.0
