jpopovich:1.6931471805599454
guvax.acc.georgetown.edu:1.0
subject:1.0
new:2.09861228866811
uniforms:2.09861228866811
enjoy:1.0
trend:1.0
towards:1.0
classic:1.0
style:1.0
uniform:1.0
disagree:1.0
person:1.0
wants:1.0
return:1.0
non-gray:1.0
road:2.09861228866811
remembered:1.0
one:1.0
reason:1.0
redesigning:1.0
especially:1.0
hats:1.0
green:1.0
caps:1.0
cardinal:1.0
navy:1.0
blue:1.0
cap:1.0
marketing:1.0
money:1.0
made:1.0
sales:1.0
merchandise:1.0
jeffrey:1.0
popovich:1.0
guvax.georgetown.edu:1.0
