subject:1.0
quick:1.0
way:1.0
tell:1.0
local:1.0
beat:1.0
writer:1.0
dumb:1.0
gajarsky:1.6931471805599454
pilot.njin.net:1.0
bob:1.6931471805599454
hobokenite:1.0
jayson:1.0
stark:1.0
trhink:1.0
thats:1.0
fits:1.0
perfectly:1.0
category:1.0
anyone:1.6931471805599454
writes:1.6931471805599454
dean:1.0
palmer:1.0
2:1.0
homers:1.6931471805599454
pace:1.6931471805599454
hell:1.6931471805599454
324:1.0
home:1.0
runs:1.0
shot:1.6931471805599454
end:1.0
april:1.0
11:1.0
100:1.0
shouldbe:1.0
gaj:1.0
