jmann:1.6931471805599454
vineland.pubs.stratus.com:1.6931471805599454
jim:1.6931471805599454
mann:1.6931471805599454
subject:1.0
rickey:2.09861228866811
henderson:2.09861228866811
article:1.6931471805599454
1993apr6.155118.5779:1.0
ra.msstate.edu:1.0
js1:1.0
isis.msstate.edu:1.0
jiann-ming:1.0
su:1.0
writes:1.6931471805599454
ls1d6vinns65:1.0
appserv.eng.sun.com:1.0
str:1.0
maredsous.eng.sun.com:1.0
todd:1.0
rader:1.0
stay:1.0
school:1.0
lot:1.6931471805599454
learn:1.6931471805599454
know:2.09861228866811
3:1.6931471805599454
million:2.386294361119891
dollars:1.6931471805599454
money:2.09861228866811
doesnt:1.0
career:1.6931471805599454
baseball:1.6931471805599454
didnt:1.0
wouldnt:1.6931471805599454
making:2.6094379124341005
near:1.6931471805599454
michael:1.0
jackson:1.0
jack:1.6931471805599454
nicholson:1.6931471805599454
bill:1.0
cosby:1.0
much:2.386294361119891
werent:1.0
entertainers:1.0
whats:1.0
point:1.0
dont:1.6931471805599454
understand:1.0
athlete:1.0
plays:1.0
sport:1.0
living:1.0
millions:1.6931471805599454
say:1.6931471805599454
paid:2.386294361119891
enough:2.09861228866811
nobody:1.0
sign:1.0
asking:1.0
price:1.0
one:1.6931471805599454
hurting:1.0
still:1.6931471805599454
win:2.09861228866811
without:1.6931471805599454
cant:1.0
usually:1.0
take:1.0
away:1.0
teams:1.0
best:1.0
players:1.0
expect:1.0
think:1.0
pirates:1.0
continue:1.0
barry:1.0
bonds:1.0
remeber:1.0
many:1.6931471805599454
athletes:1.0
nothing:1.6931471805599454
athletic:1.0
ability:1.0
getting:1.0
hard:1.6931471805599454
working:1.6931471805599454
citizens:1.6931471805599454
complaining:1.0
pay:1.0
gets:1.0
matter:1.0
problem:1.6931471805599454
arent:1.0
already:1.0
get:1.6931471805599454
also:1.0
numbers:1.0
worse:1.0
reason:1.0
latter:1.0
often:1.0
happens:1.0
folks:1.0
start:1.0
real:1.0
big:1.0
salaries:1.0
late:1.0
decline:1.0
exceptions:1.0
course:1.0
dave:1.0
parker:1.0
fell:1.0
apart:1.0
first:1.0
put:1.0
nose:1.0
stratus:1.0
computer:1.0
