dwarner:1.6931471805599454
journalism.indiana.edu:1.6931471805599454
david:1.6931471805599454
j:1.6931471805599454
subject:1.0
1993:2.09861228866811
nl:1.0
east:1.6931471805599454
champion:1.6931471805599454
phillies:2.09861228866811
robert:1.0
c:1.0
hite:1.0
writes:1.0
projected:1.0
lineups:1.0
benches:1.0
rotation:1.0
bullpen:1.0
national:1.0
league:1.0
philadelphia:1.0
think:1.0
effect:1.0
philly:1.0
blunts:1.0
course:1.0
becomes:1.0
true:1.0
ill:1.0
first:1.0
smoke:1.0
one:1.0
blue:1.0
riddle:1.0
productions:1.0
rap:1.0
art:1.0
ep:1.0
coming:1.0
tape:1.0
time:1.0
real:1.0
e-mail:1.0
411:1.0
