mmontgom:1.0
liberty.uc.wlu.edu:1.0
matthew:1.0
r:1.0
montgomery:1.6931471805599454
subject:1.0
surge:1.0
last:1.0
two:1.0
weeks:1.0
watch:2.386294361119891
us:2.386294361119891
soar:1.0
1993:2.386294361119891
shouldnt:1.0
stoned:1.0
maybe:1.0
suck:1.0
even:1.0
sore:1.0
matt:1.0
really:1.0
like:1.0
phillies:1.0
