brucek:1.0
ingres.com:1.0
bruce:1.0
kleinman:1.0
subject:1.0
best:1.6931471805599454
record:1.6931471805599454
ever:1.6931471805599454
baseball:1.6931471805599454
article:1.0
1psl0jinnam3:1.0
jhunix.hcf.jhu.edu:1.6931471805599454
admiral:1.0
steve:1.0
c:1.0
liu:1.0
writes:1.0
teams:1.0
believe:1.0
cubs:1.0
sometime:1.0
way:1.0
far:1.0
back:1.0
110:1.0
something:1.0
think:1.0
1954:1.0
cleveland:1.0
indians:1.0
111:1.0
