ryan:1.6931471805599454
robbins:1.6931471805599454
io20456:1.6931471805599454
maine.maine.edu:1.6931471805599454
subject:1.0
designated:1.0
hitter:1.0
rule:1.0
actually:1.0
number:1.0
players:1.0
side:1.0
25-man:1.0
roster:1.6931471805599454
40-man:1.0
etc:1.0
penobscot:1.0
hall:1.0
university:1.0
maine:1.0
