pjtier01:1.6931471805599454
ulkyvx.louisville.edu:2.09861228866811
subject:1.0
finnally:1.0
phils:1.0
support:1.0
article:1.6931471805599454
c4yxmj.ble:1.0
news.udel.edu:1.0
philly:1.0
bach.udel.edu:1.0
robert:1.0
c:1.0
hite:1.0
writes:1.6931471805599454
1993apr3.182452.1:1.0
everytime:1.0
written:1.0
net:1.0
possibility:1.0
successfuls:1.0
season:2.09861228866811
philadelphia:1.0
phillies:1.0
gotten:1.0
ripped:1.0
everybody:1.0
pittsburgh:1.0
calcutta:1.0
ignoramouses:1.0
care:1.0
look:1.0
weeks:1.0
baseball:2.09861228866811
weekly:1.0
see:1.0
im:1.0
one:1.0
considers:1.0
division:2.09861228866811
winners:1.6931471805599454
rest:1.0
respected:1.0
writers:1.0
country:1.0
well:2.09861228866811
reasoning:2.09861228866811
genius:1.6931471805599454
writer:1.6931471805599454
even:1.6931471805599454
though:1.0
pitching:1.6931471805599454
best:1.0
sound:1.0
win:2.09861228866811
strength:1.0
offense:2.386294361119891
lesse:2.09861228866811
93:2.09861228866811
92:1.6931471805599454
thompson:2.386294361119891
incaviglia:2.386294361119891
72:2.09861228866811
wins:3.5649493574615367
least:2.09861228866811
88:1.6931471805599454
therefore:1.0
16:1.6931471805599454
learn:1.0
school:1.0
today:1.0
take:2.386294361119891
math:1.6931471805599454
course:1.0
teacher:1.0
turns:1.0
rob:1.0
rains:1.0
run:1.0
dont:2.386294361119891
walk:1.0
drop/add:1.0
p:1.6931471805599454
tierney:1.6931471805599454
obviously:1.0
know:1.0
hell:1.0
youre:1.0
talking:1.0
equal:1.0
ill:1.6931471805599454
two:1.6931471805599454
stan:1.0
javier:1.0
ruben:1.0
amaro:1.0
249:1.0
1hr:1.0
334ab:1.0
219:1.6931471805599454
7hr:1.0
374:1.0
ab:1.0
id:1.0
say:2.09861228866811
improvement:1.0
equate:1.0
6or:1.0
7:1.6931471805599454
lenny:1.0
dykstra:1.0
played:1.0
85:1.0
games:1.6931471805599454
last:1.6931471805599454
year:1.6931471805599454
project:1.6931471805599454
numbers:2.09861228866811
301:1.6931471805599454
104:1.0
hits:1.6931471805599454
18:2.09861228866811
2bs:1.6931471805599454
6:1.6931471805599454
hr:2.09861228866811
39rbi:1.0
30:1.0
sb:1.6931471805599454
150:1.0
thus:1.6931471805599454
188:1.0
32:1.0
11hr:1.0
70rbi:1.0
54:1.0
okay:2.6094379124341005
put:1.0
leadoff:1.6931471805599454
hole:1.0
bump:1.0
kruk:1.0
hollins:1.0
daulton:1.0
rbi:2.386294361119891
tad:1.0
knocked:1.0
70:1.0
109:1.0
respectively:1.0
think:2.09861228866811
fair:1.6931471805599454
add:2.386294361119891
5:1.0
managed:1.0
knock:1.0
pretty:1.0
nice:1.0
amount:1.0
runs:1.0
hitter:1.0
bozo:1.0
maybe:1.0
8:1.0
oh:1.0
forget:1.0
wes:1.0
chamberlain:1.0
275:1.0
abs:1.0
9:1.0
41:1.0
month:1.0
1/2:1.0
aaa:1.0
horrible:1.0
first:1.6931471805599454
half:1.0
full:1.6931471805599454
get:1.6931471805599454
80:1.0
worth:1.6931471805599454
finally:1.0
worse:2.09861228866811
staff:1.0
nl:1.0
injury:1.0
decimation:1.0
1992:1.0
danny:1.0
jackson:1.0
health:1.0
schilling:1.0
3:1.0
weve:1.0
conservative:1.0
added:1.0
far:1.0
adding:1.0
4:1.0
thanks:1.0
expansion:1.0
teams:1.0
thats:1.6931471805599454
22:1.6931471805599454
dipshit:1.0
genuious:1.0
94:1.6931471805599454
hmmm:1.0
good:1.0
enough:1.0
next:1.6931471805599454
time:1.6931471805599454
something:1.6931471805599454
foolish:2.09861228866811
clue:1.0
actually:1.0
simply:1.0
relaying:1.0
so-called:1.0
bw:1.0
agree:1.0
aware:1.0
responding:1.0
btw:1.0
funny:1.0
