rickc:1.6931471805599454
krill.corp.sgi.com:1.0
richard:1.0
casares:1.0
subject:1.0
vegas:1.6931471805599454
odds:1.6931471805599454
anyone:1.0
list:1.0
teams:1.0
making:1.0
world:1.0
series:1.0
id:1.0
appreciate:1.0
mailing:1.0
thanks:1.0
corp.sgi.com:1.0
