brucek:1.0
ingres.com:1.0
bruce:1.0
kleinman:1.0
subject:1.0
dodgers:2.09861228866811
move:1.0
ny:1.6931471805599454
la:2.09861228866811
article:1.0
1993apr5.160030.2328:1.0
ncar.ucar.edu:1.0
tparker:1.0
music.scd.ucar.edu:1.0
tom:1.0
parker:1.0
writes:1.0
bet:1.0
buddy:1.0
moved:1.6931471805599454
anyone:1.0
know:1.0
year:1.6931471805599454
first:1.0
1958:1.0
