subject:1.0
mike:1.0
francesas:1.0
1993:1.0
predictions:1.6931471805599454
gajarsky:1.6931471805599454
pilot.njin.net:1.0
bob:1.6931471805599454
hobokenite:1.0
hmm:1.0
thought:1.0
francescas:1.0
always:1.0
hovered:1.0
500:1.0
especially:1.0
nfl:1.0
counting:1.0
college:1.0
football:1.0
bowl:1.0
day:1.0
hes:1.0
nice:1.0
analyst:1.0
explaining:1.0
past:1.0
tense:1.0
mapping:1.0
plays:1.0
teams:1.0
might:1.0
predicting:1.0
future:1.0
looks:1.0
good:1.0
whne:1.0
compared:1.0
russo:1.0
gaj:1.0
