hagins:2.386294361119891
avlin8.us.dg.com:1.6931471805599454
jody:1.6931471805599454
subject:1.0
os:1.0
lose:1.6931471805599454
openr:1.0
home:1.0
rangers:1.0
sutcliffe:2.09861228866811
gives:1.6931471805599454
3:1.0
hrs:1.0
gonzales:1.6931471805599454
1:1.6931471805599454
palmer:1.0
2:1.0
mills:1.0
hr:1.0
7-4:1.0
texas:1.0
7:1.0
10:1.0
0:1.6931471805599454
lefferts:1.0
1-0:1.0
baltimore:1.0
4:1.0
9:1.0
0-1:1.0
data:1.0
general:1.0
corporation:1.0
linthicum:1.0
md:1.0
