subject:1.0
rockies:1.6931471805599454
rangers:1.6931471805599454
fans:1.6931471805599454
please:1.6931471805599454
help:1.0
valentin:1.0
pitt.edu:1.0
shawn:1.6931471805599454
v:1.0
hernan:1.0
greetings:1.0
baseballers:1.0
choice:1.0
two:1.0
less:1.0
identical:1.0
conferences:1.0
attend:1.0
one:1.6931471805599454
denver:1.0
dallas:1.6931471805599454
may:1.0
24-28:1.0
could:1.0
kind:1.0
play:1.0
area:1.0
right:1.0
let:1.0
know:1.0
home:1.0
dates:1.0
week:1.0
id:1.0
love:1.0
catch:1.0
game:1.0
thanks:1.0
