subject:1.0
mark:1.6931471805599454
whiten:1.6931471805599454
rsmith:1.0
strobe.atc.olivetti.com:1.0
russ:1.6931471805599454
smith:1.6931471805599454
vacation:1.0
last:1.0
week:1.0
didnt:1.0
see:1.0
news:1.0
could:1.0
somebody:1.0
fill:1.0
st:1.0
louis:1.0
ended:1.0
trade:1.0
give:1.0
arocha:1.0
allen:1.0
watson:1.0
dmitri:1.0
young:1.0
dal:1.0
make:1.0
decent:1.0
deal:1.0
dont:1.0
know:1.6931471805599454
anything:1.0
xs:1.0
george:1.0
gervin:1.0
assistant:1.0
coach:1.0
