kahn:1.6931471805599454
troi.cc.rochester.edu:1.0
james:1.0
subject:1.0
david:1.6931471805599454
wells:1.6931471805599454
article:1.0
1993apr5.124526.10219:1.0
iccgcc.decnet.ab.com:1.6931471805599454
carrd:1.0
writes:1.0
landed:1.0
team:1.0
yet:1.0
id:1.0
think:1.0
tigers:1.0
anemic:1.0
pitching:1.0
would:1.0
grab:1.0
guy:1.0
pronto:1.0
950k:1.0
jim:1.0
