rickert:2.386294361119891
nextwork.rose-hulman.edu:1.0
john:1.6931471805599454
h:1.0
subject:1.0
93:1.6931471805599454
picks:1.0
one:1.6931471805599454
comment:1.0
article:1.0
jfr2.733938351:1.0
ra.msstate.edu:1.6931471805599454
jfr2:1.0
jackie:1.0
f:1.0
russell:1.0
writes:1.6931471805599454
psg:1.0
pitt.edu:1.0
paul:1.0
galvanek:1.0
since:1.6931471805599454
well:1.6931471805599454
last:3.0794415416798357
year:1.6931471805599454
heres:1.0
another:1.6931471805599454
shot:1.6931471805599454
picking:2.09861228866811
winners:1.0
losers:1.0
ill:1.0
skip:1.0
commentary:1.0
picked:1.0
finish:1.0
due:1.0
lack:1.0
time:1.0
flame:1.0
wars:1.0
8:1.0
kansas:1.0
city25.0:1.0
think:2.386294361119891
kc:1.0
much:1.0
better:1.0
top:1.0
division:1.0
bottom:1.0
word:1.6931471805599454
cone:1.0
help:1.0
things:1.0
tremendously:1.0
way:1.6931471805599454
mark:1.0
offense:1.6931471805599454
makes:1.0
pick:1.0
theres:1.0
also:1.6931471805599454
policy:1.0
never:1.0
buck:1.0
rodgers:1.0
team:2.791759469228055
florida12.0:1.0
chicago20.0:1.0
dont:1.6931471805599454
know:1.0
expansion:2.09861228866811
ever:1.6931471805599454
finished:2.386294361119891
might:1.0
first:1.6931471805599454
hasnt:1.0
happened:1.0
cubs:1.6931471805599454
worse:1.0
1961:1.0
angels:1.0
1/2:1.0
game:1.0
7th:1.0
athletics:1.6931471805599454
senators:1.0
tied:1.0
1962:1.0
colt:1.0
45s:1.0
finshed:2.09861228866811
8th:1.0
ahead:2.09861228866811
mets:1.0
1969:1.0
royals:1.0
4th:1.0
white:1.0
sox:1.0
pilots:1.0
1977:1.0
mariners:1.0
6th:1.0
apparently:1.0
poor:1.0
chicago:1.0
around:1.0
good:1.0
thing:1.0
national:1.0
league:1.0
west:1.0
cincinnati:1.0
houston:1.0
5.0:1.0
atlanta:1.0
8.0:1.0
argh:1.0
obviously:1.0
dead:1.0
wrong:1.0
yankees:1.6931471805599454
20s:1.0
30s:1.0
nicely:1.0
setup:1.0
years:1.6931471805599454
come:1.0
braves:1.6931471805599454
all-star:1.0
able:1.0
beat:1.0
may:1.0
appropriate:1.0
comparison:1.0
1929-31:1.0
2nd:1.6931471805599454
3rd:1.0
finshing:1.0
18:1.0
16:1.0
13-1/2:1.0
games:1.6931471805599454
1933,34:1.0
35:1.0
second:1.0
though:1.0
7:1.6931471805599454
3:1.0
even:1.0
great:1.0
teams:1.0
lose:1.0
thats:1.0
play:1.0
season:1.0
hand:1.0
im:1.0
still:1.0
go:1.0
nextwork.rose-hulman:1.0
predictions:1.0
marlins:1.0
70:1.0
wins:1.6931471805599454
rockies:1.6931471805599454
50:1.0
fans:1.0
claim:1.0
adequate:1.0
