zappala:1.6931471805599454
pollux.usc.edu:1.0
daniel:1.6931471805599454
subject:1.0
angels:2.09861228866811
win:1.0
home:1.6931471805599454
opener:1.0
brewers:1.0
today:1.0
33,000:1.0
anaheim:1.0
stadium:1.0
3-1:1.0
3-hitter:1.0
mark:1.0
langston:1.0
j.t:1.0
snow:1.0
gary:1.0
discarcina:1.0
hit:1.0
runs:1.0
