luriem:1.0
alleg.edu:1.0
liberalizer:1.0
michael:1.0
lurie:1.0
subject:1.0
yankee:1.0
meditations:1.0
realize:1.0
yankees:2.09861228866811
paying:1.0
matt:1.0
nokes:1.0
2,500,000:1.0
dollars:1.0
year:1.6931471805599454
geesh:1.0
maas:1.0
gets:1.0
125,000:1.0
way:1.6931471805599454
going:1.0
win:1.0
best:1.0
jt:1.0
snow:1.0
ex-yankee:1.0
rookie:1.0
