luriem:1.0
alleg.edu:1.0
liberalizer:1.0
michael:1.0
lurie:1.0
subject:1.0
joe:1.6931471805599454
robbie:1.6931471805599454
stadium:1.6931471805599454
baseball:2.09861228866811
article:1.0
1993apr6.025027.4846:1.0
oswego.oswego.edu:1.0
iacs3650:1.0
oswego.edu:1.0
kevin:1.0
mundstock:1.0
writes:1.0
anyone:1.0
notice:1.0
words:1.6931471805599454
printed:1.0
picture:1.0
opening:1.0
day:1.0
season:1.0
preview:1.0
section:1.0
usa:1.0
today:1.0
reason:1.0
given:1.0
yes:1.0
answer:1.0
simple:1.0
create:1.0
better:1.0
feeling:1.0
park:1.0
seats:1.0
folded:1.0
back:1.0
games:1.0
saw:1.0
