mebonar:1.6931471805599454
sn01.sncc.lsu.edu:1.0
mscidave:1.0
subject:1.0
young:1.0
catchers:2.791759469228055
mss:1.0
netcom.com:1.0
mark:1.0
singer:1.0
said:1.0
need:1.0
solid:1.6931471805599454
defensively:1.0
players:1.0
help:1.6931471805599454
clubs:1.0
bigs:1.0
arguments:1.0
lopez:2.791759469228055
braves:2.09861228866811
year:1.0
two:1.0
demonstrated:1.0
abilities:1.0
call:1.6931471805599454
games:1.6931471805599454
work:1.0
pitchers:2.09861228866811
throw:1.0
runners:1.0
crux:1.0
argument:1.0
least:1.0
sdcn:1.0
non-sdcn:1.0
camps:1.0
seem:1.0
agree:1.0
fact:1.6931471805599454
defense:1.6931471805599454
basically:1.0
nonmeasurable:1.0
present:1.0
talk:1.0
important:1.0
calling:2.09861228866811
game:1.6931471805599454
framing:1.6931471805599454
pitches:1.6931471805599454
blocking:1.6931471805599454
balls:1.0
dirt:1.0
little:1.6931471805599454
way:1.6931471805599454
tell:1.6931471805599454
exactly:1.0
various:1.0
rank:1.0
looking:1.0
specifically:1.0
reason:1.0
suspect:1.0
bad:1.6931471805599454
defensive:1.6931471805599454
catcher:2.09861228866811
media:1.0
labeled:1.0
far:1.0
doesnt:1.6931471805599454
particular:1.0
problem:1.6931471805599454
mechanics:1.6931471805599454
sasser:1.0
might:1.0
rough:1.0
around:1.0
edges:1.0
ball:1.0
pitch:1.0
get:1.0
good:1.6931471805599454
needs:1.0
clear:1.0
playing:1.0
practice:1.0
time:1.6931471805599454
cant:2.09861228866811
see:1.0
repetitions:1.0
aaa:2.386294361119891
better:1.0
reps:1.0
majors:1.6931471805599454
left:1.0
aspect:1.0
olsen:2.09861228866811
berryhill:1.0
always:1.0
given:2.09861228866811
credit:1.0
helping:1.0
pitchering:1.0
staff:1.6931471805599454
reputation:1.0
almost:1.0
veteran:1.0
catching:1.0
going:2.09861228866811
learn:2.6094379124341005
major:1.6931471805599454
league:1.6931471805599454
pitching:2.386294361119891
tom:1.6931471805599454
glavines:1.0
catch:1.0
glavine:1.0
similarly:1.0
wouldnt:1.0
supprised:1.0
claimed:1.0
prefer:1.0
used:1.0
say:1.0
comfortable:1.0
since:1.6931471805599454
handle:1.0
hes:1.0
glaring:1.0
well:1.0
dave:1.6931471805599454
bonar:1.0
lsuvax.sncc.lsu.edu:1.0
