spl2:1.6931471805599454
po.cwru.edu:1.6931471805599454
sam:1.6931471805599454
lubchansky:1.6931471805599454
subject:1.6931471805599454
joe:2.09861228866811
robbie:2.09861228866811
stadium:2.386294361119891
baseball:2.791759469228055
article:1.0
1993apr6.025027.4846:1.0
oswego.oswego.edu:1.0
iacs3650:1.6931471805599454
oswego.edu:1.6931471805599454
kevin:1.6931471805599454
mundstock:1.6931471805599454
writes:1.0
date:1.0
6:1.0
apr:1.0
93:1.0
02:50:27:1.0
gmt:1.0
anyone:1.0
notice:1.0
words:1.6931471805599454
printed:1.0
picture:2.09861228866811
opening:1.6931471805599454
day:1.0
season:1.0
preview:1.0
section:1.0
usa:1.0
today:1.0
reason:1.0
given:1.0
would:2.09861228866811
assume:1.0
saw:1.0
indicated:1.0
seats:2.09861228866811
available:1.0
games:1.0
look:1.6931471805599454
diamond:1.0
relation:1.0
areas:1.0
marked:1.0
terrible:1.0
watching:1.0
happen:1.0
reach:1.0
post-season:1.0
imagine:1.0
consider:1.0
surely:1.0
worry:1.0
future:1.0
champion:1.0
people:1.0
see:1.6931471805599454
theyd:1.0
like:1.0
loser:1.0
actually:1.0
treat:1.0
scorn:1.0
sugary:1.0
condiments:1.0
secure:1.0
initial:1.0
pleasure:1.0
fermented:1.0
grain:1.0
decidedly:1.0
parsimonious:1.0
time:1.0
