dougb:2.386294361119891
comm.mot.com:1.0
doug:1.6931471805599454
bank:1.6931471805599454
subject:1.0
info:1.0
needed:1.0
cleveland:2.386294361119891
tickets:2.386294361119891
article:1.0
1993apr1.234031.4950:1.0
leland.stanford.edu:1.6931471805599454
bohnert:1.6931471805599454
matthew:1.0
writes:1.0
im:1.0
going:1.0
thursday:1.0
april:2.09861228866811
15:1.0
sunday:1.0
18:1.0
anybody:1.0
know:1.0
tribe:1.6931471805599454
town:1.6931471805599454
dates:1.0
whore:1.0
playing:1.6931471805599454
available:1.6931471805599454
16:1.0
19th:1.0
always:1.0
though:1.0
toronto:2.09861228866811
many:1.0
fans:1.0
make:1.0
trip:1.0
easier:1.0
get:1.0
either:1.0
way:1.0
seriously:1.0
doubt:1.0
sell:1.0
end:1.0
season:1.0
private:1.0
systems:1.0
division:1.0
ecs.comm.mot.com:1.0
motorola:1.0
communications:1.0
sector:1.0
nwu.edu:1.0
schaumburg:1.0
illinois:1.0
casbah.acns.nwu.edu:1.0
708-576-8207:1.0
