luriem:1.0
alleg.edu:1.0
liberalizer:1.0
michael:1.0
lurie:1.0
subject:1.0
best:2.386294361119891
lifetime:1.6931471805599454
record:2.386294361119891
baseball:1.6931471805599454
history:1.6931471805599454
article:1.0
1993apr6.114106.156:1.0
corning.com:1.6931471805599454
cecce_aj:1.0
writes:1.0
speaking:1.0
marlins:1.0
winning:1.0
opener:1.0
based:1.0
percentage:1.0
games:1.0
second:1.0
soon:1.0
guess:1.0
would:1.0
forced:1.0
say:1.0
yankees:2.09861228866811
hand:1.0
blue:1.6931471805599454
jays:1.6931471805599454
might:1.0
hmmmmm:1.0
tony:1.0
way:1.0
hell:1.0
probably:1.6931471805599454
remember:1.0
team:1.0
80s:1.0
take:1.0
20s:1.0
60s:1.0
well:1.0
