subject:1.0
florida:1.0
sucks:1.0
csc2imd:1.0
cabell.vcu.edu:1.0
ian:1.0
derby:1.0
talk:1.0
phillies:1.6931471805599454
winning:1.0
nl:1.0
east:1.0
scary:1.6931471805599454
dont:1.6931471805599454
get:1.0
wrong:1.0
im:1.0
fan:1.0
late:1.0
last:1.0
year:1.0
looked:1.0
helpless:1.0
funny:1.0
thing:1.0
lot:1.0
injuries:1.0
92:1.0
spring:1.0
training:1.0
basically:1.0
killed:1.0
chances:1.0
course:1.0
forget:1.0
dykstra:1.0
wrist:1.0
injury:1.0
first:1.0
second:1.0
game:1.0
