cub:1.6931471805599454
csi.jpl.nasa.gov:1.0
ray:1.6931471805599454
miller:1.6931471805599454
subject:1.0
sid:1.6931471805599454
fernandez:1.6931471805599454
read:1.0
morning:1.0
left:1.0
last:1.0
nights:1.0
game:1.0
stiffness:1.0
shoulder:1.0
anyone:1.0
information:1.0
extent:1.0
injury:1.0
indeed:1.0
one:1.0
weather:1.0
cold:1.0
air:1.0
colorado:1.0
got:1.0
joints:1.0
little:1.0
stiff:1.0
thanks:1.0
help:1.0
disclaimer:1.0
chopin.jpl.nasa.gov:1.0
opinions:1.0
strictly:1.0
spent:1.0
year:1.0
philadelphia:1.0
think:1.0
sunday:1.0
wcfields:1.0
