subject:1.0
let:1.0
known:1.0
issbtl:1.0
byuvm.bitnet:1.0
would:1.0
like:1.0
make:1.0
everyone:1.0
aware:1.0
winning:1.0
nl:1.0
west:1.0
atlanta:1.0
braves:1.6931471805599454
lead:1.0
wire-to-wire:1.0
games:1.0
4/14/93:1.0
houston:1.0
astros:1.6931471805599454
percentage:1.0
points:1.0
ahead:1.0
unbeatable:1.0
go:1.0
byron:1.0
lee:1.0
native:1.0
texan:1.0
stuck:1.0
utah:1.0
