srubio:1.0
garnet.berkeley.edu:1.0
steven:1.6931471805599454
rubio:1.0
subject:1.0
kevin:1.6931471805599454
rogers:2.386294361119891
one-batter:1.0
lefty:1.0
bullpen:1.0
dusty:1.0
also:1.0
said:1.0
trusts:1.0
get:1.0
final:1.0
ballgame:1.0
beck:1.0
unavailable:1.0
might:1.0
see:1.0
couple:1.0
saves:1.0
regular:1.0
rotation:1.0
falters:1.0
possible:1.0
candidate:1.0
start:1.6931471805599454
though:1.0
would:1.0
appear:1.0
less:1.0
likely:1.0
dave:1.0
burba:1.0
well:1.0
emergency:1.0
