wynblatt:1.6931471805599454
sbgrad5.cs.sunysb.edu:1.0
michael:1.6931471805599454
subject:1.0
tigers:1.6931471805599454
article:1.0
93104.100921rk0vsanu:1.0
miamiu.bitnet:1.6931471805599454
ryan:1.0
kearns:1.0
rk0vsanu:1.0
writes:1.0
think:1.0
detroit:1.0
greatest:1.0
baseball:1.0
organization:1.0
time:1.0
shameless:1.6931471805599454
woofing:1.6931471805599454
deleted:1.0
behalf:1.0
rest:1.0
us:1.0
tiger:1.0
fans:1.6931471805599454
appoligize:1.0
try:1.0
keep:1.0
minimum:1.0
win:1.0
game:1.0
day:1.0
sometimes:1.0
hard:1.0
control:1.0
see:1.0
phillies:1.0
