rdetweil:1.6931471805599454
boi.hp.com:1.0
richard:1.0
detweiler:1.6931471805599454
subject:1.0
cards:1.0
mailing:1.6931471805599454
list:1.6931471805599454
count:1.0
interested:1.0
cardinals:1.0
anyone:1.0
finds:1.0
one:1.6931471805599454
starts:1.0
please:1.0
let:1.0
know:1.0
thanks:1.0
dick:1.0
hpdmd48.boi.hp.com:1.0
