u49839:1.0
uicvm.uic.edu:1.0
subject:1.0
harry:2.09861228866811
caray:1.0
last:1.0
night:1.0
bill:1.0
veeck:1.0
cam:1.0
dreams:1.0
said:1.0
cubs:4.58351893845611
suck:4.526360524616162
scuk:1.0
cuck:1.0
oh:1.0
yeah:1.0
aqlso:1.0
added:1.6931471805599454
drunken:1.0
idiot:1.0
shoulda:1.0
stayed:1.0
st:1.6931471805599454
louis:1.6931471805599454
heart:1.0
also:1.0
fair:1.0
weathered:1.0
fans:1.0
like:1.0
together:1.0
guess:1.0
reason:1.0
cub:1.0
fan:1.0
bud:1.0
man:1.0
note:1.0
never:1.0
really:1.0
left:1.0
jim:1.0
walker:1.0
go:1.0
sox:1.0
