dholle15:1.6931471805599454
ursa.calvin.edu:1.6931471805599454
david:1.0
hollebeek:1.0
subject:1.0
phillies:1.6931471805599454
mailing:1.6931471805599454
list:1.6931471805599454
anyone:1.0
know:1.0
dont:1.0
get:1.0
much:1.0
coverage:1.0
grand:1.0
rapids:1.0
mi:1.0
sob:1.0
elaborate:1.0
signature:1.0
files:1.0
people:1.0
arent:1.0
busy:1.0
dh:1.0
1992:1.0
david-hollebeek:1.0
