shapiro-david:1.6931471805599454
yale.edu:1.6931471805599454
david:1.6931471805599454
shapiro:2.09861228866811
subject:1.0
tigers:1.0
woof:1.6931471805599454
people:1.0
call:1.0
monkey:1.0
felt:1.0
like:1.0
piano:1.6931471805599454
back:1.6931471805599454
winter:1.0
long:1.0
minerva.cis.yale.edu:1.0
maybe:1.0
trombone:1.0
next:1.0
stan:1.0
belinda:1.0
