rachford:1.6931471805599454
en.ecn.purdue.edu:1.0
jeffery:1.6931471805599454
subject:1.0
ryno:1.0
correction:1.0
made:1.0
mistake:1.0
posted:1.0
article:1.0
fighting:1.0
food:1.0
poisoning:1.0
last:1.0
24:1.0
hours:1.0
second:1.0
paragraph:1.0
state:1.0
following:1.0
doctors:1.0
cleared:1.0
sandberg:1.0
swing:1.0
padded:1.0
bat:1.0
ball:1.6931471805599454
tee:1.0
catch:1.0
gloved:1.0
hand:1.0
sorry:1.0
error:1.0
didnt:1.0
know:1.0
posting:1.0
