brian:2.386294361119891
meaddata.com:1.6931471805599454
curran:1.6931471805599454
subject:1.0
tiger:1.6931471805599454
stadium:1.6931471805599454
gif:1.6931471805599454
anybody:1.0
seating:1.0
chart:1.0
thanks:1.0
mead:1.0
data:1.0
central:1.0
didnt:1.0
think:1.0
shouldve:1.0
asked:1.0
catch:1.0
temperature:1.0
age:1.0
carlton:1.0
fisk:1.0
chicago:1.0
white:1.0
sox:1.0
catcher:1.0
playing:1.0
40-degree:1.0
april:1.0
ball:1.0
game:1.0
