jaeastman:1.6931471805599454
anl.gov:1.6931471805599454
jeff:1.6931471805599454
eastman:1.6931471805599454
subject:1.0
cubs:2.09861228866811
expos:1.6931471805599454
roster:1.0
questions:1.0
article:2.09861228866811
15apr199312304021:1.0
pavo.concordia.ca:1.6931471805599454
m_klein:1.0
corelmark:1.0
wrote:1.0
0096b0f0.c5de05a0:1.0
msu.oscs.montana.edu:1.6931471805599454
alird:1.0
writes:1.6931471805599454
1993apr15.003015.1:1.0
vmsb.is.csupomona.edu:1.6931471805599454
cvadrnlh:1.0
today:1.0
4/14:1.0
activated:1.0
p:1.0
mike:1.0
harkey:2.09861228866811
dl:2.09861228866811
move:1.0
make:1.6931471805599454
room:1.6931471805599454
also:1.0
delino:1.0
deshields:1.0
john:1.0
wetteland:1.6931471805599454
thanks:1.0
anyone:1.0
give:1.0
info:1.0
ken:1.0
cal:1.0
poly:1.0
pomona:1.0
effective:1.0
march:1.0
26:1.0
something:1.0
like:1.0
rick:1.0
sent:1.0
boskie:1.0
iowa:1.0
