u49839:1.0
uicvm.uic.edu:1.0
subject:1.0
white:1.6931471805599454
sox:2.09861228866811
update:1.0
think:1.0
lamont:1.0
tryin:1.0
sax:1.6931471805599454
left:1.6931471805599454
messing:1.0
mind:1.0
trying:1.0
stir:1.0
loose:1.0
mental:1.6931471805599454
block:1.0
supposed:1.0
play:1.0
last:1.0
night:1.0
4-14:1.0
rained:1.0
like:1.0
need:1.0
add:1.0
outfielders:1.0
team:1.0
jimmy:1.0
go:1.0
cubs:1.0
suck:1.0
thats:1.0
dontcha:1.0
know:1.0
