kahn:1.6931471805599454
troi.cc.rochester.edu:1.0
james:1.0
subject:1.0
tigers-as:1.0
article:1.0
1993apr14.185317.12231:1.0
sbcs.sunysb.edu:1.0
wynblatt:1.6931471805599454
sbgrad5.cs.sunysb.edu:1.0
michael:1.0
writes:1.0
weird:1.0
thing:1.0
leading:1.0
20-4:1.0
going:1.0
top:1.0
ninth:1.0
sparky:1.6931471805599454
used:1.0
ace:1.0
closer:1.0
henneman:1.6931471805599454
tigers:1.6931471805599454
8:1.0
relievers:1.0
least:1.0
6:1.0
rested/available:1.0
trust:1.0
little:1.0
think:1.0
wanted:1.0
get:1.0
work:1.0
days:1.0
day:1.6931471805599454
jim:1.0
