acsddc:1.0
smucs1.umassd.edu:1.0
subject:1.0
fenway:1.6931471805599454
gif:1.6931471805599454
wondering:1.0
anyone:1.0
kind:1.0
park:1.0
would:1.0
appreciate:1.0
someone:1.0
could:1.0
send:1.0
one:1.0
thanks:1.0
advance:1.0
dan:1.0
