erics:2.09861228866811
netcom.com:1.6931471805599454
eric:1.6931471805599454
smith:1.6931471805599454
subject:1.0
1964:1.6931471805599454
phillies:1.0
deja:1.0
vu:1.0
jerry:1.0
sheldev.shel.isc-br.com:1.0
gerald:1.0
lanza:1.0
writes:1.0
p.s:1.0
single:1.0
team:1.0
8:1.0
pennant:1.0
divisions:1.0
make:1.0
ten:1.0
eight:1.0
mets:1.0
astros:1.0
joined:1.0
n.l:1.0
1962:1.0
infoserv.com:1.0
ci:1.0
70262,3610:1.0
