wjs112:1.0
psuvm.psu.edu:1.0
subject:1.0
phills:1.0
vs:1.0
pirates:1.0
hate:1.0
burden:1.0
bad:1.0
news:1.0
think:1.0
time:3.0794415416798357
phillies:1.0
usually:1.6931471805599454
play:1.0
either:1.0
7:05:1.0
p.m:2.09861228866811
7:35:1.0
eastern:1.6931471805599454
weekdays:1.0
sundays:1.0
1:35:1.0
boise:1.6931471805599454
idaho:1.6931471805599454
part:1.6931471805599454
mountain:2.09861228866811
zone:2.386294361119891
pacific:1.0
times:1.0
given:1.0
starts:1.0
please:1.0
check:1.0
map:1.0
case:1.0
wrong:1.0
certain:1.0
thanks:1.0
listening:1.0
shep:1.0
