m_klein:1.0
pavo.concordia.ca:1.0
corelmark:1.6931471805599454
subject:1.0
players:1.0
rushed:1.0
majors:1.0
missed:1.0
original:1.0
post:1.0
arent:1.0
expos:1.6931471805599454
rushing:1.0
alomost:1.0
entire:1.0
team:1.0
year:1.6931471805599454
montreal:1.0
fan:1.0
geez:1.0
rank:1.0
27th:1.0
salary:1.0
rockies:1.0
trail:1.0
someone:1.0
average:1.0
age:1.0
would:1.0
probably:1.0
first:1.0
university:1.0
