mcdowell:1.6931471805599454
iies.ecn.purdue.edu:1.0
james:1.0
subject:1.0
texas:1.6931471805599454
ranger:1.6931471805599454
ticket:1.6931471805599454
info:1.0
would:1.0
someone:1.0
please:1.0
give:1.0
address:1.0
orders:1.0
thanks:1.0
much:1.0
jim:1.0
