dtate:1.6931471805599454
pitt.edu:1.6931471805599454
david:1.6931471805599454
tate:1.6931471805599454
subject:1.0
braves:2.09861228866811
pitching:3.0794415416798357
updatedir:1.0
sbp002:1.0
acad.drake.edu:1.0
said:2.386294361119891
article:1.0
2482:1.0
adobe.com:1.6931471805599454
snichols:1.0
sherri:1.6931471805599454
nichols:1.0
writes:1.0
every:1.6931471805599454
single:1.0
piece:1.0
evidence:1.0
find:1.0
points:1.0
major:1.0
league:1.0
baseball:2.386294361119891
50:1.6931471805599454
offense:1.6931471805599454
defense:2.09861228866811
run:2.386294361119891
scored:1.6931471805599454
important:2.09861228866811
prevented:1.6931471805599454
course:1.0
penny:1.6931471805599454
saved:1.0
earned:1.0
enough:1.0
cliches:1.6931471805599454
cliche:1.0
unlike:1.0
comments:1.0
tautology:1.0
neednt:1.0
true:2.09861228866811
pitcher:1.0
essentially:1.6931471805599454
quality:1.6931471805599454
i.e:1.0
variance:1.6931471805599454
ability:2.386294361119891
much:2.386294361119891
smaller:1.0
batting:1.0
scoring:2.6094379124341005
runs:2.6094379124341005
would:2.6094379124341005
preventing:1.0
simply:1.0
actively:1.0
prevent:1.0
weaker:1.0
point:2.09861228866811
starters:1.0
able:1.0
live:1.0
potential:1.0
wont:1.0
need:1.6931471805599454
offensive:1.6931471805599454
support:1.0
thats:1.0
fact:1.0
win:1.6931471805599454
championships:1.6931471805599454
later:1.0
essence:1.6931471805599454
neither:1.6931471805599454
says:1.0
claiming:1.0
seems:1.0
pitchers:1.6931471805599454
take:1.0
mound:1.0
teams:1.0
score:1.0
less:1.0
team:2.791759469228055
scores:1.0
wins:1.6931471805599454
accuse:1.0
mouthing:1.0
puts:1.0
better:1.6931471805599454
advantage:1.0
providing:1.0
stop:1.0
opposing:1.0
low:2.09861228866811
game:1.0
clearly:1.0
benefit:1.0
clear:1.0
high-scoring:1.0
games:2.09861228866811
high:1.0
percentage:1.0
time:1.0
split:1.0
50/50:1.0
regardless:1.0
many:1.0
due:1.0
excellent:1.0
average:1.0
hitting:1.0
flip:1.0
side:1.0
starting:1.0
lineup:1.0
great:1.6931471805599454
players:1.0
arguing:1.0
thought:1.0
greetings:1.0
sir:1.0
bat:1.0
quick:1.0
member:1.0
iie:1.0
orsa:1.0
tims:1.0
sabr:1.0
hands:1.0
soft:1.0
eye:1.0
discerning:1.0
denver:1.0
call:1.0
slugger:1.0
big:1.0
catullus:1.0
galarraga:1.0
compare:1.0
mattingly:1.0
