jja2h:1.0
virginia.edu:1.0
subject:1.0
brien:1.0
taylor:1.6931471805599454
last:1.0
year:1.6931471805599454
brein:1.0
ball:1.0
probably:1.0
tampa:1.0
florida:1.0
state:1.0
league:1.0
believe:1.0
began:1.0
aa:1.0
albany:1.0
hopefully:1.0
george:1.0
wont:1.0
rush:1.0
hell:1.0
allowed:1.0
progress:1.0
rate:1.0
aaa:1.0
bronx:1.0
guy:1.0
real:1.0
thing:1.0
jonathan:1.0
alboum:1.0
uva:1.0
