west:2.386294361119891
esd.dl.nec.com:1.6931471805599454
mike:1.6931471805599454
subject:1.0
dean:1.6931471805599454
palmer:1.0
hurt:1.6931471805599454
edward:1.0
ouellette:1.0
edo:1.0
casbah.acns.nwu.edu:1.0
wrote:1.0
think:1.0
got:2.09861228866811
hit:2.09861228866811
pitched:1.0
ball:1.0
night:1.0
pinch:1.0
didnt:1.0
play:1.0
baltimore:1.0
tonight:1.0
whats:1.0
please:1.0
tell:1.0
hes:1.0
evidentally:1.0
elbow:1.6931471805599454
fernando:1.0
pitch:1.0
arm:1.6931471805599454
swelled:1.0
wrist:1.0
something:1.0
like:1.0
took:1.0
x-rays:1.0
nothing:1.0
damaged:1.0
missed:1.0
last:1.0
game:1.6931471805599454
orioles:1.0
suppose:1.0
ready:1.0
next:1.0
hope:1.0
helps:1.0
