howard_wong:1.0
mindlink.bc.ca:1.0
howard:1.0
wong:1.0
subject:1.0
jack:2.386294361119891
morris:2.09861228866811
today:1.0
april:1.0
17:1.0
lost:1.6931471805599454
first:1.0
three:1.0
starts:1.0
however:1.0
jays:1.0
well:1.0
without:1.0
injured:1.0
dave:1.0
stuart:1.0
credit:1.0
rest:1.0
pitching:1.0
staff:1.0
bit:1.0
edge:1.0
worst:1.0
start:1.0
