rvesterm:1.0
vma.cc.nd.edu:1.0
subject:1.0
jewish:1.6931471805599454
baseball:1.0
players:1.0
article:1.0
1993apr16.173252.7393:1.0
asd.com:1.6931471805599454
scott:1.6931471805599454
barman:1.0
says:1.0
wasnt:1.0
ron:1.0
bloomberg:1.0
former:1.0
yankee:1.0
got:2.09861228866811
first:2.386294361119891
base:1.0
hit:1.6931471805599454
designated:2.386294361119891
hitter:2.386294361119891
idea:1.0
care:1.0
however:1.0
id:1.0
like:1.0
point:1.0
blomberg:1.0
plate:1.0
appearance:1.0
walk:1.0
sure:1.0
think:1.0
also:1.0
bob:1.0
vesterman:1.0
