addison:1.6931471805599454
leland.stanford.edu:1.6931471805599454
brett:1.6931471805599454
rogers:1.6931471805599454
subject:1.0
defensive:2.09861228866811
averages:1.0
1988-1992:1.0
shortstop:1.0
article:1.0
steph.735027990:1.0
pegasus.cs.uiuc.edu:1.6931471805599454
steph:1.0
dale:1.0
stephenson:1.0
writes:1.0
smith:1.6931471805599454
ozzie:1.6931471805599454
742:1.0
717:1.0
697:1.0
672:1.0
664:1.0
0.701:1.0
wizards:1.0
1988:1.0
second:1.0
highest:1.0
year:1.6931471805599454
ever:1.0
still:1.0
good:1.0
dont:1.0
like:1.0
way:1.0
numbers:1.0
declined:1.0
every:1.0
years:1.0
may:1.0
liability:1.6931471805599454
thats:1.0
rich:1.0
