davewood:1.6931471805599454
bruno.cs.colorado.edu:1.0
david:1.6931471805599454
rex:1.6931471805599454
wood:1.6931471805599454
subject:1.0
baseball:1.6931471805599454
spreads:1.6931471805599454
one:1.0
read:1.0
betting:1.0
tend:1.0
something:1.0
like:1.0
8-9:1.0
means:1.0
must:1.0
runs:1.0
thanks:1.0
cs.colorado.edu:1.0
university:1.0
colorado:1.0
boulder:1.0
