pjtier01:1.0
ulkyvx.louisville.edu:1.0
subject:1.0
phills:1.0
vs:1.0
pirates:1.0
mlb:1.0
pit:1.0
phi:1.0
monday:1.6931471805599454
5/10:1.0
pittsburg:3.5649493574615367
philadelphia:3.5649493574615367
5:35:3.1972245773362196
pm:3.3978952727983707
tuesday:1.6931471805599454
5/11:1.0
wednesday:1.6931471805599454
5/12:1.0
friday:1.6931471805599454
6/25:1.0
saturday:1.6931471805599454
6/26:1.0
5:05:1.6931471805599454
sunday:1.6931471805599454
6/27:1.0
11:35:1.6931471805599454
7/30:1.0
7/31:1.0
8:1.0
1:1.0
9/27:1.0
9/28:1.0
9/29:1.0
thursday:1.0
9/30:1.0
times:1.0
correct:1.0
seem:1.0
2:1.0
hrs:1.0
ahead:1.0
usual:1.0
tiems:1.0
two:1.0
teams:1.0
origin:1.0
first:1.0
message:1.0
boise:1.0
central:1.0
time:1.6931471805599454
p:1.6931471805599454
tierney:1.6931471805599454
whoops:1.0
meant:1.0
mountain:1.0
