warped:1.6931471805599454
cs.montana.edu:1.6931471805599454
doug:2.09861228866811
dolven:2.09861228866811
subject:1.0
mel:1.6931471805599454
hall:1.6931471805599454
anyone:1.0
heard:1.6931471805599454
anything:1.0
season:1.0
id:1.0
wasnt:1.0
yankees:1.0
happened:1.0
gdd7548:1.0
trex.oscs.montana.edu:1.0
