ajpat:1.0
iastate.edu:1.0
amy:1.0
j:1.0
patterson:1.0
subject:1.0
twins:1.6931471805599454
games:1.6931471805599454
anyone:1.0
know:1.0
broadcast:1.0
good:1.0
ole:1.0
ames:1.0
iowa:1.0
thanks:1.0
