r4938585:1.0
joplin.biosci.arizona.edu:1.0
doug:1.6931471805599454
roberts:1.6931471805599454
subject:1.0
nl:1.6931471805599454
vs:1.0
al:1.0
ken:1.0
hill:1.0
mvp:1.0
lets:1.0
go:1.0
spos:1.0
