random:1.6931471805599454
access.digex.com:1.0
subject:1.0
scott:1.0
erickson:1.6931471805599454
anyone:1.0
scoop:1.0
scot:1.0
long:1.0
going:1.0
