sean:1.6931471805599454
garrison:1.0
subject:1.0
fenway:1.0
gif:1.6931471805599454
id:1.0
love:1.0
see:1.0
shea:1.0
stadium:1.0
behind:1.0
bag:1.0
vin:1.0
scully:1.0
