rjh:1.6931471805599454
allegra.att.com:1.6931471805599454
robert:1.0
holt:1.6931471805599454
subject:1.0
all-time:1.6931471805599454
best:1.6931471805599454
players:2.09861228866811
article:1.6931471805599454
1993apr15.162313.154828:1.0
ns1.cc.lehigh.edu:1.6931471805599454
jsr2:1.0
john:1.0
stephen:1.0
randolph:1.0
writes:1.6931471805599454
1993apr13.115313.17986:1.0
bsu-ucs:1.0
00mbstultz:1.0
leo.bsuvc.bsu.edu:1.0
ive:1.0
recently:1.0
working:1.0
project:1.0
determine:1.0
greatest:1.0
respective:1.0
postions:1.0
sources:1.0
total:2.9459101490553135
baseball:1.6931471805599454
james:1.0
historical:1.0
abstract:1.0
ballplayers:1.0
biography:1.0
word:1.0
mouth:1.0
biased:1.0
opinions:1.0
feel:1.0
free:1.0
comment:1.0
suggest:1.0
flame:1.0
whatever:1.0
tried:1.0
objective:1.0
possible:1.0
using:1.6931471805599454
statistical:1.0
data:1.0
inlcuded:1.0
time/conviences:1.0
sake:1.6931471805599454
judged:1.0
rel:1.0
ba:1.0
adj:1.0
ops:2.09861228866811
average:2.386294361119891
fielding:2.791759469228055
range/runs:1.0
player:1.0
rating:2.09861228866811
stolen:1.6931471805599454
bases:1.6931471805599454
curiositys:1.0
tpr/150:1.0
g:1.0
years:2.386294361119891
played/mvp:1.0
3b:1.6931471805599454
1:1.0
mike:1.0
schmidt:1.0
2:1.6931471805599454
ed:1.0
matthews:1.0
one:1.0
eddie:1.0
mathews:1.0
3:1.6931471805599454
george:1.0
brett:1.0
4:2.09861228866811
wade:1.0
boggs:1.0
5:2.386294361119891
ron:1.6931471805599454
santo:2.6094379124341005
6:1.6931471805599454
brooks:1.6931471805599454
robinson:2.6094379124341005
7:1.6931471805599454
frank:1.0
baker:1.0
8:1.0
darrell:1.0
evans:1.0
9:1.0
pie:1.0
traynor:1.6931471805599454
10:1.6931471805599454
ray:1.0
dandridge:1.0
think:1.0
would:2.386294361119891
least:1.6931471805599454
ahead:1.0
small:1.0
advantage:1.0
ability:1.0
comes:1.0
nowhere:1.0
near:1.0
making:1.0
large:1.0
difference:2.09861228866811
hitting:1.6931471805599454
seasons:1.0
combined:1.0
656:1.0
ab:1.6931471805599454
bb:1.6931471805599454
per:1.6931471805599454
162:2.09861228866811
games:2.09861228866811
h:1.0
r:1.0
2b:1.0
hr:1.0
rbi:1.0
tb:1.0
avg:1.0
obp:1.0
slg:1.0
14.10:1.0
577:1.0
160:1.0
81:1.0
26:1.0
24:1.6931471805599454
94:1.0
268:1.0
79:1.0
277:1.0
366:1.0
464:1.0
830:1.0
17.55:1.0
607:1.0
70:1.0
27:1.0
15:1.6931471805599454
77:1.0
243:1.0
49:1.0
267:1.0
325:1.0
401:1.0
726:1.0
third:1.0
p:1.0
dp:1.0
e:1.0
pct:1.0
13.15:1.0
149:1.0
348:1.0
30:1.0
954:1.0
17.72:1.0
152:1.0
350:1.0
35:1.0
971:1.0
even:1.0
robinsons:1.0
extra:2.09861228866811
putouts:1.0
assists:1.0
dps:1.0
taken:1.0
mean:1.0
responsible:1.0
outs:1.6931471805599454
field:1.6931471805599454
doesnt:1.0
make:1.0
28:1.0
made:1.0
plate:1.0
mention:1.0
fewer:1.0
104:1.0
decreased:1.0
025:1.0
account:1.0
wrigley:1.0
079:1.0
still:1.0
considerable:1.0
thorn:1.0
palmer:1.0
ratings:1.0
adjusted:1.6931471805599454
production:1.0
batting:1.0
runs:2.09861228866811
base:1.0
123:1.0
284:1.0
14:1.0
137:1.0
41.7:1.0
105:1.0
52:1.0
151:1.0
19.8:1.0
26.3:1.0
usual:1.0
disclaimers:1.0
ps:1.0
fr:1.6931471805599454
apply:1.0
really:1.0
shouldnt:1.6931471805599454
way:1.0
mark:1.0
comparison:1.0
better:2.09861228866811
percentage:1.0
carney:1.0
lansford:1.0
966:1.0
10th:1.0
225:1.0
dead:1.0
last:1.0
time:1.0
also:1.6931471805599454
since:1.0
compares:1.0
league:1.0
instead:1.0
replacement:1.6931471805599454
level:1.6931471805599454
awarded:1.0
6.5:1.0
playing:1.0
653:1.0
great:1.0
career:1.0
prefer:1.0
santos:1.0
plus:1.0
3bman:1.0
knock:1.0
list:1.0
replace:1.0
stan:1.0
hack:1.0
thats:1.0
similar:1.0
story:1.0
hacks:1.0
far:1.0
outweighs:1.0
traynors:1.0
superior:1.0
graig:1.0
nettles:1.0
buddy:1.0
bell:1.0
choices:1.0
imho:1.0
course:1.0
though:1.0
recent:1.0
net:1.0
discussion:1.0
supports:1.0
point:1.0
view:1.0
cf:1.0
andre:1.0
dawson:1.0
right:1.0
bob:1.0
