rvesterm:1.0
vma.cc.nd.edu:1.0
subject:1.0
usa:1.0
mcweekly:1.0
stats:1.0
article:1.0
franjion.734996049:1.0
spot.colorado.edu:1.6931471805599454
franjion:1.0
john:1.0
franjione:1.0
says:1.0
also:1.0
impression:1.0
reading:1.0
group:1.0
bill:2.09861228866811
james:2.09861228866811
elias:1.0
bunch:1.0
money-grubbing:1.0
jerks:1.0
whose:1.0
mission:1.0
charge:1.0
much:1.0
baseball:1.0
statistical:1.0
info:1.0
yeah:1.0
sure:1.0
players:1.0
rating:1.0
book:1.0
bob:1.0
vesterman:1.0
