mike:2.09861228866811
cunixf.cc.columbia.edu:1.0
michael:1.0
chen:1.0
subject:1.0
mel:2.09861228866811
hall:2.09861228866811
article:1.0
1993apr17.212119.13901:1.0
coe.montana.edu:1.0
warped:1.6931471805599454
cs.montana.edu:1.6931471805599454
doug:2.09861228866811
dolven:2.09861228866811
writes:1.0
anyone:1.0
heard:1.6931471805599454
anything:1.0
season:1.0
id:1.0
wasnt:1.0
yankees:1.0
happened:1.0
gdd7548:1.0
trex.oscs.montana.edu:1.0
signed:1.0
japanese:1.0
team:1.0
columbia.edu:1.0
