cmk:1.0
athena.mit.edu:1.0
charles:1.6931471805599454
kozierok:1.0
subject:1.0
baseball:1.6931471805599454
spreads:1.6931471805599454
article:1.0
1993apr18.225909.16116:1.0
colorado.edu:1.0
davewood:1.0
bruno.cs.colorado.edu:1.0
david:1.0
rex:1.0
wood:1.0
writes:1.0
one:1.0
read:1.0
betting:1.0
tend:1.0
something:1.0
like:1.0
8-9:1.0
means:1.6931471805599454
must:1.0
runs:1.0
spread:1.0
bet:1.0
5:1.6931471805599454
underdog:1.0
win:1.6931471805599454
8:1.0
9:1.0
favorite:1.0
