spira:1.6931471805599454
panix.com:1.0
greg:1.6931471805599454
subject:1.0
americas:1.0
team:2.386294361119891
article:1.0
c5p3yr.gh2:1.0
news.cso.uiuc.edu:1.0
cka52397:1.0
uxa.cso.uiuc.edu:1.0
oriolefan:1.0
uiuc:1.0
writes:1.0
defenition:1.0
underdog:1.0
talent:1.6931471805599454
comes:1.0
nowhere:1.6931471805599454
contend:1.0
69:1.0
mets:1.0
89:1.0
orioles:1.0
prime:1.0
examples:1.0
uh:1.0
dont:1.0
think:1.0
call:1.0
tom:1.0
seaver:1.0
jerry:1.0
koosman:1.0
nolan:1.0
ryan:1.0
pitching:1.0
staff:1.0
come:1.0
improvement:1.0
forseeable:1.0
