bbs-comarow:1.0
jwt.oau.org:1.0
bob:1.6931471805599454
comarow:1.6931471805599454
subject:1.0
jewish:1.6931471805599454
baseball:1.0
players:1.0
dave:1.0
kingman:1.0
eisner.decus.org:1.0
