roger:2.09861228866811
crux.princeton.edu:1.0
lustig:1.0
subject:1.0
defensive:2.386294361119891
averages:1.0
1988-1992:1.0
shortstop:1.0
article:1.6931471805599454
1993apr17.200602.8229:1.0
leland.stanford.edu:2.09861228866811
addison:1.6931471805599454
brett:1.6931471805599454
rogers:1.6931471805599454
writes:1.6931471805599454
steph.735027990:1.0
pegasus.cs.uiuc.edu:1.6931471805599454
steph:1.0
dale:1.0
stephenson:1.0
smith:1.6931471805599454
ozzie:1.6931471805599454
742:1.0
717:1.0
697:1.0
672:1.0
664:1.0
0.701:1.0
wizards:1.0
1988:1.0
second:1.0
highest:1.0
year:1.6931471805599454
ever:1.0
still:1.6931471805599454
good:1.0
dont:1.0
like:1.0
way:1.0
numbers:1.0
declined:1.0
every:1.6931471805599454
years:1.6931471805599454
may:1.0
liability:2.09861228866811
thats:1.0
rich:1.0
suppose:1.0
hes:1.6931471805599454
immune:1.0
ravages:1.0
time:1.0
37:1.0
hell:1.0
40:1.0
doesnt:1.0
get:1.6931471805599454
many:1.0
grounders:1.0
used:1.0
fewer:1.0
legs:1.0
go:1.0
human:1.0
far:1.0
remember:1.0
willie:1.0
mays:1.0
end:1.0
career:1.0
ditto:1.6931471805599454
mickey:1.0
mantle:1.0
everyone:1.0
else:1.0
played:1.0
late:1.0
30s:1.0
