rvesterm:1.0
vma.cc.nd.edu:1.0
subject:1.0
mlb:1.0
nba:1.0
article:1.0
1993apr17.052025.10610:1.0
news.yale.edu:1.0
sean:1.0
garrison:1.0
says:1.0
think:1.0
players:1.6931471805599454
salaries:2.09861228866811
getting:1.0
way:1.0
hand:1.0
point:1.0
theyre:1.0
pace:1.0
become:1.0
severely:1.0
detrimental:1.0
baseballs:1.0
future:1.0
want:1.6931471805599454
decrease:1.0
increase:1.0
owners:1.0
two:1.0
equivalent:1.0
bob:1.0
vesterman:1.0
