dxf12:1.6931471805599454
po.cwru.edu:1.6931471805599454
douglas:1.0
fowler:1.6931471805599454
subject:1.0
jack:2.09861228866811
morris:2.386294361119891
previous:1.0
article:1.6931471805599454
tedward:1.0
cs.cornell.edu:1.0
edward:1.0
ted:1.0
fischer:1.0
says:1.0
1qr05cinnpel:1.0
skeena.ucs.ubc.ca:1.0
stlouis:1.0
unixg.ubc.ca:1.0
phill:1.0
st:1.0
louis:1.0
writes:1.0
starts:2.6094379124341005
like:1.6931471805599454
playoff:1.0
era:3.302585092994046
17.18:1.6931471805599454
3:2.09861228866811
luck:1.0
lucky:1.0
get:2.09861228866811
21:1.6931471805599454
wins:1.6931471805599454
last:2.386294361119891
year:3.0794415416798357
4.04:1.6931471805599454
team:1.0
scored:1.0
lot:1.6931471805599454
runs:2.6094379124341005
would:2.386294361119891
happy:1.0
could:1.0
still:1.0
pitch:1.0
seems:1.0
suffering:1.0
total:1.6931471805599454
callapse:1.0
bad:1.6931471805599454
pitchers:1.6931471805599454
prone:1.0
collapse:1.6931471805599454
good:2.386294361119891
closer:1.0
chasm:1.0
mediocrity:1.0
smallest:1.0
push:1.0
completely:1.0
lose:1.0
grip:1.0
ones:1.0
somewhat:1.0
come:1.6931471805599454
back:1.6931471805599454
next:1.6931471805599454
burleigh:1.0
grimes:1.0
went:2.09861228866811
20:1.6931471805599454
24:1.0
13-19:1.0
around:1.0
4:2.386294361119891
25:1.0
pitched:2.09861228866811
well:1.0
several:1.0
years:1.0
carlton:1.0
13:1.0
lost:1.0
27-10:1.0
record:1.0
source:1.0
bill:1.0
james:1.0
historical:1.0
baseball:1.0
abstract:1.0
lets:1.0
forget:1.0
john:1.0
tudor:1.0
started:1.0
1-5:1.0
finished:1.6931471805599454
21-6:1.0
1985:1.0
pretty:1.0
take:1.0
busch:1.0
stadium:1.0
account:1.0
start:1.6931471805599454
season:1.6931471805599454
gave:1.0
early:1.0
92:1.0
games:1.6931471805599454
stronger:1.0
game:2.09861228866811
thus:1.0
giving:1.0
going:1.6931471805599454
stays:1.0
gets:1.0
win:1.0
else:1.0
many:1.0
innings:2.6094379124341005
yup:1.0
used:1.0
dig:1.0
hole:1.0
together:1.6931471805599454
stick:1.0
run:1.0
support:1.6931471805599454
eventually:1.0
came:1.0
hasnt:1.0
gotten:1.0
recall:1.0
4.50:1.0
1st:1.6931471805599454
half:1.6931471805599454
3.50:1.0
2nd:1.6931471805599454
hmmm:1.0
11:1.0
suppose:1.0
30:1.0
winds:1.0
w/200:1.0
allows:1.0
189:1.0
hell:1.6931471805599454
4.75:1.0
end:1.6931471805599454
think:1.6931471805599454
totals:1.0
right:1.0
hard:1.0
may:1.6931471805599454
time:1.0
retire:1.0
released:1.0
return:1.0
form:1.0
5:1.0
million:1.0
contract:1.0
awful:1.0
eat:1.0
hunch:1.0
gutsy:1.0
pitching:1.0
injury:1.0
telling:1.0
anyone:1.0
guess:1.0
banished:1.0
bullpen:1.0
remainder:1.0
perhaps:1.0
stewart:1.6931471805599454
comes:1.0
dl:1.0
danny:1.0
cox:1.6931471805599454
scoreless:1.0
tribe:1.0
today:1.0
looks:1.0
really:1.0
one:1.0
gaston:1.0
scrambling:1.0
find:1.0
starters:1.0
id:1.0
imagine:1.0
luckily:1.0
jays:1.0
offense:1.0
dont:1.0
dare:1.0
release:1.0
replaced:1.0
doug:1.0
age:1.0
mommys:1.0
daddys:1.0
ever:1.6931471805599454
wonder:1.0
casey:1.0
relatives:1.0
give:1.0
lots:1.0
hugs:1.0
love:1.0
missed:1.0
3rd:1.0
strike:1.0
poem:1.0
cause:1.0
heaven:1.0
great:1.0
ran:1.0
first:1.0
made:1.0
big:1.0
hug:1.0
lasts:1.0
forever:1.0
