tek2q:1.0
virginia.edu:1.0
todd:1.0
karlin:1.0
subject:1.0
mel:1.6931471805599454
hall:1.6931471805599454
warped:1.0
cs.montana.edu:1.0
writes:1.0
anyone:1.0
heard:1.6931471805599454
anything:1.0
season:1.0
id:1.0
wasnt:1.0
yankees:1.0
happened:1.0
doug:1.0
dolven:1.0
japan:1.0
think:1.0
