davewood:2.09861228866811
bruno.cs.colorado.edu:1.6931471805599454
david:2.09861228866811
rex:2.09861228866811
wood:2.09861228866811
subject:1.0
rockies:1.0
need:1.0
relief:1.6931471805599454
article:1.0
1993apr18.225740.15978:1.0
colorado.edu:1.0
writes:1.0
shaky:1.0
innings:1.0
giving:1.0
one:1.6931471805599454
run:1.0
game:1.6931471805599454
dreaded:1.0
three:1.0
picthers:1.0
combined:1.0
give:1.0
3:1.0
runs:1.0
believe:1.0
7th:1.0
inning:1.0
taken:1.0
lightly:1.0
going:1.0
todays:1.0
leagues:1.0
leading:1.0
geez:1.0
type:1.0
cs.colorado.edu:1.0
university:1.0
colorado:1.0
boulder:1.0
