vince:1.6931471805599454
sscl.uwo.ca:1.0
subject:1.0
early:1.6931471805599454
bbddd:1.0
returns:1.0
article:1.0
1993apr16.073051.9160:1.0
news.cs.brandeis.edu:1.0
st902415:1.0
pip.cc.brandeis.edu:1.0
adam:1.0
levin:1.0
writes:1.0
curious:1.0
anyone:1.0
started:1.0
standout:1.0
season:1.6931471805599454
bb:2.09861228866811
ddd:2.09861228866811
year:1.0
concerned:1.0
fan:1.0
hoping:1.0
produce:1.0
first:1.0
update:1.0
week:1.0
please:1.0
send:1.0
info:1.0
significant:1.0
longest:1.0
critical:1.0
etc:1.0
home:1.0
run:1.0
seen:1.0
yet:1.0
