rjh:1.6931471805599454
allegra.att.com:1.6931471805599454
robert:1.0
holt:1.6931471805599454
subject:1.0
dave:1.0
kingman:1.6931471805599454
hall:1.0
fame:1.0
article:1.0
mssc5k4w5.gqe:1.0
netcom.com:1.6931471805599454
mss:1.0
mark:1.0
singer:1.0
writes:1.0
im:1.0
fan:1.0
thought:1.0
id:1.0
point:1.0
hes:1.0
player:1.0
history:1.0
five:1.0
three-hr:1.6931471805599454
games:1.6931471805599454
joe:1.0
carter:1.0
four:1.0
eddie:1.0
murray:1.0
three:1.6931471805599454
mccovey:1.0
gehrig:1.0
also:1.0
ruth:1.0
mays:1.0
foxx:1.0
dawson:1.0
two:1.0
johnny:1.0
mize:1.0
six:1.0
current:1.0
record:1.0
bob:1.0
