gwittt:1.6931471805599454
alleg.edu:1.6931471805599454
tom:1.6931471805599454
gwitt:1.6931471805599454
subject:1.0
mel:1.6931471805599454
hall:1.6931471805599454
article:1.0
1993apr17.212119.13901:1.0
coe.montana.edu:1.0
warped:1.0
cs.montana.edu:1.0
doug:1.0
dolven:1.0
writes:1.0
anyone:1.0
heard:1.6931471805599454
anything:1.0
season:1.0
id:1.0
wasnt:1.0
yankees:1.0
happened:1.0
japan:1.0
playing:1.0
baseball:1.0
