k_mullin:1.0
oz.plymouth.edu:1.0
mully:1.0
subject:1.0
request:1.0
al:1.6931471805599454
stats:1.6931471805599454
anyone:1.0
individual:1.0
find:1.0
k:1.0
