cac:1.0
owlnet.rice.edu:1.0
christopher:1.0
andrew:1.0
campbell:1.0
subject:1.0
royals:1.6931471805599454
article:1.0
spork.735077099:1.0
camelot:1.0
spork:1.0
camelot.bradley.edu:1.0
richard:1.0
izzo:1.0
writes:1.0
b.s:1.0
darkness:1.0
deleted:1.0
oh:1.0
lighten:1.0
depresses:1.0
might:1.0
actually:1.0
finish:1.0
last:2.09861228866811
believe:1.0
hasnt:1.0
happened:1.0
since:1.0
second:1.0
season:1.0
1970:1.0
nope:1.0
team:1.0
majors:1.0
finished:1.0
place:1.0
course:1.0
doesnt:1.0
include:1.0
marlins:1.0
rockies:1.0
good:1.0
chance:1.0
finishing:1.0
also:1.0
rich:1.0
