cs902043:1.0
ariel.yorku.ca:1.0
shawn:1.6931471805599454
luddington:1.0
subject:1.0
montreal:1.0
question:1.0
article:1.0
1993apr19.015442.15723:1.0
oz.plymouth.edu:2.09861228866811
k_mullin:1.6931471805599454
mully:1.0
writes:1.0
position:1.0
mike:1.0
lansing:1.0
play:1.6931471805599454
seem:1.0
find:1.0
anywhere:1.0
thanks:1.0
1:1.0
k:1.0
keith:1.0
j:1.0
mullins:1.0
p.s.c:1.0
ooo:1.6931471805599454
internet:1.0
plymouth:1.0
nh:1.0
takes:1.0
big:1.0
man:1.0
cry:1.0
hes:1.0
played:1.0
2nd:1.0
3rd:1.0
also:1.0
heard:1.0
short:1.0
