rickert:1.6931471805599454
nextwork.rose-hulman.edu:1.6931471805599454
john:1.6931471805599454
h:1.0
subject:1.0
notes:1.0
jays:1.0
vs:1.0
indians:1.0
series:1.0
article:1.6931471805599454
c5hpcv.4hl:1.0
andy.bgsu.edu:1.6931471805599454
klopfens:1.0
bruce:1.0
klopfenstein:1.0
writes:2.09861228866811
cmk:1.0
athena.mit.edu:1.0
charles:1.0
kozierok:1.0
1993apr13.195301.22652:1.0
csd-newshost.stanford.edu:1.0
nlu:1.0
xenon.stanford.edu:1.0
nelson:1.0
lu:1.0
guess:1.0
line:1.0
baobpslgabh2b3bhrbb:1.0
x.310.405.427571177278887:1.0
y.312.354.4556572053212035:1.0
love:1.0
alomar:1.6931471805599454
fans:1.0
left:1.0
rbis:1.0
list:1.0
give:1.0
break:1.0
little:1.0
delayed:1.0
interests:1.0
fairness:1.0
stats:1.0
elias:1.0
ba:1.0
obp:1.0
slg:1.0
r:1.0
hr:1.0
rbi:1.6931471805599454
rni:1.6931471805599454
outs:1.6931471805599454
310:1.0
405:1.0
427:1.0
105:1.6931471805599454
8:1.0
76:1.0
264:1.0
20.5:1.0
419:1.0
baerga:1.6931471805599454
312:1.0
354:1.0
455:1.0
92:1.0
20:1.0
316:1.0
21.2:1.0
480:1.0
see:1.0
large:1.0
advantage:1.0
runs:1.0
batted:1.0
runners:1.0
driven:1.0
rickertrickert:1.0
