timlin:2.386294361119891
spot.colorado.edu:1.6931471805599454
michael:1.0
subject:1.0
expanded:1.0
nl:1.0
strike:1.0
zone:1.0
surfeit:1.0
offense:1.0
jrogoff:1.0
scott.skidmore.edu:1.0
jay:1.0
rogoff:1.0
writes:1.0
impression:1.0
watching:1.6931471805599454
mets:1.0
rockies:1.0
umpires:1.0
calling:1.0
strikes:1.0
belt:1.0
far:1.0
letters:1.0
would:1.6931471805599454
nice:1.0
case:1.0
umps:1.0
saw:1.0
weekend:1.0
boxscores:1.0
knew:1.0
pitchers:1.0
needed:1.0
help:1.0
sunrise:1.0
mike:1.0
