luriem:1.0
alleg.edu:1.0
michael:1.0
lurie:1.0
liberalizer:1.0
subject:1.0
jewish:2.09861228866811
baseball:1.0
players:1.0
article:1.6931471805599454
1qkkodinn5f5:1.0
jhunix.hcf.jhu.edu:1.6931471805599454
pablo:1.6931471805599454
iglesias:1.0
writes:1.6931471805599454
15apr93.14691229.0062:1.0
lafibm.lafayette.edu:1.6931471805599454
vb30:1.6931471805599454
hank:1.0
greenberg:1.0
would:1.0
famous:1.0
faith:1.0
actually:1.0
affected:1.0
play:1.0
missing:1.0
late:1.0
season:1.0
world:1.6931471805599454
series:1.6931471805599454
games:1.0
yom:1.0
kippur:1.0
kofax:1.0
missed:1.0
game:1.0
day:1.0
repentence:1.0
