baseball:1.6931471805599454
catch-the-fever.scd.ucar.edu:1.0
gregg:1.6931471805599454
walters:1.0
subject:1.0
ryan:1.6931471805599454
dl:1.0
heard:1.0
minutes:1.0
ago:1.0
koa:1.0
radio:1.0
denver:1.0
nolan:1.0
arthroscopic:1.0
knee:1.0
miss:1.0
2:1.0
5:1.0
weeks:1.0
rockies:1.6931471805599454
nied:1.0
lead:1.0
mets:1.0
gooden:1.0
4:1.0
0:1.0
7th:1.0
runs:1.0
first:1.0
inning:1.0
ncar.ucar.edu:1.0
cr:1.6931471805599454
colorado:1.0
