niguma:2.6094379124341005
ug.cs.dal.ca:1.6931471805599454
gord:2.09861228866811
subject:1.0
notes:1.0
jays:1.0
vs:1.0
indians:1.0
series:1.0
1993apr15.123803.4618:1.0
webo.dg.com:1.0
lyford:1.6931471805599454
dagny.webo.dg.com:1.0
beverage:1.0
writes:2.386294361119891
article:2.09861228866811
1993apr13.202037.9485:1.0
cs.cornell.edu:1.6931471805599454
tedward:1.0
edward:1.0
ted:1.0
fischer:1.0
rudyc5fr3q.1cl:1.0
netcom.com:1.6931471805599454
rudy:1.6931471805599454
wade:1.0
c5fmxd.2pm:1.0
cs.dal.ca:1.0
reference:1.0
history:1.6931471805599454
certainly:1.0
didnt:1.6931471805599454
best:1.0
season:1.6931471805599454
second:1.0
basemen:1.0
probably:1.0
even:1.6931471805599454
good:1.0
alomar:3.0794415416798357
last:2.09861228866811
year:2.386294361119891
measure:1.0
like:1.0
popularity:1.0
toronto:1.0
doesnt:1.0
count:1.0
basing:1.0
statement:1.0
uh:1.0
yes:1.0
baerga:2.791759469228055
lot:1.6931471805599454
flash:1.0
better:2.09861228866811
hitter:1.6931471805599454
batters:1.0
ba:1.0
slg:2.09861228866811
obp:2.386294361119891
g:1.0
ab:1.0
r:1.6931471805599454
h:1.0
tb:1.0
2b:1.0
3b:1.0
hr:1.6931471805599454
rbi:1.0
bb:1.0
sb:1.6931471805599454
cs:1.0
e:1.0
c:1.0
312:1.0
455:1.0
354:1.0
161:1.0
657:1.0
92:1.0
205:1.0
299:1.0
32:1.0
1:1.0
20:1.0
105:1.6931471805599454
35:1.0
76:1.6931471805599454
10:1.0
2:1.0
19:1.0
310:1.0
427:1.0
405:1.0
152:1.0
571:1.0
177:1.0
244:1.0
27:1.0
8:1.6931471805599454
87:1.0
52:1.0
49:1.0
9:1.0
5:1.0
fascinating:1.0
say:1.0
immediately:1.0
follow:1.0
numbers:1.0
showing:1.0
category:1.0
see:1.6931471805599454
shows:1.0
advantage:1.0
hmmm:1.0
walks:1.6931471805599454
got:1.0
clobbered:1.0
beat:1.0
lesser:1.0
margin:1.0
putting:1.0
aside:1.0
factors:1.0
player:2.09861228866811
51:1.0
point:1.6931471805599454
edge:1.6931471805599454
productive:1.0
28:1.0
issue:1.6931471805599454
studied:1.6931471805599454
doubt:1.0
could:1.0
come:1.0
convincing:1.0
argument:1.0
way:1.0
people:1.0
batting:1.0
average:1.0
dont:1.0
really:1.0
know:1.0
value:1.0
worth:1.0
unless:1.0
theyve:1.0
closely:1.0
fact:1.0
ate:1.0
outs:1.6931471805599454
making:1.0
drawing:1.0
base:1.0
carter:1.0
winfield:1.0
et.al:1.0
fav:1.0
john:1.0
olerud:1.0
