gspira:1.0
nyx.cs.du.edu:1.0
greg:1.6931471805599454
spira:1.0
subject:1.0
baseballisdead:1.0
scott:1.6931471805599454
asd.com:1.0
barman:1.0
writes:1.0
forget:1.0
word:1.6931471805599454
three:1.0
divisions:1.0
wild:1.0
card:1.0
done:1.0
deal:1.0
decided:1.0
soon:1.6931471805599454
since:1.0
negotiations:1.6931471805599454
networks:1.0
also:1.0
begin:1.0
preliminary:1.0
started:1.0
already:1.0
believe:1.0
though:1.0
going:1.0
slooooooooooooooooooooooowly:1.0
