mjones:1.6931471805599454
fenway.aix.kingston.ibm.com:1.0
mike:1.6931471805599454
jones:1.6931471805599454
subject:1.0
two:1.0
stooges:1.0
well:1.0
red:1.0
sox:1.0
apparenly:1.0
resigned:1.0
herm:1.0
winningham:1.0
aaa:1.6931471805599454
contract:1.6931471805599454
ted:1.0
larry:1.0
simmons:1.0
signed:1.0
released:1.0
buffalo:1.0
allowing:1.0
lou:1.0
curly:1.0
gorman:1.0
circumvent:1.0
rule:1.0
resigning:1.0
free:1.0
agents:1.0
may:1.0
1:1.0
clearly:1.0
neither:1.0
guys:1.0
bright:1.0
enough:1.0
moe:1.0
aix:1.0
high-end:1.0
development:1.0
donald.aix.kingston.ibm.com:1.0
make:1.6931471805599454
right:1.0
faster:1.0
