frankkim:1.0
catfish.lcs.mit.edu:1.0
frank:1.6931471805599454
kim:1.6931471805599454
subject:1.0
erickson:1.6931471805599454
keith:1.6931471805599454
miller:1.6931471805599454
hi:1.0
wondering:1.0
anyone:1.0
knew:1.0
expected:1.0
come:1.0
back:1.0
exactly:1.0
ails:1.0
sincerely:1.0
