jlroffma:1.0
unix.amherst.edu:1.0
joshua:1.0
lawrence:1.0
roffman:1.0
subject:1.0
jewish:2.09861228866811
baseball:1.6931471805599454
players:1.6931471805599454
past:1.0
present:1.0
werent:1.0
able:1.0
come:1.6931471805599454
much:1.0
except:1.0
sandy:1.0
koufax:1.0
somebody:1.0
stankowitz:1.0
maybe:1.0
john:1.6931471805599454
lowenstein:1.6931471805599454
anyone:1.0
know:1.0
sounds:1.0
pretty:1.0
lame:1.0
racking:1.0
brains:1.0
humor:1.0
us:1.0
thanks:1.0
help:1.0
definately:1.0
many:1.0
baltimore:1.6931471805599454
thought:1.0
especially:1.0
told:1.0
times:1.0
later:1.0
admitted:1.0
joke:1.0
