luriem:1.0
alleg.edu:1.0
michael:1.0
lurie:1.0
liberalizer:1.0
subject:1.0
yankee:1.6931471805599454
fears:1.0
ill:1.6931471805599454
tell:1.0
youm:1.0
one:1.6931471805599454
thing:1.0
steve:1.0
howe:1.0
farr:1.0
much:1.0
better:1.0
worst:1.0
pitcher:1.6931471805599454
pitching:1.0
think:1.0
talking:1.0
post:2.09861228866811
answers:1.6931471805599454
e-mail:1.0
use:1.0
reply:1.0
youre:1.0
e-mailing:1.0
meaqns:1.0
final:1.0
results:1.0
particular:1.0
horrid:1.0
mind:1.0
