subject:1.0
best:1.6931471805599454
sportwriters:1.0
csc2imd:1.0
cabell.vcu.edu:1.0
ian:1.0
derby:1.0
since:1.0
someone:1.0
brought:1.0
sports:1.6931471805599454
radio:1.0
howabout:1.6931471805599454
sportswriting:1.0
anyone:1.0
give:1.0
opinion:1.0
city:1.0
think:1.0
coverage:1.0
terms:1.0
print:1.0
media:1.0
general:1.0
questions:1.0
washington:1.0
post:1.0
better:1.0
philadelphia:1.6931471805599454
inquier:1.0
ny:1.0
times:1.0
daily:1.6931471805599454
news:1.6931471805599454
compared:1.0
new:1.0
york:1.0
notice:1.0
papers:1.0
subjective:1.0
objective:1.0
home:1.0
team:1.0
