brian:1.0
austin:1.0
fraze:1.0
bf25:1.0
andrew.cmu.edu:1.0
subject:1.0
tigers:1.6931471805599454
basically:1.0
agree:1.0
favorite:1.0
team:1.0
actually:1.6931471805599454
pitching:1.0
might:1.0
better:1.0
year:1.0
last:1.0
htats:1.0
saying:1.0
hole:1.0
lot:1.0
bout:1.0
home:1.0
opener:1.0
tuesday:1.0
way:1.0
sparky:1.0
goes:1.0
win:1.0
2,000:1.0
today:1.0
