jrogoff:1.0
scott.skidmore.edu:1.0
jay:1.6931471805599454
rogoff:1.0
subject:1.0
box:2.09861228866811
score:1.6931471805599454
abbrev:1.0
woes:1.0
anybody:1.0
figure:1.0
abbreviations:1.0
make:1.6931471805599454
absolutely:1.0
sense:1.6931471805599454
least:1.0
local:1.0
gannett:1.0
rag:1.0
finds:1.0
way:1.0
door:1.0
must:1.0
stared:1.0
cleman:1.0
mets:1.0
good:1.0
30:1.0
seconds:1.0
morning:1.0
wondering:1.0
hell:1.0
wouldnt:1.0
use:1.0
colemn:1.0
