jbragg:1.6931471805599454
morgan.ucs.mun.ca:1.6931471805599454
james:1.0
bragg:1.6931471805599454
subject:1.0
nl:1.0
stats:1.6931471805599454
doug:1.0
great:1.0
help:1.0
immensely:1.0
tried:1.0
e-mail:2.09861228866811
comments:1.0
mail:1.0
server:1.0
recognize:1.0
address:1.0
could:1.0
info:1.0
get:1.0
thanks:1.0
jim:1.0
