dan:2.09861228866811
danberg.llnl.gov:1.0
bergmann:1.6931471805599454
subject:1.0
need:1.0
software:1.6931471805599454
baseball:1.0
stats:1.0
im:1.0
looking:1.0
hopefully:1.0
free:1.0
runs:1.0
unix:1.0
box:1.0
keep:1.0
track:1.0
statistics:1.0
company:1.0
softball:1.0
team:1.0
batting:1.0
avg:1.0
etc:1.0
know:1.0
please:1.0
post:1.0
respond:1.0
e-mail:1.0
many:1.0
thanks:1.0
dbergmann:1.0
llnl.gov:1.0
