fester:1.6931471805599454
island.com:1.0
mike:1.6931471805599454
subject:1.0
notes:1.0
jays:1.0
vs:1.0
indians:1.0
series:1.0
article:1.0
1993apr14.081214.3921:1.0
csd-newshost.stanford.edu:1.0
nlu:1.0
xenon.stanford.edu:1.0
nelson:1.0
lu:1.0
writes:1.0
second:1.0
basemen:1.0
history:1.0
probably:1.0
didnt:1.0
even:1.0
good:1.6931471805599454
season:1.0
alomar:2.09861228866811
last:1.0
year:1.0
guess:1.0
line:1.0
baobpslgabh2b3bhrbb:1.0
x.310.405.427571177278887:1.0
y.312.354.4556572053212035:1.0
walks:1.0
give:1.0
away:1.0
obps:1.0
general:1.0
somewhat:1.0
valuable:2.09861228866811
slugging:1.6931471805599454
alomars:2.09861228866811
edge:1.6931471805599454
obp:1.6931471805599454
quite:1.0
bit:1.0
larger:1.0
baergas:2.09861228866811
im:1.0
sdcn:1.0
whats:1.0
28:1.6931471805599454
hits:2.09861228866811
w/5:1.0
doubles:1.0
12:1.6931471805599454
hrs:1.0
7:1.0
triples:1.0
52:1.0
bbs:1.0
lets:1.0
forget:2.09861228866811
39:1.0
extra:1.0
sbs:1.0
many:1.0
cs:2.09861228866811
course:1.0
homers:1.6931471805599454
dont:1.6931471805599454
58:1.0
outs:1.6931471805599454
cant:1.0
ways:1.0
higher:1.6931471805599454
raw:1.0
numbers:1.0
due:1.0
playing:1.0
time:1.0
thus:1.0
cost:1.0
btw:1.0
answer:1.0
question:1.0
49:1.0
sb:1.6931471805599454
9:1.0
baerga:1.6931471805599454
10:1.0
2:1.0
gives:1.0
minute:1.0
plus:1.0
side:1.0
something:1.0
else:1.0
consider:1.0
h-r:1.0
splits:1.0
500-.363:1.0
slg:1.0
444-.369:1.0
486-.424:1.0
392-.318:1.0
pretty:1.0
clearly:1.0
got:1.0
huge:1.0
boost:1.0
home:1.0
park:1.0
id:1.0
say:1.0
could:1.0
make:1.0
equal:1.0
right:1.0
p:1.0
rated:1.0
actually:1.0
disclaimer:1.0
opiini^h^h:1.0
damn:1.0
h^h:1.0
q:2.791759469228055
w:1.0
wq:1.6931471805599454
x:2.09861228866811
exit:1.6931471805599454
c:2.386294361119891
quitbye:1.0
ctrlaltdel:1.0
logout:1.0
save/quit:1.0
quit:1.6931471805599454
zz:1.0
zzzzzz:1.0
vi:1.6931471805599454
man:1.6931471805599454
l:1.0
e:1.6931471805599454
help:2.09861228866811
helpquit:1.0
ctrlshftdel:1.0
hey:1.0
stop:1.0
l1a:1.0
