stlouis:1.0
unixg.ubc.ca:1.0
phill:1.0
st:1.0
louis:1.0
subject:1.0
billy:1.6931471805599454
taylor:1.6931471805599454
brave:1.0
jay:1.0
anyone:1.6931471805599454
know:1.0
richmond:1.0
syracuse:1.6931471805599454
taken:1.0
jays:1.0
rule:1.0
v:1.0
draft:1.0
kept:1.0
roster:1.0
baseball:1.0
weekly:1.0
said:1.0
demoted:1.0
toronto:1.0
paper:1.0
indicated:1.0
braves:1.0
took:1.0
back:1.0
atlanta:1.0
fan:1.0
reading:1.0
knows:1.0
thanks:1.0
psl:1.0
