kbos:1.6931471805599454
carina.unm.edu:1.6931471805599454
k:1.0
mitchell:1.0
bose:1.6931471805599454
subject:1.6931471805599454
tigers:1.0
thud:1.0
see:1.0
sig:1.0
kurt:1.0
daisy:1.0
rose:1.0
help:1.0
cleanse:1.0
r.s.b:1.0
mindless:1.0
woofing:1.0
whenever:1.0
someone:1.0
site:1.0
posts:1.0
article:1.0
form:1.0
team:1.0
r00lz:1.0
simply:1.0
look:1.0
directory:1.0
hunt:1.0
beat:1.0
senseless:1.0
easy:1.0
fun:1.0
rewarding:1.0
