texdude:1.6931471805599454
cs1.bradley.edu:1.6931471805599454
philip:1.0
allen:1.6931471805599454
subject:1.0
ryan:1.6931471805599454
rumor:1.0
nolan:1.0
hurt:1.0
right:1.0
knee:1.0
4th:1.0
inning:1.0
rangers-orioles:1.0
game:1.0
last:1.0
night:1.0
hell:1.0
arthoscopic:1.0
surgery:1.0
best:1.0
keep:1.0
dl:1.0
two:1.0
five:1.0
weeks:1.0
almost:1.0
convinced:1.0
rangers:1.0
rotation:1.0
would:1.0
stay:1.0
healthy:1.0
year:1.0
phil:1.0
