mss:1.6931471805599454
netcom.com:1.6931471805599454
mark:1.6931471805599454
singer:1.6931471805599454
subject:1.0
dave:1.0
kingman:1.6931471805599454
hall:1.0
fame:1.0
im:1.0
fan:1.0
thought:1.0
id:1.0
point:1.0
hes:1.0
player:1.0
history:1.0
five:1.0
three-hr:1.0
games:1.0
joe:1.0
carter:1.0
four:1.0
eddie:1.0
murray:1.0
three:1.6931471805599454
mccovey:1.0
gehrig:1.0
also:1.6931471805599454
ruth:1.0
mays:1.0
foxx:1.0
dawson:1.0
two:1.6931471805599454
dont:1.0
think:1.0
reggies:1.0
ws:1.0
game:1.0
counts:1.0
else:1.0
believe:1.0
would:1.0
beastmaster:1.0
