jrogoff:1.0
scott.skidmore.edu:1.0
jay:1.6931471805599454
rogoff:1.0
subject:1.0
infield:2.386294361119891
fly:2.6094379124341005
rule:1.6931471805599454
one:1.0
last:1.0
question:1.0
always:1.0
puzzled:1.0
hasnt:1.0
yet:1.0
addressed:1.0
believe:1.0
also:1.0
deal:1.0
situation:1.0
declared:1.0
ball:2.386294361119891
caught:1.6931471805599454
runners:1.0
tag:1.0
advance:1.0
risk:1.0
however:1.0
point:1.0
runner:1.0
legally:1.0
leave:1.0
base:1.0
w/o:1.0
fear:1.0
doubled:1.0
advancing:1.0
early:1.0
hits:1.6931471805599454
ground:1.6931471805599454
fielder:1.0
first:1.0
touches:1.0
enlightenment:1.0
would:1.0
appreciated:1.0
