gspira:1.0
nyx.cs.du.edu:1.0
greg:1.6931471805599454
spira:1.0
subject:1.0
dave:2.791759469228055
kingman:2.386294361119891
hall:3.302585092994046
fame:2.791759469228055
steve:2.09861228866811
tomassi:1.0
writes:1.0
hi:1.0
baseball:1.0
fans:1.0
say:1.0
dont:2.09861228866811
think:1.0
deserves:1.0
mean:1.0
heck:1.0
winfield:2.09861228866811
ho-hum:1.0
seriously:1.0
considered:1.0
lee:1.6931471805599454
smith:2.386294361119891
ha:1.0
give:2.09861228866811
chance:1.0
darrell:1.0
evans:2.09861228866811
yeah:1.6931471805599454
takes:1.0
take:1.0
eddie:2.09861228866811
murray:2.09861228866811
jeff:1.0
reardon:1.6931471805599454
unfortunately:1.0
seem:1.0
lack:1.0
ability:1.0
rate:1.0
players:3.1972245773362196
better:1.6931471805599454
career:2.386294361119891
half:1.0
people:1.0
darrel:1.6931471805599454
one:2.09861228866811
top:1.6931471805599454
100:1.0
time:2.386294361119891
probably:2.09861228866811
greatest:1.6931471805599454
long:1.6931471805599454
relief:1.0
pitcher:2.09861228866811
since:1.0
1960:1.0
possible:1.0
exception:1.0
gossage:1.0
hand:1.0
isnt:2.09861228866811
best:1.0
750:1.0
though:1.0
good:2.09861228866811
smiths:1.0
class:1.0
wise:1.0
well:1.0
case:1.0
sick:1.6931471805599454
tired:1.0
mostly:1.0
everybody:1.0
giving:1.0
consideration:1.0
todays:1.0
standards:1.0
marginal:1.6931471805599454
honestly:1.0
ozzie:1.6931471805599454
robin:1.6931471805599454
yount:1.6931471805599454
belong:1.6931471805599454
theyre:1.0
shortstops:1.6931471805599454
hung:1.0
around:1.0
big:1.0
deal:1.0
talking:1.0
2:1.0
50:1.0
arent:1.6931471805599454
5:1.0
history:1.0
two:1.0
lets:1.0
little:1.6931471805599454
selective:1.0
huh:1.0
stop:1.0
handing:1.0
honors:1.0
liberally:1.0
save:1.0
guys:2.09861228866811
really:1.0
deserve:1.0
face:1.0
something:1.0
done:1.0
prestige:1.0
anymore:1.0
certain:1.0
individuals:1.0
believe:1.0
garvey:2.09861228866811
jack:1.6931471805599454
morris:2.09861228866811
potential:1.0
candidates:1.0
absurdity:1.0
apparent:1.0
sucked:1.0
simply:1.0
doesnt:1.0
near:1.0
cooperstown:1.0
gee:1.0
even:1.0
compare:1.6931471805599454
likely:1.0
future:1.0
famers:1.6931471805599454
like:1.6931471805599454
kirby:1.6931471805599454
puckett:2.386294361119891
nolan:1.6931471805599454
ryan:2.09861228866811
okay:1.0
get:1.0
unless:1.0
keeps:1.0
hitting:1.0
last:1.0
year:1.0
longer:1.0
put:1.0
perspective:1.0
heres:1.0
listing:1.0
linear:1.0
weights:1.0
values:1.0
careers:1.6931471805599454
mention:1.0
parenthesis:1.0
high:1.0
ever:1.0
list:1.0
make:1.0
would:1.0
claim:1.0
perfect:1.0
rankings:1.0
value:1.0
compared:1.0
average:1.0
43.0:1.0
41:1.0
42.1:1.0
45:1.0
40.3:1.0
53:1.0
37.5:1.0
68:1.0
35.2:1.0
80:1.0
24.3:1.0
180:1.0
21.6:1.0
219:1.0
11.8:1.0
478:1.0
0.4:1.0
5.8:1.0
idea:1.0
numbers:1.0
71:1.0
eligible:2.09861228866811
whose:1.0
stats:1.0
equaled:1.0
35.0:1.0
64:1.0
ones:1.0
include:1.0
4:1.0
19th:1.0
century:1.0
ron:1.0
santo:1.0
bobby:1.0
grich:1.0
bob:1.0
johnson:1.0
score:1.6931471805599454
30.0:1.0
34.9:1.0
15:1.0
25:1.0
25.0:1.0
29.9:1.0
24:1.0
44:1.0
