jmhodapp:1.6931471805599454
aplcomm.jhuapl.edu:1.6931471805599454
subject:1.0
all-time:1.0
best:1.0
players:1.6931471805599454
article:1.6931471805599454
1993apr14.173428.12056:1.0
princeton.edu:1.0
roger:1.6931471805599454
crux.princeton.edu:1.0
lustig:1.0
writes:1.6931471805599454
1993apr13.115313.17986:1.0
bsu-ucs:1.0
00mbstultz:1.0
leo.bsuvc.bsu.edu:1.0
ive:1.0
recently:1.0
working:1.0
project:1.0
determine:1.0
greatest:1.6931471805599454
respective:1.0
postions:1.0
2b:1.0
career:1.0
u:1.0
johnny:1.6931471805599454
hodapp:1.6931471805599454
2nd:1.0
baseman:1.6931471805599454
cleveland:1.0
indians:1.0
history:1.0
225:1.0
hits:1.0
1930:1.0
consistantly:1.0
300:1.0
great:1.6931471805599454
second:1.0
jon:1.0
