sean:1.6931471805599454
garrison:1.0
subject:1.0
wfan:1.6931471805599454
article:1.0
c5jc3z.knd:1.0
news.udel.edu:1.0
philly:1.0
ravel.udel.edu:1.0
robert:1.0
c:1.0
hite:1.0
wrote:1.0
wip:1.0
took:1.0
two:1.0
best:1.0
sports:1.0
jockeys:1.0
jody:1.6931471805599454
macdonald:1.0
steve:1.0
fredericks:1.6931471805599454
dude:1.0
nuts:1.0
second:1.0
none:1.0
macs:1.0
exit:1.0
quite:1.0
loss:1.0
think:1.0
fan:1.0
much:1.0
one:1.0
youre:1.0
pretty:1.0
skewed:1.0
