cs1442aq:1.6931471805599454
news.uta.edu:1.0
subject:1.0
ryam:1.0
2-5:1.6931471805599454
weeks:1.6931471805599454
nolan:1.0
ryan:1.0
torn:1.0
cartlidge:1.0
inhis:1.0
right:1.0
knee:1.0
surgery:1.0
expected:1.0
miss:1.0
