luriem:1.0
alleg.edu:1.0
michael:1.0
lurie:1.0
liberalizer:1.0
subject:1.0
jewish:1.6931471805599454
baseball:1.0
players:1.0
article:1.0
1993apr15.214421.1:1.0
acad.drake.edu:1.6931471805599454
sbp002:1.0
writes:1.0
remember:1.0
reading:1.0
somewhere:1.0
7:1.0
league:1.0
50s:1.0
practically:1.0
nobody:1.0
