mss:1.6931471805599454
netcom.com:1.6931471805599454
mark:1.6931471805599454
singer:1.6931471805599454
subject:1.0
jewish:2.09861228866811
baseball:1.0
players:1.0
article:1.0
15apr93.14691229.0062:1.0
lafibm.lafayette.edu:1.6931471805599454
vb30:1.6931471805599454
writes:1.0
stankiewicz:1.0
stankowitz:1.0
hes:1.6931471805599454
polish:1.6931471805599454
way:1.0
correct:1.0
pronunciation:1.0
according:1.0
stanky:1.0
ston-kev-itch:1.0
sportscasters:1.0
get:1.0
wrong:1.0
mutually:1.0
exclusive:1.0
