sbp002:1.0
acad.drake.edu:1.0
subject:1.0
braves:1.0
pitching:1.6931471805599454
updatedir:1.0
clear:1.0
id:1.0
certainly:1.0
rather:1.0
team:1.6931471805599454
winning:1.0
4-1:1.6931471805599454
games:1.6931471805599454
2-1:1.6931471805599454
game:1.6931471805599454
luck:1.0
going:1.0
play:1.0
much:1.0
bigger:1.0
role:1.0
still:1.0
need:1.0
staff:1.0
hold:1.0
opposing:1.0
one:1.0
run:1.0
sam:1.0
sherri:1.0
nichols:1.0
snichols:1.0
adobe.com:1.0
