kahn:1.6931471805599454
troi.cc.rochester.edu:1.0
james:1.0
subject:1.0
jewish:1.6931471805599454
broadcasters:1.0
baseball:1.0
players:1.0
lets:1.0
forget:1.0
al:1.0
michaels:1.0
believe:1.0
miracles:1.0
fame:1.0
jim:1.0
