boell:2.09861228866811
hpcc01.corp.hp.com:1.0
donald:1.0
p:1.0
subject:1.0
rockies:1.0
spoon-feed:1.0
game:1.0
mets:1.0
bichette:1.0
look:1.0
totally:1.0
lost:1.0
outfield:1.0
misplayed:1.6931471805599454
martinez:1.0
fly-out:1.0
double:1.0
expos:1.0
alous:1.0
single:1.0
triple:1.6931471805599454
alou:1.0
tagged:1.0
3rd:1.0
over-sliding:1.0
bag:1.0
misplays:1.0
another:1.0
3:1.0
run:1.0
add:1.0
wonderful:1.0
batting:1.0
average:1.0
one:1.0
heck:1.0
player:1.0
