snichols:1.6931471805599454
adobe.com:1.6931471805599454
sherri:1.6931471805599454
nichols:1.6931471805599454
subject:1.0
lets:1.0
talk:1.0
phillies:1.0
article:1.0
1993apr15.232551.14817:1.0
leland.stanford.edu:1.6931471805599454
eechen:1.0
emery:1.0
ethan:1.0
chen:1.0
writes:1.0
one:1.0
phrase:1.0
fuck:1.0
thanks:1.0
perhaps:1.0
time:1.0
start:1.0
rec.sport.baseball.graffiti:1.0
kiddies:1.0
go:1.0
yell:1.0
taunts:1.0
insults:1.0
leave:1.0
rest:1.0
us:1.0
peace:1.0
