lynch:2.09861228866811
hpcc01.corp.hp.com:1.0
howard:1.0
subject:1.0
phillies:1.0
sign:1.0
mark:1.6931471805599454
davis:1.6931471805599454
heard:1.0
rumors:1.0
la:1.0
cin:1.0
hou:1.0
sd:1.0
interested:1.0
doesnt:1.0
surprise:1.0
team:1.0
give:1.6931471805599454
something:1.0
cash:1.0
actually:1.0
get:1.0
mob:1.0
ps:1.0
anyone:1.0
else:1.0
draft:1.0
guy:1.6931471805599454
really:1.0
got:1.0
loud:1.0
cry:1.0
ever:1.0
