sas:1.0
cbnewsg.cb.att.com:1.0
s.a.sullivan:1.0
subject:1.0
lets:1.0
play:1.0
name:1.0
game:1.0
article:1.0
1993apr20.035607.26095:1.0
newshub.ariel.yorku.ca:1.0
cs902043:1.0
ariel.yorku.ca:1.0
shawn:1.6931471805599454
luddington:1.0
writes:1.0
changing:1.0
team:1.0
names:1.0
post:1.0
choices:1.0
ill:1.0
start:1.0
baltimore:1.0
baseblazers:1.0
san:1.0
francisco:1.0
quakes:1.0
pittsburgh:1.0
sellouts:1.0
go:1.0
rangers:1.0
