feszcm:1.0
warren1c.its.rpi.edu:1.0
michael:1.0
jaroslaw:1.0
feszczyszyn:1.6931471805599454
subject:1.0
fenway:1.6931471805599454
gif:1.6931471805599454
article:1.0
c5jb3d.9nt:1.0
umassd.edu:1.0
acsddc:1.0
smucs1.umassd.edu:1.0
writes:1.0
wondering:1.0
anyone:1.0
kind:1.0
park:1.0
would:1.0
appreciate:1.0
someone:1.0
could:1.0
send:1.0
one:1.0
thanks:1.0
advance:1.6931471805599454
dan:1.0
yankee:1.0
stadium:1.0
gifs:1.0
well:1.0
please:1.0
thanx:1.0
mike:1.0
