1605112ec400:1.0
sscl.uwo.ca:1.0
subject:1.0
jays:1.6931471805599454
game:1.6931471805599454
anyone:1.0
know:1.0
outcome:1.0
tonights:1.0
home:1.0
runs:1.0
winning:1.0
pitcher:1.0
eco:1.0
gods:1.0
u.w.o:1.0
