z_millerwl:1.0
ccsvax.sfasu.edu:1.0
subject:1.0
astros:1.6931471805599454
real:1.0
thinks:1.0
going:1.0
places:1.0
theyre:1.6931471805599454
currently:1.0
first:1.0
place:1.0
5-4:1.0
5-1:1.0
road:1.0
