snichols:1.6931471805599454
adobe.com:1.6931471805599454
sherri:1.6931471805599454
nichols:1.6931471805599454
subject:1.0
usa:1.0
mcweekly:1.0
stats:2.386294361119891
article:1.0
1993apr20.033504.13966:1.0
mnemosyne.cs.du.edu:1.0
gspira:1.0
nyx.cs.du.edu:1.0
greg:1.0
spira:1.0
writes:1.0
uh:1.0
bill:1.6931471805599454
james:1.6931471805599454
doesnt:1.0
sell:1.0
statistics:1.6931471805599454
sells:1.0
books:1.0
business:1.0
providing:1.0
like:1.0
elias:1.0
howe:1.0
baseball:1.0
workshop:1.0
etc:1.0
however:1.0
closely:1.0
tied:1.0
