tom:2.09861228866811
ssd.csd.harris.com:1.0
horsley:1.6931471805599454
subject:1.0
real:1.6931471805599454
way:2.09861228866811
speed:1.6931471805599454
ballgames:1.6931471805599454
home:1.0
park:1.0
owner:1.0
offer:2.386294361119891
following:1.0
schedule:1.0
bonuses:1.6931471805599454
players:1.6931471805599454
teams:1.0
participated:1.0
game:2.791759469228055
500:1.6931471805599454
10:1.0
minutes:1.0
less:1.6931471805599454
3:1.6931471805599454
hours:1.6931471805599454
took:1.6931471805599454
i.e:1.0
2.5:1.0
player:1.0
gets:1.0
bonus:1.0
1500:1.0
pitchers:1.0
throwing:1.0
full:1.6931471805599454
innings:1.6931471805599454
extrapolate:1.0
number:2.09861228866811
pitches:1.6931471805599454
attempted:1.0
pickoffs:1.0
would:1.6931471805599454
thrown:1.0
9:1.0
120:1.0
pitcher:1.0
throws:1.6931471805599454
complete:1.0
100:1.0
5:1.6931471805599454
first:1.0
get:1.0
7500:1.0
suspect:1.0
could:1.0
finance:1.0
presidential:1.0
campaigns:1.0
paid:1.0
fan:1.0
checkoff:1.0
ticket:1.6931471805599454
says:1.0
want:1.0
price:1.0
go:1.0
towards:1.0
fast:1.0
domain:1.0
tahorsley:1.6931471805599454
csd.harris.com:1.0
usmail:1.0
uucp:1.0
uunet:1.0
hcx1:1.0
511:1.0
kingbird:1.0
circle:1.0
delray:1.0
beach:1.0
fl:1.0
33444:1.0
censorship:1.0
form:1.0
obscenity:1.0
wait:1.0
forgot:1.0
government:1.0
tobacco:1.0
subsidies:1.0
