steph:1.6931471805599454
pegasus.cs.uiuc.edu:1.0
dale:1.6931471805599454
stephenson:1.6931471805599454
subject:1.0
phils:1.0
nl:1.0
east:1.0
weak:1.0
1993apr15.214133.3371:1.0
guvax.acc.georgetown.edu:1.6931471805599454
apanjabi:1.0
writes:1.0
braves:1.6931471805599454
hit:1.0
like:1.0
aaa:1.6931471805599454
club:1.6931471805599454
shouldnt:1.0
read:1.0
hitters:1.0
j:1.6931471805599454
cs.uiuc.edu:1.0
baseball:1.0
fanatic:1.0
considered:1.0
good:1.0
look:1.0
wise:1.0
especially:1.0
overburdened:1.0
information:1.0
golden:1.0
kimball:1.0
