anderge:1.0
stein.u.washington.edu:1.0
geoff:1.6931471805599454
anderson:1.0
subject:1.0
fenway:1.6931471805599454
gif:2.09861228866811
article:1.0
c5jb3d.9nt:1.0
umassd.edu:1.0
acsddc:1.0
smucs1.umassd.edu:1.0
writes:1.0
wondering:1.0
anyone:1.0
kind:1.0
park:1.6931471805599454
would:1.6931471805599454
appreciate:1.0
someone:1.0
could:1.0
send:1.0
one:1.0
thanks:1.0
advance:1.0
dan:1.0
like:1.0
action:1.0
jpeg:1.0
baseball:1.0
