ecaxron:1.0
ariel.lerc.nasa.gov:1.0
ron:1.0
graham:1.0
subject:1.0
right:2.791759469228055
bob:2.09861228866811
knepper:3.0794415416798357
damn:1.0
article:1.6931471805599454
13581:1.0
news.duke.edu:1.0
fierkelab:1.0
bchm.biochem.duke.edu:1.0
eric:1.0
roush:1.0
writes:1.6931471805599454
1qv9aginn3ba:1.0
shelley.u.washington.edu:1.0
tannerg:1.0
hardy.u.washington.edu:1.0
glenn:1.0
tanner:1.6931471805599454
starting:1.0
rec.sports.idiots:1.6931471805599454
people:2.09861228866811
respond:1.6931471805599454
obvious:1.6931471805599454
flamebait:2.09861228866811
nah:1.0
lets:1.6931471805599454
reserve:1.0
post:2.386294361119891
like:2.386294361119891
funny:1.0
didnt:1.6931471805599454
realize:1.0
mr:1.0
brought:1.0
v:1.0
pam:1.0
postema:2.386294361119891
first:1.0
place:1.0
thought:2.09861228866811
someone:2.386294361119891
named:1.0
jacobs:1.6931471805599454
posts:1.0
something:1.6931471805599454
controversial:1.6931471805599454
mention:1.0
idiotic:1.6931471805599454
austin:1.6931471805599454
posted:1.0
widely:1.0
accessed:1.0
newsgroup:2.386294361119891
challenge:1.6931471805599454
statement:1.6931471805599454
truly:1.0
universally:1.0
waste:1.0
panting:1.0
challenges:1.0
nothing:2.09861228866811
yes:1.0
baseball:1.6931471805599454
wasting:1.0
others:1.0
time:1.0
got:2.09861228866811
problem:1.6931471805599454
thinks:1.6931471805599454
hear:1.6931471805599454
sort:1.0
categorical:1.0
manner:1.0
actually:1.0
question:2.09861228866811
whether:1.6931471805599454
either:1.6931471805599454
arent:1.0
old:1.0
news:1.6931471805599454
point:1.0
although:1.0
read:2.6094379124341005
postemas:1.0
book:1.6931471805599454
interesting:1.6931471805599454
school:2.09861228866811
suggests:1.0
silence:1.0
consent:1.0
agree:1.0
far:1.0
whereas:1.0
idea:1.0
may:1.0
apply:1.6931471805599454
everything:1.0
life:1.0
certainly:1.0
forum:1.0
public:1.0
discussion:1.0
sez:1.0
youve:1.0
reading:1.0
r.s.b:1.0
lately:1.0
youll:1.0
find:1.0
even:1.6931471805599454
elementary:1.6931471805599454
children:1.6931471805599454
access:1.6931471805599454
postings:1.6931471805599454
albeit:1.6931471805599454
edited:1.6931471805599454
form:1.6931471805599454
making:1.0
think:2.386294361119891
little:1.0
carefully:1.0
things:1.0
come:1.6931471805599454
say:1.6931471805599454
road:1.0
conclusion:1.0
wants:1.6931471805599454
drivel:1.0
obscure:1.6931471805599454
dont:2.791759469228055
fine:1.0
hes:1.0
rant:1.0
rave:1.0
drool:1.0
name:1.0
free:1.6931471805599454
speech:2.09861228866811
drools:1.0
support:1.0
anyone:1.6931471805599454
provide:1.0
rebuttal:1.0
drooling:1.0
yo:1.0
want:2.386294361119891
talk:1.6931471805599454
group:1.0
youre:1.6931471805599454
politically:1.0
correct:1.0
demagogue:1.0
whos:1.0
oh-so:1.0
sensitive:1.0
ho-hum:1.0
plus:1.0
limiting:1.0
bs:1.0
says:1.0
defeat:1.0
better:2.09861228866811
ideas:1.6931471805599454
easy:1.0
way:1.0
ever:1.6931471805599454
notice:1.0
sometimes:1.0
guys:1.0
darn:1.0
thing:1.0
pops:1.0
heads:1.0
mike:1.0
shoved:1.0
front:1.0
know:1.6931471805599454
often:1.0
best:1.0
copy:1.0
one:1.6931471805599454
isnt:1.0
pre-prepared:1.0
women:1.0
pop:1.0
related:1.0
would:1.0
two:1.6931471805599454
appeared:1.0
game:1.0
top:1.0
head:1.0
guess:1.6931471805599454
popped:1.0
gets:1.0
doesnt:1.0
course:1.0
cut:1.0
flames:1.6931471805599454
saves:1.0
cyberspace:1.0
rg:1.0
play:1.0
theres:1.0
barry:1.0
bonds:1.0
playing:1.0
movies:1.0
