binkley:2.386294361119891
let.rug.nl:1.6931471805599454
p.a:1.0
subject:1.0
jewish:1.6931471805599454
baseball:1.6931471805599454
players:1.6931471805599454
article:1.0
major:1.0
leaguers:1.0
recent:1.0
issue:1.0
elysian:1.0
fields:1.0
used:1.0
minnesota:1.0
review:1.0
recall:1.0
amazing:1.0
amount:1.0
research:1.0
long:1.0
list:1.0
large:1.0
bibliography:1.0
peter:1.0
