tedward:1.0
cs.cornell.edu:1.0
edward:1.0
ted:1.0
fischer:1.0
subject:1.0
jack:1.0
morris:1.6931471805599454
article:1.0
1993apr20.160532.20860:1.0
ramsey.cs.laurentian.ca:1.6931471805599454
maynard:1.6931471805599454
roger:1.0
writes:1.0
btw:1.0
definitions:1.0
best:1.6931471805599454
player:1.0
one:1.6931471805599454
things:1.0
help:1.6931471805599454
team:2.9459101490553135
win:1.6931471805599454
allow:1.0
could:1.6931471805599454
vary:1.0
depending:1.0
else:1.0
aptitudes:1.0
needs:2.09861228866811
others:1.0
well:1.0
given:1.6931471805599454
definition:1.0
conceivable:1.6931471805599454
alfredo:1.0
griffin:1.6931471805599454
bring:1.0
something:1.6931471805599454
larkin:1.6931471805599454
might:1.0
find:1.0
also:1.0
conceive:1.6931471805599454
possibility:1.0
hypothetical:1.0
would:1.6931471805599454
clemens:1.0
better:1.0
premise:1.6931471805599454
yes:1.0
alone:1.0
ability:1.0
valentine:1.0
