sam:2.09861228866811
steamer.clam.com:1.0
mandelbaum:1.6931471805599454
subject:1.0
yankee:2.9459101490553135
thoughts:1.0
yes:1.6931471805599454
everyone:1.0
seems:1.0
agreement:1.0
yankees:2.386294361119891
finally:1.0
moving:1.6931471805599454
right:2.6094379124341005
direction:1.6931471805599454
finish:1.0
500:1.0
year:2.9459101490553135
maybe:1.0
even:1.0
pennent:1.6931471805599454
race:1.0
august:1.0
however:1.6931471805599454
would:1.6931471805599454
take:1.6931471805599454
back:2.09861228866811
moves:1.0
1:1.0
jim:1.0
abbott:2.386294361119891
trade:2.6094379124341005
think:1.6931471805599454
inspirational:1.0
person:1.0
great:1.6931471805599454
pitcher:1.0
also:1.6931471805599454
could:1.6931471805599454
win:2.09861228866811
cy:1.0
young:2.09861228866811
wont:1.0
side:1.0
yanks:2.791759469228055
infield:1.6931471805599454
isnt:1.0
good:1.6931471805599454
enough:1.0
jt:1.0
snow:2.386294361119891
many:1.0
rookies:1.0
able:1.0
step:1.0
immediately:1.0
impact:1.0
far:1.0
angels:1.0
know:1.6931471805599454
early:1.0
youve:1.0
seen:1.0
kid:1.0
hit:1.6931471805599454
field:1.6931471805599454
talk:1.0
tell:1.0
going:1.6931471805599454
tremendous:1.6931471805599454
player:1.0
kept:1.0
mattingly:1.6931471805599454
ask:1.0
well:1.0
taken:1.0
care:1.0
remained:1.0
loyal:1.6931471805599454
hes:2.09861228866811
10:1.0
years:1.6931471805599454
older:1.0
doesnt:2.09861228866811
bat:1.0
speed:1.0
injury:1.0
shame:1.6931471805599454
fan:1.0
wants:1.0
see:2.6094379124341005
best:1.0
team:1.6931471805599454
id:2.09861228866811
first:1.6931471805599454
gave:1.0
two:2.386294361119891
promising:1.0
propects:1.6931471805599454
besides:1.6931471805599454
domingo:1.0
jean:1.0
brien:1.0
taylor:1.0
wickman:1.0
militello:1.6931471805599454
sterling:1.0
hitchcock:1.0
loaded:1.0
abbotts:1.0
26:1.0
much:1.6931471805599454
give:1.0
believe:1.6931471805599454
george:2.9459101490553135
forced:1.0
believes:1.0
big:1.0
ny:1.0
like:2.386294361119891
build:1.0
baseball:1.6931471805599454
amusement:1.0
show:1.0
2:1.0
wade:2.6094379124341005
boggs:2.09861228866811
live:1.0
boston:1.6931471805599454
lot:1.0
career:1.0
winding:1.0
rather:1.6931471805599454
start:1.0
develop:2.09861228866811
long:1.6931471805599454
term:1.0
solution:1.0
i.e:1.0
hensley:1.0
muelins:1.0
russ:1.0
davis:1.0
velarde:1.0
range:1.0
charlie:1.0
hayes:1.0
huh:1.0
3:1.0
spike:1.6931471805599454
owen:1.0
dave:1.0
silvestri:1.0
whoever:1.6931471805599454
next:1.0
raise:1.0
staff:1.0
era:1.0
1/2:1.0
point:1.0
guys:1.0
sides:1.0
careers:1.0
4:1.0
danny:1.0
tartabull:1.6931471805599454
put:1.0
numbers:1.0
nice:1.0
ever:1.0
healthy:1.0
never:1.0
expect:1.0
120:1.0
games:1.0
max:1.0
meanwhile:1.0
gerald:1.0
williams:1.0
playing:1.6931471805599454
columbus:1.0
paul:1.0
oneil:1.6931471805599454
left:1.0
led:1.0
nl:1.0
outfielders:1.0
assists:1.0
last:1.0
poor:1.0
defensive:1.0
outfielder:1.0
im:2.386294361119891
basically:1.0
getting:1.6931471805599454
ready:1.6931471805599454
gm:1.0
level:1.0
planning:1.6931471805599454
1994:1.0
1995:1.0
world:1.6931471805599454
series:1.6931471805599454
means:1.0
younger:1.0
players:2.09861228866811
experience:1.0
majors:1.0
afraid:1.6931471805599454
stuff:1.0
wreaks:1.0
steinbrenner:1.0
certainly:1.0
deal:1.0
looks:1.0
mix:1.0
veterans:2.09861228866811
always:1.0
available:1.0
added:1.0
time:1.6931471805599454
add:1.0
one:2.09861228866811
case:1.0
keep:1.0
lets:1.0
us:1.0
fans:1.6931471805599454
hope:1.0
dismantle:1.0
terrific:1.0
job:1.0
stick:1.0
company:1.0
done:1.0
building:1.0
organization:1.0
respect:1.0
really:1.0
takes:1.0
patch:1.0
holes:1.0
today:1.0
relief:1.0
pitching:1.0
example:1.0
must:1.0
realize:1.0
rebuilding:1.0
process:1.0
still:1.0
away:1.0
patience:1.0
enjoy:1.0
future:1.0
fire:1.0
bucky:1.0
kids:1.0
hell:1.0
millitello:1.0
