msilverm:1.6931471805599454
nyx.cs.du.edu:1.0
mike:1.0
silverman:1.0
subject:1.0
ray:1.6931471805599454
lankford:2.09861228866811
question:1.0
anybody:1.0
know:1.6931471805599454
going:1.0
games:1.0
slight:1.0
injury:1.6931471805599454
since:1.0
beenback:1.0
matter:1.0
really:1.0
struggling:1.0
plate:1.0
basepaths:1.0
whereis:1.0
saw:1.0
last:1.0
year:1.0
nyx.cs.du.edugo:1.0
cubs:1.0
one:1.0
likes:1.0
believe:1.0
freedom:1.0
baseball:1.0
geddy:1.0
lee:1.0
