joel:2.6094379124341005
math.toronto.edu:1.6931471805599454
chan:1.6931471805599454
subject:1.0
game:1.6931471805599454
score:1.6931471805599454
report:1.0
curiosity:1.0
happened:1.0
weekly:1.0
al:1.0
nl:1.0
reports:1.0
used:1.0
enjoy:1.0
reading:1.0
throughout:1.0
summer:1.0
last:1.0
two:1.0
years:1.0
inquisitively:1.0
dept:1.0
mathematics:1.0
university:1.0
toronto:1.6931471805599454
blue:1.0
jays:1.0
1992:1.0
world:1.0
series:1.0
champs:1.0
history:1.0
ignore:1.0
condemned:1.0
repeat:1.0
math:1.0
comic:1.0
strip:1.0
betty:1.0
