stwombly:1.0
cs.ulowell.edu:1.0
steve:1.6931471805599454
twombly:1.0
subject:1.0
red:1.6931471805599454
sox:1.6931471805599454
mailing:1.6931471805599454
list:2.386294361119891
query:1.0
article:1.0
sfoixme00wb2qbulsk:1.0
andrew.cmu.edu:1.6931471805599454
robert:1.0
ward:1.0
rw23:1.0
writes:1.0
friend:1.0
england:1.0
looking:1.0
know:1.0
could:1.0
please:1.0
send:1.0
mail:1.6931471805599454
info:1.0
thank:1.0
bosox-request:1.0
world.std.com:1.6931471805599454
bosox:1.0
