clgs11:1.0
vaxa.strath.ac.uk:1.0
subject:1.0
jack:1.6931471805599454
morris:2.09861228866811
hey:1.0
guys:1.0
fella:1.0
joking:1.0
try:1.0
lighten:1.0
ya:1.0
seasons:1.0
started:1.0
everyones:1.0
apoplectic:1.0
statheads:1.0
trying:1.0
justify:1.0
moment:1.0
remember:1.0
talking:1.0
small:1.0
sample:1.0
size:1.0
helluva:1.0
long:1.0
way:1.0
go:1.0
sit:1.0
back:1.0
enjoy:1.0
ride:1.0
tony:1.0
