kesslerm:1.6931471805599454
columbia.dsu.edu:1.6931471805599454
michael:1.0
kessler:1.0
subject:1.0
box:2.09861228866811
scores:2.09861228866811
wondering:1.0
anyone:1.0
types:1.0
day:1.0
college:1.0
able:1.0
get:1.0
till:1.0
weekend:1.0
would:1.0
thankful:1.0
someone:1.0
could:1.0
p-mail:1.0
twins:1.6931471805599454
every:1.0
often:1.0
also:1.0
looking:1.0
93:1.0
schedule:1.0
