msilverm:1.6931471805599454
nyx.cs.du.edu:1.0
mike:1.0
silverman:1.0
subject:1.0
mystery:1.0
ron:1.6931471805599454
gant:2.09861228866811
experts:1.0
want:1.0
analyze:1.0
early:1.6931471805599454
season:1.6931471805599454
slump:1.6931471805599454
still:1.0
swinging:1.0
bat:1.0
way:1.6931471805599454
last:1.0
year:1.0
trying:1.0
hit:1.0
fields:1.0
etc:1.0
changed:1.0
swing:1.0
back:1.0
old:1.0
small:1.0
spot:1.0
int:1.0
lineup:1.0
even:1.0
secure:1.0
especially:1.0
hitting:1.0
nyx.cs.du.edugo:1.0
cubs:1.0
one:1.0
likes:1.0
believe:1.0
freedom:1.0
baseball:1.0
geddy:1.0
lee:1.0
