randall:2.386294361119891
informix.com:1.0
rhea:1.6931471805599454
subject:1.0
royals:1.6931471805599454
darkness:1.0
void:1.0
time:1.0
play:1.0
shame:1.0
descends:1.0
upon:1.0
land:1.0
like:1.0
cold:1.0
front:1.0
canada:1.0
humiliation:1.0
lived:1.0
shall:1.0
ever:1.0
live:1.0
utterly:1.0
completely:1.0
doomed:1.0
guess:1.0
theyre:1.0
ok:1.0
informix:1.0
software:1.0
inc:1.0
project:1.0
manager:1.0
mis:1.0
sales/marketing:1.0
systems:1.0
uunet:1.0
pyramid:1.0
infmx:1.0
