hhenderson:1.6931471805599454
vax.clarku.edu:1.6931471805599454
subject:1.0
game:3.5649493574615367
length:1.0
braves:1.0
update:1.0
ecaxron:1.0
ariel.lerc.nasa.gov:1.0
ron:1.0
graham:1.0
writes:1.0
hesitate:1.0
make:1.0
assumptions:1.0
people:2.09861228866811
write:1.0
neither:1.0
two:1.6931471805599454
sound:1.0
though:1.0
kids:2.791759469228055
may:1.6931471805599454
spouses:1.0
either:1.0
wonder:1.0
say:2.09861228866811
dont:3.302585092994046
see:2.386294361119891
spouse:1.6931471805599454
and/or:1.0
would:1.6931471805599454
anything:1.0
might:1.0
brought:1.0
wanted:1.0
get:2.386294361119891
home:1.0
time:2.386294361119891
bed:1.0
reasonable:1.0
hour:1.0
case:1.6931471805599454
id:1.6931471805599454
probably:1.0
decide:1.0
take:1.0
games:2.6094379124341005
weekends:1.0
many:1.6931471805599454
else:1.0
prepared:1.0
leave:1.0
early:1.0
later:1.0
bring:1.6931471805599454
happens:1.0
husband:1.6931471805599454
usually:1.0
attends:1.0
extra:1.6931471805599454
innings:1.6931471805599454
could:1.0
put:1.0
well:1.6931471805599454
past:1.0
midnight:1.0
even:2.09861228866811
without:1.0
score:1.0
beyond:1.0
2-1:1.0
cant:1.6931471805599454
family:1.6931471805599454
night:1.6931471805599454
next:2.09861228866811
day:2.09861228866811
workday:1.0
bag:1.0
problem:1.6931471805599454
wife:1.0
ballgame:1.0
thats:1.6931471805599454
goes:1.6931471805599454
trim:1.0
2:1.0
1/2:1.0
hours:1.6931471805599454
far:1.0
bagging:1.0
work:2.386294361119891
really:1.0
understand:1.0
necessary:1.0
unless:1.0
going:2.791759469228055
also:1.0
means:1.0
consume:1.0
vast:1.0
quantities:1.0
beer:1.0
note:1.0
guys:1.0
think:1.0
go:2.386294361119891
long:2.09861228866811
evening:1.0
evenings:1.0
week:1.6931471805599454
stuff:1.0
enters:1.0
consideration:1.0
care:1.6931471805599454
whether:1.0
sped:1.6931471805599454
impo:1.6931471805599454
saying:1.0
families:1.0
look:1.0
pay:1.0
8.00:1.0
20.00:1.0
apiece:1.0
tickets:1.0
plus:2.09861228866811
10.00:1.0
parking:1.0
spending:1.6931471805599454
energy:1.0
driving:1.0
boston:1.0
additional:1.0
money:2.09861228866811
concessions:1.0
etc:1.0
ballpark:1.0
considerable:1.0
investment:1.0
afford:1.0
lot:1.0
hence:1.0
big:1.6931471805599454
deal:1.6931471805599454
like:1.0
play:1.0
opera:1.0
maybe:1.0
year:1.0
im:1.0
interested:1.0
want:1.0
die:1.0
walkure:1.0
cut:1.0
convenient:1.0
weeknight:1.0
version:1.0
felt:1.0
interfere:1.0
life:1.6931471805599454
choose:1.0
weekend:1.0
heather:1.0
