mss:2.09861228866811
netcom.com:2.386294361119891
mark:2.09861228866811
singer:2.09861228866811
subject:1.0
mlb:1.0
nba:1.0
article:1.6931471805599454
93109.190117rvesterm:1.0
vma.cc.nd.edu:1.6931471805599454
rvesterm:1.0
writes:1.0
mssc5qrrz.91h:1.0
says:1.0
1:1.6931471805599454
would:1.6931471805599454
owners:1.6931471805599454
decrease:2.09861228866811
ticket:2.6094379124341005
prices:2.9459101490553135
obviously:1.0
get:1.0
lots:1.6931471805599454
people:1.6931471805599454
pay:1.6931471805599454
price:1.6931471805599454
theyre:1.0
asking:1.0
dont:1.0
think:1.6931471805599454
obvious:1.0
willing:1.0
im:1.0
sure:1.0
someone:1.0
net-land:1.0
facts:1.0
trends:1.6931471805599454
attendance:1.0
regarding:1.0
percentage:1.0
capacity:1.0
sold:1.0
even:1.6931471805599454
relatively:1.0
flat:1.0
consider:1.6931471805599454
happening:1.0
team-by-team:1.0
basis:1.0
tv:1.6931471805599454
money:1.6931471805599454
dries:1.0
franchises:1.0
seeking:1.0
supplant:1.0
lost:1.0
revenues:1.6931471805599454
alternative:1.0
sources:1.6931471805599454
one:1.0
best:1.6931471805599454
may:1.0
sales:1.6931471805599454
example:1.6931471805599454
dodgers:1.6931471805599454
count:1.0
strong:1.0
base:1.6931471805599454
season:1.0
probably:1.6931471805599454
believe:1.0
ability:1.0
raise:1.6931471805599454
without:1.0
hindering:1.0
certainly:1.0
true:1.0
2:1.6931471805599454
padres:1.0
lucky:1.0
average:1.0
10,000:1.0
fans:1.0
game:1.0
year:1.0
less:1.0
want:2.09861228866811
increase:1.6931471805599454
overall:1.0
revenue:1.0
thing:1.0
put:1.0
winning:1.0
team:1.0
field:1.0
given:1.0
wont:2.386294361119891
happen:1.0
make:1.6931471805599454
lowering:1.0
running:1.0
frequent:1.0
promotions:1.0
idea:1.0
work:1.6931471805599454
assuming:1.0
strange:1.6931471805599454
power:1.0
contract:1.0
powers:1.0
forces:1.6931471805599454
market:2.09861228866811
place:1.0
teams:1.0
somewhat:1.0
different:1.0
owner:1.0
going:1.0
faced:1.0
unique:1.0
set:1.0
circumstances:1.0
deal:1.0
buiness:1.0
manager:1.0
never:1.0
lower:1.0
sometimes:1.6931471805599454
strategy:1.0
necessary:1.0
works:1.0
everything:1.0
continued:1.0
success:1.0
beastmaster:1.0
