cjkuo:1.0
symantec.com:1.0
jimmy:1.0
kuo:1.0
subject:1.0
cubs:1.6931471805599454
expos:1.0
roster:1.0
questions:1.0
alird:1.0
msu.oscs.montana.edu:1.0
writes:1.0
today:1.0
4/14:1.0
activated:1.0
p:1.0
mike:1.0
harkey:1.6931471805599454
dl:1.0
move:1.0
make:1.0
room:1.0
shawn:1.0
boskie:1.0
