hoyt:2.09861228866811
terminus.gatech.edu:1.0
kurt:1.6931471805599454
subject:1.0
braves:1.0
giants:1.0
tmiller:1.0
cimmeria.gatech.edu:1.0
thomas:1.0
miller:1.0
writes:1.0
anyone:1.0
else:1.0
think:1.0
weekends:1.0
four-game:1.0
series:1.6931471805599454
really:1.0
strange:1.0
one:1.0
yes:1.0
strangest:1.0
ever:1.0
watched:1.0
ending:1.0
fit:1.0
perfectly:1.0
atlanta:1.0
cc.gatech.edukwh:1.0
salestech.com70242.652:1.0
compuserve.com:1.0
politics:1.0
greek:1.0
poli:1.0
many:1.0
tics:1.0
ugly:1.0
blood-sucking:1.0
parasites:1.0
