snichols:1.6931471805599454
adobe.com:1.6931471805599454
sherri:1.6931471805599454
nichols:1.6931471805599454
subject:1.0
bonilla:1.0
article:1.0
1993apr20.034558.28920:1.0
midway.uchicago.edu:1.6931471805599454
thf2:1.0
writes:1.0
gary:1.0
varsho:1.6931471805599454
halfway:1.0
unlikely:1.0
make:1.0
3/4:1.0
way:1.0
wait:1.0
minute:1.0
could:1.0
swear:1.0
white:1.0
