maynard:2.6094379124341005
ramsey.cs.laurentian.ca:2.386294361119891
roger:1.6931471805599454
subject:1.0
jack:2.09861228866811
morris:2.9459101490553135
1qvag7innsvo:1.0
lynx.unm.edu:1.0
kbos:1.0
carina.unm.edu:1.0
k:1.0
mitchell:1.0
bose:1.0
writes:1.6931471805599454
article:1.0
1993apr19.214008.8199:1.0
manuel:1.0
lee:2.6094379124341005
better:2.09861228866811
jeff:1.0
blauser:1.0
team:3.3978952727983707
last:2.386294361119891
year:2.9459101490553135
would:2.9459101490553135
wearing:2.09861228866811
ring:2.6094379124341005
er..no:1.0
er..yes:1.0
manny:2.386294361119891
toronto:2.09861228866811
blue:2.6094379124341005
jays:3.0794415416798357
albuquerque:1.6931471805599454
leftturns:1.6931471805599454
however:1.0
lees:1.0
might:1.0
well:1.0
thats:1.6931471805599454
big:1.0
deal:1.0
everybody:1.0
got:1.0
ws:1.0
win:1.6931471805599454
whole:1.0
point:1.0
isnt:1.0
clemens:2.09861228866811
didnt:1.0
get:1.0
way:1.0
effort:1.0
individual:1.0
one:1.0
exactly:1.0
part:1.0
never:1.0
know:1.6931471805599454
could:1.6931471805599454
possibly:1.0
say:1.0
pitcher:1.0
baseball:1.0
cordially:1.0
always:1.0
many:1.0
morons:1.0
rm:1.0
little:1.0
time:1.0
