robinr:1.6931471805599454
prism.cs.orst.edu:1.6931471805599454
ryan:1.6931471805599454
robin:1.6931471805599454
subject:1.0
usa:1.6931471805599454
today:1.6931471805599454
ftp:1.6931471805599454
site:1.6931471805599454
could:1.0
someone:1.0
please:1.0
post:1.6931471805599454
newsgroup:1.0
everyone:1.0
stop:1.0
posting:1.0
send:1.0
articles:1.0
im:1.0
sure:1.0
many:1.0
people:1.6931471805599454
woulds:1.0
like:1.0
know:1.0
net:1.0
rather:1.0
mailing:1.0
hundreds:1.0
thought:1.0
thanks:1.0
