ching:1.6931471805599454
fledgling.wpi.edu:1.0
jay:1.0
heminger:1.0
subject:1.0
tigers:1.6931471805599454
say:1.0
g:1.6931471805599454
e:1.0
r:1.0
logistician:1.0
reigns:1.0
supreme:1.0
go:2.6094379124341005
blue:1.0
pistons:1.0
lions:1.0
red:1.0
wings:1.0
wpi.wpi.edu:1.0
