barring:1.6931471805599454
cs.washington.edu:1.6931471805599454
david:1.0
barrington:1.0
subject:1.0
red:1.6931471805599454
sox:2.6094379124341005
choke:1.0
contest:1.6931471805599454
encourage:1.0
great:1.0
tradition:1.0
negativism:1.0
predict:1.6931471805599454
magnitude:1.0
fall:1.0
current:1.0
heights:1.0
must:1.6931471805599454
decide:1.0
first:1.6931471805599454
whether:1.0
500:2.09861228866811
time:1.6931471805599454
year:1.6931471805599454
either:1.6931471805599454
1:1.0
record:1.6931471805599454
theyre:1.0
2:1.0
final:1.0
stay:1.0
rest:1.0
valentines:1.0
earlier:1.0
prediction:1.0
would:1.0
go:1.0
13-13:1.0
resend:1.0
serious:1.0
val:1.0
espn:1.0
pointed:1.0
last:1.6931471805599454
night:1.0
start:1.0
better:1.0
1952:1.0
finished:1.0
76-78:1.0
sixth:1.0
place:1.0
email:1.0
guess:1.0
directly:1.0
replying:1.0
post:1.0
entries:1.0
close:1.0
5:1.0
pm:1.0
pdt:1.0
wed:1.0
28:1.0
apr:1.0
1993:1.0
dave:1.0
mb:1.0
