jfc:1.6931471805599454
athena.mit.edu:1.6931471805599454
john:1.6931471805599454
f:1.0
carr:1.6931471805599454
subject:1.0
proposed:1.0
catcher:2.09861228866811
re-sub:1.0
rule:1.0
red:1.0
sox:1.0
usually:1.0
2:1.0
catchers:1.0
dont:1.6931471805599454
think:1.0
backup:1.6931471805599454
used:1.0
use:1.6931471805599454
randy:1.0
kutcher:1.0
well:1.0
middle:1.0
infielder:1.0
outfielder:1.0
need:1.0
good:1.0
3rd:1.0
competent:1.0
one:1.0
afford:1.0
lose:1.0
little:1.0
catching:1.0
ability:1.0
pick:1.0
player:1.0
elsewhere:1.0
field:1.0
