awe:1.0
loch.mit.edu:1.0
ari:1.6931471805599454
epstein:1.6931471805599454
subject:1.0
jewish:1.0
baseball:1.0
players:1.0
think:1.0
add:1.0
former:1.0
first:1.0
baseman:1.0
mike:1.0
relation:1.0
list:1.0
