hbrooks:1.6931471805599454
uiatma.atmos.uiuc.edu:1.6931471805599454
harold_brooks:1.0
subject:1.0
rbi:1.0
risp:1.6931471805599454
slg:1.0
last:1.0
several:1.0
months:1.0
threads:1.0
rbis:2.6094379124341005
related:1.0
topics:1.0
gotten:1.0
thinking:1.0
well:1.0
predict:1.0
players:1.6931471805599454
using:1.6931471805599454
information:1.0
overall:1.6931471805599454
performance:1.0
number:1.0
runners:1.0
scoring:1.6931471805599454
position:1.6931471805599454
bats:1.0
brock2:1.6931471805599454
model:1.6931471805599454
bill:1.0
james:1.0
calculated:1.0
predicted:2.09861228866811
rbi=.235:1.0
total:1.0
bases:1.0
home:1.0
runs:2.09861228866811
completely:1.0
ignores:1.0
context:1.6931471805599454
could:2.6094379124341005
since:1.0
unknown:1.0
thought:1.6931471805599454
id:1.0
take:1.0
idea:1.0
starting:1.0
point:1.0
look:1.0
good:1.6931471805599454
fit:2.09861228866811
data:2.386294361119891
get:1.6931471805599454
comparing:1.0
rbi-home:1.6931471805599454
slg*risp:1.0
ive:2.09861228866811
started:1.6931471805599454
team:2.09861228866811
eliass:1.6931471805599454
picked:1.0
years:2.09861228866811
afford:1.0
b:1.0
stomach:1.0
increasing:1.0
profits:1.0
gave:1.0
1984-1986:1.0
1988:1.0
1990:1.0
dont:1.0
87:1.0
add:1.6931471805599454
year:1.6931471805599454
run:1.0
simple:1.0
least:1.0
squares:1.0
0.81*slg*risp:1.0
correlation:1.0
lhs:1.0
rhs:1.0
0.86:1.0
significant:1.0
ridiculously:1.0
high:1.0
level:2.09861228866811
feel:1.0
like:1.0
move:1.0
player:1.6931471805599454
looked:1.0
4:1.0
clark:1.6931471805599454
ozzie:1.6931471805599454
smith:2.09861228866811
joe:1.0
carter:1.6931471805599454
mattingly:1.0
hope:1.6931471805599454
quite:1.0
copious:1.0
free:1.0
time:1.0
doesnt:1.0
badly:1.0
except:1.0
equation:1.0
underpredicts:1.0
low:1.0
hr:1.0
hitter:1.0
may:1.0
fault:1.0
results:1.0
rbi-hr:1.0
actual:1.0
84-88,90:2.09861228866811
400:1.0
402.6:1.0
87,88,90,92:1.0
269:1.0
269.6:1.0
mattly:1.0
471:1.0
460.8:1.0
317:1.0
280.6:1.0
think:1.0
make:1.6931471805599454
case:1.0
stronger:1.0
simply:1.0
knowing:1.0
slugs:1.0
many:1.0
men:1.0
comes:1.0
later:1.0
harold:1.6931471805599454
brooks:1.0
national:1.0
severe:1.0
storms:1.0
laboratory:1.0
norman:1.0
ok:1.0
used:1.0
work:1.0
brewery:1.0
didnt:1.0
drink:1.0
job:1.0
p:1.0
bavasi:1.0
dal:1.0
maxvills:1.0
view:1.0
florida:1.0
win:1.0
nl:1.0
east:1.0
93:1.0
