ryan:1.6931471805599454
robbins:1.6931471805599454
io20456:1.6931471805599454
maine.maine.edu:1.6931471805599454
subject:1.0
lame:1.0
dumb:1.0
useless:1.0
question:1.0
depends:1.0
judgment:1.0
umpire:1.6931471805599454
batter:1.6931471805599454
made:1.0
attempt:1.0
avoid:1.0
getting:1.0
hit:1.6931471805599454
awarded:1.6931471805599454
first:1.6931471805599454
base:1.0
balls:1.0
rules:1.0
try:1.0
get:1.0
way:1.0
hes:1.0
batsman:1.0
penobscot:1.0
hall:1.0
university:1.0
maine:1.0
