hagins:2.386294361119891
avlin8.us.dg.com:1.6931471805599454
jody:2.09861228866811
subject:1.0
bitmaps:1.0
team:1.0
logos:1.0
heard:1.0
posted:1.0
somewhere:1.0
find:1.0
please:1.0
e-mail:1.0
location:1.0
thanks:1.0
data:1.0
general:1.0
corporation:1.0
linthicum:1.0
md:1.0
rock:1.0
river:1.0
tree:1.0
mastodon:1.0
