franjion:1.6931471805599454
spot.colorado.edu:1.6931471805599454
john:1.6931471805599454
franjione:1.6931471805599454
subject:1.0
jack:1.0
morris:1.0
tedward:1.0
cs.cornell.edu:1.0
edward:1.0
ted:1.0
fischer:1.0
writes:1.0
valentine:1.0
im:1.0
going:1.0
cordial:1.0
roger:1.0
maynard:1.0
complete:1.6931471805599454
total:1.6931471805599454
dickhead:2.09861228866811
send:1.0
e-mail:1.0
insist:1.0
details:1.0
fact:1.0
hes:1.6931471805599454
least:1.0
2:1.0
newsgroups:1.0
one:1.0
rec.sport.hockey:1.0
since:1.0
hockey:1.0
season:1.0
almost:1.0
back:1.0
r.s.bb:1.0
department:1.0
chemical:1.0
engineering:1.0
university:1.0
colorado:1.0
boulder:1.0
