mjones:1.6931471805599454
watson.ibm.com:1.0
mike:1.6931471805599454
jones:1.6931471805599454
subject:1.0
hbp:1.0
bb:1.0
big-cat:1.0
kubey:1.6931471805599454
sgi.com:1.0
ken:1.0
writes:1.0
finally:1.0
id:1.0
like:1.6931471805599454
point:1.0
many:1.0
high:1.0
obp:1.6931471805599454
guys:1.6931471805599454
draw:1.0
walks:1.6931471805599454
pitchers:1.0
afraid:1.6931471805599454
throw:1.6931471805599454
strike:1.6931471805599454
great:1.6931471805599454
eye:1.0
comes:1.0
periodically:1.0
dont:1.6931471805599454
get:1.6931471805599454
take:1.0
example:1.6931471805599454
mark:1.0
mcgwire:2.09861228866811
walked:1.0
90:1.0
times:1.6931471805599454
1993:1.0
thats:1.6931471805599454
potential:1.0
youre:1.6931471805599454
talking:1.0
know:1.0
lets:1.0
look:1.0
happens:1.0
doesnt:1.0
walk:1.0
75:1.0
time:2.386294361119891
made:1.0
10:1.6931471805599454
hit:2.791759469228055
single:1.6931471805599454
5:1.0
double:1.6931471805599454
homer:1.6931471805599454
pitching:1.0
would:1.6931471805599454
trade:1.0
20:1.0
2:1.6931471805599454
homers:1.0
1:1.0
singles:1.0
15:1.0
outs:1.0
give:1.0
base:1.0
3:1.0
4:1.0
alex:1.0
cole:1.0
career:1.0
363:1.0
even:1.0
though:1.0
hes:1.6931471805599454
never:2.386294361119891
batting:1.0
average:1.0
300:1.6931471805599454
227:1.0
ab:1.0
1990:1.0
home:1.0
run:1.0
yep:1.0
right:1.0
916:1.0
abs:1.0
end:1.0
1992:1.0
whod:1.0
aix:1.0
high-end:1.0
development:1.0
donald.aix.kingston.ibm.com:1.0
ive:1.0
prejudiced:1.6931471805599454
sex:1.0
entertained:1.0
yes:1.0
justice:1.0
dan:1.0
snow:1.0
walter:1.0
matthau:1.0
