rvesterm:1.0
vma.cc.nd.edu:1.0
subject:1.0
yankees:1.0
win:1.0
home:1.0
opener:1.0
article:1.0
1993apr14.175545.3528:1.0
alleg.edu:1.0
millits:1.0
yankee.org:1.0
sam:1.6931471805599454
millitello:1.0
says:1.0
im:1.0
telling:1.0
three:1.0
ls:1.0
call:1.0
mom:1.0
ask:1.0
bob:1.0
vesterman:1.0
