eugene.s.rhim:1.6931471805599454
dartmouth.edu:1.6931471805599454
eugene:1.0
rhim:1.0
subject:1.0
fenway:1.6931471805599454
hi:1.0
anybody:1.0
know:1.0
ticket:1.0
info:1.0
thanks:1.0
