fester:1.6931471805599454
island.com:1.0
mike:1.6931471805599454
subject:1.0
notes:1.0
jays:1.0
vs:1.0
indians:1.0
series:1.0
article:2.09861228866811
1993apr13.221704.4291:1.0
midway.uchicago.edu:1.6931471805599454
thf2:1.0
writes:2.09861228866811
rudyc5fxc8.deu:1.0
netcom.com:1.6931471805599454
rudy:1.6931471805599454
wade:1.0
1993apr13.195301.22652:1.0
csd-newshost.stanford.edu:1.0
nlu:1.0
xenon.stanford.edu:1.0
nelson:1.0
lu:1.0
guess:1.0
line:1.0
baobpslgabh2b3bhrbb:1.0
x.310.405.427571177278887:1.0
y.312.354.4556572053212035:1.0
walks:2.386294361119891
give:1.0
away:1.0
obps:1.0
general:1.0
somewhat:1.0
valuable:2.09861228866811
slugging:1.6931471805599454
alomars:1.0
edge:1.6931471805599454
obp:1.0
quite:1.0
bit:1.0
larger:1.0
baergas:1.0
im:1.0
sdcn:1.0
whats:1.0
28:1.0
hits:1.6931471805599454
w/5:1.0
doubles:1.6931471805599454
12:1.0
hrs:1.0
7:1.0
triples:1.0
52:1.0
bbs:1.0
lets:1.0
forget:1.6931471805599454
39:1.0
extra:1.0
sbs:1.0
many:1.0
cs:2.09861228866811
alomar:2.386294361119891
9:1.0
baerga:2.6094379124341005
2:1.0
dont:1.0
59:1.0
outs:1.6931471805599454
gidp:1.0
balances:1.0
one:1.0
sacrifice:1.0
replacement:1.0
level:1.0
second:1.6931471805599454
baseman:1.6931471805599454
could:1.0
17:1.0
5:1.0
couple:1.0
xbh:1.0
additional:1.0
triple:1.0
little:1.0
different:1.0
home:2.386294361119891
run:1.0
talking:1.0
exchanging:1.0
almost:1.0
60:1.0
six:1.6931471805599454
seven:1.6931471805599454
runs:1.6931471805599454
four:1.0
would:1.0
say:1.0
almost-60:1.0
also:1.0
got:1.0
far:1.0
greater:1.0
boost:1.0
park:1.0
hmm:1.0
wanted:1.0
pick:1.0
play:1.0
toronto:1.0
youd:1.6931471805599454
take:1.6931471805599454
anywhere:1.0
else:1.0
probably:1.0
disclaimer:1.0
opiini^h^h:1.0
damn:1.0
h^h:1.0
q:2.791759469228055
w:1.0
wq:1.6931471805599454
x:2.09861228866811
exit:1.6931471805599454
c:2.386294361119891
quitbye:1.0
ctrlaltdel:1.0
logout:1.0
save/quit:1.0
quit:1.6931471805599454
zz:1.0
zzzzzz:1.0
vi:1.6931471805599454
man:1.6931471805599454
l:1.0
e:1.6931471805599454
help:2.09861228866811
helpquit:1.0
ctrlshftdel:1.0
hey:1.0
stop:1.0
l1a:1.0
