ryan:1.6931471805599454
robbins:1.6931471805599454
io20456:1.6931471805599454
maine.maine.edu:1.6931471805599454
subject:1.0
speed:1.0
games:1.0
marginally:1.0
realistic:1.0
pitchers:1.6931471805599454
required:1.6931471805599454
pitch:1.6931471805599454
feint:1.0
attempt:1.0
pick-off:1.0
within:1.6931471805599454
20:1.0
seconds:1.0
receiving:1.0
ball:1.0
15:1.0
warm-up:1.0
throws:1.0
one:1.0
minute:1.0
time:1.0
frame:1.0
beginning:1.0
half:1.0
inning:1.0
ends:1.0
two:1.0
minutes:1.0
reason:1.0
reliever:1.0
allowed:1.0
warm-ups:1.0
simple:1.0
different:1.6931471805599454
mound:1.0
catcher:1.0
penobscot:1.0
hall:1.0
university:1.0
maine:1.0
