rvesterm:1.0
vma.cc.nd.edu:1.0
subject:1.0
millitello:2.09861228866811
update:1.0
article:1.0
1993apr14.175343.3431:1.0
alleg.edu:1.0
millits:1.0
yankee.org:1.0
sam:1.6931471805599454
says:1.0
uhhhh:1.6931471805599454
think:1.0
spelled:1.0
name:1.0
correctly:1.0
three:1.0
ls:1.0
bob:1.0
vesterman:1.0
