kubey:2.791759469228055
sgi.com:1.6931471805599454
ken:2.09861228866811
subject:1.0
hbp:1.0
bb:1.0
big-cat:1.0
article:1.0
mjones.735272252:1.0
fenway:1.0
mjones:1.0
donald.aix.kingston.ibm.com:1.0
writes:1.6931471805599454
finally:1.0
id:1.0
like:2.6094379124341005
point:1.0
many:1.6931471805599454
high:2.09861228866811
obp:2.386294361119891
guys:2.6094379124341005
draw:1.6931471805599454
walks:2.09861228866811
pitchers:2.09861228866811
afraid:2.09861228866811
throw:2.09861228866811
strike:2.09861228866811
great:1.6931471805599454
eye:1.6931471805599454
comes:1.0
periodically:1.0
dont:2.09861228866811
get:1.6931471805599454
take:1.6931471805599454
example:1.6931471805599454
mark:1.0
mcgwire:2.386294361119891
walked:1.0
90:1.0
times:1.6931471805599454
1993:1.0
thats:1.6931471805599454
potential:1.0
youre:1.6931471805599454
talking:1.0
know:1.6931471805599454
lets:1.0
look:1.6931471805599454
happens:1.0
doesnt:1.0
walk:1.0
75:1.0
time:2.386294361119891
made:1.0
10:1.6931471805599454
hit:2.791759469228055
single:1.6931471805599454
5:1.0
double:1.6931471805599454
homer:1.6931471805599454
pitching:1.0
would:1.6931471805599454
trade:1.0
20:1.0
2:2.09861228866811
homers:1.0
1:1.6931471805599454
singles:1.0
15:1.0
outs:1.0
give:1.0
base:1.0
3:1.0
4:1.0
didnt:1.0
say:1.0
fear:1.0
throwing:1.0
strikes:1.6931471805599454
bonds:1.0
frank:1.0
thomas:1.0
rational:1.0
said:1.6931471805599454
exists:1.0
alex:1.6931471805599454
cole:1.6931471805599454
career:1.0
363:1.0
even:1.0
though:1.0
hes:1.6931471805599454
never:1.6931471805599454
batting:2.09861228866811
average:1.0
300:1.6931471805599454
227:1.0
ab:1.0
1990:1.0
home:1.0
run:1.0
yep:1.0
right:1.0
916:1.0
abs:1.0
end:1.0
1992:1.0
whod:1.0
coles:1.0
style:1.0
questions:1.0
tall:1.0
go:1.0
crouch:1.0
rickey:1.0
hederson/pete:1.0
rose:1.0
foul:1.0
lot:1.0
pitches:1.0
brett:1.0
butler:1.0
bat:1.0
could:1.0
good:1.0
wpd.sgi.com:1.0
415:1.0
390-3536:1.0
