acsddc:1.6931471805599454
smucs2.umassd.edu:1.0
subject:1.0
red:1.6931471805599454
sox:1.6931471805599454
mailing:1.6931471805599454
list:2.09861228866811
query:1.0
article:1.0
sfoixme00wb2qbulsk:1.0
andrew.cmu.edu:1.6931471805599454
robert:1.0
ward:1.0
rw23:1.0
writes:1.0
friend:1.0
england:1.0
looking:1.0
know:1.0
could:1.6931471805599454
please:1.6931471805599454
send:1.6931471805599454
mail:1.0
info:1.6931471805599454
thank:1.0
would:1.0
veru:1.0
interested:1.0
also:1.0
one:1.0
someone:1.0
dan:1.0
umassd.edu:1.0
