ching:1.6931471805599454
fledgling.wpi.edu:1.0
jay:1.0
heminger:1.0
subject:1.0
tiger:1.0
stadium:1.6931471805599454
gif:1.0
hate:1.0
rude:1.0
screw:1.0
seating:1.0
chart:1.0
post:1.0
instead:1.0
logistician:1.0
reigns:1.0
supreme:1.0
go:2.6094379124341005
blue:1.0
tigers:1.0
pistons:1.0
lions:1.0
red:1.0
wings:1.0
wpi.wpi.edu:1.0
