kjs5:1.0
ns1.cc.lehigh.edu:1.0
kristian:1.0
john:1.0
schafer:1.6931471805599454
subject:1.0
babes:1.0
pitching:1.6931471805599454
anyone:1.0
tell:1.0
babe:1.0
ruths:1.0
complete:1.0
stats:1.0
know:1.0
5-0:1.0
pitcher:1.0
yankees:1.0
numbers:1.0
red:1.0
sox:1.0
thanks:1.0
advance:1.0
kris:1.0
hey:1.0
sixers:1.0
lottery:2.09861228866811
pick:2.09861228866811
go:1.0
phillies:1.0
give:1.6931471805599454
beer:1.0
death:1.0
lets:1.0
pillage:1.0
al:1.0
bundy:1.0
shoe:1.0
salesman:1.0
women:1.0
cant:1.0
live:1.0
pass:1.0
beernuts:1.0
norm:1.0
barfly:1.0
