sean:1.6931471805599454
garrison:1.0
subject:1.0
best:2.09861228866811
first:1.6931471805599454
basemen:1.0
article:1.0
1993apr20.102857.1:1.0
tesla.njit.edu:1.6931471805599454
drm6640:1.0
wrote:1.0
mattingly:1.0
baseman:1.0
history:1.0
baseball:1.0
always:1.6931471805599454
actually:1.0
keith:1.0
hernandez:1.0
behind:1.0
bag:1.0
vin:1.0
scully:1.0
