subject:1.0
al:1.0
stats:1.6931471805599454
michael:1.0
mcguire:1.0
michael.mcguire:1.0
canrem.com:1.0
looking:1.0
source:1.0
american:1.0
league:1.0
baseball:1.0
individual:1.0
players:1.6931471805599454
format:1.0
printed:1.6931471805599454
newspapers:1.0
ie:1.0
want:1.0
provide:1.0
list:1.0
get:1.0
back:1.0
nice:1.0
reports:1.0
35:1.0
week:1.0
anyone:1.0
know:1.0
statistics:1.0
availability:1.0
idea:1.0
cost:1.0
canada:1.0
remote:1.0
systems:1.0
toronto:1.0
ontario:1.0
416-629-7000/629-7044:1.0
