subject:1.0
jewish:1.6931471805599454
baseball:1.0
players:1.0
fry:2.791759469228055
zariski.harvard.edu:1.0
david:1.6931471805599454
jeopardy:1.0
category:1.0
sports:1.0
heros:1.0
believe:1.0
answer:1.0
pitcher:1.6931471805599454
four:1.0
no-hitters:1.0
dodgers:1.0
60s:1.0
contestant:1.0
said:1.6931471805599454
hank:1.6931471805599454
aaron:1.6931471805599454
alex:1.0
trebek:1.0
something:1.0
like:1.0
dont:1.0
think:1.0
math.harvard.edu:1.0
division:1.0
applied:1.0
sciences:1.0
huma1.bitnet:1.0
harvard:1.6931471805599454
university:1.0
huma1:1.0
cambridge:1.0
02138:1.0
