kubey:2.386294361119891
sgi.com:1.0
ken:1.6931471805599454
subject:1.0
hbp:1.0
bb:1.0
big-cat:1.0
article:1.0
mjones.735411536:1.0
fenway:1.0
mjones:1.0
donald.aix.kingston.ibm.com:1.0
writes:1.0
would:1.0
help:1.0
obp:2.09861228866811
higher:1.0
batting:2.09861228866811
average:2.09861228866811
yes:1.0
april:1.0
12:1.0
usa:1.0
today:1.0
lists:1.0
le:1.0
grand:1.0
chapeau:1.0
422:1.0
413:1.0
okay:1.0
ill:1.0
bite:1.0
lower:1.0
sac:1.0
flies:1.0
something:1.0
wpd.sgi.com:1.0
415:1.0
390-3536:1.0
