drw3l:1.0
delmarva.evsc.virginia.edu:1.0
david:1.0
robert:1.0
walker:1.0
subject:1.0
braves:1.0
pitching:2.9459101490553135
updatedir:1.0
article:1.0
8994:1.0
blue.cis.pitt.edu:1.0
traven:1.6931471805599454
pitt.edu:1.0
neal:1.0
writes:1.0
one:1.6931471805599454
chapters:1.0
palmer:1.0
thorns:1.0
hidden:1.6931471805599454
game:2.386294361119891
titled:1.0
44:1.6931471805599454
baseball:1.0
implying:1.0
fielding:2.9459101490553135
6:1.6931471805599454
determine:1.0
beats:1.0
long:1.6931471805599454
time:1.0
since:1.6931471805599454
read:1.0
opinion:1.0
stupidest:1.0
thing:1.0
argument:1.0
1:1.6931471805599454
defense:2.386294361119891
runs:2.791759469228055
allowed:1.6931471805599454
50:1.0
2:1.0
unearned:1.6931471805599454
amount:1.0
12:1.6931471805599454
earned:1.6931471805599454
88:1.6931471805599454
3:1.0
result:1.0
product:1.0
4:1.0
caombining:1.0
pete:1.0
usually:1.0
sharper:1.0
feel:1.0
25-33:1.0
range:1.0
call:1.0
30-70:1.0
also:1.0
separate:1.0
offense:1.6931471805599454
batting:1.6931471805599454
baserunning:1.6931471805599454
split:1.0
probably:1.0
somewhere:1.0
around:1.0
49.5:1.0
0.5:1.0
id:1.0
give:1.6931471805599454
little:1.0
credit:1.0
maybe:1.0
45-5:1.0
even:1.6931471805599454
40-10:1.0
team:1.6931471805599454
roberto:1.6931471805599454
alomar:1.0
john:1.0
oleruds:1.6931471805599454
identical:1.0
stats:1.0
wouldnt:1.0
unreasonable:1.0
dont:1.0
let:1.0
steal:1.0
single:1.0
base:1.0
theyll:1.0
score:1.0
lot:1.0
going:1.0
first-to-third:1.0
often:1.0
gordon:1.0
clay:1.0
