nittmo:1.0
camelot.bradley.edu:1.0
christopher:1.0
taylor:1.0
subject:1.0
melido:1.6931471805599454
due:1.0
back:1.6931471805599454
yankees:1.0
planning:1.0
activating:1.0
perez:1.0
15:1.0
days:1.0
dl:1.0
today:1.0
bringing:1.0
weekend:1.0
thanks:1.0
info:1.0
