choman:1.6931471805599454
rajeesh.wpi.edu:1.0
charles:1.6931471805599454
stanley:1.0
homan:1.6931471805599454
subject:1.0
rbi:2.09861228866811
question:1.6931471805599454
judgement:1.6931471805599454
call:1.6931471805599454
part:1.0
scorer:1.0
sac:1.0
fly:1.6931471805599454
rbis:1.0
situation:1.0
brought:1.0
red:1.6931471805599454
sox:1.6931471805599454
bottom:1.0
9th:1.0
score:1.6931471805599454
5-1:1.0
mariners:1.6931471805599454
bases:1.0
loaded:1.0
1:1.0
batter:2.386294361119891
hits:1.0
center:1.0
fielder:1.0
catches:1.0
runner:1.0
third:2.9459101490553135
tags:1.0
scores:2.09861228866811
without:1.6931471805599454
throw:1.6931471805599454
dont:1.0
think:2.09861228866811
one:1.6931471805599454
seems:1.0
better:1.0
name:1.0
would:1.6931471805599454
defensive:1.0
indifference:1.0
since:1.0
doesnt:1.0
really:1.6931471805599454
matter:1.6931471805599454
whether:1.0
guy:2.09861228866811
point:2.09861228866811
know:1.0
several:1.0
stole:1.0
second:1.6931471805599454
opening:1.0
base:1.0
allow:1.0
hit:1.6931471805599454
grounder:1.0
baseman:1.0
gets:1.0
deep:1.0
hole:1.0
wouldnt:1.0
play:1.0
home:1.0
maybe:1.0
therefore:1.0
cant:1.0
make:1.0
first:1.0
get:2.09861228866811
last:1.0
etc:1.0
scenarios:1.0
way:1.0
youre:1.0
4:1.0
tying:1.0
run:1.6931471805599454
going:1.0
imo:1.0
shouldnt:1.0
credit:1.0
utterly:1.0
failing:1.0
job:1.0
walk:1.0
trade:1.0
guys:1.0
regards:1.0
burke:1.0
wpi.wpi.edu:1.0
go:1.6931471805599454
11-3:1.0
rocket:1.0
3-0:1.0
