mark:1.6931471805599454
b:1.6931471805599454
subject:1.0
could:1.6931471805599454
look:1.6931471805599454
yes:1.0
prefer:1.0
post:1.0
question:1.0
net:1.0
read:1.0
somewhere:1.0
long:1.0
forgotten:1.0
article:1.0
handsignals:1.0
used:1.6931471805599454
major:1.0
league:1.0
umps:1.0
originally:1.0
help:1.0
deaf:1.0
ball:1.0
player:1.0
name:1.0
dummy:1.0
urban:1.0
myth:1.0
true:1.0
gots:1.0
ta:1.0
know:1.0
mbrownel:1.0
alchemy.chem.utoronto.ca:1.0
