io20456:1.6931471805599454
maine.maine.edu:1.6931471805599454
ryan:1.6931471805599454
robbins:1.6931471805599454
subject:1.0
infield:1.0
fly:1.0
rule:1.0
cant:1.0
call:1.0
time:1.0
theres:1.0
play:1.0
progress:1.0
penobscot:1.0
hall:1.0
university:1.0
maine:1.0
