thf2:1.6931471805599454
kimbark.uchicago.edu:1.6931471805599454
ted:1.6931471805599454
frank:1.6931471805599454
subject:1.0
bonilla:1.0
article:1.0
mjones.735273896:1.0
fenway:1.0
mjones:1.0
donald.aix.kingston.ibm.com:1.0
writes:1.6931471805599454
fierkelab:1.0
bchm.biochem.duke.edu:1.0
eric:1.0
roush:1.0
quick:1.6931471805599454
name:1.6931471805599454
light-hitting:2.791759469228055
black:1.6931471805599454
outfielder:1.6931471805599454
1b:1.0
lasted:1.0
10:2.09861228866811
years:2.6094379124341005
bigs:1.6931471805599454
bet:1.0
two:1.0
dozen:1.0
white:1.6931471805599454
ones:1.0
otis:2.386294361119891
nixon:2.386294361119891
stole:1.6931471805599454
300:2.386294361119891
bases:2.09861228866811
ok:1.6931471805599454
hes:3.5649493574615367
still:2.791759469228055
baseball:1.0
managers:1.0
dont:1.0
think:1.6931471805599454
like:1.0
omar:1.0
moreno:1.0
perfect:1.0
leadoff:1.0
man:1.6931471805599454
awesome:1.0
defense:1.6931471805599454
darnell:1.0
coles:1.0
around:2.386294361119891
1986:1.0
hit:1.6931471805599454
20:1.0
hr:1.0
henry:1.0
cotto:1.0
hasnt:1.0
played:1.0
wasnt:1.6931471805599454
full-time:1.0
major-leaguer:1.0
1988:1.0
manny:1.0
mota:1.0
consistent:1.0
hitter:1.0
billy:1.0
hatcher:1.0
well:2.09861228866811
see:2.09861228866811
1994:2.09861228866811
tenth:1.0
year:2.09861228866811
herm:1.6931471805599454
winningham:1.0
goes:1.0
lonnie:1.0
smith:1.0
light:1.6931471805599454
hitting:1.6931471805599454
horror:1.0
field:1.0
doesnt:1.0
count:2.386294361119891
gary:2.09861228866811
redus:1.6931471805599454
hardly:1.0
plus:1.6931471805599454
close:1.6931471805599454
800:1.0
ops:1.0
career:1.0
lhp:1.0
dion:1.0
james:1.0
1995:1.0
qualify:1.0
daryl:1.0
boston:1.0
slugged:1.0
416:1.0
440:1.0
three:1.0
straight:1.0
one:1.6931471805599454
worst:1.0
hitters:1.0
parks:1.0
nl:1.6931471805599454
going:1.0
colorados:1.0
better:1.0
players:1.0
make:1.6931471805599454
ten:1.0
time:1.0
spent:1.0
denver:1.0
buffalo:1.0
hawaii:1.0
sox:1.0
vince:1.0
coleman:1.6931471805599454
yeah:1.0
finally:1.0
started:1.0
decent:1.0
obp:1.0
assuming:1.0
makes:1.0
never:1.0
perceived:1.6931471805599454
weak:1.0
offensively:1.0
though:2.09861228866811
course:1.0
led:1.6931471805599454
sb:1.0
first:1.6931471805599454
six:1.0
majors:1.6931471805599454
cecil:1.0
espy:1.0
1997:1.0
willie:1.0
wilson:1.6931471805599454
always:1.0
overrated:1.0
five:1.6931471805599454
times:1.6931471805599454
six-year:1.0
stretch:1.0
league:2.09861228866811
triples:1.0
playing:1.0
itll:1.0
deluxe:1.0
slightly:1.0
worse:1.0
pettis:1.0
okay:1.0
also:1.0
syndrome:1.0
milt:1.6931471805599454
thompson:1.0
spectacular:1.0
neither:1.6931471805599454
ten-year:1.0
varsho:1.0
halfway:1.0
unlikely:1.0
3/4:1.0
way:1.0
admit:1.0
taking:1.0
browse:1.0
major:1.0
handbook:1.0
7:1.0
8:1.0
oh:1.6931471805599454
theres:1.0
all-time:1.0
lou:1.0
brock:1.6931471805599454
look:1.0
curt:1.6931471805599454
flood:1.6931471805599454
cesar:2.09861228866811
geronimo:1.0
cedeno:1.6931471805599454
suffered:1.0
disease:1.0
note:1.0
guys:1.0
may:1.0
reached:1.0
yet:1.0
theyve:1.0
got:1.0
likewise:1.0
list:1.0
prediction:1.0
cuyler:1.0
hell:1.0
steal:1.0
lot:1.0
im:1.0
sorry:1.0
card:1.0
says:1.0
moops:1.0
u:1.0
c:1.0
law:1.0
school:1.0
standard:1.0
disclaimers:1.0
