ma_ind25:1.0
blurt.oswego.edu:1.0
subject:1.0
ugliest:1.6931471805599454
stance:1.6931471805599454
dont:1.0
know:1.0
think:1.0
phil:1.0
plantier:1.0
looks:1.0
like:1.0
hes:1.0
sitting:1.0
toilet:1.0
brian:1.0
tbo:1.0
rosen:1.0
