snichols:1.6931471805599454
adobe.com:1.6931471805599454
sherri:1.6931471805599454
nichols:1.6931471805599454
subject:1.0
hbp:1.0
bb:1.0
big-cat:1.0
article:1.0
c5srg2.cpt:1.0
odin.corp.sgi.com:1.0
kubey:1.6931471805599454
sgi.com:1.0
ken:1.0
writes:1.0
didnt:1.0
say:1.0
pitchers:1.6931471805599454
fear:1.0
throwing:1.0
strikes:1.6931471805599454
guys:1.0
like:1.0
mcgwire:2.09861228866811
bonds:1.6931471805599454
frank:1.0
thomas:1.6931471805599454
rational:1.0
said:1.0
exists:1.0
carter:2.386294361119891
see:1.6931471805599454
justification:1.0
tend:1.0
higher:1.0
batting:1.0
averages:1.0
major:1.0
difference:1.0
doesnt:1.0
draw:1.0
walks:1.0
arent:1.0
afraid:1.0
throw:1.0
