mjones:1.6931471805599454
watson.ibm.com:1.0
mike:1.6931471805599454
jones:1.6931471805599454
subject:1.0
hbp:1.0
bb:1.6931471805599454
big-cat:1.0
woods:1.6931471805599454
ncar.ucar.edu:1.0
greg:1.6931471805599454
writes:1.6931471805599454
article:1.0
9460:1.0
blue.cis.pitt.edu:1.0
dtate:1.0
pitt.edu:1.0
david:1.0
tate:1.0
course:1.0
claiming:1.0
galarragas:1.6931471805599454
inability:1.0
defer:1.0
gratification:1.0
isnt:2.9459101490553135
hurting:1.6931471805599454
team:1.6931471805599454
paid:1.6931471805599454
walk:2.09861228866811
rbi:1.0
guy:1.0
whatever:1.0
alright:1.0
thats:1.6931471805599454
enough:2.09861228866811
ive:1.0
suffered:1.0
kinds:1.0
insults:1.0
typical:1.0
net:1.0
give:1.0
break:1.0
galarraga:1.6931471805599454
currently:1.0
batting:2.386294361119891
400:2.791759469228055
guys:2.09861228866811
complaining:1.0
drawing:2.09861228866811
walks:2.6094379124341005
would:2.386294361119891
please:1.0
bat:1.0
1.000:1.0
hardly:1.0
claim:1.0
help:1.0
obp:2.09861228866811
higher:1.0
average:2.386294361119891
yes:1.0
april:1.0
12:1.0
usa:1.0
today:1.0
lists:1.0
le:1.0
grand:1.0
chapeau:1.0
422:1.0
413:1.0
19-for-45:1.0
hitting:1.6931471805599454
0:1.6931471805599454
zip:1.0
nil:1.0
nada:1.0
reason:1.0
lot:2.09861228866811
us:1.0
hes:2.09861228866811
long:1.6931471805599454
history:2.6094379124341005
showing:1.0
nowhere:1.0
near:1.0
real:1.6931471805599454
level:1.6931471805599454
ability:1.6931471805599454
except:1.0
hit:1.6931471805599454
say:1.0
even:1.0
250:1.0
abs:2.09861228866811
id:2.09861228866811
convinced:1.0
change:1.0
avg:1.6931471805599454
amazed:1.0
make:2.09861228866811
bet:1.6931471805599454
unique:1.0
feat:1.0
game:2.09861228866811
45:2.09861228866811
prove:1.0
look:1.0
fluke:1.0
players:1.0
point:1.0
season:1.0
player:1.0
ab:1.6931471805599454
blauser:1.0
367:1.0
49:1.0
grace:1.0
391:1.0
48:1.0
milligan:1.0
35:1.0
conine:1.0
375:1.0
40:1.0
lansing:1.0
50:1.0
slaught:1.0
406:1.0
32:1.0
really:1.0
good:2.386294361119891
well:1.0
word:1.0
significant:1.0
worth:1.0
020:1.0
hed:1.6931471805599454
one:2.09861228866811
hits:1.0
called:1.0
error:1.0
taken:1.0
away:1.0
defensive:1.0
play:1.0
380:1.0
range:1.0
goes:1.0
0-for-4:1.0
next:1.0
way:1.0
388:1.0
come:1.0
back:1.0
june:1.0
lets:1.0
talk:1.0
happens:1.0
pitchers:1.0
start:1.0
throwing:1.0
fewer:1.0
pitches:2.386294361119891
starts:1.0
making:1.0
lots:1.0
outs:1.6931471805599454
someone:1.0
speculated:1.0
might:1.6931471805599454
happen:1.0
agree:1.0
taking:1.0
comment:1.0
doesnt:2.09861228866811
mean:1.6931471805599454
license:1.0
swing:1.0
bad:1.6931471805599454
along:1.0
lines:1.0
leading:1.0
league:1.0
rbis:1.0
bloody:1.0
difference:1.0
sheesh:1.0
andres:1.0
much:1.0
swings:1.0
awful:1.0
compared:1.0
couple:1.0
thousand:1.0
especially:1.0
theres:1.0
ample:1.0
evidence:1.0
1992:1.0
basic:1.0
approach:1.0
hasnt:1.0
changed:1.0
yeah:1.0
suddenly:1.0
turned:1.0
hitter:1.0
never:1.0
dont:1.0
rent:1.0
money:1.0
aix:1.0
high-end:1.0
development:1.0
donald.aix.kingston.ibm.com:1.0
historical:1.0
basis:1.0
middle:1.0
east:1.0
conflicts:1.0
last:1.0
time:1.0
vp:1.0
dan:1.0
quayle:1.0
nightline:1.0
2:1.0
october:1.0
1990:1.0
