gspira:1.0
nyx.cs.du.edu:1.0
greg:1.6931471805599454
spira:1.0
subject:1.0
jack:1.0
morris:1.0
maynard:2.386294361119891
ramsey.cs.laurentian.ca:2.09861228866811
roger:1.6931471805599454
writes:2.09861228866811
1qvag7innsvo:1.0
lynx.unm.edu:1.0
kbos:1.0
carina.unm.edu:1.0
k:1.0
mitchell:1.0
bose:1.0
article:1.0
1993apr19.214008.8199:1.0
lee:3.0794415416798357
team:3.772588722239781
last:2.9459101490553135
year:3.0794415416798357
would:3.1972245773362196
wearing:1.6931471805599454
ring:1.6931471805599454
er..no:1.0
er..yes:1.0
manny:2.9459101490553135
toronto:2.09861228866811
blue:2.09861228866811
jays:2.09861228866811
albuquerque:2.09861228866811
leftturns:2.09861228866811
however:1.0
lees:1.0
possible:1.0
could:1.0
possibly:1.6931471805599454
know:1.0
wasnt:1.0
complete:1.0
unfounded:1.0
speculation:1.0
state:1.6931471805599454
since:1.0
werent:1.0
objectively:1.0
