savastan:1.0
savy.east.sun.com:1.0
paul:1.0
savastano:1.0
sun:1.0
usops:1.0
csu:1.0
supply:1.0
unit:1.0
master:1.0
scheduling:1.0
subject:1.0
box:1.0
boston:2.791759469228055
0:5.204692619390966
seattle:2.791759469228055
7:2.09861228866811
ab:1.6931471805599454
r:2.09861228866811
h:2.09861228866811
bi:1.6931471805599454
riles:1.6931471805599454
2b:2.09861228866811
3:3.5649493574615367
felder:2.09861228866811
lf:1.6931471805599454
4:3.1972245773362196
1:4.091042453358316
quintana:1.6931471805599454
rf:1.6931471805599454
2:3.6390573296152584
cotto:1.0
dh:1.6931471805599454
greenwell:1.6931471805599454
sasser:1.0
ph:1.0
dawson:1.6931471805599454
griffey:1.6931471805599454
jr:1.6931471805599454
cf:1.6931471805599454
vaughn:1.6931471805599454
1b:2.09861228866811
buhner:2.09861228866811
calderon:1.0
boone:2.09861228866811
cooper:1.6931471805599454
3b:2.09861228866811
martinez:1.6931471805599454
john:1.6931471805599454
valentin:1.6931471805599454
ss:1.6931471805599454
blowers:2.09861228866811
pena:1.0
c:1.6931471805599454
valle:1.0
vizquel:1.0
totals:1.6931471805599454
26:1.0
34:1.0
11:1.0
6:2.09861228866811
000:2.09861228866811
022:1.0
102:1.0
00x:1.0
e:1.0
dp:1.0
lob:1.0
hr:1.6931471805599454
hesketh:2.09861228866811
sb:1.0
ip:1.0
er:1.0
bb:1.6931471805599454
l,2-1:1.0
5:1.6931471805599454
quantrill:1.0
2-3:1.0
fossas:1.0
1-3:1.0
gr:1.0
harris:1.0
k:1.0
ryan:1.0
bosio:1.0
w,1-1:1.0
9:1.0
pitched:1.0
two:1.0
batters:1.0
fourth:1.0
bos:1.6931471805599454
sea:1.6931471805599454
umpires:1.0
hp:1.0
voltaggio:1.0
kaiser:1.0
johnson:1.0
mckean:1.0
2:12:1.0
13,604:1.0
