spira:1.6931471805599454
panix.com:1.0
greg:1.6931471805599454
sarcasm:1.0
way:1.6931471805599454
life:1.0
subject:1.0
relative:1.0
value:1.0
players:1.0
kime.93apr20133127:1.0
mongoose.torolab.ibm.com:1.6931471805599454
kime:1.0
edward:1.0
kim:1.0
writes:1.6931471805599454
article:1.0
c5ro4h.lww:1.0
world.std.com:1.6931471805599454
jle:1.0
joe:1.0
leonard:1.0
folks:1.0
jump:1.0
let:1.6931471805599454
ask:1.0
net:1.0
would:2.9459101490553135
jays:2.6094379124341005
al:2.09861228866811
good:2.09861228866811
pitcher:2.9459101490553135
aaa:1.0
place:1.0
morris:3.8903717578961645
given:1.0
run:2.386294361119891
support:2.386294361119891
average:1.0
ml:1.0
cant:2.09861228866811
believe:1.0
performance:1.6931471805599454
playoffs:1.0
series:1.6931471805599454
large:1.0
positive:1.0
impact:1.0
know:1.0
trendy:1.0
nowadays:1.0
dump:1.0
lets:1.6931471805599454
give:1.0
credit:2.6094379124341005
due:1.0
doubtful:1.0
blue:2.09861228866811
east:1.6931471805599454
without:2.09861228866811
well:2.09861228866811
say:1.0
mention:1.0
assumed:1.0
replacement:1.6931471805599454
alternative:2.09861228866811
letting:1.0
cito:1.6931471805599454
gaston:1.0
soft-toss:1.0
ball:1.6931471805599454
underhand:1.0
opposition:1.0
every:1.6931471805599454
5:1.0
days:1.0
course:1.0
wouldnt:1.0
level:1.0
think:2.386294361119891
wouldve:1.0
close:1.0
yes:1.6931471805599454
mightve:1.0
made:1.0
difference:1.0
frank:1.0
viola:1.6931471805599454
probably:1.6931471805599454
easily:1.0
last:1.0
year:1.0
team:2.791759469228055
went:1.6931471805599454
13-15:1.0
month:1.0
august:1.6931471805599454
starters:1.0
shelled:1.0
milwaukee:1.0
making:1.0
charge:1.0
5-1:1.0
pretty:1.0
era:2.09861228866811
remember:1.6931471805599454
exactly:1.0
make:1.6931471805599454
argument:1.0
presence:1.0
prevented:1.0
collapsing:1.0
also:1.0
underestimate:1.0
importance:1.0
240:1.0
innings:1.6931471805599454
save:1.0
bullpen:2.09861228866811
fifth:1.0
day:1.0
didnt:2.09861228866811
help:1.0
us:1.0
win:1.6931471805599454
forget:1.0
pennent:1.0
world:1.0
helpful:1.0
high:1.0
5.98:1.0
runs:2.386294361119891
stottlemyers:1.0
5.90:1.0
12:1.0
games:2.6094379124341005
winning:1.6931471805599454
inordinate:1.0
number:1.0
6-5:1.6931471805599454
8-6:1.0
ballgames:1.0
pitched:2.09861228866811
needed:1.0
6-1:1.0
ballgame:1.0
put:1.6931471805599454
cruise:1.0
control:1.0
threw:1.0
batters:1.0
get:1.0
themseleves:1.0
hate:1.6931471805599454
expression:1.0
inexperienced:1.0
wear:1.0
trying:1.0
perfect:1.0
pitches:1.0
keep:1.0
veteran:1.6931471805599454
knows:1.0
thing:1.0
really:1.0
matters:1.0
baseball:1.0
saving:1.0
able:1.0
reach:1.0
back:1.6931471805599454
little:1.0
extra:1.0
game:1.0
line:1.0
complete:1.0
bs:1.0
happened:1.0
time:1.0
fell:1.0
behind:1.6931471805599454
came:1.6931471805599454
rescued:1.0
mostly:1.0
hes:2.09861228866811
lousy:1.0
1st:1.0
inning:1.6931471805599454
much:2.09861228866811
better:1.0
rest:1.0
climb:1.0
4-0:1.0
5-0:1.0
holes:1.0
consistently:1.0
teams:1.0
furthermore:1.0
exceed:1.0
w-l:1.6931471805599454
percentage:1.0
projected:1.0
allowed:1.6931471805599454
hasnt:1.0
done:1.0
previous:1.0
years:1.0
fact:1.0
record:1.0
1991:1.0
lot:1.0
worse:1.0
projects:1.0
ability:1.0
1992:1.0
look:1.0
2:1.6931471805599454
postseason:1.0
decently:1.0
typical:1.0
gets:1.0
rescues:1.0
responsible:1.0
rescue:1.6931471805599454
enough:1.0
jack:1.0
season:1.0
offense:1.0
earn:1.0
victory:1.0
btw:1.0
embarrassing:1.0
never:1.0
17:1.0
embarrassed:1.0
one:1.0
guys:1.0
reture:1.0
start:1.0
anymore:1.0
bad:1.0
first:1.0
serve:1.0
