snichols:1.6931471805599454
adobe.com:1.6931471805599454
sherri:1.6931471805599454
nichols:1.6931471805599454
subject:1.0
harry:1.0
caray:1.0
article:1.0
9500:1.0
blue.cis.pitt.edu:1.0
traven:1.6931471805599454
pitt.edu:1.0
neal:1.0
writes:1.0
btw:1.0
show:1.0
hands:1.0
attending:1.0
years:1.0
sabr:1.0
national:1.0
san:1.0
diego:1.0
ill:1.0
ultimate:1.0
lurker:1.0
