stevel:1.0
gvlf9-g.vfl.paramax.com:1.0
steve:1.0
loomis:1.0
subject:1.0
stats:1.6931471805599454
im:1.6931471805599454
trying:1.0
find:1.0
site:1.0
updated:1.0
daily:1.0
national:1.6931471805599454
league:1.6931471805599454
ill:1.0
take:1.0
leagues:1.0
really:1.0
interested:1.0
philadelphia:1.0
sillies:1.0
