punjabi:1.6931471805599454
leland.stanford.edu:1.0
sanjeev:1.0
subject:1.0
barry:2.09861228866811
bonds:1.6931471805599454
batting:2.09861228866811
4th:2.09861228866811
heading:1.0
indicates:1.0
impossible:1.0
fathom:1.0
giants:2.09861228866811
behind:1.0
clark:1.0
awesome:1.0
consistent:1.0
hitter:2.09861228866811
definitely:1.0
best:1.0
national:1.0
league:1.0
imho:1.0
williams:1.0
streaky:1.0
really:1.0
clutch:1.0
ahead:1.0
simply:1.0
injustice:1.0
fans:1.0
