pb6755:1.6931471805599454
csc.albany.edu:1.6931471805599454
brown:1.6931471805599454
philip:1.0
h:1.0
subject:1.0
mvp:1.0
92:1.0
revisited:1.0
total:2.791759469228055
baseball:2.386294361119891
also:1.6931471805599454
tries:1.0
evaluate:1.0
players:2.09861228866811
offensive:2.09861228866811
defensive:1.0
contributions:1.0
gives:1.0
barry:1.0
bonds:2.09861228866811
player:1.6931471805599454
rating:1.0
9.0:1.0
1992:2.09861228866811
one:2.09861228866811
since:1.0
ruth:1.0
attained:1.0
mark:1.0
cal:1.0
ripken:1.0
1984:1.0
season:1.6931471805599454
rounding:1.0
top:1.6931471805599454
five:1.0
nl:1.0
last:1.0
sheffield:1.0
5.9:1.0
sandberg:1.0
5.8:1.0
van:1.0
slyke:1.0
5.3:1.0
larkin:1.0
4.7:1.0
5:1.0
al:1.0
e:1.0
martinez:1.6931471805599454
4.8:1.6931471805599454
ventura:2.09861228866811
anderson:1.0
4.5:1.0
r:1.0
henderson:1.0
4.4:1.6931471805599454
thomas:1.0
short:1.0
says:1.0
enjoyed:1.0
best:1.0
seasons:1.0
ever:1.0
games:1.0
history:1.0
better:1.6931471805599454
year:1.6931471805599454
mantle:1.0
mays:1.0
williams:1.0
etc:1.0
disagree:1.0
dont:1.0
flame:1.6931471805599454
writers:1.0
neck:1.6931471805599454
given:1.0
shortcomings:1.0
statistical:1.0
analysis:1.0
considered:1.0
toss-up:1.0
thus:1.0
supports:1.0
choices:1.0
mvps:1.0
phil:1.0
aka:1.0
