mlocker:1.0
biomed.med.yale.edu:1.0
michael:1.6931471805599454
locker:1.0
subject:1.0
jewish:1.6931471805599454
broadcasters:1.0
baseball:1.0
players:1.0
1993apr20.164053.4731:1.0
galileo.cc.rochester.edu:1.0
kahn:1.0
troi.cc.rochester.edu:1.0
writes:1.0
lets:1.0
forget:1.6931471805599454
al:1.0
michaels:1.0
believe:1.0
miracles:1.0
fame:1.0
jim:1.0
course:1.0
cant:1.0
mel:1.0
allen:1.0
