punjabi:2.386294361119891
leland.stanford.edu:2.09861228866811
sanjeev:1.6931471805599454
subject:1.0
barry:2.09861228866811
bonds:3.4849066497880004
batting:2.791759469228055
4th:2.09861228866811
article:1.6931471805599454
1r2mek:1.0
hlq:1.0
menudo.uh.edu:1.0
st1ge:1.0
elroy.uh.edu:1.0
writes:1.6931471805599454
1993apr21.032427.22464:1.0
heading:1.0
indicates:1.0
impossible:1.0
fathom:1.0
giants:2.09861228866811
behind:1.6931471805599454
clark:1.6931471805599454
awesome:1.0
consistent:1.0
hitter:2.386294361119891
definitely:1.6931471805599454
best:1.0
national:1.0
league:1.0
imho:1.0
williams:3.4849066497880004
streaky:1.0
really:1.0
clutch:1.0
ahead:2.09861228866811
simply:1.0
injustice:1.0
fans:1.0
2:2.09861228866811
simple:1.0
reasons:1.6931471805599454
1:1.6931471805599454
create:1.0
left:1.6931471805599454
right:1.0
situation:1.0
middle:1.0
order:1.0
makes:1.0
tougher:1.0
opposing:1.6931471805599454
manager:1.0
change:1.0
pitchers:1.6931471805599454
means:1.0
matt:1.0
get:2.09861228866811
good:1.6931471805599454
pitches:1.0
hit:2.09861228866811
important:1.0
since:1.0
struggles:1.0
much:1.6931471805599454
breaking:1.6931471805599454
balls:1.6931471805599454
dont:1.0
want:1.0
walk:1.0
ones:1.0
joe:1.0
morgan:1.0
thinks:1.0
bonds-clark:1.0
3-4-5:1.0
hitters:1.6931471805599454
believes:1.0
clark-bonds:1.0
fine:1.0
opinion:1.0
inclined:1.0
agree:1.0
first:1.6931471805599454
reason:1.0
valid:1.0
lefties:1.6931471805599454
righties:1.6931471805599454
well:1.0
hits:1.0
better:1.0
giant:1.0
still:1.0
getting:1.0
although:1.0
last:1.0
season:1.0
bottom:1.0
line:1.0
far:1.0
disciplined:1.0
productive:1.0
prefer:1.0
take:1.0
chances:1.0
driving:1.0
3:1.0
expected:1.0
high:1.0
obps:1.0
would:1.0
fastballs:1.0
second:1.0
base:1.0
open:1.0
threat:1.0
stealing:1.0
