jguastel:1.6931471805599454
lonestar.utsa.edu:1.6931471805599454
joseph:1.6931471805599454
guastella:1.6931471805599454
subject:1.0
yanks/royals:1.0
box:1.6931471805599454
score:2.09861228866811
need:1.0
april:1.0
15:1.0
game:1.0
believe:1.0
5:1.0
4:1.0
anyone:1.0
provide:1.0
would:1.0
appreciate:1.0
jr:1.0
u.s:1.0
long:1.0
distance:1.0
mkt:1.0
rep:1.0
523:1.0
dewitt:1.0
210:1.0
533-8318:1.0
9311:1.0
san:2.09861228866811
pedro:1.0
suite:1.0
300:1.0
antonio:1.6931471805599454
tx:1.6931471805599454
78204:1.0
78216:1.0
800:1.0
460-8753:1.0
ext:1.0
395:1.0
