yousten:2.386294361119891
atlantis.csos.orst.edu:1.0
ken:1.6931471805599454
subject:1.0
pecota:1.6931471805599454
braves:1.6931471805599454
could:1.0
someone:1.0
send:1.0
pecotas:1.0
stats:1.0
last:1.0
years:1.0
something:1.0
give:1.0
sort:1.0
feel:1.0
kind:1.0
player:1.0
mind:1.0
handle:1.0
bothers:1.0
pretty:1.0
meaningful:1.0
cant:1.0
even:1.0
come:1.0
first:1.6931471805599454
name:1.0
think:1.0
dont:1.0
succeed:1.0
try:1.0
blacksburg:1.0
vathen:1.0
quit:1.0
use:1.0
damn:1.0
fool:1.0
atlantis.csos.orst.eduw.c:1.0
fields:1.0
