pb6755:1.6931471805599454
csc.albany.edu:1.6931471805599454
brown:1.6931471805599454
philip:1.0
h:1.0
subject:1.0
bob:1.6931471805599454
dylan:1.6931471805599454
baseball:1.6931471805599454
abstract:1.6931471805599454
ive:1.0
never:1.0
heard:1.0
curious:1.0
could:1.0
someone:1.0
clue:1.0
phil:1.0
aka:1.0
