tac:1.6931471805599454
world.std.com:1.0
tackey:1.0
chan:1.0
subject:1.0
ugliest:1.6931471805599454
swing:1.0
swing..i:1.0
sure:1.0
think:1.0
ugliset:1.0
stance:1.0
jolio:1.0
franco:1.0
ranger:1.0
wonder:1.0
bat:1.0
comes:1.0
around:1.0
time:1.0
hit:1.0
ball:1.0
looks:1.0
bad:1.0
hey.it:1.0
get:1.0
job:1.0
done:1.0
