subject:1.0
hits:1.6931471805599454
stolen:1.6931471805599454
centerfield:1.0
1992:1.0
grabiner:2.386294361119891
math.harvard.edu:1.0
david:1.6931471805599454
article:1.0
steph.735350048:1.0
pegasus.cs.uiuc.edu:1.0
dale:1.0
stephenson:1.0
writes:1.0
nhs:2.09861228866811
net:1.6931471805599454
extra:2.09861228866811
outs:1.0
compared:1.6931471805599454
average:1.0
fielder:2.09861228866811
neb:2.09861228866811
bases:1.6931471805599454
prevented:1.0
avg:1.0
national:1.0
league:1.6931471805599454
name:1.6931471805599454
hs:1.6931471805599454
dcon:1.6931471805599454
dops:1.6931471805599454
lankford:1.6931471805599454
r:1.0
39:1.0
4:1.0
12:1.0
007:1.0
844:1.0
martinez:1.6931471805599454
21:1.0
5:1.6931471805599454
16:1.0
017:1.0
660:1.0
butler:2.09861228866811
b:1.0
1:1.0
29:1.0
088:1.0
716:1.0
american:1.0
wilson:1.6931471805599454
w:1.0
47:1.0
26:1.0
0:1.6931471805599454
125:1.0
787:1.0
felix:1.6931471805599454
j:1.0
22:1.0
32:1.0
063:1.0
713:1.0
suspect:1.0
splits:1.0
result:1.0
positioning:1.6931471805599454
outfielder:1.0
fast:1.0
gets:1.0
good:1.0
jump:1.0
would:1.0
expected:1.0
catch:1.6931471805599454
lot:1.0
balls:1.6931471805599454
preventing:1.0
singles:2.09861228866811
doubles:2.09861228866811
also:1.0
cut:1.0
uncatchable:1.0
turinging:1.0
however:1.0
plays:1.0
shallow:2.09861228866811
short:1.0
flies:1.6931471805599454
fewer:1.6931471805599454
long:1.0
means:1.0
allow:1.0
anyone:1.0
seen:1.0
players:1.0
play:1.6931471805599454
deep:1.0
park:1.0
effect:1.0
thought:1.0
liked:1.0
zariski.harvard.edu:1.0
sorry:1.0
number:1.0
dialed:1.0
imaginary:1.0
please:1.0
rotate:1.0
phone:1.0
90:1.0
degrees:1.0
try:1.0
disclaimer:1.0
speak:1.0
one:1.6931471805599454
speaks:1.0
