doug:2.09861228866811
fc.hp.com:1.0
steele:1.0
subject:1.0
al:1.0
stats:1.6931471805599454
standings:1.0
forgot:1.0
mention:1.0
games:1.0
4/20:1.0
