bck_csm:1.0
jhunix.hcf.jhu.edu:1.0
brian:1.6931471805599454
c:1.0
klaff:1.6931471805599454
subject:1.0
best:1.0
homeruns:1.0
brooks:1.6931471805599454
robinsons:1.0
last:1.0
homerun:1.0
ever:1.0
268:1.0
came:1.0
4-19-77:1.0
memorial:1.0
stadium:1.0
one:1.0
two:1.0
bottom:1.0
10th:1.0
inning:1.0
larry:1.0
harlow:1.0
due:1.0
pinch-hit:1.0
3-2:1.0
pitch:1.0
dave:1.0
laroche:1.0
left:1.0
field:1.0
bleachers:1.0
6-5:1.0
win:1.0
