edd:1.0
gvlf4-a.gvl.unisys.com:1.0
ed:1.6931471805599454
dougherty:1.0
subject:1.0
phills:1.0
vs:1.0
pirates:1.6931471805599454
philly:1.0
fan:1.6931471805599454
penna:1.6931471805599454
baseball:1.6931471805599454
im:1.0
anxious:1.0
see:1.0
series:1.0
anyone:1.0
know:1.0
starts:1.0
first:1.0
games:1.0
played:1.0
think:1.0
always:1.0
good:1.6931471805599454
also:1.0
start:1.0
doc:1.0
