st1ge:1.0
elroy.uh.edu:1.0
edward:1.6931471805599454
hui:1.6931471805599454
subject:1.0
barry:2.09861228866811
bonds:2.791759469228055
batting:2.791759469228055
4th:2.09861228866811
article:1.0
1993apr21.032427.22464:1.0
leland.stanford.edu:1.6931471805599454
punjabi:1.6931471805599454
sanjeev:1.0
writes:1.0
heading:1.0
indicates:1.0
impossible:1.0
fathom:1.0
giants:2.09861228866811
behind:1.6931471805599454
clark:1.6931471805599454
awesome:1.0
consistent:1.0
hitter:2.09861228866811
definitely:1.0
best:1.0
national:1.0
league:1.0
imho:1.0
williams:2.6094379124341005
streaky:1.0
really:1.0
clutch:1.0
ahead:1.6931471805599454
simply:1.0
injustice:1.0
fans:1.0
2:1.6931471805599454
simple:1.0
reasons:1.0
1:1.0
create:1.0
left:1.6931471805599454
right:1.0
situation:1.0
middle:1.0
order:1.0
makes:1.0
tougher:1.0
opposing:1.6931471805599454
manager:1.0
change:1.0
pitchers:1.6931471805599454
means:1.0
matt:1.0
get:1.6931471805599454
good:1.0
pitches:1.0
hit:1.0
important:1.0
since:1.0
struggles:1.0
much:1.0
breaking:1.0
balls:1.0
dont:1.0
want:1.0
walk:1.0
