tknuth:1.0
bio.ri.ccf.org:1.0
todd:1.0
knuth:1.0
subject:1.0
wounded:1.0
redbirds:1.0
article:1.0
1:1.0
acad.drake.edu:1.6931471805599454
sbp002:1.0
writes:1.0
anyone:1.0
know:1.6931471805599454
status:1.0
jeffries:1.0
arocha:1.6931471805599454
broke:1.0
finger:1.0
trying:1.0
field:1.0
ground:1.0
ball:1.0
put:1.0
dl:1.0
game:1.0
may:1.0
require:1.0
surgery:1.0
dony:1.0
jefferies:1.0
