mse:1.0
cc.bellcore.com:1.0
25836-michael:1.0
evenchick:1.0
f113:1.0
subject:1.0
best:1.6931471805599454
first:1.6931471805599454
basemen:1.0
article:1.0
1993apr20.102857.1:1.0
tesla.njit.edu:1.6931471805599454
drm6640:1.0
says:1.0
mattingly:1.0
baseman:1.0
history:1.0
baseball:1.0
always:2.386294361119891
even:1.6931471805599454
conceived:1.0
thats:1.0
neat:1.0
trick:1.0
leave:1.6931471805599454
lot:1.0
room:1.0
error:1.0
dont:1.0
hopefully:1.0
missed:1.0
earlier:1.0
post:1.0
regard:1.0
otherwise:1.0
well:1.0
individual:1.0
fill:1.0
say:1.0
gehrig:1.0
shortened:1.0
capitalized:1.0
ease:1.0
reader:1.0
mike:1.0
