stwombly:1.0
cs.ulowell.edu:1.0
steve:1.6931471805599454
twombly:1.0
subject:1.0
fenway:1.6931471805599454
hi:1.0
anybody:1.0
know:1.0
ticket:1.0
info:1.0
less:1.0
40:1.6931471805599454
people:1.0
617:1.6931471805599454
267-1700:1.0
262-1915:1.0
