icop:1.0
csa.bu.edu:1.0
antonio:1.0
pera:1.0
subject:1.0
baseball:1.0
spanish:2.386294361119891
recently:1.0
heard:1.0
red:1.6931471805599454
sox:1.6931471805599454
wrol:1.0
spanish-speaking:1.6931471805599454
radio:1.0
station:1.0
thought:1.0
unreal:1.0
anyway:1.0
want:1.0
find:1.0
widespread:1.0
ny:1.0
native:1.0
know:1.0
scmets:1.0
yankmes:1.0
wuold:1.0
think:1.0
la:1.0
sd:1.0
texas:1.0
fla:1.0
networks:1.0
local:1.0
