thagerma:1.0
magnus.acs.ohio-state.edu:1.0
teresa:2.09861228866811
hagerman:1.6931471805599454
subject:1.0
chicago:1.6931471805599454
visit:1.0
planning:1.0
weekend:1.0
next:1.0
month:1.0
first:1.0
live-and-in-person:1.0
cubs:1.0
game:1.0
would:1.0
appreciate:1.0
advice:1.0
locals:1.6931471805599454
used-to-be:1.0
stay:1.0
see:1.0
dine:1.0
etc:1.0
e-mail:1.0
replies:1.0
fine:1.0
thanks:1.0
advance:1.0
ohio:1.0
state:1.0
university:1.0
