c:1.0
robert:1.0
claydon:1.0
cclaydon:1.0
magnus.acs.ohio-state.edu:1.0
subject:1.0
cub:1.6931471805599454
fever:1.6931471805599454
kingoz:1.0
camelot.bradley.edu:1.0
orin:1.6931471805599454
roth:1.0
writes:1.0
hitting:1.0
im:1.0
beginning:1.0
think:1.0
chance:1.0
year:1.0
heck:1.0
thinking:1.0
sorry:1.0
moment:1.0
incompetence:1.0
ill:1.0
ok:1.0
really:1.0
bradley:1.0
u:1.0
sure:1.0
maybe:1.0
chronic:1.0
syndrome:1.0
persists:1.0
may:1.0
banish:1.0
cub-crazy:1.0
sanatarium:1.0
north:1.0
chicago:1.0
rob:1.0
