csc2imd:1.0
cabell.vcu.edu:1.0
ian:1.0
derby:1.0
subject:1.0
phils:1.0
winning:1.0
hard:1.6931471805599454
way:1.0
phillies:1.6931471805599454
two:1.6931471805599454
games:2.09861228866811
back:1.6931471805599454
extra:1.6931471805599454
innings:1.6931471805599454
last:1.0
nights:1.0
game:1.6931471805599454
fought:1.0
chicago:1.0
blow:1.0
show:1.0
different:1.0
team:1.6931471805599454
past:1.0
seasons:1.0
tended:1.0
always:1.0
short:1.0
end:1.0
1:1.6931471805599454
run:1.6931471805599454
dont:1.0
know:1.0
many:1.0
times:1.0
saw:1.0
losing:1.0
able:1.0
win:1.0
might:1.0
contending:1.0
3-0:1.0
far:1.0
course:1.0
10-3:1.0
