tedward:1.0
cs.cornell.edu:1.0
edward:1.0
ted:1.0
fischer:1.0
subject:1.0
bases:1.0
loaded:1.0
walk:1.0
gives:1.0
reds:1.0
win:2.6094379124341005
12:1.0
article:1.0
mssc5y5u0.4dn:1.0
netcom.com:1.6931471805599454
mss:1.0
mark:1.0
singer:1.0
writes:1.0
actually:1.0
think:1.0
large-scale:1.0
sample:1.0
size:1.0
part:1.0
problem:1.0
seems:1.0
plot:1.0
players:2.791759469228055
baseball:1.6931471805599454
regard:1.0
ba:1.6931471805599454
vs:1.6931471805599454
clutch:2.791759469228055
deviation:1.6931471805599454
would:2.791759469228055
get:1.0
kind:1.0
bell:2.09861228866811
curve:1.0
x-axis:1.0
hitting:1.0
non-clutch:1.0
y-axis:1.0
number:2.386294361119891
certainly:1.0
extreme:1.0
ends:1.0
right:1.0
definitely:1.0
supposition:1.0
find:2.09861228866811
consistently:1.6931471805599454
year:3.3978952727983707
one:1.0
end:1.6931471805599454
might:2.09861228866811
able:1.6931471805599454
make:1.6931471805599454
reasonable:1.0
conclusions:1.0
opposed:1.0
may:1.0
root:1.0
confusion:1.0
please:1.0
consider:1.0
following:1.0
hypothetical:1.0
open:1.0
mind:1.0
note:1.0
yet:1.0
saying:1.0
anything:1.0
question:1.0
hand:1.0
suppose:2.386294361119891
simplified:1.0
lotto:1.0
game:2.791759469228055
pick:1.0
1-10:1.0
drawn:1.0
large:1.0
population:2.9459101490553135
people:2.386294361119891
play:1.0
every:1.6931471805599454
week:1.0
first:1.6931471805599454
approximately:1.0
1/4:2.09861228866811
7:2.386294361119891
times:2.386294361119891
second:1.0
7-time:1.6931471805599454
winners:2.386294361119891
third:1.0
two:1.0
years:2.6094379124341005
started:1.0
1024:1.0
three:2.386294361119891
32:1.0
last:1.6931471805599454
140:1.0
expected:1.0
expect:1.6931471805599454
big:1.0
fourth:1.0
know:1.6931471805599454
skill:1.6931471805599454
involved:1.6931471805599454
nothing:1.0
consistent:2.09861228866811
influence:1.0
chances:1.0
winning:1.0
dont:1.0
whether:1.0
chance:1.0
perhaps:1.0
psychic:1.0
something:2.09861228866811
test:1.0
hypothesis:1.0
look:2.386294361119891
correlations:1.0
show:1.6931471805599454
zero:2.386294361119891
correlation:2.9459101490553135
psychics:1.6931471805599454
high:1.0
positive:2.09861228866811
even:1.0
arent:1.0
good:1.0
still:1.0
manage:1.0
net:1.0
result:1.0
small:1.0
entire:1.0
probably:1.0
brings:1.0
us:1.0
heart:1.0
disagreement:1.0
others:1.0
topic:1.0
must:1.0
conclusion:1.0
based:1.0
statistical:1.6931471805599454
history:1.0
applied:1.0
broadly:1.0
throughout:1.0
data:1.6931471805599454
base:1.6931471805599454
validity:1.0
impossible:1.0
irrational:1.0
apply:1.0
analysis:1.0
selected:1.0
components:1.0
well:1.0
mention:1.0
sabo:1.0
hit:1.0
poorly:1.0
3:1.0
past:1.6931471805599454
patterns:1.0
likely:2.09861228866811
reverse:1.6931471805599454
remain:1.6931471805599454
length:1.0
streak:2.386294361119891
doesnt:1.0
seem:1.0
difference:1.0
probability:1.0
player:1.0
choke:2.386294361119891
next:1.0
reason:1.0
different:1.0
streaks:2.386294361119891
true:2.386294361119891
75:1.0
three-year:2.09861228866811
remained:1.0
form:1.6931471805599454
useful:1.6931471805599454
wouldnt:1.0
instead:1.0
50:1.6931471805599454
numbers:1.6931471805599454
say:1.6931471805599454
implies:1.6931471805599454
equally:1.0
valid:1.0
since:1.0
probabilities:1.0
split:1.0
50-50:1.0
way:1.0
completely:1.0
accept:1.0
reasoning:1.0
individuals:1.0
spectrum:1.0
basis:1.0
also:1.0
individual:1.0
exhibits:1.6931471805599454
pattern:1.6931471805599454
holds:1.0
another:1.0
reverses:1.0
cheers:1.0
valentine:1.0
