eastgate:2.386294361119891
world.std.com:1.6931471805599454
mark:1.6931471805599454
bernstein:1.6931471805599454
subject:1.0
jewish:2.386294361119891
broadcasters:1.0
baseball:1.0
players:1.0
matter:1.0
many:1.0
gentleman:1.0
press:1.0
box:1.0
sportscaster:1.0
comes:1.0
mind:1.0
steve:1.0
williams:1.0
phillies:1.0
show:1.0
kyw:1.0
philadelphia:1.0
80s:1.0
systems:1.0
inc:1.0
134:1.0
main:1.0
street:1.0
watertown:1.0
02172:1.0
usa:1.6931471805599454
voice:1.0
800:1.0
562-1638:1.0
1:1.0
617:1.0
924-9044:1.0
compuserve:1.0
76146,262:1.0
applelink:1.0
