hbrooks:2.09861228866811
uiatma.atmos.uiuc.edu:2.09861228866811
harold_brooks:1.6931471805599454
subject:1.6931471805599454
bases:1.0
loaded:1.0
walk:1.0
gives:1.0
reds:1.0
win:1.6931471805599454
12:1.0
article:2.09861228866811
mssc5y5u0.4dn:1.0
netcom.com:2.386294361119891
mss:1.6931471805599454
mark:1.6931471805599454
singer:1.6931471805599454
writes:2.09861228866811
c5xwai.3nu:1.0
news.cso.uiuc.edu:1.0
mssc5xb3i.2cg:1.0
actually:1.6931471805599454
think:1.0
large-scale:1.0
sample:1.0
size:1.0
part:1.0
problem:1.0
seems:1.0
plot:1.0
players:3.70805020110221
baseball:1.6931471805599454
regard:1.0
ba:1.6931471805599454
vs:1.6931471805599454
clutch:3.6390573296152584
deviation:2.09861228866811
would:3.0794415416798357
get:2.6094379124341005
kind:1.0
bell:2.09861228866811
curve:1.0
x-axis:1.0
hitting:2.09861228866811
non-clutch:1.6931471805599454
y-axis:1.0
number:2.09861228866811
certainly:1.0
extreme:1.0
ends:1.6931471805599454
supposition:1.0
find:1.6931471805599454
consistently:1.0
year:3.3978952727983707
one:2.791759469228055
end:1.0
might:1.6931471805599454
able:1.0
make:1.0
reasonable:1.0
conclusions:1.0
opposed:1.0
lets:1.0
careful:1.0
performance:2.09861228866811
completely:1.6931471805599454
random:2.791759469228055
clutch-no:1.0
still:1.6931471805599454
expect:2.386294361119891
good:2.9459101490553135
every:2.386294361119891
not-so-good:1.0
two:2.09861228866811
years:3.1972245773362196
worth:1.0
data:2.09861228866811
youd:2.09861228866811
1/4:1.6931471805599454
bad:2.09861228866811
1/2:1.0
96:1.0
5:2.09861228866811
84-88:1.0
flipping:2.09861228866811
coin:2.386294361119891
3:2.791759469228055
0:1.0
1:2.09861228866811
2:1.0
4:1.6931471805599454
performers:1.6931471805599454
10:1.0
37:1.0
24:1.0
18:1.0
flip:1.0
15:1.6931471805599454
30:1.6931471805599454
essentially:1.0
distribution:1.0
process:2.09861228866811
leading:1.0
deviations:1.0
anything:1.6931471805599454
least:1.0
definition:1.6931471805599454
predictive:1.0
capability:1.0
see:1.0
much:1.0
larger:1.0
predicted:1.0
limit:1.0
lot:2.09861228866811
average:1.0
situations:2.09861228866811
say:1.0
standard:1.0
mean:1.6931471805599454
explanation:1.0
looks:1.0
four:1.0
84-87:1.0
looked:1.6931471805599454
elias:2.09861228866811
79:1.6931471805599454
29:1.6931471805599454
minimum:1.0
25:1.0
50:1.0
bats:1.0
sigma:1.0
different:1.0
38:1.0
14:1.0
changed:1.0
sign:1.0
words:1.0
great:1.0
hitters:1.0
really:1.0
horrible:1.0
numbers:1.0
39.5:1.0
14.5:1.0
everything:1.0
thats:1.0
measured:1.0
period:1.0
could:1.6931471805599454
used:1.6931471805599454
predict:1.6931471805599454
ability:1.0
proposed:1.0
like:1.0
caveat:1.0
may:1.0
something:1.0
related:1.0
platoon:1.6931471805599454
advantage:1.6931471805599454
dragged:1.0
e.g:1.0
john:1.0
lowenstein:1.0
probably:1.0
never:1.0
ab:1.0
left-handed:1.0
pitcher:1.0
well:1.0
blowouts:1.0
bias:1.0
since:1.0
abs:1.0
geared:1.0
glanced:1.0
casually:1.0
people:1.0
put:1.0
effort:1.0
studying:1.0
exception:1.0
study:1.6931471805599454
unable:1.0
allow:1.0
someone:1.0
better:1.0
self-serving:1.0
plug:1.0
follows:1.0
flaws:1.0
discussed:1.0
paper:1.0
forth:1.0
coming:1.0
sabr:1.0
book:1.0
perfect:1.0
game:1.0
taylor:1.0
publishing:1.0
authors:1.0
supposed:1.0
slice:1.0
advance:1.0
go:1.0
bug:1.0
local:1.0
bookstores:1.0
maybe:1.0
enough:1.0
take:1.0
wife:1.0
dinner:1.0
harold:1.6931471805599454
brooks:1.0
national:1.0
severe:1.0
storms:1.0
laboratory:1.0
norman:1.0
ok:1.0
work:1.0
brewery:1.0
didnt:1.0
drink:1.0
job:1.0
p:1.0
bavasi:1.0
dal:1.0
maxvills:1.0
view:1.0
florida:1.0
nl:1.0
east:1.0
93:1.0
