steph:2.386294361119891
pegasus.cs.uiuc.edu:1.0
dale:2.386294361119891
stephenson:2.386294361119891
subject:1.0
defensive:1.6931471805599454
averages:1.6931471805599454
1988-1992:1.0
third:2.09861228866811
base:1.6931471805599454
c5l068.6v3:1.0
srgenprp.sr.hp.com:1.6931471805599454
craigs:1.0
craig:1.0
stelter:1.0
writes:1.6931471805599454
cs.uiuc.edu:2.386294361119891
wrote:1.0
c5jjrj.em3:1.0
compiled:1.0
last:2.386294361119891
five:1.0
average:2.09861228866811
reports:1.6931471805599454
career:1.6931471805599454
das:1.6931471805599454
individual:1.0
players:2.6094379124341005
stats:1.0
courtesy:1.0
sherri:1.0
nichols:1.0
listed:1.0
descending:1.0
order:1.0
comments:1.0
deleted:1.0
basemen:1.0
leius:2.386294361119891
scott:1.0
653:1.6931471805599454
680:1.6931471805599454
0.672:1.0
looks:1.6931471805599454
good:2.386294361119891
bad:1.0
hes:1.0
moving:1.0
short:1.0
pagliarulo:1.0
mike:1.0
631:1.0
575:1.0
744:1.6931471805599454
0.649:1.0
interesting:1.0
line:1.6931471805599454
1988:2.09861228866811
figure:1.0
slightly:1.0
1990:2.09861228866811
pathetic:1.0
1991:2.386294361119891
next:1.6931471805599454
best:1.0
year:1.6931471805599454
anybody:1.0
part:1.0
may:2.09861228866811
mobility:1.0
yankees:1.0
padres:1.0
appear:1.0
rotten:1.0
infield:1.6931471805599454
twins:2.09861228866811
judging:1.0
gaetti:2.386294361119891
metrodome:1.6931471805599454
place:1.0
play:1.6931471805599454
gary:1.0
616:1.6931471805599454
638:1.0
655:1.6931471805599454
632:1.6931471805599454
0.637:1.0
apologies:1.0
dont:1.0
know:1.0
im:1.0
talking:1.0
fan:1.0
like:1.6931471805599454
think:1.6931471805599454
park:2.09861228866811
sure:1.0
remember:1.0
completely:1.0
played:1.6931471805599454
87:1.0
world:1.0
series:1.0
88:1.0
note:1.0
thats:1.0
lowest:1.0
4:1.0
believe:1.0
3:1.0
least:1.0
two:1.0
angels:1.0
actually:1.6931471805599454
gaettis:1.0
first:1.0
california:1.0
da:1.0
wasnt:1.0
check:1.0
three:2.09861228866811
years:1.6931471805599454
al:2.09861228866811
avg:2.09861228866811
604:1.0
pags:1.6931471805599454
620:1.0
1992:1.0
603:1.0
highest:1.0
either:1.0
league:1.0
posted:1.0
minnesota:1.0
different:1.0
ones:1.0
including:1.0
one:1.0
mediocre:1.0
horrible:1.6931471805599454
elsewhere:1.0
doesnt:1.0
prove:1.6931471805599454
effect:1.6931471805599454
work:1.6931471805599454
san:1.0
diegos:1.0
numbers:1.0
strong:1.0
possibility:1.0
lots:1.0
factors:1.0
make:1.0
player:1.0
excell:1.0
hate:1.0
many:1.0
use:1.0
dome:1.0
ideal:1.0
nice:1.6931471805599454
comfortably:1.0
enjoy:1.0
baseball:1.6931471805599454
football:1.0
even:1.6931471805599454
snowing:1.0
raining:1.0
might:1.0
thrid:1.0
j:1.6931471805599454
fanatic:1.0
considered:1.0
look:1.0
wise:1.0
especially:1.0
overburdened:1.0
information:1.0
golden:1.0
kimball:1.0
