john_carson:1.6931471805599454
mindlink.bc.ca:1.6931471805599454
john:1.6931471805599454
carson:1.6931471805599454
subject:1.0
kansas:1.6931471805599454
city:1.6931471805599454
e-mail:2.386294361119891
contact:1.0
would:1.0
person:1.0
running:1.0
list:2.09861228866811
royals:1.0
please:2.09861228866811
details:1.0
regarding:1.0
mailing:1.0
know:1.0
info:1.6931471805599454
send:1.0
well:1.0
dont:1.0
time:1.0
always:1.0
read:1.0
group:1.0
d.john:1.0
j:1.0
h:1.0
concepts:1.0
604:1.0
589-5118:1.0
