cs902060:1.0
ariel.yorku.ca:1.0
geoffrey:1.0
e:1.0
dias:1.0
subject:1.6931471805599454
pitcher:1.6931471805599454
get:1.0
save:1.6931471805599454
line:1.0
says:1.0
rule:1.0
qualifies:1.0
making:1.0
