sepinwal:1.0
mail.sas.upenn.edu:1.0
alan:1.6931471805599454
sepinwall:1.0
subject:1.0
yankee:1.0
bullpen:2.6094379124341005
help:1.0
buck:2.6094379124341005
showalter:1.0
cant:1.6931471805599454
win:1.6931471805599454
bob:1.0
wickmans:1.0
pitching:2.09861228866811
game:2.09861228866811
life:1.6931471805599454
eight:1.6931471805599454
innings:1.6931471805599454
yanks:1.6931471805599454
lead:2.09861228866811
6-1:1.0
decides:1.0
let:1.0
kid:1.0
try:1.0
get:2.09861228866811
first:1.6931471805599454
complete:1.0
wickman:2.09861228866811
manages:1.0
two:1.0
outs:1.0
four:1.0
funs:1.0
score:1.0
sudden:1.6931471805599454
6-5:1.6931471805599454
third:1.6931471805599454
goes:1.0
farr:2.09861228866811
gets:1.0
guy:1.6931471805599454
faces:1.0
last:1.0
night:1.0
jimmy:1.0
key:1.0
another:1.0
long:1.0
string:1.0
games:1.0
keeps:1.0
getting:1.0
better:1.0
4-0:1.0
time:1.6931471805599454
thinks:1.0
dont:1.0
want:1.0
repeat:1.0
near-fiasco:1.0
ill:1.0
give:1.0
work:1.0
steve:1.0
howe:1.6931471805599454
whose:1.0
era:1.0
54.00:1.0
coming:1.0
left:1.0
81.00:1.0
didnt:1.0
good:1.0
comes:1.0
gives:1.0
two-run:1.0
homer:1.0
royals:1.0
whats:2.386294361119891
going:1.0
already:1.0
fourth:1.0
year:1.0
blown:1.0
done:1.6931471805599454
twice:1.0
together:1.0
monteleones:1.0
think:1.0
even:1.0
habyan:1.0
deal:1.0
finally:1.0
terrific:1.0
starting:1.0
turns:1.0
shit:1.0
gon:1.6931471805599454
na:1.6931471805599454
george:1.0
continues:1.0
happen:1.0
