mjones:1.6931471805599454
fenway.aix.kingston.ibm.com:1.0
mike:1.6931471805599454
jones:1.6931471805599454
subject:1.0
200:2.6094379124341005
sbs:1.0
hrs:1.0
dans:1.0
fore.csd.sgi.com:1.0
dan:1.0
steinman:1.0
writes:1.0
last:1.6931471805599454
night:1.0
giants/mets:1.0
radio:1.0
broadcast:1.0
hank:1.0
ted:1.0
discussing:1.0
fact:1.0
16:1.0
players:1.6931471805599454
ever:1.0
hit:1.0
homeruns:1.0
stolen:1.0
bases:1.0
career:1.0
hojo:1.0
batting:1.0
anyone:1.0
list:2.09861228866811
easy:1.0
sounds:1.0
come:1.0
couldnt:1.0
mays:1.6931471805599454
mantle:1.0
aaron:1.6931471805599454
henderson:1.6931471805599454
morgan:2.09861228866811
bonds:1.0
dad:1.0
frank:1.0
robinson:1.0
molitor:1.0
yount:1.6931471805599454
guessing:1.0
id:1.0
interested:1.0
see:1.0
whole:1.0
first:1.0
please:1.0
watch:1.0
line:1.0
lengths:1.0
everyone:1.0
autowrap:1.0
second:1.0
franklin:1.0
rescue:1.0
heres:1.0
player:1.0
hr:2.09861228866811
sb:2.09861228866811
755:1.0
240:1.0
660:1.0
338:1.6931471805599454
frobinson:1.0
586:1.0
204:1.0
rjackson:1.0
563:1.0
228:1.0
winfield:1.0
406:1.0
216:1.0
dawson:1.0
377:1.0
304:1.0
baylor:1.0
285:1.0
bobonds:1.0
332:1.0
461:1.0
wynn:1.6931471805599454
291:1.6931471805599454
225:1.0
strawberry:1.0
280:1.0
201:1.0
268:1.0
689:1.0
pinson:1.0
256:1.0
309:1.0
235:1.0
247:1.0
kgibson:1.0
208:1.0
253:1.0
sandberg:1.6931471805599454
205:1.0
297:1.0
marked:1.0
still:1.0
active:1.0
numbers:1.0
1991:1.0
thats:1.0
15:1.0
16th:1.0
probably:1.6931471805599454
rickey:1.0
listed:1.6931471805599454
184:1.0
994:1.0
george:1.0
brett:1.0
186:1.0
surprises:1.0
reggie:1.0
bayor:1.0
steals:1.6931471805599454
maybe:1.0
lot:1.0
people:1.0
homers:1.0
kind:1.0
surprised:1.6931471805599454
realize:1.0
many:1.0
though:1.0
wasnt:1.0
number:1.0
aix:1.0
high-end:1.0
development:1.0
donald.aix.kingston.ibm.com:1.0
dreams:1.0
real:1.0
say:1.0
life:1.0
havelock:1.0
ellis:1.0
