franjion:1.6931471805599454
spot.colorado.edu:1.6931471805599454
john:1.6931471805599454
franjione:1.6931471805599454
subject:1.0
bosox:1.0
go:1.0
smoke:1.0
ii:1.0
seattle:1.0
7-0:1.0
dietz:1.6931471805599454
parody.data-io.com:1.0
kent:1.0
writes:1.0
oh:1.0
yea:1.0
chris:1.0
bosio:1.0
pitched:1.0
no-hitter:1.0
one:1.0
minimum:1.0
two:1.0
ever:1.0
no-hitters:1.0
mariner:1.0
history:1.0
department:1.0
chemical:1.0
engineering:1.0
university:1.0
colorado:1.0
boulder:1.0
