kilpat:1.0
oasys.dt.navy.mil:1.0
andrew:1.6931471805599454
kilpatrick:1.0
subject:1.0
want:1.6931471805599454
allstar:1.0
tickets:1.6931471805599454
all-star:1.0
anyone:1.0
know:1.0
get:1.0
public:1.0
sale:1.0
sold:1.0
work:1.0
company:1.0
anyway:1.0
answers:1.0
would:1.0
appreciated:1.0
please:1.0
e-mail:1.0
thanks:1.0
