dmoney:1.0
magnus.acs.ohio-state.edu:1.0
dean:1.6931471805599454
r:1.0
money:1.0
subject:1.0
braves:3.1972245773362196
come:2.386294361119891
around:1.6931471805599454
doubters:1.0
dont:1.6931471805599454
worry:1.0
bats:2.09861228866811
alive:1.6931471805599454
pitching:1.6931471805599454
solid:1.0
long:1.0
serious:1.0
injuries:1.0
starting:1.0
rotation:1.6931471805599454
theyll:1.0
continue:1.0
pitch:1.0
well:2.09861228866811
heck:1.0
five:1.6931471805599454
starters:1.0
could:1.0
even:1.0
sustain:1.0
injury:1.0
one:1.0
hope:1.0
doesnt:1.0
happen:1.0
though:2.09861228866811
pendleton:1.0
certainly:1.6931471805599454
bat:1.0
280:1.0
justice:1.0
catching:1.0
fire:1.0
bream:1.0
nixon:1.0
sanders:1.0
gant:1.0
theres:1.0
much:1.6931471805599454
offense:1.0
kept:1.0
quiet:1.0
longer:1.0
right:2.09861228866811
cleveland:1.0
indians:1.0
7:1.6931471805599454
players:1.6931471805599454
batting:1.6931471805599454
300:1.6931471805599454
wouldnt:1.6931471805599454
seven:1.6931471805599454
respective:1.0
something:1.0
bullpen:1.6931471805599454
suspect:1.0
guys:1.0
less:1.0
concern:1.0
anyway:1.0
believe:1.0
tough:1.0
beat:1.0
season:1.6931471805599454
im:1.6931471805599454
saying:1.0
automatically:1.0
division:1.0
optim:1.0
istic:1.0
awful:1.0
painful:1.0
watch:1.0
times:1.0
go:1.0
