rbp:1.6931471805599454
sw.stratus.com:1.6931471805599454
russell:1.6931471805599454
peterson:1.6931471805599454
subject:1.0
john:1.0
wetteland:1.0
derek:1.0
lilliquist:1.0
info:1.0
please:1.0
recent:1.0
problems:1.0
indians:1.0
pitching:1.0
staff:1.0
heard:1.6931471805599454
numerous:1.0
names:1.0
thrown:1.0
around:1.0
could:1.0
solve:1.0
problem:1.0
one:1.0
name:1.0
mike:1.0
soper:1.6931471805599454
rp:1.0
far:1.0
know:1.6931471805599454
pretty:1.0
good:1.0
minor:1.0
league:1.0
stats:1.0
give:1.0
kid:1.0
chance:1.0
anyone:1.0
anything:1.0
guy:1.0
everyone:1.0
believes:1.0
something:1.0
believe:1.0
ill:1.0
another:1.0
beer:1.0
