mss:2.09861228866811
netcom.com:2.386294361119891
mark:2.09861228866811
singer:2.09861228866811
subject:1.0
bases:1.0
loaded:1.0
walk:1.0
gives:2.09861228866811
reds:1.0
win:1.0
12:1.0
article:1.6931471805599454
c5xwai.3nu:1.0
news.cso.uiuc.edu:1.0
hbrooks:1.0
uiatma.atmos.uiuc.edu:1.0
harold_brooks:1.0
writes:1.6931471805599454
mssc5xb3i.2cg:1.0
dont:1.6931471805599454
pretend:1.0
understand:1.0
statistical:2.09861228866811
analysis:1.6931471805599454
well:2.386294361119891
agree:1.0
last:1.0
part:1.6931471805599454
cool:1.0
thank:1.0
intelligent:1.0
response:1.0
devoid:1.0
silly:1.0
name-calling:1.0
others:1.6931471805599454
one:1.6931471805599454
basic:1.6931471805599454
things:1.0
need:1.0
statistic:1.0
able:2.09861228866811
predict:2.09861228866811
players:3.3978952727983707
performance:2.386294361119891
future:2.09861228866811
correlation:2.386294361119891
year:3.0794415416798357
batting:2.386294361119891
average:2.386294361119891
correlated:1.0
fairly:1.0
ok:1.0
problems:1.0
something:1.6931471805599454
like:1.0
clutch:3.4849066497880004
overall:1.6931471805599454
almost:1.0
zero:1.0
adding:1.0
sample:1.6931471805599454
size:1.6931471805599454
doesnt:1.0
seem:1.0
help:1.0
much:1.0
actually:1.6931471805599454
think:1.0
large-scale:1.0
problem:1.0
seems:1.0
plot:1.0
baseball:1.6931471805599454
regard:1.0
ba:2.9459101490553135
vs:1.6931471805599454
deviation:1.6931471805599454
would:2.386294361119891
get:1.0
kind:1.6931471805599454
bell:2.09861228866811
curve:1.0
x-axis:1.0
hitting:2.6094379124341005
non-clutch:2.6094379124341005
y-axis:1.0
number:1.0
certainly:1.0
extreme:1.0
ends:1.0
supposition:1.0
find:1.6931471805599454
consistently:1.0
end:1.6931471805599454
might:1.0
make:1.0
reasonable:1.0
conclusions:1.6931471805599454
opposed:1.0
counterexample:1.0
showed:1.0
consider:1.0
following:1.0
two:1.6931471805599454
1984-1987:1.0
ab:1.6931471805599454
h:1.6931471805599454
maldonado:2.386294361119891
1060:1.0
260:1.0
245:1.0
254:1.6931471805599454
78:1.0
307:1.0
lemon:2.09861228866811
1643:1.0
457:1.0
278:1.0
256:1.0
57:1.0
223:1.0
1988:2.09861228866811
logic:1.0
situations:1.0
youd:1.0
bat:1.0
blink:1.0
eye:1.0
hit:2.09861228866811
267:1.0
190:1.0
313:1.0
accuse:1.0
completely:1.6931471805599454
cooking:1.0
data:2.09861228866811
wont:1.0
hear:1.0
accusations:1.0
interesting:1.0
selected:1.6931471805599454
someone:1.0
also:1.0
looked:1.6931471805599454
inconsistent:1.6931471805599454
hitter:1.0
terms:1.0
1989:1.0
92:1.0
217:1.0
273:1.0
250:1.0
272:1.0
admittedly:1.0
traded:1.0
leagues:1.0
clubs:1.0
record:1.6931471805599454
equally:1.0
purposes:1.0
1993:1.0
draw:1.0
ability:1.0
based:1.6931471805599454
prior:1.0
know:1.0
felt:1.0
may:1.0
indeed:1.0
right:1.0
sabo:1.0
found:1.0
consistent:2.09861228866811
pattern:1.0
proportionately:1.0
ditto:1.0
joe:1.0
carter:1.0
probably:1.0
brings:1.0
us:1.0
heart:1.0
disagreement:1.0
topic:1.0
must:1.0
conclusion:1.0
history:1.0
applied:1.0
broadly:1.0
throughout:1.0
base:1.6931471805599454
validity:1.0
impossible:1.0
irrational:1.0
apply:1.0
components:1.0
btw:1.0
correlating:1.6931471805599454
84-87:1.0
88:1.0
coefficient:1.0
0.59:1.0
significant:1.6931471805599454
better:1.0
99.9:1.0
confidence:1.0
level:1.6931471805599454
clutch-non-clutch:1.0
period:1.0
0.088:1.0
interest:1.0
accept:1.0
reasoning:1.0
individuals:1.0
spectrum:1.0
basis:1.0
technically:1.0
incorrect:1.0
say:1.6931471805599454
cant:1.6931471805599454
correct:1.0
skill:1.0
amen:1.0
beastmaster:1.0
