slutsky:2.09861228866811
tesla.njit.edu:1.6931471805599454
subject:1.0
professional:1.6931471805599454
sports:1.6931471805599454
fm:1.6931471805599454
radio:1.0
curious:1.0
known:1.0
teams:1.0
whose:1.0
games:1.6931471805599454
regularly:1.0
broadcast:1.0
station:1.0
one:1.0
aware:1.0
wysp:1.0
philadelphia:1.0
carries:1.0
eagles:1.0
respond:1.0
summarize:1.0
list:1.0
bruce:1.0
