smithers:2.386294361119891
cybernet.cse.fau.edu:1.0
j:1.6931471805599454
scott:1.6931471805599454
subject:1.0
houston:1.0
mailing:1.6931471805599454
list:1.6931471805599454
anyone:1.0
mail:1.0
address:1.0
houstons:1.0
thanks:1.0
advance:1.0
dcseq.uscga.edu:1.0
