craige:1.6931471805599454
sad.hp.com:1.0
craig:1.6931471805599454
eid:1.6931471805599454
subject:1.0
giants:1.6931471805599454
tickets:2.09861228866811
sale:1.0
im:1.6931471805599454
season:1.0
ticket:1.0
holder:1.0
pair:1.0
s.f:1.0
available:1.0
every:1.0
game:1.0
except:1.0
opening:1.0
day:1.0
theyre:1.6931471805599454
located:1.0
lower:1.6931471805599454
reserved:1.0
section:1.0
3:1.6931471805599454
row:1.0
2:1.6931471805599454
two:1.0
rows:1.0
5:2.09861228866811
feet:1.0
behind:1.0
mvp:1.0
box:1.0
seats:1.0
go:1.0
17.25/apiece:1.0
selling:1.0
25/pair:1.0
heres:1.0
schedule:1.0
next:1.0
8:2.09861228866811
weeks:1.0
e-mail:1.6931471805599454
youre:1.0
interested:1.0
note:1.0
times:1.0
pacific:1.0
daylight:1.0
savings:1.0
time:1.0
apr:2.09861228866811
28:1.0
new:1.6931471805599454
york:1.6931471805599454
7:35pm:3.3978952727983707
29:1.0
1:05pm:4.044522437723423
30:1.0
montreal:2.09861228866811
may:3.6390573296152584
1:1.0
4:1.6931471805599454
philadelphia:1.6931471805599454
7:1.0
los:2.09861228866811
angeles:2.09861228866811
9:1.6931471805599454
17:1.0
houston:2.09861228866811
18:1.0
19:1.0
20:1.0
cincinnati:2.386294361119891
21:1.6931471805599454
22:1.6931471805599454
23:1.6931471805599454
june:3.772588722239781
pittsburgh:2.386294361119891
6:1.0
1:35pm:1.0
st:1.6931471805599454
louis:1.6931471805599454
11:1.0
chicago:2.09861228866811
12:1.0
13:1.0
san:2.09861228866811
diego:2.09861228866811
24:1.0
colorado:2.386294361119891
25:1.0
26:1.0
27:1.0
address:1.0
hpsad.sad.hp.com:1.0
