tknuth:1.0
bio.ri.ccf.org:1.0
todd:1.0
knuth:1.0
subject:1.0
southpaw:1.6931471805599454
article:1.0
9ij:1.0
news.cso.uiuc.edu:1.0
rap50204:1.0
uxa.cso.uiuc.edu:1.0
underdog:1.0
writes:1.0
anyone:1.0
tell:1.0
call:1.0
left-handed:1.0
pitchers:1.0
dont:1.0
know:1.0
story:1.6931471805599454
comes:1.0
fact:1.0
stadiums:1.0
batter:1.0
faces:1.0
northeast:1.0
pitcher:1.0
mound:1.0
left:1.0
arm:1.0
south:1.0
hence:1.0
term:1.6931471805599454
also:1.0
originated:1.0
thanks:1.0
go:1.0
cubs:1.0
prediction:1.0
finish:1.0
500:1.0
year:1.0
without:1.0
winning:1.0
east:1.0
