erics:2.09861228866811
netcom.com:1.6931471805599454
eric:1.6931471805599454
smith:1.6931471805599454
subject:1.0
infield:2.386294361119891
fly:2.791759469228055
rule:2.09861228866811
jrogoff:1.0
scott.skidmore.edu:1.0
jay:1.0
rogoff:1.0
writes:1.0
one:1.0
last:1.0
question:1.6931471805599454
always:1.0
puzzled:1.0
hasnt:1.0
yet:1.0
addressed:1.0
believe:1.0
also:1.0
deal:1.0
situation:1.6931471805599454
declared:1.0
ball:3.0794415416798357
caught:2.386294361119891
runners:1.6931471805599454
tag:1.6931471805599454
advance:1.6931471805599454
risk:1.0
however:1.0
point:1.0
runner:1.6931471805599454
legally:1.0
leave:1.0
base:2.6094379124341005
w/o:1.0
fear:1.0
doubled:1.0
advancing:1.0
early:1.0
hits:1.6931471805599454
ground:1.6931471805599454
fielder:1.0
first:1.0
touches:1.0
enlightenment:1.0
would:1.0
appreciated:1.0
im:1.0
sure:1.0
understand:1.0
invoked:1.0
batter:1.0
automatically:1.0
relieves:1.0
forced:1.6931471805599454
next:1.6931471805599454
isnt:1.0
dropped:1.6931471805599454
run:1.0
decide:1.0
stay:1.0
left:1.0
time:1.0
infoserv.com:1.0
ci:1.0
70262,3610:1.0
