rdetweil:1.0
boi.hp.com:1.0
richard:1.0
detweiler:1.0
subject:1.0
phills:1.0
vs:1.0
pirates:1.6931471805599454
article:1.0
1993apr16.163712.2466:1.0
vfl.paramax.com:1.0
edd:1.0
gvlf4-a.gvl.unisys.com:1.0
ed:1.6931471805599454
dougherty:1.0
writes:1.0
philly:1.0
fan:1.6931471805599454
penna:1.6931471805599454
baseball:1.6931471805599454
im:1.0
anxious:1.0
see:1.0
series:1.0
anyone:1.0
know:1.0
starts:1.0
first:1.0
games:1.0
played:1.0
think:1.0
always:1.0
good:1.6931471805599454
also:1.0
start:1.0
doc:1.0
say:1.0
well:1.0
let:1.0
shell:1.0
run:1.0
handy:1.0
dandy:1.0
program:1.6931471805599454
mlb:1.0
pit:1.0
phi:1.0
answer:1.0
monday:1.6931471805599454
5/10:1.0
pittsburg:3.5649493574615367
philadelphia:3.5649493574615367
5:35:3.1972245773362196
pm:3.3978952727983707
tuesday:1.6931471805599454
5/11:1.0
wednesday:1.6931471805599454
5/12:1.0
friday:1.6931471805599454
6/25:1.0
saturday:1.6931471805599454
6/26:1.0
5:05:1.6931471805599454
sunday:1.6931471805599454
6/27:1.0
11:35:1.6931471805599454
7/30:1.0
7/31:1.0
8:1.0
1:1.0
9/27:1.0
9/28:1.0
9/29:1.0
thursday:1.0
9/30:1.0
great:1.0
little:1.6931471805599454
available:1.0
ftp:1.0
site:1.0
near:1.0
unfortunatly:1.0
dont:1.0
recall:1.0
one:1.0
schedule:1.0
question:1.0
got:1.0
answered:1.0
gem:1.0
many:1.0
thanks:1.0
author:1.0
providing:1.0
service:1.0
