jplee:1.6931471805599454
cymbal.calpoly.edu:1.0
jason:1.6931471805599454
lee:1.6931471805599454
subject:1.0
john:2.09861228866811
franco:2.09861228866811
whats:1.0
mets:1.0
hardly:1.0
using:1.0
heard:1.0
completely:1.0
recovered:1.0
im:1.0
sure:1.0
anybody:1.0
information:1.0
would:1.0
appreciate:1.0
could:1.0
drop:1.0
line:1.0
oboe.calpoly.edu:1.0
jlee:1.0
cash.busfac.calpoly.edu:1.0
sf:1.0
giants:1.0
e:1.0
i*pi:1.0
1:1.0
0:1.0
beautiful:1.0
equation:1.0
mathematics:1.0
magic:1.0
sad:1.0
words:1.0
tongue:1.0
pen:1.0
saddest:1.0
number:1.0
might:1.0
greenleaf:1.0
whittier:1.0
148:1.0
