chuck:1.6931471805599454
cygnus.eid.anl.gov:1.6931471805599454
charles:1.0
cilek:1.0
subject:1.6931471805599454
slugging:1.0
percentage:1.0
computed:1.0
line:1.0
says:1.0
thanks:1.0
advance:1.0
please:1.0
email:1.0
go:1.0
cubs:1.0
