ma_ind25:1.0
blurt.oswego.edu:1.0
subject:1.0
jewish:1.6931471805599454
baseball:1.0
players:1.0
believe:1.0
rusty:1.0
staub:1.0
also:1.6931471805599454
ball-player:1.0
mordaci:1.0
brown:1.6931471805599454
back:1.0
early:1.0
20th:1.0
century:1.0
pitcher:1.0
whose:1.0
nickname:1.0
3:1.6931471805599454
fingers:1.6931471805599454
obvious:1.0
reasons:1.0
