scordova:1.0
epas.utoronto.ca:1.0
stephen:1.0
cordova:1.0
subject:1.0
rustys:1.0
religion:1.0
recall:1.0
kieth:1.6931471805599454
hernandez:1.0
autobiography:1.0
rusty:2.09861228866811
devout:1.0
roman:1.0
catholic:1.0
would:1.6931471805599454
carpool:1.0
shea:1.0
everyday:1.0
sunday:1.0
go:1.0
mass:1.0
sc:1.0
