pcaster:1.0
mizar.usc.edu:1.0
dodger:1.6931471805599454
subject:1.0
todd:1.6931471805599454
worrell:1.6931471805599454
update:1.0
according:1.0
article:1.0
la:1.0
times:1.0
ready:1.0
come:1.6931471805599454
dl:1.0
list:1.0
friday:1.0
sounds:1.0
like:1.6931471805599454
another:1.0
set:1.0
back:2.09861228866811
present:1.0
stopped:1.0
throwing:1.0
ball:1.0
supposedly:1.0
velocity:1.0
doesnt:1.0
sound:1.0
particular:1.0
time:1.0
table:1.0
point:1.0
