scott:2.386294361119891
asd.com:2.09861228866811
barman:1.6931471805599454
subject:1.0
jewish:1.6931471805599454
baseball:1.0
players:1.0
article:1.6931471805599454
1993apr19.022425.29145:1.0
princeton.edu:1.0
roger:1.6931471805599454
astro.princeton.edu:1.0
lustig:1.0
writes:1.6931471805599454
psm82b2w164w:1.0
jwt.oau.org:1.6931471805599454
bbs-comarow:1.0
dave:1.6931471805599454
kingman:1.6931471805599454
sez:1.6931471805599454
used:1.0
take:1.0
rosh:1.0
hashanna:1.0
yom:1.0
kippur:1.0
days:1.0
coincided:1.0
season:1.0
mets:1.6931471805599454
mailing:1.0
list:1.0
feed:1.0
following:1.0
shell:1.0
mail:1.0
mets-request:1.0
subscribe:1.0
lets:1.0
go:1.0
