west:2.386294361119891
esd.dl.nec.com:1.6931471805599454
mike:1.6931471805599454
subject:1.0
barry:1.0
bonds:2.6094379124341005
batting:1.6931471805599454
4th:2.09861228866811
timothy:1.6931471805599454
cree:1.0
lamar.colostate.edu:1.0
wrote:1.0
article:1.6931471805599454
1993apr22.192035.23822:1.0
hpcvaac.cv.hp.com:1.0
paula:1.0
koufax.cv.hp.com:1.0
paul:1.0
andresen:1.0
writes:1.6931471805599454
1993apr21.032427.22464:1.0
leland.stanford.edu:1.6931471805599454
punjabi:1.6931471805599454
sanjeev:1.0
2:1.0
behind:1.6931471805599454
williams:2.791759469228055
means:1.0
matt:2.09861228866811
get:1.6931471805599454
good:1.6931471805599454
pitches:1.0
hit:1.0
important:1.0
since:1.0
struggles:1.0
much:1.6931471805599454
breaking:1.0
balls:1.0
opposing:1.0
pitchers:1.0
dont:1.0
want:1.6931471805599454
walk:1.0
wonder:1.0
hitter:1.0
argument:1.0
really:1.0
valid:1.0
anyone:1.0
done:1.0
study:2.09861228866811
look:1.6931471805599454
year:1.0
mitchell:1.6931471805599454
gone:1.0
scientific:1.0
itll:1.0
show:1.6931471805599454
truth:1.0
besides:1.0
wants:1.0
bat:2.09861228866811
5th:2.09861228866811
thought:1.0
batted:1.0
wouldnt:1.0
better:1.0
rather:1.0
point:1.6931471805599454
moot:1.0
though:1.0
becase:1.0
clark:1.0
pretty:1.0
demands:1.0
3rd:1.0
like:1.6931471805599454
person:1.0
left:1.0
