klinker:1.6931471805599454
itd.nrl.navy.mil:1.0
eric:1.6931471805599454
subject:1.0
best:1.6931471805599454
homeruns:1.0
one:1.6931471805599454
saw:1.0
last:1.6931471805599454
year:1.6931471805599454
willie:1.6931471805599454
mcgee:1.6931471805599454
matthews:1.0
think:1.0
phillie:1.0
fierce:1.0
line:1.0
drive:1.0
still:1.0
rising:1.0
hit:1.0
second:1.0
deck:1.0
facade:1.0
vet:1.0
homerun:1.0
