dwarner:1.6931471805599454
journalism.indiana.edu:1.6931471805599454
david:1.6931471805599454
j:1.6931471805599454
subject:1.0
mlb.c:1.6931471805599454
could:1.0
kind:1.0
soul:1.0
e-mail:1.6931471805599454
411:1.6931471805599454
find:1.0
program:1.0
im:1.0
interested:1.0
road:1.0
trips:1.0
year:1.0
blue:1.0
riddle:1.0
productions:1.0
1993:1.0
rap:1.0
art:1.0
ep:1.0
coming:1.0
tape:1.0
time:1.0
real:1.0
