00mbstultz:1.0
leo.bsuvc.bsu.edu:1.0
subject:1.0
dennis:2.09861228866811
martinez:1.6931471805599454
whats:1.0
know:1.6931471805599454
theres:1.0
lot:1.0
talk:1.0
jack:1.0
morris:1.0
horrible:1.0
start:2.09861228866811
last:1.0
checked:1.0
hes:1.0
0-3:1.0
6:1.0
era:1.0
ageless:1.0
wonder:1.0
finally:1.0
showing:1.0
age:1.0
usually:1.0
season:1.6931471805599454
slowly:1.0
plans:1.0
tonight:1.0
hope:1.0
comes:1.0
around:1.0
would:1.0
appreciate:1.0
feedback:1.0
concerning:1.0
outlook:1.0
rest:1.0
martinezs:1.0
thanks:1.0
advance:1.0
mike:1.0
