luriem:1.6931471805599454
alleg.edu:2.09861228866811
michael:1.6931471805599454
lurie:1.6931471805599454
liberalizer:1.6931471805599454
subject:1.0
time:1.6931471805599454
greats:1.0
team:1.6931471805599454
article:2.09861228866811
1993apr21.211230.12598:1.0
iscsvax.uni.edu:2.386294361119891
reed5575:1.6931471805599454
writes:2.09861228866811
1993apr19.143211.28086:1.0
1993apr14.203122.12367:1.0
uhhhhh:1.0
winfield:2.09861228866811
carrer:1.6931471805599454
slugging:2.6094379124341005
average:3.1972245773362196
480:2.09861228866811
career:2.9459101490553135
peak:2.6094379124341005
winfields:2.09861228866811
129:1.6931471805599454
points:1.6931471805599454
league:1.6931471805599454
mel:1.0
otts:1.6931471805599454
278:1.0
hank:1.0
aarons:1.0
266:1.0
frank:1.0
robinsons:1.6931471805599454
304:1.0
worst:2.09861228866811
years:1.0
still:1.0
better:2.09861228866811
best:1.6931471805599454
year:1.0
158:1.0
164:1.0
206:1.0
big:1.0
deal:1.0
many:1.0
right:1.0
fielders:1.0
including:1.0
darryl:1.0
strawberry:1.0
andre:1.6931471805599454
dawson:1.0
easliy:1.0
surpass:1.0
unless:1.0
real:1.0
stats:1.6931471805599454
make:1.6931471805599454
worthy:1.0
wont:1.0
even:1.0
allowed:1.0
water:1.6931471805599454
boy:1.6931471805599454
p.s:1.0
eddie:1.0
gaedel:1.0
base:1.0
percentage:1.0
tons:1.0
check:1.6931471805599454
facts:1.6931471805599454
dawsons:1.0
pct:1.0
480s:1.0
winnys:1.0
would:1.6931471805599454
like:1.6931471805599454
see:1.0
winny:1.6931471805599454
probably:1.0
done:1.0
slg:1.0
important:1.0
defense:1.0
heart:1.0
batting:1.0
rbis:1.0
especially:1.0
ranks:1.0
top:1.0
15:1.0
outfielders:1.0
using:1.0
bs:1.0
standings:1.0
know:1.0
getting:1.0
numbers:1.0
