rdetweil:1.0
boi.hp.com:1.0
richard:1.0
detweiler:1.6931471805599454
subject:1.0
cards:1.0
mailing:1.6931471805599454
list:2.09861228866811
update:1.0
wanted:1.0
let:1.0
people:1.0
e-mailed:1.0
possible:1.0
cardinals:1.0
wasnt:1.0
able:1.0
get:1.0
ok:1.0
host:1.0
someone:1.0
else:1.0
many:1.0
thanks:1.0
bob:1.0
netherton:1.0
helpful:1.0
info:1.0
dick:1.0
