dwarner:1.6931471805599454
journalism.indiana.edu:1.6931471805599454
david:1.6931471805599454
j:1.6931471805599454
subject:1.0
yankee:1.0
bullpen:2.09861228866811
help:1.0
alan:1.6931471805599454
sepinwall:1.0
writes:1.0
blues:1.0
deleted:1.0
whats:1.6931471805599454
buck:1.0
gon:1.6931471805599454
na:1.6931471805599454
george:1.6931471805599454
continues:1.0
happen:1.0
logical:1.0
thing:1.0
yanks:1.0
isnt:1.0
performing:1.0
fire:1.0
manager:1.0
blue:1.0
riddle:1.0
productions:1.0
1993:1.0
rap:1.0
art:1.0
ep:1.0
coming:1.0
tape:1.0
time:1.0
real:1.0
e-mail:1.0
411:1.0
