luriem:1.0
alleg.edu:1.0
michael:1.0
lurie:1.0
liberalizer:1.0
subject:1.0
best:1.6931471805599454
first:1.6931471805599454
basemen:1.0
article:1.6931471805599454
1993apr22.144327.52161:1.0
ns1.cc.lehigh.edu:1.6931471805599454
ch00:1.0
chris:1.0
hartzell:1.0
writes:1.6931471805599454
1993apr20.102857.1:1.0
tesla.njit.edu:1.6931471805599454
drm6640:1.0
mattingly:1.0
baseman:1.0
history:1.0
baseball:1.0
always:1.6931471805599454
good:1.6931471805599454
keith:1.6931471805599454
hernandez:1.0
heard:1.0
talk:1.0
learned:1.0
fielder:1.0
talking:1.0
watching:1.0
play:1.0
jt:1.0
snow:1.0
