behrens:2.386294361119891
cc.swarthmore.edu:1.6931471805599454
eric:1.6931471805599454
subject:1.0
babe:1.6931471805599454
v:1.0
pride:1.6931471805599454
yankees:1.6931471805599454
offer:1.0
different:1.0
renditions:1.0
sotry:1.0
ruth:1.0
gherig:1.0
hitting:1.0
home:1.0
runs:1.0
boy:1.0
hospital:1.0
historian:1.0
explain:1.0
historys:1.0
version:1.0
story:1.0
wouldnt:1.0
put:1.0
past:1.0
either:1.0
movies:1.6931471805599454
season:1.0
truth:1.0
little:1.0
extra:1.0
spice:1.0
comments:1.0
inaccuracies:1.0
two:1.0
w:1.0
id:1.0
walk:1.0
hell:1.0
gasoline:1.0
suit:1.0
keep:1.0
playing:1.0
baseball:1.0
pete:1.0
rose:1.0
