peltz-russell:1.6931471805599454
cs.yale.edu:1.6931471805599454
russell:1.6931471805599454
peltz:1.6931471805599454
subject:1.0
pitcher:2.09861228866811
get:2.386294361119891
save:2.386294361119891
article:1.0
mjones.735602185:1.0
fenway:1.0
mjones:1.0
donald.aix.kingston.ibm.com:1.0
writes:1.6931471805599454
mikef:1.0
bvc.edu:1.0
record:1.0
two:1.0
ways:1.0
reliever:1.0
must:1.0
finish:1.0
game:2.6094379124341005
either:1.0
1:1.0
entered:1.6931471805599454
tying:1.0
run:1.6931471805599454
base:1.0
bat:1.0
deck:1.0
2:1.0
pitched:1.6931471805599454
least:2.09861228866811
three:1.6931471805599454
innings:1.0
effectively:1.0
may:1.0
win:1.6931471805599454
close:1.0
theres:1.0
number:1.0
3:2.09861228866811
also:1.0
lead:1.0
one:1.6931471805599454
inning:1.0
finishes:1.0
team:1.0
satisfies:1.0
requirements:1.0
gets:1.0
rusty:1.0
p.o:1.0
box:1.0
3838:1.0
y.s:1.0
new:1.0
ct:1.0
06520:1.0
