rvesterm:1.0
vma.cc.nd.edu:1.0
subject:1.0
best:1.6931471805599454
first:1.6931471805599454
basemen:1.0
article:1.0
1993apr20.102857.1:1.0
tesla.njit.edu:1.6931471805599454
drm6640:1.0
says:1.0
mattingly:1.0
baseman:1.0
history:1.0
baseball:1.0
always:1.6931471805599454
bob:1.0
vesterman:1.0
