wall:2.386294361119891
cc.swarthmore.edu:1.6931471805599454
matthew:1.0
subject:1.0
rules:2.09861228866811
on-line:1.0
well:1.6931471805599454
im:1.0
finally:1.0
key:1.0
official:1.6931471805599454
archives:1.0
ask:1.0
anybody:1.0
mlb:1.0
electronic:1.0
format:1.6931471805599454
trying:1.0
save:1.0
ton:1.0
work:1.0
dont:1.0
scan:1.0
ridiculous:1.0
theyre:1.0
printed:1.0
thanks:1.0
matt:1.6931471805599454
hey:1.0
got:1.0
ta:1.0
job:1.0
ok:1.0
april:1.0
6:1.0
1993:1.0
boston:1.0
red:1.0
sox:1.0
seize:1.0
first:1.0
place:1.0
