kmelcher:1.6931471805599454
rafael.arco.com:1.0
kenneth:1.0
melcher:1.6931471805599454
subject:1.0
juan:2.09861228866811
gonzalez:1.6931471805599454
hr:1.6931471805599454
title:1.6931471805599454
real:1.6931471805599454
come:1.0
back:1.0
ten:1.0
years:1.0
look:1.0
careers:1.0
vs:1.0
mark:1.6931471805599454
mcguire:1.0
tell:1.0
us:1.0
bogus:1.0
juanderful:1.0
ones:1.0
1992:1.0
id:1.0
say:1.0
2003:1.0
preparing:1.0
hof:1.0
acceptance:1.0
speech:1.0
voters:1.0
saying:1.0
mcwho:1.0
ken:1.0
typing:1.0
slow:1.0
e-mail:1.0
arco.com:1.0
know:1.0
cant:1.0
read:1.0
fast:1.0
