kime:1.0
mongoose.torolab.ibm.com:1.0
edward:1.0
kim:1.0
subject:1.0
ind:1.0
source:1.0
picks:1.0
baerga:1.6931471805599454
alomar:2.09861228866811
case:1.0
closed:1.0
thats:1.0
joke:1.0
might:1.0
gold-glover:1.6931471805599454
hes:1.0
certainly:1.0
worse:1.0
defensively:1.0
actually:1.0
two-time:1.0
91-92:1.0
valentine:1.0
edk:1.0
