stevet:1.6931471805599454
eskimo.com:1.6931471805599454
steven:1.0
thornton:1.6931471805599454
subject:1.0
babes:1.0
pitching:1.6931471805599454
babe:1.0
ruths:1.0
lifetime:1.0
stats:1.0
selected:1.0
94-46:1.0
671:1.0
2.28:1.0
era:2.09861228866811
163:1.0
g:1.0
107:1.0
cg:1.0
17:1.0
sho:1.0
10.6:1.0
rat:1.0
best:1.0
year:1.0
1916:1.0
bos:1.6931471805599454
23-12:1.0
1.75:1.0
led:1.0
league:1.0
1917:1.0
24-13:1.0
2.01:1.0
steve:1.0
