subject:1.0
cubs:1.0
mailing:1.0
list:1.6931471805599454
andrew:2.09861228866811
dark.side.of.the.moon.uoknor.edu:1.0
chihuahua:1.6931471805599454
charlie:1.6931471805599454
anyone:1.0
running:1.0
chicago:1.0
national:1.0
league:1.0
ballclub:1.0
please:1.0
send:1.0
information:1.0
aardvark.ucs.uoknor.edu:1.6931471805599454
thanks:1.0
ou:1.0
responsible:1.0
academic:1.0
user:1.0
services:1.0
anything:1.0
anywhere:1.0
university:1.0
oklahoma:1.0
except:1.0
one:1.0
incident:1.0
200:1.0
o|____________________________________________________________________|o:1.0
