macomber:2.386294361119891
sctc.com:2.09861228866811
chuck:2.386294361119891
subject:1.0
twins:1.6931471805599454
update:1.0
4-22:1.0
paul:1.6931471805599454
csd4.csd.uwm.edu:1.0
r:1.0
krueger:1.0
writes:1.6931471805599454
article:1.0
1993apr23.151050.8995:1.0
wednesdays:1.0
game:1.0
marked:1.0
first:1.0
opposing:1.0
left-handed:1.0
starting:1.0
pitcher:1.6931471805599454
year:1.0
rickey:1.0
bones:1.6931471805599454
nice:1.0
post:1.0
made:1.0
one:1.0
mistake:1.6931471805599454
right-handed:1.0
however:1.0
hrbeks:1.0
grand:1.0
slam:1.0
came:1.0
graehme:1.0
lloyd:1.0
lefty:1.0
salty:1.0
