jxu:1.0
black.clarku.edu:1.0
dark:1.0
wing:1.0
duck:1.0
subject:1.0
bosox:1.0
win:2.09861228866811
5-2:1.6931471805599454
seattle:2.386294361119891
last:1.0
night:1.0
boston:1.0
red:2.09861228866811
sox:2.09861228866811
11:1.0
games:1.6931471805599454
14:1.0
beating:1.0
roger:1.0
clemson:1.0
pitch:1.0
dominate:1.0
walked:1.0
least:1.0
6:1.6931471805599454
man:1.0
first:1.0
inns:1.0
valetin:1.0
greenwell:1.0
hit:1.0
homeruns:1.0
prevail:1.0
think:1.0
game:1.0
must:1.0
considering:1.0
darwin:1.0
faced:1.0
ace:1.0
randy:1.0
johnson:1.0
tonight:1.0
