scott:2.386294361119891
asd.com:2.09861228866811
barman:1.6931471805599454
subject:1.0
jewish:2.09861228866811
baseball:1.0
players:1.0
article:1.0
1993apr16.133818.1452:1.0
blurt.oswego.edu:1.6931471805599454
ma_ind25:1.0
writes:1.0
believe:1.0
rusty:1.0
staub:1.6931471805599454
also:1.0
ball-player:1.0
rust:1.0
fact:1.0
think:1.0
father:1.0
minister:1.0
mets:1.6931471805599454
mailing:1.0
list:1.0
feed:1.0
following:1.0
shell:1.0
mail:1.0
mets-request:1.0
subscribe:1.0
lets:1.0
go:1.0
