steven:1.6931471805599454
advtech.uswest.com:1.6931471805599454
steve:1.6931471805599454
novak:1.6931471805599454
subject:1.0
all-time:1.0
best:1.0
players:1.0
drm6640:1.0
tesla.njit.edu:1.0
writes:1.0
1b:1.0
career:1.0
mattingly:1.0
lou:1.0
gehrig:1.0
ironman:1.0
ban:1.6931471805599454
bomb:1.0
pope:1.0
