gidi:2.09861228866811
hilbert.stanford.edu:1.0
avrahami:1.0
subject:1.0
jewish:1.6931471805599454
baseball:1.0
players:1.0
thought:1.0
walt:1.0
weiss:1.0
seem:1.0
recall:1.0
mentioned:1.0
still:1.0
oakland:1.0
also:1.0
suspicions:1.0
esther:1.0
canseco:1.0
nee:1.0
haddad:1.0
