dwarner:1.6931471805599454
journalism.indiana.edu:1.6931471805599454
david:1.6931471805599454
j:1.6931471805599454
subject:1.0
bonilla:1.6931471805599454
jiann-ming:1.0
su:1.0
writes:1.0
bobby:1.0
supposedly:1.0
use:1.0
word:1.0
faggot:1.0
got:1.0
mad:1.0
author:1.0
clubhouse:1.0
banned:1.0
baseball:1.0
year:1.0
like:1.0
schott:1.0
wouldnt:1.0
bother:1.0
blue:1.0
riddle:1.0
productions:1.0
1993:1.0
rap:1.0
art:1.0
ep:1.0
coming:1.0
tape:1.0
time:1.0
real:1.0
e-mail:1.0
411:1.0
