cmk:1.0
athena.mit.edu:1.0
charles:1.6931471805599454
kozierok:1.0
subject:1.0
bosox:1.0
go:1.0
smoke:1.0
ii:1.0
seattle:1.0
7-0:1.0
article:1.0
franjion.735593116:1.0
spot.colorado.edu:1.6931471805599454
franjion:1.0
john:1.0
franjione:1.0
writes:1.6931471805599454
dietz:1.6931471805599454
parody.data-io.com:1.0
kent:1.0
oh:1.0
yea:1.0
chris:1.0
bosio:1.0
pitched:1.0
no-hitter:1.0
one:1.0
minimum:1.0
two:1.0
ever:1.0
no-hitters:1.0
mariner:1.0
history:1.0
randy:1.0
johnson:1.0
june:1.0
2:1.0
1990:1.0
tigers:1.0
