mbohler:1.0
udcps3.cps.udayton.edu:1.0
michael:1.0
bohler:1.0
subject:1.0
speed:1.6931471805599454
games:1.0
marginally:1.0
realistic:1.0
really:1.0
game:1.6931471805599454
umps:1.0
need:1.0
start:1.6931471805599454
calling:1.0
strikes:1.0
way:1.0
used:1.0
im:1.0
talking:1.0
making:1.0
strike:1.6931471805599454
zone:1.6931471805599454
knees:1.0
go:1.0
top:1.0
letters:1.0
forget:1.0
general:1.0
area:1.0
groin:1.0
lot:1.0
less:1.0
3-and-2:1.0
counts:1.0
quicker:1.0
