mzimmers:1.0
netcom.com:1.0
michael:1.6931471805599454
zimmers:1.6931471805599454
subject:1.0
time:1.0
game:2.386294361119891
article:1.0
1993apr21.024643.5135:1.0
adobe.com:1.6931471805599454
snichols:1.0
sherri:1.0
nichols:1.0
writes:1.0
reason:1.0
im:1.6931471805599454
unhappy:1.0
length:1.6931471805599454
games:1.0
today:1.0
summed:1.0
extra:1.6931471805599454
15:1.0
minutes/game:1.0
average:1.6931471805599454
al:1.6931471805599454
11:1.0
minutes:1.0
nl:1.6931471805599454
seeing:1.6931471805599454
fewer:1.0
runs:1.0
score:1.0
think:1.0
pitches:2.386294361119891
strikeouts:1.0
1/game:1.0
6/game:1.0
walks:1.0
2/game:1.0
yep:1.0
ks:1.6931471805599454
dont:1.0
denote:1.0
slow:1.0
either:1.0
last:1.0
night:1.0
sid:1.0
fernandez:1.0
mowing:1.0
giants:1.0
hitters:1.0
14:1.0
8:1.0
innings:1.6931471805599454
yet:1.0
first:1.0
7:1.0
1/2:1.0
quite:1.0
brisk:1.0
also:1.0
threw:1.0
119:1.0
leading:1.0
believe:1.0
isnt:1.0
number:1.0
determines:1.0
behavior:1.0
voice:1.0
408:1.6931471805599454
996:1.6931471805599454
1965:1.0
softhelp:1.0
suppliers:1.0
software:1.0
developers:1.0
data:1.0
1974:1.0
