kmelcher:1.0
rafael.arco.com:1.0
kenneth:1.0
melcher:1.0
subject:1.0
1964:2.09861228866811
phillies:2.09861228866811
deja:1.0
vu:1.0
dad:1.6931471805599454
always:1.0
blamed:1.0
collapse:1.0
64:1.0
sept:1.6931471805599454
21:1.6931471805599454
something:1.6931471805599454
like:1.6931471805599454
9:1.0
game:1.0
lead:1.0
12:1.0
play:1.0
born:1.6931471805599454
phils:1.0
proceeded:1.0
lose:1.0
10:1.6931471805599454
straight:1.6931471805599454
cards:1.0
anyone:1.0
know:1.0
hte:1.0
exact:1.0
numbers:1.0
pennant:1.0
blown:1.0
day:1.0
likes:1.0
remind:1.0
began:1.0
krm:1.0
