napoli:1.6931471805599454
strobe.atc.olivetti.com:1.0
gaetano:1.6931471805599454
napolitano:1.6931471805599454
subject:1.6931471805599454
era:1.6931471805599454
formula:1.6931471805599454
hello:1.0
tells:1.0
trying:1.0
find:1.0
calculate:1.0
pitchers:1.0
baseball:1.0
fans:1.0
please:1.0
e-mail:1.0
atc.olivetti.com:1.0
thank:1.0
much:1.0
