hhenderson:1.6931471805599454
vax.clarku.edu:1.6931471805599454
subject:1.0
game:1.6931471805599454
length:1.0
braves:1.0
update:1.0
ecaxron:1.0
ariel.lerc.nasa.gov:1.0
ron:1.0
graham:1.0
writes:1.0
think:1.0
everything:1.0
else:1.0
equal:1.0
much:2.09861228866811
ask:1.0
weeknight:1.0
shortened:1.6931471805599454
half-an-hour:1.6931471805599454
cutting:1.0
warmup:1.0
pitches:1.0
dawdling:1.0
outside:1.0
batters:1.0
box:1.0
commerical:1.0
time-outs:1.0
sort:1.0
thing:1.0
im:1.0
asking:1.0
know:1.0
anybody:1.0
done:1.0
study:1.0
determine:1.0
time:1.0
actually:1.0
wasted:1.0
say:1.0
games:1.0
heather:1.0
