ec003b:1.6931471805599454
uhura.cc.rochester.edu:1.6931471805599454
wizard:1.6931471805599454
subject:1.0
mike:1.0
greenwell:1.6931471805599454
mo:1.0
vaughn:1.6931471805599454
stat:1.0
help:1.6931471805599454
dear:1.0
anybody:1.6931471805599454
rochester:1.0
ny:1.0
people:1.0
look:1.0
rangers-penguins:1.0
playoff:1.0
game:1.0
say:1.0
joke:1.0
heard:1.0
hey:1.0
whats:1.0
oh:1.0
even:1.0
ahl:1.0
nhl:1.0
think:1.0
e:1.0
get:1.0
red:1.6931471805599454
wings:1.0
orioles:1.0
aaa:1.0
stats:2.09861228866811
updates:1.0
al:1.0
nl:1.0
specifically:1.0
im:1.0
looking:1.0
sox:1.0
far:1.0
id:1.0
like:1.0
could:1.0
handle:1.0
please:1.0
