drm6640:1.0
tesla.njit.edu:1.0
subject:1.0
apology:1.0
article:1.6931471805599454
apologize:1.0
everyone:1.0
might:1.0
pissed:1.0
one:1.6931471805599454
mattingly:1.0
said:1.0
best:1.0
first:1.6931471805599454
basemam:1.0
history:1.0
meant:1.0
fielding:1.0
baseman:1.0
argue:1.0
