lynch:1.6931471805599454
hpcc01.corp.hp.com:1.0
howard:1.0
subject:1.0
lets:1.0
play:1.0
name:1.0
game:1.0
san:1.0
francisco:1.0
quakes:2.09861228866811
way:1.0
nickname:1.0
padres:1.0
affiliate:1.0
california:1.0
league:1.0
rancho:1.0
cucamunga:1.0
