rickert:2.386294361119891
nextwork.rose-hulman.edu:1.6931471805599454
john:1.6931471805599454
h:1.0
subject:1.0
players:1.0
rushed:1.0
majors:1.0
article:1.0
93122:1.0
hydra.gatech.edu:1.0
re4:1.0
prism.gatech.edu:1.0
russell:1.0
earnest:1.0
writes:1.0
brings:1.0
back:2.09861228866811
long:1.0
suffering:1.0
memories:1.0
pre-chop:1.0
braves:1.6931471805599454
fans:1.0
kept:1.0
promised:1.0
bob:1.0
horner:2.09861228866811
dale:1.0
murphy:2.09861228866811
power:1.0
slam:1.0
could:1.0
stop:1.0
guess:1.0
well:1.0
never:1.0
know:1.0
played:1.6931471805599454
130:1.0
games:2.386294361119891
1985:1.0
hit:2.386294361119891
27:1.6931471805599454
hr:1.0
162:1.0
37:1.0
1986:1.0
141:1.0
29:1.0
160:1.0
lost:1.0
96:1.0
89:1.0
