sepinwal:1.0
mail.sas.upenn.edu:1.0
alan:1.6931471805599454
sepinwall:1.6931471805599454
subject:1.0
melido:1.6931471805599454
due:1.0
back:1.0
came:1.0
dl:1.0
today:1.0
start:1.0
tonight:1.0
rangers:1.0
go:1.0
distance:1.0
bullpen:1.0
doesnt:1.0
come:1.0
im:1.0
outta:1.0
like:1.0
vladimir:1.0
whats:1.0
ice:1.0
happens:1.6931471805599454
water:1.0
gets:1.0
cold:1.0
kent:1.0
people:1.0
get:1.0
sexually:1.0
frustrated:1.0
val:1.0
kilmer:1.0
real:1.0
genius:1.0
