john:1.6931471805599454
kim:1.0
jk5x:1.0
andrew.cmu.edu:1.0
subject:1.0
new:1.0
yankees:1.6931471805599454
mailing:2.09861228866811
list:2.09861228866811
hi:1.0
got:1.0
tired:1.0
waiting:1.0
going:1.0
make:1.0
one:1.0
send:1.6931471805599454
complete:1.0
e-mail:1.0
address:1.6931471805599454
message:1.0
ill:1.0
confirmation:1.0
yankee:1.0
go:1.0
