knossos:1.6931471805599454
carson.u.washington.edu:1.0
judy:1.0
broocks:1.6931471805599454
subject:1.0
tickets:2.6094379124341005
sale:1.0
brother:2.09861228866811
purchased:1.0
baseball:1.0
texas:2.09861228866811
rangers:1.6931471805599454
vs:1.6931471805599454
toronto:1.6931471805599454
bluejays:1.6931471805599454
july:2.09861228866811
unable:1.0
get:1.6931471805599454
vacation:1.0
days:1.0
anyone:1.0
interested:1.0
purchasing:1.0
following:1.0
arlington:1.6931471805599454
stadium:1.0
thursday:1.0
22:1.0
friday:1.0
23:1.0
4:1.6931471805599454
section:1.6931471805599454
103:1.0
helmet:1.0
night:1.0
14:1.6931471805599454
305:1.0
want:1.0
total:1.0
112.00:1.0
please:1.0
contact:1.0
e-mail:1.0
directly:1.0
randy:1.0
hollister:1.0
19:1.0
rosemont:1.0
lane:1.0
streator:1.0
il:1.0
61364:1.0
815/672-5265:1.0
would:1.0
eternally:1.0
grateful:1.0
someone:1.0
purchase:1.0
thank:1.0
j:1.0
u.washington.edu:1.0
