tac:1.6931471805599454
world.std.com:1.0
tackey:1.0
chan:1.0
subject:1.0
hey:1.6931471805599454
red:1.6931471805599454
sox:1.6931471805599454
fans:1.0
paula:1.0
koufax.cv.hp.com:1.0
paul:1.0
andresen:1.0
writes:1.0
woof:1.0
gawd:1.0
hate:1.0
sometimes:1.0
get:1.0
urges:1.0
powerful:1.0
overcome:1.0
quote:1.0
sportscenter:1.0
bosiooo:1.0
ooo:1.6931471805599454
bosio:1.0
threw:1.0
no-no:1.0
hell:1.0
fan:1.0
going:1.0
say:1.0
heck:1.0
remeber:1.0
matt:1.0
young:1.0
last:1.0
year:1.0
ick:1.0
