lws:1.0
eembox.ncku.edu.tw:1.0
wenhsiang:1.6931471805599454
lin:1.6931471805599454
subject:1.0
stats:1.6931471805599454
question:1.0
wondering:1.0
whether:1.0
official:1.0
mlb:1.0
includes:1.0
intentional:1.0
walks:1.0
bb:1.0
category:1.0
