dfclark:1.6931471805599454
snll-arpagw.llnl.gov:1.0
clark:2.09861228866811
dean:2.09861228866811
f:1.0
subject:1.0
centris:1.6931471805599454
cache:1.6931471805599454
bernoulli:1.6931471805599454
box:1.6931471805599454
article:1.0
1993apr2.123619.548:1.0
physc1.byu.edu:1.6931471805599454
goblec:1.6931471805599454
writes:1.0
tried:1.0
running:1.0
driver:2.09861228866811
software:1.0
seems:1.0
work:1.0
040:1.6931471805599454
get:2.09861228866811
message:1.0
macintosh:1.0
disk:1.0
wish:1.0
initialize:1.0
iomega:1.0
3.4.2:1.0
newer:1.0
version:2.09861228866811
works:1.0
040s:1.0
something:1.0
wrong:1.0
goble:1.0
theory.byu.edu:1.0
3.5.1:1.0
believe:1.0
needed:1.0
machine:1.0
able:1.0
newest:1.0
calling:1.0
tech:1.0
support:1.0
1-800-456-5522:1.0
modem:1.0
bbs:1.0
801-778-4400:1.0
internet:1.0
ca.sandia.gov:1.0
