winstead:1.6931471805599454
faraday.ece.cmu.edu:1.0
charles:1.0
holden:1.0
subject:1.0
ftp:1.6931471805599454
site:1.0
radius:2.09861228866811
software:1.6931471805599454
hey:1.0
anyone:1.0
know:1.0
get:1.0
newest:1.0
version:1.6931471805599454
radiusware:1.0
soft:1.0
pivot:1.6931471805599454
bought:1.0
monitor:1.0
old:1.0
wont:1.0
work:1.0
c650:1.0
said:1.0
would:1.0
4-5:1.0
weeks:1.0
delivery:1.0
thanks:1.0
chuck:1.0
