mark:2.791759469228055
bilpin.co.uk:2.09861228866811
allerton:2.09861228866811
subject:1.0
sale:1.6931471805599454
macintosh:1.6931471805599454
se/30:2.09861228866811
apple:1.6931471805599454
8mb:1.0
ram:1.0
80mb:1.0
hd:1.0
system:1.0
7.1:1.0
installed:1.0
rasterops:1.0
264/30:1.0
24-bit:1.0
video:1.0
card:1.0
13:1.0
monitor:1.0
targus:1.0
carrying:1.0
case:1.0
im:1.6931471805599454
offers:1.0
region:1.0
1250:1.0
pounds:1.0
north:1.0
london:1.0
area:1.0
contact:1.0
e-mail:1.0
pascal:1.6931471805599454
cix.compulink.co.uk:1.6931471805599454
phone:1.0
081:1.0
341:1.0
6400:1.0
evenings/weekends:1.0
071:1.0
267:1.0
2561:1.0
office:1.0
hours:1.0
srl:1.0
data:1.0
