jht9e:1.0
faraday.clas.virginia.edu:1.0
jason:1.6931471805599454
harvey:1.0
titus:1.0
subject:1.0
help:1.0
install:1.0
ram:1.0
centris:1.6931471805599454
610:1.6931471805599454
asked:1.0
everyone:1.0
problems:1.0
installing:1.0
4:1.6931471805599454
meg:2.386294361119891
simm:1.6931471805599454
8:1.6931471805599454
folks:1.6931471805599454
local:1.0
apple:1.0
store:1.0
called:1.0
cupertino:1.0
found:1.0
cant:1.0
simms:1.6931471805599454
different:1.0
speeds:1.0
one:1.0
machine:1.0
even:1.0
fast:1.0
enough:1.0
ie:1.0
80:1.0
ns:1.0
60ns:1.0
incompatibable:1.0
thought:1.0
people:1.0
might:1.0
want:1.0
know:1.0
