scot:2.386294361119891
jlc.mv.com:1.6931471805599454
salmon:1.6931471805599454
subject:1.0
nutek:2.09861228866811
email:1.6931471805599454
anyone:1.0
address:1.0
good:1.0
things:1.0
books:1.0
robert:1.0
heinlein:1.0
music:1.0
enya:1.0
computers:1.0
apple:1.0
humor:1.0
dave:1.0
barry:1.0
thursday:1.0
nights:1.0
nbc:1.0
scotland:1.0
