cr:1.6931471805599454
cs.strath.ac.uk:1.6931471805599454
chris:2.09861228866811
reid:1.6931471805599454
subject:1.0
quadra:1.6931471805599454
700:1.6931471805599454
memory:1.6931471805599454
upgrade:1.0
hi:1.0
folks:1.0
exactly:1.0
maximum:1.0
put:1.0
manual:1.0
says:1.0
20mb:1.0
4:1.0
x:1.0
4mb:1.0
simms:1.6931471805599454
macwarehouse:1.0
like:1.0
advertise:1.0
16mb:1.0
give:1.0
total:1.0
68mb:1.6931471805599454
whos:1.0
wrong:1.0
anybody:1.0
got:1.0
thanks:1.0
