farrar:2.09861228866811
cogsci.ucsd.edu:1.0
scott:1.6931471805599454
subject:1.0
caps:1.0
lock:1.0
vs:1.0
control:1.0
apple:1.0
keyboard:1.6931471805599454
please:1.0
excuse:1.0
redirect:1.0
already:1.0
answered:1.0
small:1.0
utility:1.0
switches:1.0
functionality:1.0
caps-lock:1.6931471805599454
key:2.09861228866811
ctrl:1.6931471805599454
powerbook:1.0
use:1.0
far:1.0
would:1.0
convenient:1.0
comfortable:1.0
thank:1.0
help:1.0
