subject:1.0
mac:1.6931471805599454
laserjet:1.6931471805599454
iiip:1.6931471805599454
osterber:1.6931471805599454
husc8.harvard.edu:1.0
richard:1.0
osterberg:1.6931471805599454
friend:1.6931471805599454
lc:1.6931471805599454
ii:1.0
think:1.0
family:1.0
extra:1.0
sitting:1.0
around:1.0
way:1.0
connect:1.0
two:1.0
make:1.0
work:1.0
without:1.0
postscript:1.0
cartridge:1.0
told:1.0
random:1.0
mentioned:1.0
something:1.0
software:1.0
package:1.0
could:1.0
translation:1.0
rick:1.6931471805599454
husc.harvard.edu:1.0
617-493-7784:1.0
617-493-3892:1.0
2032:1.0
harvard:1.0
yard:1.0
mail:1.0
center:1.0
cambridge:1.0
02138-7510:1.0
usa:1.0
