vng:1.0
iscs.nus.sg:1.0
subject:1.0
wyse:1.6931471805599454
60:1.6931471805599454
terminal:1.6931471805599454
emulator:1.6931471805599454
comms:1.0
toolbox:1.0
kit:1.0
available:1.0
net:1.0
somewhere:1.0
thanks:1.0
vince:1.0
