cmmiller:1.6931471805599454
iastate.edu:1.6931471805599454
c:1.0
miller:1.0
subject:1.0
results:2.09861228866811
mathematica:2.386294361119891
speed:1.6931471805599454
tests:1.0
well:2.09861228866811
test:1.6931471805599454
posted:1.6931471805599454
newsgroup:1.0
following:1.0
command:1.6931471805599454
plot3d:1.0
2*9000:1.0
2*3.1416:2.09861228866811
x-5000:1.0
2:2.386294361119891
y-8000:1.0
81000000:1.0
1.5:2.09861228866811
3*9000:1.0
x-10000:1.0
y-1000:1.0
2+81000000:1.0
4*2000:1.0
x-7000:1.0
y-10000:1.0
2+4000000:1.0
x:1.0
5500,19500:1.6931471805599454
plotpoints:1.0
50:1.0
curious:1.6931471805599454
fast:1.6931471805599454
plot:1.0
would:1.6931471805599454
executed:1.0
various:1.0
macintosh:1.0
machines:2.09861228866811
personal:1.0
computers:1.0
workstations:1.0
machinesystemmath:1.0
vers:1.0
trialstime:1.0
min:1.0
pb:1.0
1707.0.0:1.0
with2.122:08:1.0
tuneup/8mb:1.0
ram/5mb:1.0
dec:1.6931471805599454
5000ultrix:1.0
v4.2a2.1:1.0
for10:25:1.0
risc:1.6931471805599454
iisi7.1/cache:1.0
96mb1.2f33enh.14:30:1.0
25mhz/5mb:1.0
ram:2.386294361119891
3mb:1.0
math:2.09861228866811
w:2.09861228866811
68882:1.6931471805599454
c6507.1/8mb:1.0
ram20:32:1.0
q8008mb/cache:1.0
384/1.21:01:1.0
4mb:1.0
sparcsunos4.1.30:14:1.0
station40mb:1.0
sgi:1.6931471805599454
iris/4dr3000:1.0
0:01:1.0
processor:1.0
version:1.6931471805599454
sparcsunos4.1.22.1:1.0
0:26:1.0
station2:1.0
iisi7.13:15:1.0
nextnextstep:1.6931471805599454
2.11.22:38:1.0
cube68030:1.0
based:1.0
coprocessor:1.0
3.01.25:1.0
ave:1.0
0:52:1.0
cube68040/25mhz:1.0
20:1.0
mb:1.0
iisi17mb/8mb:1.0
for2.102:1.0
enha3:15:1.0
next16mb:1.0
ram/1:1.0
0:37:1.0
25:1.6931471805599454
mhz:1.6931471805599454
040:1.0
workspace:1.0
manager:1.0
2.1:1.0
funny:1.0
iisi:1.0
running:1.0
slower:1.6931471805599454
equivalent:1.0
lots:1.0
fact:1.6931471805599454
perhaps:1.0
makes:1.0
difference:1.0
much:1.0
allocated:1.0
another:1.0
interesting:1.0
thing:1.0
wow:1.0
basically:1.0
though:1.0
wouldnt:1.0
draw:1.0
conclusions:1.0
data:1.0
seems:1.0
mathematicas:1.0
dependant:1.0
lot:1.0
variables:1.0
different:1.0
measure:1.0
questions:1.0
forgot:1.0
something:1.0
drop:1.0
line:1.0
chad:1.0
ps:1.0
spacing:1.0
table:1.0
doesnt:1.0
come:1.0
right:1.0
machine:1.0
tell:1.0
ill:1.0
mail:1.0
copy:1.0
binhexed:1.0
word:1.0
5.1:1.0
document:1.0
