tomj:2.386294361119891
pnet16.cts.com:1.6931471805599454
tom:1.6931471805599454
jenkins:1.0
subject:1.0
lciii:1.6931471805599454
vs:1.0
centris:1.6931471805599454
610:1.6931471805599454
title:1.0
says:1.0
id:1.0
particularly:1.0
interested:1.0
performance:1.0
difference:1.0
much:1.0
faster:1.0
50:1.0
uucp:1.0
humu:1.6931471805599454
nctams1:1.6931471805599454
pnet16:1.6931471805599454
arpa:1.0
nosc.mil:1.0
inet:1.0
