alexander:1.0
samuel:1.0
mcdiarmid:1.0
am2o:1.0
andrew.cmu.edu:1.0
subject:1.6931471805599454
help:2.09861228866811
install:2.09861228866811
ram:2.09861228866811
centris:2.09861228866811
610:2.09861228866811
excerpts:1.0
netnews.comp.sys.mac.misc:1.0
5-apr-93:1.0
cen:1.0
jason:2.09861228866811
harvey:1.6931471805599454
titus:1.6931471805599454
farad:1.0
jht9e:1.0
faraday.clas.virginia.edu:1.0
date:1.0
mon:1.0
5:1.0
apr:1.0
1993:1.0
20:05:51:1.0
gmt:1.0
asked:1.0
everyone:1.0
problems:1.0
installing:1.0
4:1.6931471805599454
meg:2.386294361119891
simm:1.6931471805599454
8:1.6931471805599454
folks:1.6931471805599454
local:1.0
apple:1.0
store:1.0
called:1.0
cupertino:1.0
found:1.0
cant:1.0
simms:2.386294361119891
different:1.0
speeds:1.0
one:1.0
machine:1.0
even:1.0
fast:1.0
enough:1.0
ie:1.0
80:1.0
ns:1.0
60ns:1.0
incompatibable:1.0
thought:1.6931471805599454
people:1.0
might:1.0
want:1.0
know:1.0
oh:1.0
boy:1.0
confused:1.0
entire:1.0
point:1.0
72:1.0
pin:1.0
could:1.6931471805599454
use:1.6931471805599454
diffrent:1.0
size:1.0
avoid:1.0
sets:1.0
horror:1.0
stories:1.0
withstanding:1.0
