oelt0002:1.0
student.tc.umn.edu:1.0
bret:1.6931471805599454
oeltjen:1.6931471805599454
subject:1.0
cheap:1.0
video:1.0
card:1.0
lc:1.6931471805599454
w/fpu:1.0
wondering:1.0
anyone:1.0
info/experience:1.0
video/fpu:1.0
mac:1.0
thinking:1.0
adding:1.0
second:1.0
monitor:1.0
likely:1.0
grayscale:1.0
exp:1.0
pi:1.0
1:1.0
0:1.0
university:1.0
minnesota:1.0
electrical:1.0
engineering:1.0
