taihou:1.0
chromium.iss.nus.sg:1.0
tng:1.6931471805599454
tai:1.6931471805599454
hou:1.6931471805599454
subject:1.0
adb:2.09861228866811
graphics:1.0
tablet:2.09861228866811
help:2.09861228866811
graphicsd:1.0
want:1.6931471805599454
connect:1.0
quadra:1.0
950:1.6931471805599454
unfortunately:1.0
one:1.0
port:1.0
seems:1.0
would:1.0
give:1.0
mouse:1.6931471805599454
please:1.0
someone:1.0
use:1.0
well:1.0
keyboard:1.0
course:1.0
thanks:1.0
advance:1.0
singapore:1.0
