chairman:1.6931471805599454
staff.tc.umn.edu:1.6931471805599454
gene:1.6931471805599454
naftulyev:1.6931471805599454
subject:1.0
sale:2.386294361119891
ethernet:1.0
board:1.0
24:1.6931471805599454
bit:1.6931471805599454
supermac:1.6931471805599454
combo:1.0
genes:1.0
stuff:1.0
new:1.0
prices:1.6931471805599454
following:1.0
items:2.09861228866811
qty:1.0
description:1.0
list:1.0
price:1.6931471805599454
1:2.09861228866811
colorlink:1.0
sx/t:1.0
nubus/10base-t:1.0
750.00:1.0
549.00:1.0
card:1.6931471805599454
primo:1.0
selling:1.0
675:1.0
mailorder:1.0
suports:1.0
monitors:1.0
19:1.0
28:1.6931471805599454
x:1.0
virtual:1.0
desktop:1.0
accelerated:1.0
hardware:1.6931471805599454
pan:1.0
etc:1.0
quick:1.0
includes:1.0
free:1.0
2nd:1.0
day:1.0
air:1.0
seagate:1.0
st1480:1.0
430:1.0
meg:1.0
3.5:1.0
hd:1.0
2:1.0
mo:1.0
old:1.0
989.00:1.0
675.00:1.0
note:1.0
normal:1.0
working:1.0
order:1.0
include:1.0
shipping:1.0
shipped:1.0
cod:1.0
usa:1.0
pre-paid:1.0
anywhere:1.0
sold:1.0
iisi:1.0
nubus:1.0
adapter:1.0
fpu:1.0
189.00:1.0
115.00:1.0
please:1.0
contact:1.0
call:1.0
612:1.0
942-0134:1.0
