d2cheng:1.6931471805599454
undergrad.math.uwaterloo.ca:1.0
dominic:1.6931471805599454
cheng:1.6931471805599454
subject:1.0
centris:1.0
cache:1.0
bernoulli:1.0
box:1.0
need:1.0
driver:1.0
ver:1.0
3.5.2:1.0
work:1.0
quadra/centris:1.0
download:1.0
iomega:1.0
bbs:1.0
1-801-778-4400:1.0
descartes.uwaterloo.ca:1.0
computer:1.0
science:1.0
university:1.0
waterloo:1.0
ontario:1.0
canada:1.0
