ktiedtke:1.6931471805599454
jarthur.claremont.edu:1.6931471805599454
kurt:1.6931471805599454
tiedtke:1.6931471805599454
subject:1.0
comparative:1.0
scsi:1.6931471805599454
performance:1.6931471805599454
could:1.0
someone:1.0
direct:1.0
information:1.0
mac:1.0
max:1.0
throughput:1.0
etc:1.0
please:1.0
email:1.0
thanks:1.0
