dickg:1.0
vm.temple.edu:1.0
dick:1.6931471805599454
grant:1.6931471805599454
subject:1.0
memory:1.6931471805599454
plus:1.6931471805599454
se:1.6931471805599454
increase:1.0
im:1.0
sure:1.0
since:1.0
havent:1.0
seen:1.0
yet:1.0
years:1.0
ago:1.0
longer:1.0
instructions:1.0
forget:1.0
resistor:1.0
needs:1.0
cut:1.0
go:1.0
1:1.0
4:1.0
mbs:1.0
anyone:1.0
direct:1.0
information:1.0
ftpable:1.0
doc:1.0
diagrams:1.0
thanks:1.0
