aw:1.0
camcon.co.uk:1.0
alain:1.6931471805599454
waha:1.0
subject:1.0
new:1.6931471805599454
duo:1.0
dock:1.0
info:1.6931471805599454
article:1.0
nazario-040493023201:1.0
stiles-42-kstar-node.net.yale.edu:1.0
nazario:1.6931471805599454
pop.cis.yale.edu:1.0
edgardo:1.0
writes:1.0
give:1.0
rumour:1.0
truth:1.0
macintosh:1.0
coming:1.0
second:1.0
quarter:1.0
cpu:1.6931471805599454
excuse:1.0
macs:1.0
got:1.0
