glenn:2.09861228866811
network.ucsd.edu:1.0
sueyoshi:1.0
subject:1.0
laserwriter:2.09861228866811
pro:2.09861228866811
600:2.386294361119891
memory:2.09861228866811
upgrade:2.386294361119891
4:1.6931471805599454
8:1.0
ive:1.0
got:1.6931471805599454
official:1.0
word:1.0
phone:1.6931471805599454
quite:1.0
friendly:1.0
donna:1.0
rossi:1.0
apple:2.09861228866811
customer:1.6931471805599454
assistance:1.6931471805599454
tells:1.0
purchased:1.6931471805599454
megabyte:1.0
300dpi:1.6931471805599454
greyscale:1.6931471805599454
configuration:1.6931471805599454
contact:1.0
original:1.6931471805599454
dealers:1.6931471805599454
supposed:1.0
provide:1.6931471805599454
4-meg:1.6931471805599454
dont:1.0
know:1.0
extra:1.0
allow:1.0
printing:1.0
600dpi:1.0
questions:1.0
directed:1.0
hardware:1.0
support:1.0
numbers:1.0
and/or:1.0
1-800-776-2333:1.0
408-996-1010:1.0
corporate:1.0
number:1.6931471805599454
regards:1.0
p.s:1.0
personally:1.0
im:1.6931471805599454
annoyed:1.0
school:1.0
bookstore:1.0
really:1.0
obligation:1.0
information:1.0
customers:1.0
records:1.0
thats:1.0
ask:1.0
things:1.0
like:1.0
get:1.0
completed:1.0
going:1.0
write:1.0
complain:1.0
