mel_shear:1.0
maccomw.uucp:1.6931471805599454
subject:1.0
adapter:3.0794415416798357
cable:2.791759469228055
vga:3.70805020110221
monitors:2.6094379124341005
anyone:1.0
know:1.0
makes:1.0
wired:1.0
according:1.0
apples:1.0
specs:1.0
forces:1.0
external:1.0
output:2.09861228866811
lcs:1.0
powerbooks:1.0
160/180:1.0
duo:1.0
230:1.0
true:1.0
style:1.0
signal:2.9459101490553135
nec:1.0
since:1.0
multisync:1.0
route:1.0
correct:1.6931471805599454
pinout:1.6931471805599454
switch:1.0
macs:1.0
mode:1.0
make:1.6931471805599454
one:1.6931471805599454
someone:1.0
already:1.0
made-up:1.0
following:1.6931471805599454
apple:1.0
spec:1.0
lc:3.3978952727983707
cpu:1.0
im:1.0
assuming:1.0
powerbooks/duos:1.0
work:1.6931471805599454
macintosh:3.302585092994046
supply:1.0
640:1.0
x:1.0
480:1.0
timed:1.0
use:1.0
using:1.0
standard:1.0
supports:1.0
16:1.0
colors:1.6931471805599454
optional:1.0
512k:1.0
vram:1.0
simm:1.0
monitor:2.6094379124341005
supported:1.6931471805599454
256:1.0
note:1.0
supplies:1.0
signals:1.0
capable:1.0
driving:1.0
ttl:1.0
level:1.0
inputs:1.0
however:1.0
low:1.0
impedance:1.0
input:1.0
connect:1.0
need:1.0
video:2.9459101490553135
connector:2.386294361119891
description:1.0
pin:2.6094379124341005
name:1.0
1:1.6931471805599454
6:1.6931471805599454
red:1.6931471805599454
ground:2.386294361119891
2:1.6931471805599454
5:1.0
green:1.6931471805599454
7:2.09861228866811
9:1.0
3:1.0
blue:1.6931471805599454
13:1.6931471805599454
8:1.0
15:1.0
hsync:1.6931471805599454
12:1.0
14:1.6931471805599454
vsync:1.0
10:2.09861228866811
7,10:1.0
nc:1.0
sense1:1.0
sense2:1.0
tied:1.0
together:1.0
identified:1.0
shorting:1.0
grounds:1.0
results:1.0
pulling:1.0
gives:1.0
id:1.0
message:1.0
created:1.0
mcw:1.0
bbs:1.0
jointly:1.0
new:1.0
orleans:1.0
mac:1.0
user:2.09861228866811
group:1.6931471805599454
national:1.0
home:1.0
school:1.0
views:1.0
expressed:1.0
posting:1.0
individual:1.0
author:1.0
