ab220:1.6931471805599454
freenet.carleton.ca:1.6931471805599454
michel:1.6931471805599454
dozois:1.6931471805599454
subject:1.0
powerbook:2.09861228866811
batteries:2.09861228866811
previous:1.0
article:1.0
gil:1.6931471805599454
cc.gatech.edu:1.0
neiger:1.0
says:1.0
questions:1.0
specifically:1.0
nicad:1.0
pb170:1.0
2:1.0
run:1.0
without:1.0
battery:1.0
charger:1.0
plugged:1.0
problems:1.0
gloucester:1.0
ontario:1.0
canada:1.0
membre:2.09861228866811
du:2.09861228866811
club:1.6931471805599454
de:1.6931471805599454
cerf-volant:1.0
loutaouais:1.0
ovkc:1.0
national:1.0
capital:1.0
macintosh:1.6931471805599454
ncmc:1.0
jungle:1.0
bbs:1.0
un:1.0
babillard:1.0
