smisra:1.0
eos.ncsu.edu:1.0
saurabh:1.6931471805599454
misra:1.0
subject:1.0
ethernet:2.09861228866811
localtalk:2.09861228866811
quadra:1.0
used:1.0
serial:1.6931471805599454
ports:1.0
modem:1.0
printer:1.0
use:1.6931471805599454
appletalk:1.0
hardware:1.0
let:1.0
port:2.09861228866811
q700:1.0
come:1.0
satellite:1.0
dishes:1.0
sit:1.0
window:1.0
give:1.0
internet:1.0
access:1.0
home:1.0
wont:1.0
using:1.0
