hades:1.6931471805599454
coos.dartmouth.edu:1.0
brian:1.0
v:1.0
hughes:1.0
subject:1.0
file:1.6931471805599454
server:1.0
mac:1.0
pkr:1.0
slacvm.slac.stanford.edu:1.0
patrick:1.0
krejcik:1.0
writes:1.0
saw:1.0
article:1.0
new:1.6931471805599454
line:1.0
macs:1.0
configured:1.0
work:1.0
optimally:1.0
servers:1.6931471805599454
anyone:1.0
know:1.0
details:1.0
check:1.0
may:1.0
issue:1.0
macworld:1.0
cover:1.0
favorite:1.0
newstand:1.0
