rgonzal:1.6931471805599454
gandalf.rutgers.edu:1.6931471805599454
ralph:2.09861228866811
gonzalez:1.6931471805599454
subject:1.0
using:1.0
1.4:1.6931471805599454
mb:1.6931471805599454
disks:1.0
mac:2.09861228866811
ii:1.6931471805599454
need:1.0
get:1.0
rom:1.0
upgrade:1.0
use:1.0
floppy:1.0
drive:1.0
3rd:1.0
party:1.0
drives:1.0
work:1.0
iis:1.0
roms:1.0
thanks:1.0
computer:1.0
science:1.0
rutgers:1.0
univ:1.0
camden:1.0
nj:1.0
phone:1.0
609:1.0
225-6122:1.0
internet:1.0
