jap10:1.6931471805599454
po.cwru.edu:1.6931471805599454
joseph:1.0
pellettiere:1.0
subject:1.0
sigma:1.6931471805599454
designs:1.6931471805599454
double:1.6931471805599454
looking:1.0
information:1.0
board:1.6931471805599454
figure:1.0
hardware:1.0
compression:1.0
works:1.0
autodoubler:1.0
sure:1.0
also:1.0
much:1.0
would:1.0
one:1.0
cost:1.0
joe:1.0
