rrn:1.6931471805599454
po.cwru.edu:1.6931471805599454
robert:1.6931471805599454
r:1.0
novitskey:1.6931471805599454
subject:1.0
cyclone:1.0
tempest:1.0
could:1.0
someone:1.0
please:1.0
post:1.0
info:1.0
systems:1.0
thanks:1.0
bob:1.0
pursuing:1.0
women:1.0
similar:1.0
banging:1.0
ones:1.0
head:1.0
wall:1.0
less:1.0
opportunity:1.0
reward:1.0
