u56149:1.6931471805599454
uicvm.uic.edu:1.0
subject:1.0
lciii:2.09861228866811
midi:2.6094379124341005
anyone:1.6931471805599454
experience:1.6931471805599454
using:1.0
get:1.0
along:1.0
ok:1.0
heard:1.6931471805599454
iivx:1.0
suitable:1.0
anyon:1.0
e:1.0
say:1.0
anything:1.0
definitive:1.0
wh:1.0
interface:1.0
used:1.6931471805599454
finale:1.0
software:1.0
setting:1.0
please:1.0
e-mail:1.0
summarize:1.0
thanks:1.0
jerry:1.0
bartlett:1.0
peoria:1.0
illinios:1.0
uicvm.cc.uic.edu:1.0
