peterco:1.6931471805599454
eff.org:1.6931471805599454
peter:1.6931471805599454
cohen:1.6931471805599454
subject:1.0
comparative:1.0
scsi:1.6931471805599454
performance:1.6931471805599454
kurt:1.0
tiedtke:1.0
ktiedtke:1.0
jarthur.claremont.edu:1.0
wrote:1.0
could:1.0
someone:1.0
direct:1.0
information:1.0
mac:1.0
max:2.386294361119891
throughput:1.0
etc:1.0
thruput:2.09861228866811
centris:1.0
quadra:1.0
3.3:1.0
mb/sec:1.6931471805599454
iici:1.0
iifx:1.0
equivalent:1.0
1.4:1.0
slower:1.6931471805599454
machines:1.0
dont:1.0
reflect:1.0
employers:1.0
opinions:1.0
heck:1.0
employer:1.0
doesnt:1.0
even:1.0
know:1.0
im:1.0
