zia:2.6094379124341005
castle.ed.ac.uk:1.6931471805599454
manji:1.0
subject:1.0
help:1.6931471805599454
powerbook:2.09861228866811
160:1.6931471805599454
caere:2.6094379124341005
typist:2.09861228866811
plus:2.09861228866811
graphics:2.09861228866811
hand:2.09861228866811
scanner:2.386294361119891
edited:1.0
forwarded:1.0
csm.announce:1.0
moderator:1.0
please:2.386294361119891
respond:1.0
originator:1.0
email:1.0
also:1.0
needs:1.0
besides:1.0
cable:2.791759469228055
works:1.0
phone-number:1.0
applelink:1.0
address:1.6931471805599454
smile:1.0
pat:1.0
back:1.0
beg:1.0
know:2.09861228866811
anything:1.0
read:1.0
solve:2.09861228866811
problem:2.386294361119891
truely:1.0
grateful:1.6931471805599454
rest:1.0
life:1.0
connect:1.0
fit:1.6931471805599454
scsi:2.09861228866811
port:1.6931471805599454
got:1.0
assembled:1.6931471805599454
adapt:1.0
original:1.0
however:1.0
turned:1.0
computer:1.0
mode:1.0
treated:1.0
hard:1.0
disk:1.0
asked:1.0
engineer:1.0
london:1.0
new:1.0
idiot:1.0
sheer:1.0
laziness:1.0
taken:1.0
14:1.0
weeks:1.0
yet:1.0
aware:1.0
co:1.0
us:1.6931471805599454
solution:1.6931471805599454
forever:1.0
e-mail:1.0
uk.ac.ed.castle:1.0
wrong:1.0
side:1.0
road:1.0
syndrom:1.0
thats:1.0
thanking:1.0
advance:1.0
