eapu174:1.0
orion.oac.uci.edu:1.0
wayne:1.0
chen:1.0
subject:1.0
disappointed:1.0
la:1.0
cie:1.0
article:1.0
1993apr5.173853.14752:1.0
umiami.ir.miami.edu:1.6931471805599454
f2ehg786:1.0
writes:1.0
seems:1.0
reconditioned:2.09861228866811
hardware:2.09861228866811
sold:1.0
discounted:1.0
price:1.6931471805599454
replacements:1.0
new:2.09861228866811
gone:1.0
bad:1.0
still:1.0
covered:1.0
90-day:1.0
warranty:1.0
well:1.0
sounds:1.0
like:1.0
need:1.0
kind:1.0
lemon:1.0
law:1.0
industry:1.0
sound:1.0
unfair:1.0
someone:1.0
paid:1.0
drive:1.0
one:1.0
guys:1.0
think:1.0
