dcb:1.6931471805599454
wdl1.wdl.loral.com:1.6931471805599454
david:2.09861228866811
c:1.0
blume:1.6931471805599454
subject:1.0
move:1.0
data:2.791759469228055
fast:1.0
enough:1.6931471805599454
want:1.6931471805599454
achieve:1.6931471805599454
overall:1.6931471805599454
throughput:1.0
rate:1.6931471805599454
around:1.6931471805599454
5:1.6931471805599454
megabytes:1.0
sec:1.0
large:1.0
transfers:2.386294361119891
mb:3.1972245773362196
quadra:1.0
950:1.0
nubus:1.6931471805599454
network:1.6931471805599454
card:3.3978952727983707
pump:1.0
mac:2.386294361119891
memory:1.0
8.5:1.6931471805599454
mb/s:2.6094379124341005
using:1.6931471805599454
block-mode:1.0
high-speed:1.0
disk:3.1972245773362196
array:1.0
asynchronous:1.0
pb:1.0
calls:1.0
6.8:1.6931471805599454
lets:1.0
say:1.0
go:1.0
buffer:3.0794415416798357
first:1.0
transfer:2.386294361119891
result:1.0
3.8:1.0
slow:1.0
tried:1.0
following:1.0
scheme:1.0
n-megabyte:1.0
step:2.6094379124341005
1:1.0
load:2.386294361119891
1st:1.6931471805599454
2:1.6931471805599454
asynch:2.09861228866811
send:2.386294361119891
2nd:1.6931471805599454
3:1.0
3rd:1.0
n:1.6931471805599454
n-1:1.0
nth:1.6931471805599454
n+1:1.0
even:1.0
though:1.0
code:1.0
apparently:1.0
execute:1.0
asynchronously:1.0
use:1.6931471805599454
cpu:1.0
tho:1.0
steps:1.0
take:1.0
long:1.0
two:1.6931471805599454
executed:1.0
one:1.0
another:1.0
improvement:1.0
ram:1.6931471805599454
dual-port:1.0
driver:1.6931471805599454
access:1.0
time:1.0
problem:1.0
devices:1.0
bus:1.0
anything:1.0
get:1.0
tired:1.0
thinking:1.0
things:1.0
dont:1.0
bukowski:1.0
barfly:1.0
