drlovemd:2.09861228866811
jhunix.hcf.jhu.edu:1.6931471805599454
steve:2.6094379124341005
liu:2.6094379124341005
subject:1.0
cd300:1.0
300i:1.6931471805599454
article:2.09861228866811
1ps8d7innrc0:1.0
srvr1.engin.umich.edu:1.0
chyang:1.0
leghorn.engin.umich.edu:1.0
chung:1.6931471805599454
hsiung:1.0
yang:1.6931471805599454
writes:1.6931471805599454
bauer-060493101758:1.0
134.60.68.23:1.0
bauer:2.386294361119891
informatik.uni-ulm.de:1.6931471805599454
christian:1.6931471805599454
afi9shs00vohmrylee:1.0
andrew.cmu.edu:1.0
donpaul:1.0
c:1.0
stephens:1.0
deathbird:1.0
cmu.edu:1.0
wrote:1.0
difference:1.0
want:1.0
double-spin:1.0
cd-rom:2.386294361119891
drive:3.5649493574615367
may:1.0
looking:1.0
nec:2.6094379124341005
apple:3.1972245773362196
doublespins:1.0
best:2.09861228866811
toshiba:2.9459101490553135
sony:1.6931471805599454
nearly:1.0
deliver:1.0
speed:1.6931471805599454
apples:1.0
prices:1.0
low:1.0
compared:1.0
ram:1.0
simms:1.0
buy:1.6931471805599454
inexpencive:1.0
think:2.791759469228055
driver:1.6931471805599454
revisions:1.0
easier:1.0
get:2.09861228866811
kits:1.0
every:1.0
manufacturer:1.0
thought:1.0
mechanism:2.386294361119891
average:1.0
access:2.6094379124341005
time:2.386294361119891
less:1.6931471805599454
200:1.0
ms:1.6931471805599454
sony-apple:1.0
300:1.6931471805599454
doublespin:1.0
models:1.6931471805599454
cd-technology:3.0794415416798357
supposedly:1.6931471805599454
fast:1.0
200ms:1.0
data:2.09861228866811
transfer:2.09861228866811
rate:2.09861228866811
300kb/sec:2.09861228866811
multisession:1.0
photo-cd:1.6931471805599454
compatible:2.09861228866811
available:2.386294361119891
educorp:1.6931471805599454
599:1.6931471805599454
one:1.6931471805599454
comes:2.09861228866811
two:2.09861228866811
mail:1.0
coupons:1.0
free:2.386294361119891
cds:2.791759469228055
im:2.386294361119891
sure:2.09861228866811
good:1.6931471805599454
since:1.6931471805599454
ive:1.0
little:1.0
month:1.0
shipped:1.0
home:1.0
address:1.0
california:2.386294361119891
instead:1.0
maryland:1.0
separate:1.0
power:1.0
supply:1.0
separated:1.0
gives:1.0
longer:1.0
life:1.0
keeps:1.0
cleaner:1.0
fan:1.0
attract:1.0
dust:1.0
brand:1.6931471805599454
also:2.386294361119891
better:1.6931471805599454
slightly:1.0
lower:1.0
price:1.6931471805599454
300/330i:1.0
around:1.6931471805599454
300ms:1.0
know:1.6931471805599454
slowest:1.0
three:2.09861228866811
mentioned:1.0
widely:1.0
except:1.0
catalog:1.0
bad:1.0
multi-session:1.0
photo:1.0
cd:1.0
external:1.0
model:1.6931471805599454
7:1.0
pretty:1.6931471805599454
longest:1.0
280ms:1.0
many:1.0
vendors:1.0
600:1.0
dollars:1.0
including:1.0
wasnt:1.0
multi-sesssion:1.0
hear:1.0
current:1.0
version:1.0
shipping:1.0
owners:1.0
older:1.0
drives:2.09861228866811
upgrade:1.0
come:1.0
unless:1.0
bundle:1.0
choices:1.0
would:1.0
compatibility:1.6931471805599454
products:1.0
performance:1.0
btw:1.0
applecd:1.6931471805599454
internal:1.0
cd-t3401:1.0
name:2.09861228866811
something:1.0
like:1.0
3401:1.0
cdr-74:1.0
happy:1.0
problems:1.0
whatsoever:1.0
wrong:1.0
correct:1.0
even:1.0
might:1.0
notice:1.0
last:1.0
president:1.0
happens:1.0
southern:1.6931471805599454
hometown:1.0
however:1.0
relative:1.0
guy:1.0
common:1.6931471805599454
chinese:1.6931471805599454
especially:1.0
enormous:1.0
community:1.0
besides:1.0
doctors:1.0
lius:1.0
patients:1.0
another:1.0
school:1.0
lives:1.0
next:1.0
dorm:1.0
show:1.0
wish:1.0
sig:1.0
suggestions:1.0
welcome:1.0
jhuvms.hcf.jhu.edu:1.0
