jmilhoan:1.0
magnus.acs.ohio-state.edu:1.0
jt:1.6931471805599454
subject:1.0
2:1.6931471805599454
powerbook:1.6931471805599454
questions:1.0
1:1.0
actually:1.0
640:1.0
x:1.0
400:1.0
pixel:1.0
display:1.0
regardless:1.0
9:1.0
10:1.0
still:1.0
keep:1.0
72:1.0
dpi:1.0
resolution:1.0
assume:1.0
doesnt:1.0
dont:1.0
mean:1.0
imply:1.0
dimensions:1.0
info:1.0
price:1.0
drops:1.0
new:1.0
models:1.0
non-duo:1.0
coming:1.0
thanks:1.0
