an780:1.6931471805599454
cleveland.freenet.edu:1.6931471805599454
travis:1.6931471805599454
grundke:1.6931471805599454
subject:1.0
new:1.6931471805599454
duo:2.09861228866811
dock:2.386294361119891
processor:2.6094379124341005
heres:1.6931471805599454
well:1.0
folks:1.0
thought:1.0
answer:1.6931471805599454
struck:1.0
flat:1.0
face:1.0
would:1.0
apple:2.386294361119891
release:1.0
people:1.0
hounded:1.0
notebook:1.6931471805599454
68040:1.0
cant:1.0
deliver:1.0
right:1.0
040:2.09861228866811
saps:1.0
much:1.6931471805599454
power:2.09861228866811
radiates:1.0
far:1.0
heat:1.0
large:1.0
one:1.6931471805599454
get:1.0
around:1.0
without:1.0
designing:1.0
chipset:1.0
use:1.6931471805599454
existing:1.0
powerbook:1.0
technology:1.0
best:1.6931471805599454
advantage:1.0
gives:1.0
unique:1.0
ability:1.0
give:1.0
users:1.0
semi-portable:1.0
fashion:1.0
plunking:1.0
youve:1.0
got:1.0
quadra:1.0
desk:1.0
road:1.0
33mhz:1.0
68030:1.0
able:1.6931471805599454
handle:1.0
needs:1.0
okay:1.6931471805599454
solution:1.0
no-win:1.0
situation:1.0
mean:1.0
powerbooks:1.0
parallel:1.0
docks:1.0
getting:1.0
really:1.0
hypothetical:1.0
macgames:2.09861228866811
digest:2.09861228866811
1:1.0
source:1.0
information:1.6931471805599454
contributing:1.0
editor:1.0
news:1.0
reviews:1.0
gaming:1.6931471805599454
software:1.0
industry:1.0
macintosh:1.0
community:1.0
reply:1.0
