eapu174:1.6931471805599454
orion.oac.uci.edu:1.6931471805599454
wayne:1.6931471805599454
chen:1.6931471805599454
subject:1.0
disappointed:1.0
la:1.0
cie:1.0
article:1.0
2bc1f81d.20078:1.0
news.service.uci.edu:1.0
writes:1.0
industry:1.0
sound:1.0
unfair:1.6931471805599454
someone:1.0
oops:1.0
meant:1.0
fair:1.0
