gsnow:2.09861228866811
clark.edu:1.6931471805599454
gary:2.09861228866811
snow:1.6931471805599454
subject:1.0
cheapest:1.0
mike:1.6931471805599454
centris:1.6931471805599454
article:1.0
summeral.733961443:1.0
rintintin.colorado.edu:1.6931471805599454
summeral:1.0
summerall:1.0
thomas:1.0
g:1.0
writes:1.0
bought:1.0
650:1.0
discovered:1.0
dispointment:1.0
apple:1.0
gotten:1.0
cheap:1.0
include:1.0
anymore:1.0
internal:1.6931471805599454
external:1.0
get:1.6931471805599454
mic:1.0
c650:1.0
cd:1.0
rom:1.0
drive:1.0
uunet:1.0
clark:1.0
