matt_harrop:1.0
magic-bbs.corp.apple.com:1.0
subject:1.0
internal:1.0
scsi:1.6931471805599454
installation:1.0
apple:1.6931471805599454
hd:1.0
sc:1.0
says:1.0
unable:1.0
locate:1.0
suitable:1.0
drive:1.6931471805599454
whats:1.0
wrong:1.0
apples:1.0
hdsc:1.0
format:1.0
hard:1.0
sold:1.0
need:1.0
use:1.0
third:1.0
party:1.0
formater:1.0
like:1.0
drive7:1.0
spoton:1.0
