jmg14:1.6931471805599454
po.cwru.edu:1.6931471805599454
john:2.09861228866811
graham:1.6931471805599454
subject:1.0
new:1.6931471805599454
apple:1.6931471805599454
ergo-mouse:1.0
believe:1.0
order:1.0
get:1.0
innards:1.0
mouse:1.6931471805599454
must:1.0
remove:1.0
label:1.6931471805599454
bottom:1.0
says:1.0
desktop:1.0
bus:1.0
ii:1.0
find:1.0
two:1.6931471805599454
screws:1.6931471805599454
either:1.0
side:1.0
havent:1.0
tried:1.0
yet:1.0
ran:1.0
fingernail:1.0
accross:1.0
divots:1.0
appeared:1.0
assume:1.0
elusive:1.0
question:1.0
cheers:1.0
cleveland:1.0
institute:1.0
music:1.0
brought:1.0
letters:1.0
j:1.0
g:1.0
number:1.0
14:1.0
