durtralp:1.6931471805599454
ux1.isu.edu:1.6931471805599454
ralph:1.6931471805599454
durtschi:1.6931471805599454
subject:1.0
iisi:1.0
clock:2.6094379124341005
upgrade:1.0
hi:1.0
getting:1.0
lot:1.0
requests:1.0
information:1.0
thought:1.0
would:1.0
post:1.0
interested:1.0
parties:1.0
sorry:1.0
length:1.0
increase:1.0
maciisi:1.0
speed:1.0
25mhz:1.0
33mhz:1.0
must:1.6931471805599454
changed:1.0
40mhz:1.6931471805599454
50mhz:1.6931471805599454
64mhz:1.6931471805599454
respectively:1.0
done:1.0
going:1.0
static-free:1.0
work:1.6931471805599454
station:1.0
putting:1.6931471805599454
aluminum:1.0
foil:1.0
1:1.0
open:1.0
si:1.0
lifting:2.6094379124341005
tabs:2.09861228866811
back:2.386294361119891
case:1.0
2:1.0
remove:2.791759469228055
hard:1.0
disk:1.0
disconnecting:1.0
power:2.09861228866811
scsi:1.0
cables:1.0
spreading:2.09861228866811
drive:1.6931471805599454
3:1.0
flopy:1.0
4:1.0
supply:1.6931471805599454
tab:1.0
front:1.0
straight:1.6931471805599454
5:1.0
fan:1.6931471805599454
pressing:1.0
ears:1.0
together:1.6931471805599454
bottom:1.6931471805599454
side:1.6931471805599454
6:1.0
mother:1.0
board:2.791759469228055
left:1.0
right:1.6931471805599454
sliding:1.0
forward:1.0
connectors:1.0
removed:1.0
first:1.0
7:1.0
desolder:1.0
one:1.0
closest:1.0
memory:1.0
modules:1.0
easy:1.0
even:1.0
skilled:1.0
solderer:1.0
8:1.0
get:1.0
ic:1.0
socket:1.0
round:1.0
pins:2.09861228866811
four:2.09861228866811
pushing:1.0
long:1.0
nose:1.0
pliers:1.0
9:1.0
put:1.6931471805599454
holes:1.0
vacated:1.0
solder:1.0
10.insert:1.0
11.put:1.0
large:1.6931471805599454
transistor:1.0
heat:2.09861228866811
sinks:1.0
processor:1.6931471805599454
chip:1.6931471805599454
figure:1.0
way:1.0
hold:1.6931471805599454
syncs:1.6931471805599454
place:1.6931471805599454
made:1.0
simple:1.0
clamp:1.0
inch:1.0
screw:2.09861228866811
hole:1.0
two:1.0
chips:1.0
mount:1.0
using:1.0
insulated:1.0
washers:1.0
cross:1.0
member:1.0
dont:1.0
use:1.0
much:1.0
pressure:1.0
12:1.0
go-for-it:1.0
disclaimer:1.0
procedure:1.6931471805599454
used:1.0
authorized:1.0
anyone:1.0
im:1.0
quite:1.0
sure:1.0
void:1.0
warentee:1.0
bye:1.0
208:1.0
236-3256:1.0
idaho:1.0
state:1.0
university:1.0
email:1.0
