monty:2.386294361119891
roscom:1.6931471805599454
think.com:1.6931471805599454
solomon:1.6931471805599454
subject:1.0
powerbook:1.6931471805599454
170:1.6931471805599454
4/40:1.6931471805599454
fax/data:1.0
modem:1.6931471805599454
available:1.0
thru:1.0
citibanks:1.0
citidollars:1.6931471805599454
catalog:1.0
1995.00:1.0
19.95:1.0
s/h:1.0
500:1.0
2400:1.0
bps:1.6931471805599454
data:1.0
9600:1.0
fax:1.0
send:1.0
po:1.0
box:1.0
2486:1.0
framingham:1.0
01701-0405:1.0
