breedsa:1.6931471805599454
wkuvx1.bitnet:1.6931471805599454
subject:1.0
tempest:1.6931471805599454
cyclone:1.6931471805599454
info:1.6931471805599454
needed:1.0
anyone:1.0
information:1.0
upcoming:1.0
new:1.0
computers:1.0
need:1.0
anything:1.0
would:1.0
greatly:1.0
appreciated:1.0
thanks:1.0
shawn:1.0
