pritchet:1.6931471805599454
cs.scarolina.edu:1.0
ronald:1.0
w:1.0
pritchett:2.09861228866811
subject:1.0
removable:1.6931471805599454
storage:1.0
quadra:1.0
700:1.0
170mb:1.0
hd:1.0
need:1.0
lot:1.0
sound:1.0
sampling:1.0
auditory:1.0
research:1.0
would:1.0
best:1.0
type:1.0
media:1.0
storing:1.0
audio:1.0
clips:1.0
ron:2.09861228866811
say:1.0
im:1.0
lazy:1.0
takes:1.0
time:1.0
lifes:1.0
good:1.0
far:1.0
joe:1.0
walsh:1.0
internet:1.0
ash.cs.scarolina.edu:1.0
fidonet:1.0
1:376/74.0:1.0
