mbeale:1.6931471805599454
groucho.mrc.uidaho.edu:1.0
mark:1.6931471805599454
beale:1.6931471805599454
subject:1.0
quadra:2.09861228866811
acceleration:1.6931471805599454
700:1.0
800:1.0
clock:1.0
anyone:1.0
heard:1.0
anything:1.0
like:1.0
950:1.0
please:1.0
reply:1.0
e-mail:1.0
dont:1.0
get:1.0
news:1.0
often:1.0
thanks:1.0
wallaby.mrc.uidaho.edu:1.0
