iisi:2.386294361119891
owner:1.6931471805599454
subject:1.0
clock:1.6931471805599454
upgrades:1.0
new:1.0
reports:1.0
upgrade:1.0
25:1.0
mhz:1.6931471805599454
33:1.0
failures:1.0
slow:1.0
mac:1.0
itchcy:1.0
soldering:1.0
iron:1.0
