rutijoh1:1.0
chico.acc.iit.edu:1.0
users:1.0
subject:1.0
1024:2.09861228866811
x:2.09861228866811
768:2.09861228866811
video:1.0
q800:1.0
adaptor:1.0
pinouts:1.0
make:1.0
sence:1.0
would:2.09861228866811
4fg:1.6931471805599454
work:2.09861228866811
3fgx:1.6931471805599454
monitor:1.6931471805599454
without:1.0
accucolor:1.0
digital:1.0
controls:1.0
works:1.0
fine:1.0
1024x768:1.0
svga:1.6931471805599454
whats:1.0
deal:1.6931471805599454
anyway:1.0
get:2.09861228866811
14:1.0
28mm:1.0
1024x7:1.0
68:1.0
279:1.0
damark:1.6931471805599454
saing:1.0
probably:1.0
600:1.0
nec:1.0
wont:1.0
maximum:1.0
horizontal:1.0
scan:1.0
rate:1.0
49khz:1.0
driving:1.0
60.24khz:1.6931471805599454
mac:1.6931471805599454
way:1.0
beyond:1.0
tolerance:1.0
speced:1.0
57khz:1.0
going:1.0
5-6:1.0
minimally:1.0
guaranteed:1.0
figure:1.0
doubt:1.0
sync:1.0
like:1.0
things:1.0
pay:1.0
thats:1.0
john:1.0
rutirasiri:1.0
p.s:1.0
wouldnt:1.0
posted:1.0
wasnt:1.0
sure:1.0
