jbailey:1.6931471805599454
world.std.com:1.6931471805599454
jim:1.6931471805599454
bailey:1.6931471805599454
subject:1.0
quadra:1.6931471805599454
900/950:1.0
hades:1.6931471805599454
coos.dartmouth.edu:1.0
brian:1.6931471805599454
v:1.0
hughes:1.0
writes:2.09861228866811
b-clark:1.0
nwu.edu:1.0
clark:1.0
quarda:1.0
900:2.386294361119891
popular:1.0
misspelling:1.0
25:1.0
mhz:1.6931471805599454
040:1.6931471805599454
processor:1.0
950:2.09861228866811
33:1.0
local:1.0
buses:1.0
motherboard:1.0
run:1.6931471805599454
faster:1.0
video:2.386294361119891
different:1.0
also:1.0
13:1.6931471805599454
believe:1.0
16:2.09861228866811
monitor:1.6931471805599454
bit:2.386294361119891
color:2.09861228866811
without:1.0
vram:2.386294361119891
upgrade:1.6931471805599454
actually:1.0
could:1.0
put:1.0
much:1.0
q900:1.0
want:1.0
still:1.0
wont:1.0
able:1.0
get:1.6931471805599454
16-bit:1.6931471805599454
part:1.0
on-board:1.0
q950:1.0
however:1.0
use:1.0
monitors:2.09861228866811
19:1.6931471805599454
2mb:1.0
yes:1.0
24:1.6931471805599454
really:1.0
dont:1.0
care:1.0
point:1.0
box:1.0
capability:1.0
size:1.0
doesnt:1.0
support:1.0
8:1.0
21:1.0
