pritchet:1.6931471805599454
cs.scarolina.edu:1.0
ronald:1.0
w:1.0
pritchett:2.09861228866811
subject:1.0
cd-rom:1.6931471805599454
quadra:1.0
would:1.0
problems:1.0
hooking:1.0
toshiba:1.0
3401:1.0
external:1.0
drive:1.0
700:1.0
ron:2.09861228866811
hey:1.0
jack:1.0
ripper:1.0
wont:1.0
come:1.0
hook:1.0
power:1.0
lines:1.0
love:1.0
jethro:1.0
tull:1.0
internet:1.0
ash.cs.scarolina.edu:1.0
fidonet:1.0
1:376/74.0:1.0
