ulf:2.386294361119891
kirsch.c3consult.comm.se:1.0
lagerstedt:1.6931471805599454
subject:1.0
mouse:2.09861228866811
bottom:1.0
drawer:1.0
found:1.0
old:1.0
db-9:1.0
9-pin:1.0
plug:1.0
assume:1.0
belonged:1.0
deceased:1.0
plus:1.0
something:1.0
could:1.0
simple:1.0
modification:1.0
turn:1.0
proper:1.0
adb:1.0
reply:1.0
mail:1.0
preferably:1.0
thanks:1.0
communicator:1.0
c3consult:1.0
sweden:1.0
c3consult.comm.se:1.0
