egaillou:1.0
etu.gel.ulaval.ca:1.0
eric:1.0
gailloux:1.0
subject:1.0
stylewriter:1.0
ii:1.0
question:1.0
read:1.0
article:1.6931471805599454
swii:1.6931471805599454
one:1.0
thing:1.0
puzzles:1.0
says:1.0
serial-only:1.0
device:1.0
mean:1.0
ill:1.0
unplug:1.0
modem:1.0
time:1.0
want:1.0
print:1.0
something:1.0
