jbailey:1.6931471805599454
world.std.com:1.6931471805599454
jim:2.791759469228055
bailey:1.6931471805599454
subject:1.0
quadra:1.0
900/950:1.0
differences:1.6931471805599454
jagubox.gsfc.nasa.gov:1.6931471805599454
jagielski:1.6931471805599454
writes:2.09861228866811
rdk2:1.6931471805599454
cec2.wustl.edu:1.6931471805599454
robert:1.6931471805599454
david:1.0
klapper:1.6931471805599454
also:1.0
believe:1.0
950:1.6931471805599454
fixed:1.6931471805599454
bug:1.6931471805599454
cpu:1.6931471805599454
screwed:1.0
floating:1.6931471805599454
point:1.6931471805599454
calculations:1.6931471805599454
washington:1.0
university:1.0
st:1.0
louis:1.0
lubarskys:1.0
law:1.0
cybernetic:1.0
entomology:1.0
theres:1.0
always:1.0
one:1.0
someone:1.0
definite:1.0
information:1.0
first:1.0
ive:1.0
heard:1.0
get:1.0
hardware:1.0
upgrade:1.0
doesnt:1.0
make:1.0
much:1.0
sense:1.0
lets:1.0
see:1.6931471805599454
900:1.0
basically:1.0
1:1.0
runs:1.0
33mhz:1.0
25mhz:1.6931471805599454
2:1.0
i/o:1.0
bus:1.0
16mhz:1.0
3:1.6931471805599454
upgraded:1.0
graphics:1.0
controller:1.0
4:1.0
results:1.0
q950:1.0
requiring:1.0
80ns:1.0
vram:1.0
100ns:1.0
5:1.0
rom:1.0
fixes:1.0
rounding:1.0
errors:1.0
15th:1.0
digit:1.0
patch:1.0
roms:1.0
latest:1.0
os:1.0
version:1.0
dont:1.0
problem:1.0
b:1.0
ethernet:1.0
problems:1.0
16:1.0
buffers:1.0
doubt:1.0
person:1.0
refering:1.0
5a:1.0
hardly:1.0
screwing:1.0
though:1.0
hes:1.0
gon:1.0
na:1.0
stiff:1.0
say:1.0
hey:1.0
lama:1.0
something:1.0
nasa/gsfc:1.0
code:1.0
734.4:1.0
know:1.0
effort:1.0
greenbelt:1.0
md:1.0
20771:1.0
