subject:1.0
lcd:1.6931471805599454
overhead:1.6931471805599454
projectors:1.0
jan:2.791759469228055
camhpp12.mdcbbs.com:1.0
vandenbrande:1.6931471805599454
looking:1.0
one:1.0
color:1.0
screens:1.0
place:1.0
projector:1.0
control:1.0
presentation:1.0
mac:1.0
recommend:1.0
particular:1.0
brand:1.0
price:1.0
talking:1.0
thanks:1.0
ug.eds.com:1.0
new:1.0
address:1.6931471805599454
lipari.usc.edu:1.0
school:1.0
forwards:1.0
uucp:1.0
uunet:1.0
uupsi:1.0
ug:1.0
