mbuntan:1.0
staff.tc.umn.edu:1.0
subject:1.0
get:1.6931471805599454
cheapest:1.6931471805599454
price:1.6931471805599454
hi:1.0
anyone:1.0
know:1.0
teleport:1.0
gold:1.0
fax:1.0
modem:1.0
global:1.0
village:1.0
answer:1.0
highly:1.0
appreciated:1.0
thanks:1.0
advance:1.0
regards:1.0
thian:1.0
