sml:1.0
eniac.seas.upenn.edu:1.0
steven:1.0
labovitz:1.6931471805599454
subject:1.0
accelerator:2.09861228866811
se:2.09861228866811
interested:1.0
peoples:1.0
experience:1.0
accelerators:1.0
best:1.0
route:1.0
improve:1.0
performace:1.0
consider:1.0
upgrading:1.0
se/30:1.0
motherboard:1.6931471805599454
obviously:1.0
buying:1.0
new:1.0
mac:1.0
would:1.0
ideal:1.0
alas:1.0
enough:1.0
money:1.0
e-mail:1.0
reply:1.0
preferred:1.0
thanks:1.0
steve:1.0
dept:1.0
materials:1.0
science:1.0
engineering:1.0
u:1.0
penn:1.0
