hulthage:1.6931471805599454
morue.usc.edu:1.0
ingemar:1.0
subject:1.0
dead:1.0
mouse:1.6931471805599454
macclassic:1.0
died:1.0
dissected:1.0
determined:1.0
microswitch:1.6931471805599454
senses:1.0
click:1.0
stuck:1.0
depressed:1.0
mode:1.0
tragedy:1.0
prompts:1.0
following:1.0
questions:1.0
1.is:1.0
easy:1.0
find:1.0
could:1.0
solder:1.0
place:1.0
old:1.6931471805599454
switch:1.0
2.i:1.0
mice:1.0
max:1.0
mac:1.0
512ke:1.0
used:1.0
adapter:1.0
