ado:1.0
quince.bbn.com:1.0
buz:1.0
owen:1.0
subject:1.0
performa:1.6931471805599454
450:1.6931471805599454
internal:2.09861228866811
modem:2.386294361119891
hear:1.0
really:1.0
lciii:1.6931471805599454
part:1.0
obtained:1.0
installed:1.0
would:1.0
nice:1.0
actually:1.0
powerbook:1.0
might:1.0
much:1.0
hope:1.0
