jartsu:2.09861228866811
hut.fi:1.0
subject:1.0
best:1.6931471805599454
frontplate:1.6931471805599454
syquest:1.6931471805599454
iivi/iivx/c650:1.6931471805599454
could:1.0
someone:1.0
tell:1.0
make/find/get:1.0
internal:1.0
drive:1.0
one:2.09861228866811
available:1.0
make:1.0
original:1.0
cd-rom:1.0
scratch:1.0
every:1.0
suggestion:1.0
welcome:1.0
