jim:2.791759469228055
jagubox.gsfc.nasa.gov:2.09861228866811
jagielski:2.09861228866811
subject:1.0
quadra:1.0
scsi:1.0
problems:1.0
writes:1.0
heck:1.0
true:1.0
aps:1.0
info:1.0
since:1.0
get:1.0
formatter:1.0
apollyonics:1.0
havent:1.0
help:1.0
actually:1.0
transoft:1.0
thats:1.0
meant:1.0
hes:1.0
gon:1.0
na:1.0
stiff:1.0
say:1.0
hey:1.0
lama:1.0
something:1.0
nasa/gsfc:1.0
code:1.0
734.4:1.0
know:1.0
effort:1.0
greenbelt:1.0
md:1.0
20771:1.0
