ldo:1.6931471805599454
waikato.ac.nz:2.09861228866811
lawrence:1.6931471805599454
doliveiro:1.6931471805599454
waikato:1.6931471805599454
university:1.6931471805599454
subject:1.0
interesting:1.0
adb:2.386294361119891
behaviour:1.0
c650:1.0
article:1.0
1993apr15.181440.15490:1.0
said:1.0
know:1.0
plugging:1.6931471805599454
unplugging:1.6931471805599454
devices:2.09861228866811
power:1.6931471805599454
supported:1.0
hit:1.0
problems:1.0
multiple:1.0
clashing:1.0
addresses:1.0
ive:1.0
couple:1.6931471805599454
e-mail:1.0
responses:1.0
people:1.0
seem:1.0
believe:1.0
sort:1.0
thing:1.0
unsupported:1.0
downright:1.0
dangerous:1.0
heard:1.0
warnings:1.0
anybody:1.0
apple:1.0
sure:1.0
asked:1.0
technicians:1.0
one:1.0
servicing:1.0
macs:1.0
years:1.0
danger:1.0
damaging:1.0
logic:1.0
boards:1.0
scsi:1.0
yes:1.0
fone:1.0
64-7-856-2889:1.0
computer:1.0
services:1.0
dept:1.0
fax:1.0
64-7-838-4066:1.0
electric:1.0
mail:1.0
hamilton:1.0
new:1.0
zealand:1.0
37:1.0
47:1.0
26:1.0
175:1.0
19:1.0
7:1.0
e:1.0
gmt+12:00:1.0
