isaaci:1.0
ccsg.tau.ac.il:1.0
barash:1.0
isaac:1.0
subject:1.0
spigot:2.386294361119891
lc:2.6094379124341005
iii:2.09861228866811
friend:1.0
mine:1.0
problems:1.0
running:1.0
configuration:1.0
system:1.0
7.1:1.0
video:1.0
extension:1.0
1.0:1.0
would:1.0
appriciate:1.0
get:1.0
postitive/negative:1.0
experience:1.0
setup:1.0
thanks:1.0
amir:1.0
