michael:1.6931471805599454
robert:1.0
peck:1.0
mp5j:1.0
andrew.cmu.edu:1.0
subject:1.0
800x600:1.0
video:2.09861228866811
iici:1.6931471805599454
need:1.0
able:1.0
run:1.0
nec:1.0
3fgx:1.0
800x:1.0
600:1.0
mode:1.0
done:1.0
right:1.0
card:1.6931471805599454
