hew:1.0
guvax.acc.georgetown.edu:1.0
subject:1.0
monitor:1.0
shut-down:1.0
13:1.6931471805599454
hi-res:1.6931471805599454
defect:1.0
monitors:1.0
bring:1.0
dealer:1.0
replace:1.0
flyback:1.0
free:1.6931471805599454
think:1.0
heard:1.0
problem:1.0
work:1.0
today:1.0
fixing:1.0
r:1.6931471805599454
