narlochn:1.0
kirk.msoe.edu:1.0
subject:1.0
general:1.0
questions:1.6931471805599454
two:1.0
1:1.0
would:1.6931471805599454
required:1.0
create:1.6931471805599454
macintosh:1.0
pc:1.0
network:1.6931471805599454
including:1.0
laser:1.6931471805599454
printers:1.6931471805599454
line:1.0
etc:1.0
2:1.0
bare:1.0
minimum:1.0
primary:1.0
purpose:1.0
networking:1.0
printer:1.0
approx:1.0
3:1.0
macs:1.0
