subject:1.0
68lc040:1.0
vs:1.0
68rc040:1.0
centris:2.09861228866811
650:2.386294361119891
bruce:1.6931471805599454
hoult.actrix.gen.nz:1.0
hoult:1.0
zack:1.0
smith:1.0
writes:1.6931471805599454
konpej:1.0
eua.ericsson.se:1.0
per:1.6931471805599454
ejeklint:1.6931471805599454
hm:1.0
maybe:1.0
im:1.0
missing:1.6931471805599454
something:1.0
040:1.0
fpu:2.6094379124341005
least:1.0
ones:1.0
shipped:1.6931471805599454
europe:1.6931471805599454
indeed:1.0
4/80:1.6931471805599454
model:1.0
definitely:1.0
one:1.0
know:1.6931471805599454
hes:1.0
anything:1.0
youre:1.0
right:1.6931471805599454
models:1.0
ship:1.0
usa:1.0
without:1.0
ethernet:2.09861228866811
also:1.0
repeat:1.0
650s:1.0
sold:1.0
new:1.0
zealand:1.0
assume:1.0
bought:1.0
