mirsky:2.386294361119891
hal.gnu.ai.mit.edu:1.0
david:1.6931471805599454
joshua:1.0
subject:1.0
lciii:2.09861228866811
powerpc:1.6931471805599454
hi:1.0
recently:1.0
heard:2.09861228866811
interesting:1.0
rumor:1.0
built:1.0
slot:2.09861228866811
chip:1.0
true:1.6931471805599454
pds:1.0
thanks:1.0
gnu.ai.mit.edu:1.0
