john.m.chung:1.0
dartmouth.edu:1.0
john:1.6931471805599454
chung:1.0
subject:1.0
powervision:1.6931471805599454
pbs:1.0
hi:1.0
im:1.0
market:1.0
internal:1.0
color:1.0
video:1.0
adaptor:1.6931471805599454
pb:1.0
145:1.0
wondering:1.0
anyone:1.0
used:1.0
made:1.0
mirror:1.0
tell:1.0
feel:1.0
speed:1.0
compatability:1.0
might:1.0
also:1.0
interested:1.0
boards:1.0
envisio:1.0
etc:1.0
board:1.0
please:1.0
e-mail:1.0
opinion:1.0
thanks:1.0
advance:1.0
