josip:2.09861228866811
eng.umd.edu:1.0
loncaric:1.6931471805599454
subject:1.0
duo:1.0
230:1.0
crashes:1.0
aftersleep:1.0
looks:1.0
like:1.0
apple:1.6931471805599454
bug:1.0
type:1.0
problem:1.6931471805599454
one:1.0
point:1.0
rep:1.0
told:1.0
duos:1.0
system:1.0
enabler:1.0
file:1.0
version:1.0
1.0.1:1.0
fixes:1.0
kind:1.0
sleep-related:1.0
may:1.0
want:1.0
investigate:1.0
