klepa:1.0
leotech.mv.com:1.0
kristen:1.6931471805599454
lepa:1.0
subject:1.0
new:1.0
duo:1.0
dock:1.0
process:1.0
seth:1.6931471805599454
fail:1.0
see:1.0
advantage:1.0
whatsoever:1.0
kind:1.0
set-up:1.0
dumb:1.0
idea:1.0
dont:1.0
buy:1.0
one:1.0
copy:1.0
freddie:1.0
1.2.5:1.0
evaluated:1.0
origin:1.0
leo:1.0
technology:1.0
603:1.0
432-2517/432-0922:1.0
hst/v32:1.0
1:132/189:1.0
