drlovemd:1.0
jhuvms.hcf.jhu.edu:1.0
steve:1.6931471805599454
liu:1.0
subject:1.0
current:1.0
rom:1.6931471805599454
version:1.0
shipping:1.0
syquest:1.0
drives:1.0
title:1.0
says:1.0
need:1.0
know:1.0
44:1.0
88:1.0
88c:1.0
versions:1.0
