mori:2.09861228866811
volga.mfd.cs.fujitsu.co.jp:1.6931471805599454
tsuyoshi:1.0
subject:1.0
want:1.0
use:2.09861228866811
deskjet:2.6094379124341005
system7:2.386294361119891
used:1.0
hp:1.0
orange:1.0
micros:1.0
grappler:1.6931471805599454
ls:1.6931471805599454
system6.0.5:1.0
update:1.0
system:1.0
6.0.5:1.0
kanji-talk:1.0
7.1:1.0
print:1.0
old:1.0
please:1.0
tell:1.0
thank:1.0
japan:1.0
