c604223:1.0
mizzou1.missouri.edu:1.0
cho:1.0
chuen:1.0
wong:1.0
subject:1.0
performa:1.6931471805599454
plus:1.6931471805599454
monitor:1.6931471805599454
would:1.0
like:1.0
know:1.0
compatible:1.0
apple:1.0
14in:1.0
color:1.0
display:1.0
vga:1.0
moniro:1.0
help:1.0
appreciate:1.0
