acm108:1.0
psuvm.psu.edu:1.0
subject:1.0
daystar:1.0
turbo:1.0
040:1.6931471805599454
opinions:1.0
im:1.0
thinking:1.0
upgrading:1.0
030:1.0
50mhz:1.6931471805599454
33version:1.0
anyone:1.0
experience:1.0
accelerator:1.0
think:1.0
problems:1.0
speedometer:1.0
results:1.0
much:1.0
faster:1.0
basically:1.0
id:1.0
appreciate:1.0
hearing:1.0
product:1.0
please:1.0
respond:1.0
via:1.0
email:1.0
ill:1.0
summarize:1.0
theres:1.0
big:1.0
response:1.0
thanks:1.0
advance:1.0
andrew:1.0
