lreiter:1.6931471805599454
jade.tufts.edu:1.6931471805599454
lowell:2.09861228866811
b:1.0
reiter:1.6931471805599454
subject:1.0
duo:1.0
230:1.0
crashes:1.6931471805599454
aftersleep:1.0
looks:1.0
like:1.0
apple:1.0
bug:1.0
mysstem:1.0
aftwer:1.0
sleepp:1.0
use:1.6931471805599454
1.0.1:1.0
enabler:1.0
appletalk:1.0
filesharing:1.0
expressmodem:1.0
need:1.0
vacation:1.0
tufts:1.0
university:1.0
internet:1.0
account:1.0
