gene:2.6094379124341005
jackatak.raider.net:2.09861228866811
wright:2.09861228866811
subject:1.0
mac:1.6931471805599454
portable:1.6931471805599454
internal:1.6931471805599454
fax:1.6931471805599454
modems:1.0
anyone:1.0
know:1.6931471805599454
still:1.0
get:1.0
modem:1.0
original:1.0
made:1.0
several:1.0
manufacturers:1.0
cant:1.0
find:1.0
thanks:1.0
help:1.0
615:1.0
377-5980:1.0
