wlyle:1.0
sju.edu:1.0
wayne:2.09861228866811
lyle:2.09861228866811
subject:1.0
driver:1.6931471805599454
dataframe:1.6931471805599454
xp60+b:1.6931471805599454
need:1.0
bernoulli:1.0
cartridge:1.0
hard:1.0
disk:1.0
system:1.0
got:1.0
fried:1.0
havent:1.0
able:1.0
locate:1.0
original:1.0
disks:1.0
anyone:1.0
know:1.6931471805599454
get:1.0
please:1.0
let:1.0
via:1.0
e-mail:1.0
thanks:1.0
advance:1.0
j:1.0
dilworth:1.0
paxson:1.0
kalish:1.0
kauffman:1.0
philadelphia:1.0
pa:1.0
19109:1.0
