billd:2.09861228866811
informix.com:1.6931471805599454
william:1.6931471805599454
daul:1.6931471805599454
subject:1.0
toshiba:1.6931471805599454
3401:1.6931471805599454
e:1.6931471805599454
p:2.09861228866811
cd-rom:1.0
notice:1.0
3:1.0
versions:1.0
b:1.0
internal:1.0
external:1.6931471805599454
portable:1.6931471805599454
anyone:1.0
tell:1.0
difference:1.0
version:1.0
sf:1.0
bay:1.0
area:1.0
find:1.0
model:1.0
thanks:1.0
bill:1.0
advanced:1.0
support:1.0
informix:1.0
software:1.0
inc:1.0
4100:1.0
bohannon:1.0
dr:1.0
415:1.0
926-6488:1.0
wk:1.0
menlo:1.0
park:1.0
ca:1.0
94025:1.0
uunet:1.0
infmx:1.0
