rogoschp:1.0
max.cc.uregina.ca:1.0
fun:1.0
yet:1.0
subject:1.0
vga:2.09861228866811
monitors:2.09861228866811
mac:2.386294361119891
lc:2.6094379124341005
series:1.0
computers:1.0
recall:1.0
reading:1.0
presumably:1.0
ii:1.0
iii:1.0
use:1.0
stand:1.0
ard:1.0
appropriate:1.0
cable:1.0
adapters:1.0
uncertain:1.0
sinc:1.0
e:1.0
asked:1.0
people:1.0
say:1.0
used:1.0
specs:1.0
needed:1.0
pc:1.0
monitor:1.0
work:1.0
horizontal:1.0
nad:1.0
vertical:1.0
frequencies:1.0
