thomas_n.a._krebs:1.0
mcontent.apana.org.au:1.0
subject:1.0
lc:1.6931471805599454
ram:1.0
upgrade:1.0
slow:1.0
yes:1.0
saying:1.0
absolutey:1.0
true:1.0
fail:1.0
mention:1.0
fact:1.0
lciii:1.0
uses:1.0
new:1.0
72:1.0
pin:1.0
simms:1.0
allow:1.0
32:1.6931471805599454
bit:1.0
access:1.0
simm:1.6931471805599454
case:1.0
iii:1.0
one:1.0
slot:1.0
accesses:1.0
bits:1.0
wides:1.0
views:1.0
expressed:1.0
posting:1.0
individual:1.0
author:1.0
bbs:1.6931471805599454
number:1.0
613:1.0
848-1346:1.0
maccontent:1.0
victoria’s:1.0
first:1.0
iconic:1.0
