matthew_j._wilson:1.0
mcontent.apana.org.au:1.0
subject:1.0
colour:1.0
card:1.6931471805599454
lc:1.6931471805599454
wouldany:1.0
one:1.0
know:1.0
afair:1.0
price:1.0
color:1.0
aussie:1.0
dollars:1.0
wondering:1.0
views:1.0
expressed:1.0
posting:1.0
individual:1.0
author:1.0
bbs:1.6931471805599454
number:1.0
613:1.0
848-1346:1.0
maccontent:1.0
victoria’s:1.0
first:1.0
iconic:1.0
