feilimau:1.6931471805599454
leland.stanford.edu:1.6931471805599454
christopher:1.0
yale:1.0
lin:1.6931471805599454
subject:1.0
mac:1.6931471805599454
iisi:1.6931471805599454
power:2.09861228866811
limitations:1.6931471805599454
considering:1.0
upgrades:1.0
cards:1.0
hard:1.6931471805599454
drive:1.6931471805599454
etc:1.0
tell:1.6931471805599454
1:1.0
pds:1.0
slot:1.0
2:1.0
feed:1.0
secondly:1.0
separate:1.0
limit:1.6931471805599454
instead:1.0
single:1.0
combined:1.0
felix:1.0
new:1.0
reader:1.0
comp.sys.mac.hardware:1.0
