kiran:2.09861228866811
village.com:1.0
wagle:1.0
subject:1.0
replacing:1.0
internal:1.6931471805599454
fdhd:1.0
w:1.0
floptical:2.09861228866811
hi:1.0
iisi:1.0
floppy:1.0
drive:1.6931471805599454
might:1.6931471805599454
bad:1.0
alignment:1.0
havent:1.0
checked:1.0
yet:1.0
easily:1.6931471805599454
reparable:1.0
id:1.0
like:1.0
replace:1.0
done:1.6931471805599454
im:1.0
assuming:1.0
drives:1.0
read:1.0
write:1.0
800k:1.0
1.4k:1.0
floppies:1.0
fact:1.0
true:1.0
please:1.0
tell:1.0
thanks:1.0
advance:1.0
