rbpj4h:1.0
rohvm1.rohmhaas.com:1.0
subject:1.0
wanted:1.0
120m:1.6931471805599454
hard:1.6931471805599454
drive:1.6931471805599454
market:1.0
iisi:1.0
5/80:1.0
almost:1.0
filled:1.0
anyone:1.6931471805599454
selling:1.0
hds:1.0
mac:1.0
cheap:1.0
get:1.0
one:1.0
mail:1.0
order:1.0
best:1.6931471805599454
place:1.0
buy:1.0
prices:1.0
net:1.0
newsgroup:1.0
sells:1.0
wholesale:1.0
cheaper:1.0
info:1.0
would:1.0
appreciated:1.0
thanks:1.0
