rogntorb:1.6931471805599454
idt.unit.no:1.6931471805599454
torbj|rn:1.6931471805599454
rognes:1.6931471805599454
subject:1.0
adding:1.0
int:1.0
hard:2.6094379124341005
disk:3.3978952727983707
drive:2.6094379124341005
iicx:2.09861228866811
havent:1.0
seen:1.0
much:1.0
info:1.0
add:1.0
extra:2.09861228866811
internal:2.09861228866811
mac:1.6931471805599454
would:2.09861228866811
like:1.6931471805599454
try:1.0
wonder:1.0
someone:1.0
good:1.0
advice:1.0
original:1.0
quantum:1.0
40mb:1.6931471805599454
unusable:1.0
floppy:2.386294361119891
also:1.6931471805599454
new:2.09861228866811
spare:1.0
connor:1.0
use:1.6931471805599454
idea:1.0
replace:1.0
broken:1.0
seems:1.0
problems:1.0
scsi:1.6931471805599454
cable:2.386294361119891
power:2.09861228866811
inside:1.0
cx:1.0
connectors:1.6931471805599454
one:1.6931471805599454
single:1.0
made:1.0
ribbon:1.0
three:1.0
1:2.09861228866811
motherboard:1.6931471805599454
2:1.0
disks:1.0
work:1.0
able:1.0
supply:1.0
terminators:1.0
suppose:1.0
remove:1.6931471805599454
resistor:1.0
packs:1.0
closest:1.0
leave:1.0
installed:1.0
id:2.09861228866811
jumpers:1.0
changed:1.0
gets:1.0
old:1.0
0:1.0
problem:1.0
us:1.0
external:1.0
wont:1.0
boot:1.0
thank:1.0
email:1.0
