csp1dwd:1.6931471805599454
mvs.oac.ucla.edu:1.0
subject:1.0
get:1.0
640:1.0
x:1.0
480:1.0
13:1.0
monitor:1.0
article:1.0
carsona.734880998:1.0
sfu.ca:1.0
carsona:1.0
fraser.sfu.ca:1.0
debra:1.0
carson:1.0
writes:1.0
would:1.0
virtual:1.0
screen:1.0
larger:1.0
size:1.0
use:1.0
using:1.0
stepping:1.6931471805599454
v:1.0
time:1.0
still:1.0
working:1.0
powerbook:1.0
system:1.0
7.1:1.0
minor:1.0
problem:1.0
menubar:1.0
icons:1.0
right:1.0
edge:1.0
whats:1.0
latest:1.0
version:1.0
works:1.0
ok:1.0
s7.1:1.0
denis:1.0
