smith:2.09861228866811
pell.anu.edu.au:1.6931471805599454
michael:1.6931471805599454
subject:1.0
desktop:1.6931471805599454
rebuild:1.0
datadesk:1.6931471805599454
keyboard:1.6931471805599454
mac:1.0
101e:1.0
similar:1.0
problems:1.0
found:1.0
holding:1.0
right-hand:1.6931471805599454
shift:1.6931471805599454
key:1.6931471805599454
startup:1.0
work:1.0
disable:1.0
extensions:1.0
left-hand:1.0
wont:1.0
unfortunate:1.0
since:1.0
left:1.0
one:1.6931471805599454
instinctively:1.0
reach:1.0
similarly:1.0
trained:1.0
hold:1.0
pair:1.0
command-option:1.0
rebuilds:1.0
irritating:1.0
cheers:1.0
michael-smith:1.0
mathematics:1.0
research:1.0
section:1.0
australian-national-university:1.0
