young:2.386294361119891
is.s.u-tokyo.ac.jp:1.6931471805599454
shio:1.0
hong:1.0
subject:1.0
looking:1.6931471805599454
free/share:1.0
wares:1.0
hi:1.0
ftp:1.6931471805599454
sites:1.6931471805599454
freewares:1.0
sharewares:1.0
mac:1.0
help:1.0
lot:1.0
driver:1.0
source:1.0
codes:1.0
information:1.0
appreciated:1.0
thanks:1.0
advance:1.0
dept:1.0
info:1.0
sc:1.0
univ:1.0
tokyo:1.0
email:1.0
