hades:1.6931471805599454
coos.dartmouth.edu:1.0
brian:1.0
v:1.0
hughes:1.0
subject:1.0
lc:2.386294361119891
iii:2.09861228866811
nubus:2.386294361119891
capable:1.0
mmiller:1.0
garnet.msen.com:1.0
marvin:1.0
miller:1.0
writes:1.0
friend:1.0
recently:1.0
purchased:1.0
wants:1.0
know:1.0
demon:1.0
called:1.0
adapter:1.0
pds:1.6931471805599454
slot:1.0
compusa:1.0
computercity:1.0
supercenter:1.0
says:1.0
dont:1.0
carry:1.0
mean:1.0
incapable:1.0
carrying:1.0
board:1.0
yes:1.0
exactly:1.0
means:1.0
family:1.0
macs:1.0
use:1.6931471805599454
cards:1.0
able:1.0
