hades:1.6931471805599454
coos.dartmouth.edu:1.0
brian:1.0
v:1.0
hughes:1.0
subject:1.0
lciii:2.09861228866811
powerpc:2.09861228866811
mirsky:1.6931471805599454
hal.gnu.ai.mit.edu:1.0
david:1.0
joshua:1.0
writes:1.0
hi:1.0
recently:1.0
heard:2.09861228866811
interesting:1.0
rumor:1.0
built:1.0
slot:2.386294361119891
chip:1.0
true:1.6931471805599454
pds:1.0
dont:1.0
believe:1.0
hype:1.0
thing:1.0
