donovan:2.386294361119891
bnr.ca:1.6931471805599454
marc:2.09861228866811
subject:1.0
want:1.0
use:2.6094379124341005
deskjet:2.791759469228055
system7:2.791759469228055
article:1.0
mori.93apr16133900:1.0
ceres.mfd.cs.fujitsu.co.jp:1.0
mori:2.09861228866811
volga.mfd.cs.fujitsu.co.jp:1.6931471805599454
tsuyoshi:1.0
writes:1.0
used:1.0
hp:2.09861228866811
orange:1.6931471805599454
micros:1.0
grappler:2.386294361119891
ls:2.386294361119891
system6.0.5:1.0
update:1.0
system:1.0
6.0.5:1.0
kanji-talk:1.0
7.1:1.0
print:2.09861228866811
old:1.0
please:1.0
tell:1.0
thank:1.0
japan:1.0
currently:1.0
ver:1.6931471805599454
1.0:1.0
works:1.6931471805599454
course:1.0
swa:1.6931471805599454
dutch:1.0
swiss:1.0
fonts:1.0
came:1.0
due:1.0
4x:1.0
size:1.0
requirement:1.0
ie:1.0
must:1.0
40pnt:1.0
definition:1.0
10pnt:1.0
font:1.0
upgraded:1.0
talked:1.0
micro:1.0
state:1.0
1.2:1.0
definitely:1.0
however:1.0
upgrade:1.0
us:1.0
40:1.0
passed:1.0
hope:1.0
helps:1.0
voice:1.0
613:1.6931471805599454
765-2868:1.0
fax:1.0
763-9250:1.0
disclaimer:1.0
one:1.0
responsible:1.0
opinions:1.0
