rodc:1.6931471805599454
fc.hp.com:1.6931471805599454
rod:2.09861228866811
cerkoney:2.09861228866811
subject:1.0
g4qxf:1.0
fekvh6:1.0
regards:1.0
ms:1.0
37:1.0
email:1.0
hewlett:1.0
packard:1.0
3404:1.0
east:1.0
harmony:1.0
rd:1.0
hpdesk:1.0
fort:1.0
collins:1.0
co:1.0
80525:1.0
hp4000/ux:1.0
