chen:1.6931471805599454
nuclear.med.bcm.tmc.edu:1.0
chenlin:1.0
subject:1.0
get:1.0
640:1.0
x:1.0
480:1.0
13:1.0
monitor:1.6931471805599454
try:1.0
maxapplezoom:1.0
shareware:1.0
init:1.0
driven:1.0
internal:1.0
video:1.0
