erics:2.09861228866811
netcom.com:1.6931471805599454
eric:1.6931471805599454
smith:1.6931471805599454
subject:1.0
pb100:2.09861228866811
memory:1.6931471805599454
upgrade:2.09861228866811
jeffe:1.0
eniac.seas.upenn.edu:1.0
george:1.0
writes:1.0
use:2.09861228866811
different:1.6931471805599454
newer:1.0
models:1.0
looking:1.0
buy:1.0
2mb:1.6931471805599454
need:1.0
know:1.0
powerbooks:1.6931471805599454
card:1.0
think:1.0
2:1.0
meg:2.09861228866811
4:1.0
6:1.0
upgrades:1.0
pbs:1.0
infoserv.com:1.0
ci:1.0
70262,3610:1.0
