rsnyder:1.0
nyx.cs.du.edu:1.0
russ:1.0
snyder:1.0
subject:1.0
performa:1.6931471805599454
450:1.6931471805599454
internal:2.09861228866811
modem:2.6094379124341005
article:1.0
lsrk94innr2s:1.0
news.bbn.com:1.0
ado:1.0
quince.bbn.com:1.0
buz:1.0
owen:1.0
writes:1.0
hear:1.0
really:1.0
lciii:1.6931471805599454
part:1.0
obtained:1.0
installed:1.0
would:1.0
nice:1.0
actually:1.0
powerbook:1.0
might:1.0
much:1.0
hope:1.0
believe:1.0
misinformed:1.0
checked:1.0
one:1.0
p450s:1.0
sears:1.0
last:1.0
week:1.0
external:1.0
2400bps:1.0
data:1.0
send-only:1.0
fax:1.0
