noah:2.6094379124341005
apple.com:1.6931471805599454
price:1.0
subject:1.0
long:1.0
ram:1.0
simms:1.0
last:1.0
article:1.0
1993apr11.234818.1755:1.0
ultb.isc.rit.edu:1.6931471805599454
jek5036:1.0
j.e:1.0
king:1.0
wrote:1.0
doesnt:1.0
1:1.0
mb:1.0
simm:1.0
1024:1.6931471805599454
8:1.0
moving:1.0
flip-flops:1.0
dont:1.0
move:1.0
anybody:1.0
much:1.0
bigger:1.0
electron:1.0
macintosh:1.0
hardware:1.0
design:1.0
sun:1.0
decwrl:1.0
apple:1.6931471805599454
opinions:1.0
computer:1.0
inc:1.0
