lriggins:1.6931471805599454
afit.af.mil:1.6931471805599454
l:1.0
maurice:1.6931471805599454
riggins:1.0
subject:1.0
lciii:1.6931471805599454
cache:1.6931471805599454
card:1.6931471805599454
anyone:1.0
seen:1.0
press:1.0
releases:1.0
heard:1.0
rumors:1.0
full:1.0
data:1.0
bus:1.0
width:1.0
pds:1.0
slot:1.0
internet:1.0
