jmilhoan:1.0
magnus.acs.ohio-state.edu:1.0
jt:1.0
subject:1.0
help:1.0
need:1.0
modem:2.09861228866811
info:1.0
duo:1.6931471805599454
210:1.0
hi:1.0
alternatives:1.0
express:1.0
owners:1.0
want:1.6931471805599454
go:1.0
least:1.0
9600:1.0
baud:1.6931471805599454
every:1.0
place:1.0
town:1.0
says:1.0
back:1.0
ordered:1.0
part:1.0
reason:1.0
laptop:1.0
mac:1.0
use:1.0
remote:1.0
terminal:1.0
wherever:1.0
really:1.0
would:1.0
hate:1.0
wait:1.0
2:1.0
months:1.0
get:1.0
settle:1.0
2400:1.0
thank:1.0
