root:1.0
ncube.com:1.6931471805599454
operator:1.0
subject:1.0
accelaratores:2.09861228866811
make:1.0
lot:1.0
difference:1.0
understand:1.0
graphics:1.6931471805599454
cpu:1.0
accelaration:1.0
accelarator:1.0
help:1.0
scanner:1.0
photo:1.0
shop:1.0
combination:1.0
practical:1.0
mac:1.0
iici:1.0
kinds:1.0
use:1.0
captain:1.0
zod:1.6931471805599454
0:1.6931471805599454
