root:1.0
ncube.com:1.6931471805599454
operator:1.0
subject:1.0
fax:1.6931471805599454
modem:1.0
best:1.0
well:1.0
using:1.0
home:1.0
office:1.0
bought:1.0
arounde:1.0
350:1.0
14.4:1.0
dont:1.0
know:1.0
data:1.0
feature:1.0
use:1.0
voic:1.0
mail:1.0
box:1.0
really:1.0
liked:1.0
captain:1.0
zod:1.6931471805599454
0:1.6931471805599454
