dppeak:1.6931471805599454
matt.ksu.ksu.edu:1.6931471805599454
david:1.0
paul:1.0
peak:1.6931471805599454
subject:1.0
sale:1.0
teleport:1.6931471805599454
adb:1.6931471805599454
2400bps:1.0
modem:1.6931471805599454
w/send:1.6931471805599454
fax:1.6931471805599454
selling:1.0
global:1.0
village:1.0
2400:1.0
bps:1.0
connects:1.0
mac:1.0
port:1.0
software:1.0
sending:1.0
faxes:1.0
included:1.0
asking:1.0
90:1.0
however:1.0
consider:1.0
reasonable:1.0
offers:1.0
please:1.0
e-mail:1.0
dave:1.6931471805599454
internet:1.0
aol:1.0
skibum7:1.0
