jas:2.09861228866811
isi.edu:1.6931471805599454
jeff:1.0
sullivan:1.6931471805599454
subject:1.0
adb:1.6931471805599454
mouse:1.6931471805599454
ii:1.6931471805599454
ergo:1.0
apple:1.0
supposed:1.0
start:1.0
bundlign:1.0
new:1.0
ergonomic:1.0
cpus:1.0
sold:1.0
jeffrey:1.0
research:1.0
scientist:1.0
et:1.0
al:1.0
internet:1.0
information:1.0
sciences:1.0
institute:1.0
72511,402:1.0
compuserve:1.0
university:1.0
southern:1.0
california:1.0
