dppeak:1.6931471805599454
matt.ksu.ksu.edu:1.6931471805599454
david:1.0
paul:1.0
peak:1.0
subject:1.0
sale:1.0
2:1.0
4mb:1.0
80ns:1.6931471805599454
simms:2.09861228866811
two:1.0
4:1.0
meg:1.0
trying:1.0
sell:1.0
lc:1.0
would:1.0
like:1.0
get:1.0
100:1.0
one:1.0
three:1.0
months:1.0
old:1.0
lifetime:1.0
warrenty:1.0
also:1.0
consider:1.0
reasonable:1.0
offers:1.0
please:1.0
e-mail:1.0
dave:1.0
internet:1.0
aol:1.0
skibum7:1.0
