daniel:1.6931471805599454
salber:2.386294361119891
imag.fr:1.6931471805599454
subject:1.0
quadras:1.6931471805599454
vram:3.1972245773362196
question:2.09861228866811
hi:1.0
regarding:1.0
tried:1.0
find:1.0
info:1.0
could:1.0
get:1.6931471805599454
precise:1.0
answers:1.0
one:1.0
hand:1.6931471805599454
quadra:2.09861228866811
950:2.386294361119891
16:1.6931471805599454
monitor:1.6931471805599454
capable:1.6931471805599454
32-bit:1.0
color:2.386294361119891
much:1.0
800:2.09861228866811
8-bit:1.0
must:1.6931471805599454
512:1.0
ko:1.0
would:1.0
like:1.0
take:2.09861228866811
simms:2.386294361119891
put:1.0
machines:1.0
16-bit:1.6931471805599454
capability:1.0
possible:1.0
yes:1.0
many:1.0
documentation:1.6931471805599454
1:1.0
mo:1.0
correct:1.0
bonus:1.0
hide:1.0
seem:1.0
behind:1.0
power:1.6931471805599454
supply:1.6931471805599454
really:1.0
access:1.0
thanks:1.0
help:1.0
user:1.0
interface:1.0
research:1.0
team:1.0
lgi-imag:1.0
grenoble:1.0
france:1.0
