mmadsen:1.6931471805599454
bonnie.ics.uci.edu:1.0
matt:1.6931471805599454
madsen:1.6931471805599454
subject:1.0
se/30:2.09861228866811
acc:1.0
graphics:1.6931471805599454
card:1.0
cards:1.6931471805599454
also:1.0
say:1.0
040:1.0
accelerator:1.0
seem:1.0
plenty:1.0
accelerator/graphics:1.0
se:1.0
none:1.0
ive:1.0
seen:1.0
thanks:1.0
ics.uci.edu:1.0
