jas:2.09861228866811
isi.edu:1.6931471805599454
jeff:1.0
sullivan:1.6931471805599454
subject:1.0
iivx:2.09861228866811
c650:1.6931471805599454
upgrade:1.6931471805599454
question:1.0
get:1.0
teh:1.0
include:1.0
new:1.0
sticker:1.0
cover:1.0
identifier:1.0
centris:1.0
650:1.0
indetifier:1.0
jeffrey:1.0
research:1.0
scientist:1.0
et:1.0
al:1.0
internet:1.0
information:1.0
sciences:1.0
institute:1.0
72511,402:1.0
compuserve:1.0
university:1.0
southern:1.0
california:1.0
