ravi:1.6931471805599454
konchigeri:1.6931471805599454
mongoose:1.6931471805599454
leland.stanford.edu:1.6931471805599454
subject:1.0
video:1.0
cable:1.0
options:1.0
discussion:1.0
couple:1.0
weeks:1.0
ago:1.0
using:1.0
different:1.6931471805599454
cables:1.6931471805599454
achieve:1.0
resolutions:1.0
quadra:1.0
centris:1.0
series:1.0
company:1.0
sold:1.0
mentioned:1.0
someone:1.0
please:1.0
e-mail:1.0
companies:1.0
name:1.0
address:1.0
etc:1.0
info:1.0
may:1.0
relevant:1.0
like:1.0
everything:1.0
else:1.0
life:1.0
right:1.0
lane:1.0
ends:1.0
half:1.0
mile:1.0
