jartsu:2.09861228866811
hut.fi:1.0
subject:1.0
help:1.0
wanted:1.0
monitor:1.6931471805599454
problems:1.0
nec:3.302585092994046
3d:2.6094379124341005
iivi:1.6931471805599454
hello:1.0
past:1.0
days:1.0
ive:1.0
fighting:1.0
get:1.6931471805599454
multisync:2.09861228866811
predecessor:1.0
3fg:1.0
work:1.0
properly:1.0
internal:1.0
video:2.6094379124341005
mac:2.386294361119891
vga-adapter:1.0
described:1.0
dale:1.0
adams:1.0
posting:1.0
quadra:1.6931471805599454
works:1.6931471805599454
minor:1.0
interferences:2.09861228866811
occur:1.0
small:1.0
enough:2.09861228866811
prevent:1.0
action:1.0
screen:1.6931471805599454
visible:1.0
clear:2.09861228866811
scanrates:1.0
stuff:1.6931471805599454
well:2.386294361119891
emulating:1.0
apple:2.386294361119891
13:3.0794415416798357
rgb:1.0
first:1.0
made:1.6931471805599454
adapter:2.791759469228055
got:1.0
one:2.386294361119891
fron:1.0
local:1.0
distributor:1.0
adapters:2.09861228866811
picure:1.0
looks:1.0
excellent:1.0
time:1.6931471805599454
every:1.0
radical:1.0
changes:1.0
opening:1.0
palettes:1.0
large:1.0
windows:1.0
etc:1.6931471805599454
major:1.0
sync:2.386294361119891
picture:2.09861228866811
either:1.0
tilts:1.6931471805599454
sideways:1.6931471805599454
scrables:1.0
totally:1.0
even:1.6931471805599454
spiky:1.0
horizontal:1.0
line:1.0
alignment:1.0
accessing:1.0
pull-downs:1.0
self-made:2.09861228866811
almost:1.0
identical:1.0
vga:1.0
sense:2.6094379124341005
pins:2.09861228866811
differ:1.0
sometimes:1.6931471805599454
impossible:1.0
boot:1.0
shut:1.0
menu:1.0
everything:1.0
badly:1.0
completely:1.6931471805599454
lost:1.0
nearly:1.0
often:1.0
know:1.0
self:1.0
always:1.0
interference:1.6931471805599454
provided:1.6931471805599454
wheres:1.0
source:1.0
ill:1.0
give:1.0
pinouts:1.6931471805599454
whole:1.0
mess:1.0
hope:1.0
least:1.6931471805599454
someone:1.6931471805599454
please:1.0
try:1.0
figure:1.0
could:1.0
best:1.0
pin:2.09861228866811
assignment:1.0
going:1.0
make:1.6931471805599454
new:1.0
cable:1.0
maximum:1.0
shieldings:1.0
isolations:1.0
soon:1.0
figures:1.0
arranged:1.0
especially:1.0
syncs:1.0
groundings:1.0
yes:1.0
checked:1.0
defective:1.0
perfectly:1.0
pc:1.0
graphic:1.0
1024x768:1.0
pixels:1.0
also:1.0
atari:1.0
71hz:1.0
monochrome:1.0
using:1.0
15:2.791759469228055
mini:2.09861228866811
d-sub:2.386294361119891
1:2.791759469228055
red:2.386294361119891
video1:1.0
gnd:3.0794415416798357
2:2.791759469228055
green:2.386294361119891
video2:1.0
3:2.386294361119891
blue:2.386294361119891
video3:1.0
composite:1.0
4:2.386294361119891
gnd4:1.0
0:1.0
5:2.386294361119891
gnd5:1.0
6:2.6094379124341005
gnd6:1.0
7:2.09861228866811
gnd7:1.0
8:2.09861228866811
gnd8:1.0
nc:1.0
9:2.09861228866811
nc9:1.0
10:2.09861228866811
gnd10:1.0
11:2.09861228866811
gnd11:1.0
c.sync:1.0
v.sync:1.6931471805599454
12:1.6931471805599454
nc12:1.0
h.sync13:1.0
14:2.386294361119891
v.sync14:1.0
h.sync:1.6931471805599454
nc15:1.0
shell:1.6931471805599454
gndshell:1.0
connection:1.6931471805599454
suggested:1.0
vga/svga:1.0
changed:1.0
emulate:1.6931471805599454
15pin:1.6931471805599454
sense0:1.0
grounded:1.0
measured:1.0
3fg/4fg:1.0
representative:1.0
connected:1.0
waiting:1.0
solutions:1.0
thanks:1.0
