james_jim_frazier:1.0
cup.portal.com:1.0
subject:1.0
5.25:1.6931471805599454
mo:1.0
sectors/track:1.0
iso/ansi-standard:1.0
magneto-optical:1.0
disc:2.09861228866811
many:1.6931471805599454
sectors:1.0
per:1.6931471805599454
track:1.0
revolution:1.0
tracks:1.0
thanks:1.0
jim:1.0
frazier:1.0
73447.3113:1.0
compuserve.com:1.0
