rcs8:1.6931471805599454
po.cwru.edu:1.6931471805599454
robert:1.0
c:1.0
sprecher:1.6931471805599454
subject:1.0
help:1.6931471805599454
simm:1.0
configuration:1.0
someone:1.0
please:1.0
understand:1.0
current:1.0
situation:1.0
regarding:1.0
simms:2.386294361119891
iisi:1.0
probably:1.0
keep:1.0
another:1.0
2:1.6931471805599454
years:1.6931471805599454
would:2.09861228866811
like:1.0
add:1.0
memory:1.0
ie:1.0
go:1.0
5:1.0
mb:1.6931471805599454
17:1.0
know:1.0
need:1.0
4:1.0
x:1.0
4mb:1.0
80ns:1.0
faster:1.0
30:1.0
pin:1.6931471805599454
72:1.0
get:1.0
today:1.0
usable:1.0
newer:1.0
powerful:1.0
system:1.0
insight:1.0
appreciated:1.0
thanks:1.0
rob:1.6931471805599454
