dark1:1.6931471805599454
netcom.com:1.6931471805599454
steven:1.6931471805599454
seeger:1.6931471805599454
subject:1.0
another:1.0
res:1.6931471805599454
question:1.6931471805599454
asked:1.0
week:1.0
ago:1.0
getting:1.0
monitor:1.0
magnavox:1.0
magnascan/17:1.0
wondering:1.0
video:1.0
cards:1.0
supports:1.0
also:1.0
anybody:1.0
magnavoxs:1.0
email:1.6931471805599454
id:1.0
one:1.0
maybe:1.0
phone:1.0
number:1.0
please:1.0
reply:1.0
dont:1.6931471805599454
read:1.0
much:1.0
news:1.0
thanks:1.0
steve:1.0
string:1.6931471805599454
hes:1.0
going:1.0
blow:1.6931471805599454
us:1.0
sky:1.6931471805599454
hang:1.0
flabby:1.0
behind:1.0
window:1.0
dom:1.0
airwolf:1.0
