tpeng:1.0
umich.edu:1.0
timothy:1.0
richard:1.0
peng:1.0
subject:1.0
duo:2.09861228866811
230:1.0
crashes:1.0
aftersleep:1.0
looks:1.0
like:1.0
apple:1.0
bug:1.0
memory:2.09861228866811
card:1.6931471805599454
installed:1.0
thats:1.0
one:1.0
apples:1.0
may:1.0
problem:1.6931471805599454
couple:1.0
months:1.0
release:1.0
manufacturers:1.0
shipping:1.0
cards:1.0
w:1.0
improper:1.0
non-self-refreshing:1.0
chips:1.0
third:1.0
party:1.0
pull:1.0
see:1.0
sleep:1.0
recurs:1.0
tim:1.0
