push:1.6931471805599454
media.mit.edu:1.6931471805599454
pushpinder:1.6931471805599454
singh:1.6931471805599454
subject:1.0
centris:1.6931471805599454
610:1.6931471805599454
video:1.6931471805599454
problem:2.6094379124341005
im:1.6931471805599454
also:1.0
computer:1.0
set:1.0
256:1.6931471805599454
colors:2.386294361119891
certain:1.6931471805599454
operations:1.0
done:1.0
particularly:1.0
vertical:1.0
scrolling:1.6931471805599454
window:2.09861228866811
horizontal:1.0
white:1.0
lines:1.6931471805599454
appear:1.6931471805599454
monitor:2.9459101490553135
generally:1.0
always:1.0
spare:1.0
open:1.0
windows:1.0
accummulate:1.0
operation:1.0
continued:1.0
moved:1.6931471805599454
involved:1.0
area:1.6931471805599454
screen:1.6931471805599454
away:1.0
line:1.0
disappear:1.0
observed:1.0
configured:1.0
16:2.09861228866811
14:1.0
inch:1.0
apple:1.6931471805599454
used:1.0
suspect:1.0
bad:1.6931471805599454
ram:1.0
chip:1.0
apparent:1.0
since:1.0
day:1.0
1:1.0
gotten:1.0
worse:1.0
exactly:1.0
fine:1.0
switch:1.0
smaller:1.0
configuration:1.0
model:1.0
4:1.0
mb/80:1.0
hd:1.0
512:1.0
vram:1.0
cards:1.0
mag:1.6931471805599454
mx15f:1.0
adaptor:1.0
resolution:1.0
832*624:1.0
discovered:1.0
little:1.0
ago:1.0
plugging:1.0
new:1.0
seems:1.0
either:1.0
using:1.0
alpha:1.0
word:1.0
enter:1.0
return:1.0
guess:1.0
vrams:1.0
well:1.0
really:1.0
hope:1.0
isnt:1.0
design:1.0
flaw:1.0
anyone:1.0
listening:1.0
