zxxst:1.0
pitt.edu:1.0
zhihua:1.0
xie:1.0
subject:1.0
poor:1.0
owner:1.0
iisi:2.386294361119891
macintosh:1.0
3/40:1.0
80ns:1.0
clock-upgraded:1.0
works:1.0
well:1.0
25mhz:1.6931471805599454
however:1.0
work:1.0
nubus:1.0
adaptor:1.0
1400k:1.0
disk:2.09861228866811
even:1.0
though:1.0
read/write:1.0
800k:1.0
at32mhz:1.0
interestingly:1.0
upgraded:1.0
overcomes:1.0
basically:1.0
fighting:1.0
vedio:1.0
system:1.6931471805599454
cpu:1.6931471805599454
never:1.0
reduced:1.0
8:1.0
mater:1.0
whether:1.0
cache:1.0
pretty:1.0
useful:1.0
use:1.0
virtual:1.0
memory:1.0
7:1.0
20mhz:1.0
32mhz:1.0
5.46:1.0
6.0.7:2.09861228866811
6.81:1.0
8.83:1.0
8.74:1.0
7vm:1.0
graf:1.0
6.72:1.0
8.56:1.0
11.07:1.0
9.19:1.0
1.44:1.0
1.50:1.0
1.56:1.0
1.49:1.0
math:1.0
5.72:1.0
11.27:1.0
fpu:1.0
9.36:1.0
8.84:1.0
speedometer3.1:1.0
