robert_n._ward:1.0
bmug.org:1.0
subject:1.0
great:1.0
deal:1.0
ti:1.6931471805599454
ps35:1.0
laser:1.0
printers:1.0
want:1.6931471805599454
envelope:1.0
feeder:1.0
sale:1.0
direct:1.0
unbelievable:1.0
price:1.0
45:1.0
call:1.0
1-800-847-2787:1.0
extra:1.0
paper:1.0
trays:1.0
many:1.0
gray:1.0
ones:1.0
move:1.0
strange:1.0
true:1.0
bobmeister:1.0
planet:1.0
bmug:1.6931471805599454
firstclass:1.0
bbs:1.0
message:1.0
contained:1.0
posting:1.0
way:1.0
reflect:1.0
bmugs:1.0
official:1.0
views:1.0
