david_a._schnider:1.0
bmug.org:1.0
subject:1.0
se:1.6931471805599454
pricing:1.0
value:1.0
hdfd:1.0
4/20:1.0
david:1.0
planet:1.0
bmug:1.6931471805599454
firstclass:1.0
bbs:1.0
message:1.0
contained:1.0
posting:1.0
way:1.0
reflect:1.0
bmugs:1.0
official:1.0
views:1.0
