ytwu:1.6931471805599454
magnus.acs.ohio-state.edu:1.6931471805599454
yih-tyng:1.6931471805599454
wu:1.0
subject:1.0
help:1.6931471805599454
test:2.09861228866811
simms:2.09861228866811
hello:1.0
got:1.0
least:1.0
one:1.0
work:1.0
dont:1.0
know:1.0
software:1.0
thoroughly:1.0
could:1.0
rely:1.0
ram:1.0
performed:1.0
computer:1.0
start:1.0
installed:1.0
dead:1.0
simm:1.0
lc:1.6931471805599454
ii:1.0
would:1.0
strange:1.0
music:1.0
display:1.0
screen:1.0
need:1.0
thanks:1.0
advance:1.0
