csp1dwd:1.6931471805599454
mvs.oac.ucla.edu:1.0
subject:1.0
duo:1.6931471805599454
parking:1.6931471805599454
hd:1.0
heads:2.6094379124341005
iddle:1.6931471805599454
powerbooks:1.0
seem:1.0
park:1.6931471805599454
seconds:1.6931471805599454
inactivity:1.6931471805599454
builtin:1.0
drive:1.0
logic:1.0
programmed:1.0
via:1.0
software:1.0
way:1.0
tune:1.0
timeout:1.0
makes:1.0
think:1.0
parked:1.0
since:1.0
hear:1.0
clunk:1.0
denis:1.0
