deguzman:2.09861228866811
after.math.uiuc.edu:1.0
subject:1.0
non-apple:1.0
mini-docks:1.0
available:1.0
boss:1.0
considering:1.0
purchase:1.0
powerbook:1.0
duo:1.6931471805599454
leaning:1.0
towards:1.0
180:1.0
math:1.0
coprocessor:1.6931471805599454
mathematica:1.6931471805599454
would:1.0
get:1.0
could:1.0
find:1.0
mini-dock:1.0
third-parties:1.0
announced:1.0
beast:1.0
alan:1.0
genius:1.0
never:1.0
understood:1.0
time:1.0
calculus:1.0
disclaimer:1.0
university:1.0
calvin:1.6931471805599454
hobbes:1.6931471805599454
cant:1.0
afford:1.0
opinions:1.0
indispensible:1.0
