zia:2.386294361119891
castle.ed.ac.uk:1.0
manji:1.0
subject:1.0
help:1.0
e_mail:2.09861228866811
address:2.6094379124341005
caere:2.09861228866811
corporation:2.09861228866811
im:1.0
looking:1.0
100:1.0
cooper:1.0
court:1.0
los:1.0
gatos:1.0
califonia:1.0
95030:1.0
know:1.0
access:1.0
find:1.0
please:1.0
could:1.0
send:1.0
uk.ac.ed.castle:1.0
thanking:1.0
advance:1.0
