bill:2.09861228866811
lhotse.hao.ucar.edu:1.0
roberts:1.0
subject:1.0
upgrading:1.0
pb170:1.0
memory:1.0
one:1.0
original:1.0
powerbook:1.0
170s:1.0
4mb:1.6931471805599454
ram:1.6931471805599454
find:1.0
drag:1.0
trying:1.0
work:1.0
best:1.6931471805599454
way:1.0
get:1.6931471805599454
maximum:1.0
unit:1.0
whats:1.0
going:1.0
cost:1.0
im:1.0
hoping:1.0
latest:1.0
info:1.0
real:1.0
users:1.0
posting:1.0
group:1.0
thanks:1.0
advance:1.0
