ah301:1.0
yfn.ysu.edu:1.0
jerry:1.6931471805599454
sy:1.0
subject:1.0
boot:2.09861228866811
ext:1.0
hd:1.6931471805599454
power:1.0
external:2.09861228866811
hard:1.0
drive:1.0
wish:1.0
use:1.0
startup:1.0
disk:1.0
problem:1.0
switch:1.0
mac:1.6931471805599454
boots:1.6931471805599454
internal:1.0
restart:1.0
warm:1.0
make:1.0
directly:1.0
please:1.0
email:1.0
replies:1.0
possible:1.0
thanks:1.0
advance:1.0
