feilimau:1.6931471805599454
leland.stanford.edu:1.6931471805599454
christopher:1.0
yale:1.0
lin:1.6931471805599454
subject:1.0
mac:1.6931471805599454
iisi:2.6094379124341005
cache:2.09861228866811
options:2.09861228866811
readers:1.0
found:1.0
upgrade:1.6931471805599454
include:1.0
following:1:1.0
ae:1.0
quicksilver:1.0
2:1.0
daystar:1.6931471805599454
fastcache:1.0
3:1.0
combocache:1.0
4:1.0
logicache:1.6931471805599454
64k:1.0
id:1.0
interested:1.0
hearing:1.0
opinions:1.0
alternative:1.0
cpu:1.0
accelerator:1.0
50:1.0
mhz:1.0
ideas:1.0
comparisions:1.0
felix:1.0
