pilon:2.386294361119891
aix02.ecs.rpi.edu:1.0
t.j:1.6931471805599454
subject:1.0
iicx:1.0
wont:1.0
turn:1.0
ive:1.6931471805599454
changed:1.0
battery:1.0
thing:1.0
shortly:1.0
problem:1.0
first:1.0
happened:1.0
noticed:1.0
inordinate:1.0
number:1.0
bus:1.0
errors:1.0
lately:1.0
rpi.edu:1.0
