jtrascap:1.6931471805599454
nyx.cs.du.edu:1.0
jim:1.6931471805599454
trascapoulos:1.6931471805599454
subject:1.0
put:1.6931471805599454
1.44:1.6931471805599454
floppy:2.791759469228055
se:2.09861228866811
ericr:1.6931471805599454
solbourne.com:1.6931471805599454
eric:2.09861228866811
robison:1.6931471805599454
writes:1.0
ive:2.09861228866811
got:1.6931471805599454
mac:1.0
spare:1.0
1.44mb:1.0
drive:2.6094379124341005
seen:1.0
ses:1.0
ith:1.0
get:2.386294361119891
ork:1.0
thanks:1.0
disclaimer:1.0
claim:1.0
dis:1.0
offa:1.0
planet:1.0
sure:1.0
thing:1.0
youll:1.0
fdhd:1.0
upgrade:1.0
kit:1.6931471805599454
apple:1.6931471805599454
includes:1.0
hd:1.0
2:1.0
different:1.6931471805599454
chips:1.0
swim:1.0
chip:1.0
mentioned:1.0
another:1.0
post:1.0
cable:1.0
dealer:1.0
nyx.du.edu:1.0
size:1.0
id:1.0
wear:1.0
