thomas:1.0
kephart:1.6931471805599454
snowhite.eeap.cwru.edu:1.0
subject:1.0
need:1.0
help:1.0
installing:1.6931471805599454
simms:2.09861228866811
700:1.6931471805599454
quick:1.0
could:1.0
someone:1.0
please:1.0
send:1.0
instructions:1.0
vram:1.6931471805599454
jmk13:1.6931471805599454
po.cwru.edu:1.6931471805599454
hes:1.0
gotten:1.0
wants:1.0
drop:1.0
extra:1.0
thanks:1.0
dont:1.0
reply:1.6931471805599454
joe:1.0
