cph:1.0
quake.sylmar.ca.us:1.0
charles:1.0
hobbs:1.0
subject:1.0
color:2.09861228866811
inks:1.6931471805599454
stylewriter:1.6931471805599454
know:1.0
jet:1.6931471805599454
inc:1.0
makes:1.0
refills:1.0
deskwriter:1.0
ink:1.0
cartridges:2.09861228866811
several:1.0
colors:1.6931471805599454
pre-filled:1.0
available:1.6931471805599454
anyone:1.0
use-up:1.0
one:1.0
cartridge:1.0
chance:1.0
print:1.0
also:1.0
process:1.0
cyan:1.0
magenta:1.0
yellow:1.0
refill:1.0
thanks:1.0
advance:1.0
