meharg:2.6094379124341005
kits.sfu.ca:1.0
gersham:2.09861228866811
william:1.0
subject:1.0
centris:1.6931471805599454
610:2.09861228866811
video:1.6931471805599454
problem:1.0
im:1.0
also:1.6931471805599454
suffer:1.0
artefacts:1.0
configuration:1.0
4/160:1.0
1mb:1.0
vram:1.6931471805599454
nec:1.0
4fg:1.0
happens:1.0
832x624:1.6931471805599454
8bit:1.0
colour:1.0
virtual:1.0
memory:1.0
scrolling:1.0
occurs:1.0
simms:1.0
installed:1.0
well:1.0
removed:1.0
seems:1.0
like:1.0
anyone:1.0
problems:1.0
mentioned:1.0
conditions:1.0
sfu:1.0
canada:1.0
sfu.ca:1.0
sfu-vancouver-canada:1.0
