michael.ameres:1.6931471805599454
f204.n2603.z1.fidonet.org:1.6931471805599454
michael:1.6931471805599454
ameres:1.6931471805599454
subject:1.0
x86:1.0
680x0:1.0
compare:1.0
believe:1.0
goes:1.0
go:1.0
680060:1.6931471805599454
powerpc:2.09861228866811
pentium:1.6931471805599454
680040:1.0
486:1.0
680030:1.0
386:1.0
680020:1.0
286=680000:1.0
resent:1.0
article:1.0
one:1.0
macmags:1.0
think:1.6931471805599454
50mhz:1.0
030:2.09861228866811
accelerator:1.0
slightly:1.0
slower:1.0
25mhz:1.0
040:2.386294361119891
accel:1.0
using:1.0
system:2.386294361119891
designed:1.6931471805599454
stands:1.0
reason:1.0
ie:1.0
quadra:1.6931471805599454
would:1.0
better:1.0
overall:1.0
id:1.0
figure:1.0
2.5:1.0
along:1.0
lines:1.0
new:1.0
stuff:1.0
supposed:1.0
run:1.0
level:1.0
fast:1.0
8:1.0
whatever:1.0
allow:1.0
3:1.0
times:1.0
speed:1.0
based:1.0
systems:1.0
wait:1.0
laps:1.0
pro-life:1.0
pro-women:1.0
internet:1.0
