bm967:1.0
cleveland.freenet.edu:1.0
david:1.0
kantrowitz:1.0
subject:1.0
share:1.0
one:1.6931471805599454
monitor:1.6931471805599454
w:1.0
2:1.0
cpus:1.0
centris:1.0
610:1.0
want:1.0
get:1.0
ibm:1.0
machine:1.0
well:1.0
save:1.0
space:1.0
desk:1.0
would:1.0
like:1.0
use:1.0
switch-box:1.0
anyone:1.0
know:1.0
way:1.0
