afung:1.0
athena.mit.edu:1.0
archon:1.6931471805599454
fung:1.6931471805599454
subject:1.0
wrong:1.6931471805599454
ram:2.09861228866811
duo:2.09861228866811
posts:1.0
back:1.0
somebody:1.0
mentioned:1.0
might:1.0
crash:1.0
kind:1.6931471805599454
non-self:1.0
refreshing:1.0
crashes:1.0
sometimes:1.0
sleep:1.0
wondering:1.0
software:1.0
tell:1.0
whether:1.0
right:1.0
installed:1.0
thought:1.0
problem:1.0
battery:1.0
connection:1.0
thanks:1.0
advance:1.0
