chyang:1.0
engin.umich.edu:1.0
chung:1.6931471805599454
hsiung:1.0
yang:1.6931471805599454
subject:1.0
x86:1.0
680x0:1.0
compare:1.0
article:1.6931471805599454
27837.2bd08c3a:1.0
zeus.ieee.org:1.0
michael.ameres:1.6931471805599454
f204.n2603.z1.fidonet.org:1.6931471805599454
michael:1.6931471805599454
ameres:1.6931471805599454
writes:1.0
believe:1.0
goes:1.0
go:1.0
680060:1.6931471805599454
powerpc:2.09861228866811
pentium:1.6931471805599454
680040:1.0
486:2.09861228866811
680030:1.0
386:1.0
680020:1.0
286=680000:1.0
think:2.09861228866811
kind:1.0
comparison:1.0
pretty:1.6931471805599454
useless:1.0
general:1.0
processor:2.9459101490553135
good:2.09861228866811
computer:1.6931471805599454
designed:2.386294361119891
around:1.0
adn:1.0
used:1.0
purpose:1.0
comparing:1.0
speed:2.6094379124341005
dumb:1.0
increase:1.6931471805599454
clock:1.0
among:1.0
things:1.6931471805599454
mean:1.0
say:2.09861228866811
040:2.9459101490553135
faster:1.6931471805599454
without:1.0
giving:1.0
operational:1.0
conditions:1.0
running:1.0
program:1.0
uses:1.0
lot:1.0
transidental:1.6931471805599454
functions:1.6931471805599454
knowing:1.0
building:1.0
fpu:1.0
still:1.0
anyway:1.0
hope:1.0
people:1.0
decided:1.0
upon:1.0
wether:1.0
computers:1.0
solely:1.0
fast:1.6931471805599454
based:2.09861228866811
name:1.0
one:2.09861228866811
alway:1.0
certain:1.0
restrict:1.0
arguements:1.0
example:1.0
pure:1.0
architectural:1.0
issues:1.0
work:1.0
well:1.0
another:1.0
design:1.0
get:1.0
somewhere:1.0
discussions:1.0
resent:1.0
macmags:1.0
50mhz:1.0
030:2.09861228866811
accelerator:1.0
slightly:1.0
slower:1.0
25mhz:1.0
accel:1.0
using:1.0
system:2.386294361119891
stands:1.0
reason:1.0
ie:1.0
quadra:1.6931471805599454
would:1.0
better:1.0
overall:1.0
id:1.0
figure:1.0
2.5:1.0
along:1.0
lines:1.0
new:1.0
stuff:1.0
supposed:1.0
run:1.0
level:1.0
8:1.0
whatever:1.0
allow:1.0
3:1.0
times:1.0
systems:1.0
wait:1.0
laps:1.0
pro-life:1.0
pro-women:1.0
internet:1.0
