rvenkate:1.6931471805599454
ux4.cso.uiuc.edu:1.0
ravikuma:1.0
venkateswar:1.6931471805599454
subject:1.0
x86:1.0
680x0:1.0
compare:1.0
ray:2.386294361119891
netcom.com:1.6931471805599454
fischer:1.6931471805599454
writes:1.6931471805599454
dhk:1.0
ubbpc.uucp:1.0
dave:1.0
kitabjian:1.0
im:1.0
sure:1.6931471805599454
intel:1.0
motorola:1.0
competing:1.0
neck-and-neck:1.0
crunch-power:1.0
given:1.6931471805599454
clock:2.791759469228055
speed:3.70805020110221
rank:1.0
following:1.6931471805599454
1st:1.0
6th:1.0
48668040:1.0
38668030:1.0
28668020:1.0
040:1.0
486:1.0
030:1.0
386:1.0
020:1.0
286:1.0
numbers:2.09861228866811
kind:1.0
benchmark:1.0
want:1.0
let:1.0
start:1.0
486dx2-66:1.0
32:1.0
specint92:2.09861228866811
16:1.0
specfp92:2.386294361119891
youre:1.0
fit:1.0
list:1.0
68060:1.0
pentium:2.09861228866811
powerpc:2.09861228866811
060:1.0
fastest:1.0
first:1.0
versions:1.0
somewhere:1.0
vicinity:1.0
66mhz:1.6931471805599454
65:1.0
57:1.0
50:1.0
80:1.0
note:1.6931471805599454
601:1.0
alpha:1.0
150mhz:1.0
74:1.0
specint92,126:1.0
comparison:1.0
doubling:1.6931471805599454
double:1.0
overall:1.6931471805599454
processor:2.386294361119891
fill:1.0
68030:1.6931471805599454
mhz:2.09861228866811
68040:1.6931471805599454
computer:1.6931471805599454
partly:1.0
dependent:1.0
processor/clock:1.0
memory:2.6094379124341005
system:2.6094379124341005
play:1.0
large:1.0
role:1.0
video:1.0
i/o:1.0
rates:1.0
go:1.0
becomes:1.0
greatest:1.0
factor:1.0
50mhz:1.0
reading:1.0
another:1.0
word:1.0
every:1.0
20ns:1.6931471805599454
put:1.0
cost:1.0
10:1.0
times:1.0
much:1.0
slower:1.0
80ns:1.6931471805599454
simms:1.6931471805599454
clock-doubled:1.0
isnt:1.0
performance:2.09861228866811
quite:1.0
significant:1.0
maybe:1.0
70:1.0
increase:1.0
besides:1.0
0:1.0
wait:1.0
state:1.0
youd:1.0
need:1.0
cache:1.0
anyway:1.0
mean:1.0
uses:1.0
runs:1.0
corresponds:1.0
12.5:1.0
roughly:1.0
twice:1.0
fast:1.0
convictions:1.0
dangerous:1.0
enemies:1.0
truth:1.0
lies:1.0
friedrich:1.0
nietzsche:1.0
ravikumar:1.0
uiuc.edu:1.0
pun:1.0
blessed:1.0
form:1.0
whit:1.0
