blast:1.6931471805599454
nntp.crl.com:1.0
tim:1.6931471805599454
keanini:1.6931471805599454
subject:1.0
attn:1.0
160,165c,180:1.0
duo:1.0
owners:1.0
careful:1.0
plug:1.0
external:1.6931471805599454
monitor:1.0
speaker:1.0
make:2.09861228866811
sure:2.09861228866811
power:1.6931471805599454
cords:1.6931471805599454
strip:1.6931471805599454
dont:1.0
take:1.0
chance:1.0
bad:1.0
audio:1.0
buzz:1.6931471805599454
caused:1.0
ground:2.09861228866811
loop:1.0
way:1.0
getting:1.0
rid:1.0
loud:1.0
common:1.6931471805599454
going:1.0
outlet:1.0
assure:1.0
sound:1.0
designer:1.0
timk:1.0
broder.com:1.0
broderbund:1.0
software:1.0
crl.com:1.0
