slang:1.6931471805599454
bnr.ca:1.6931471805599454
steven:1.6931471805599454
langlois:1.6931471805599454
subject:1.0
increasing:1.0
number:2.09861228866811
serial:2.386294361119891
ports:1.6931471805599454
anyone:1.0
know:1.0
devices:2.09861228866811
available:1.6931471805599454
mac:1.6931471805599454
increase:1.0
use:1.6931471805599454
simultaneously:1.0
would:1.0
like:1.0
connect:1.0
8:1.0
application:1.0
working:1.0
must:1.0
able:1.0
access:1.0
one:1.0
independently:1.0
device:1.0
exists:1.0
limits:1.0
information:1.0
appreciated:1.0
