aa341:1.6931471805599454
freenet.carleton.ca:1.6931471805599454
david:1.6931471805599454
hughes:1.6931471805599454
subject:1.0
sound:1.6931471805599454
recording:1.6931471805599454
mac:1.6931471805599454
portable:1.6931471805599454
anyone:1.0
know:1.0
hardware:1.0
required:1.0
could:1.0
find:1.0
thanks:1.0
secretary:1.0
national:1.0
capital:1.0
freenet:1.0
ve3:1.0
tkp:1.0
