aris:2.09861228866811
psssun:1.0
gerakis:1.0
subject:1.0
pixel:1.0
disappear:1.6931471805599454
powerbook:1.0
140:1.6931471805599454
screen:1.0
pixels:1.0
pb:1.0
display:1.0
intermittently:1.0
particular:1.0
place:1.0
random:1.0
anybody:1.0
suggestions:1.0
would:1.0
appreciate:1.0
e-mailings:1.0
thanks:1.0
psssun.pss.msu.edu:1.0
beware:1.0
3:1.0
nnnnn______|_____u_____|______nnnnn:1.0
