rvenkate:2.09861228866811
ux4.cso.uiuc.edu:1.6931471805599454
ravikuma:1.6931471805599454
venkateswar:2.09861228866811
subject:1.0
x86:1.0
680x0:1.0
compare:1.0
skok:1.6931471805599454
itwds1.energietechnik.uni-stuttgart.de:1.0
holger:1.0
writes:1.6931471805599454
article:1.6931471805599454
c5nq9c.llp:1.0
news.cso.uiuc.edu:1.0
stuff:1.6931471805599454
deleted:1.6931471805599454
besides:1.0
0:1.0
wait:1.0
state:1.0
performance:1.0
youd:1.0
need:1.0
cache:1.0
anyway:1.0
mean:1.0
uses:1.0
processor:1.0
runs:1.0
speed:2.386294361119891
80ns:2.09861228866811
simms:2.6094379124341005
note:1.0
memory:1.6931471805599454
corresponds:1.0
clock:1.0
12.5:1.6931471805599454
mhz:1.6931471805599454
calculate:1.0
figure:1.0
id:1.0
assume:1.0
even:1.0
personal:1.0
computers:1.0
board:1.0
designers:1.0
would:1.6931471805599454
use:2.6094379124341005
bank:1.6931471805599454
switching:1.6931471805599454
optimistically:1.0
quadruple:1.0
access:1.6931471805599454
missing:1.0
something:1.0
previous:1.0
referred:1.0
fact:1.0
could:2.09861228866811
20ns:1.6931471805599454
50mhz:1.6931471805599454
machine:2.09861228866811
slower:1.0
machines:1.0
pointed:1.0
cant:1.0
anything:1.0
faster:1.0
caches:1.0
considered:1.0
either:1.0
example:1.0
although:1.0
help:1.0
hsk:1.0
ravikumar:1.0
uiuc.edu:1.0
pun:1.0
blessed:1.0
form:1.0
whit:1.0
