horton:1.6931471805599454
molbio.cbs.umn.edu:1.0
robert:1.0
subject:1.0
macs:1.0
suck:1.6931471805599454
buy:1.0
pc:1.0
tests:1.0
post:1.0
real:1.0
message:1.0
