ubs:1.0
carson.u.washington.edu:1.0
university:2.09861228866811
bookstore:1.0
subject:1.0
apple:2.6094379124341005
give:1.0
us:1.0
confusing:1.0
message:2.09861228866811
article:1.0
c5ngii.bgx:1.0
news2.cis.umn.edu:1.0
bunt0003:1.0
student.tc.umn.edu:1.0
monthian:1.0
buntan-1:1.0
writes:1.0
hi:1.0
anyone:1.0
know:1.6931471805599454
ambiguous:1.0
c650:2.386294361119891
regarding:1.0
fpu:3.1972245773362196
mac:1.6931471805599454
price:1.6931471805599454
lists:1.0
ive:1.0
seen:1.0
every:1.0
optional:2.09861228866811
weve:1.0
discussed:1.0
newsgroup:1.0
built:1.6931471805599454
except:1.0
4/80:1.6931471805599454
configuration:1.6931471805599454
would:1.0
unclear:1.6931471805599454
issue:1.0
list:1.0
im:1.6931471805599454
planning:1.0
buy:1.0
8/230/cd:1.0
pretty:1.0
soon:1.0
getting:1.6931471805599454
confused:1.0
whether:1.6931471805599454
comes:1.6931471805599454
say:1.0
please:1.0
anybody:1.0
help:1.0
understand:1.0
game:1.0
regards:1.0
thian:1.0
get:1.0
centris:2.09861228866811
650:1.6931471805599454
cd:1.0
68rc040:1.6931471805599454
processor:2.09861228866811
built-in:1.0
math:1.0
coprocessor:1.0
support:1.6931471805599454
understanding:1.0
refers:1.0
option:1.0
purchasing:1.0
without:1.0
one:2.09861228866811
configurations:1.6931471805599454
offer:1.0
upgrade:1.0
non-fpu:2.09861228866811
system:2.09861228866811
become:1.0
040:1.0
68lc040:1.6931471805599454
replaced:1.0
supplied:1.0
another:1.6931471805599454
vendor:1.0
send:1.0
memo:1.6931471805599454
point:1.0
sating:1.0
610:1.0
upgraded:1.0
pin:1.0
two:1.0
chips:1.0
apparently:1.0
match:1.0
swap:1.0
according:1.0
apples:1.0
hope:1.0
helps:1.0
kevin:1.0
lohman:1.0
book:1.0
store:1.0
washington:1.0
buyer:1.0
uw:1.0
computers:1.0
education:1.0
program:1.0
