dpb:1.6931471805599454
sdchemw2.ucsd.edu:1.6931471805599454
doug:1.6931471805599454
p:1.0
book:1.6931471805599454
subject:1.0
stereo:3.1972245773362196
sound:2.386294361119891
problem:2.9459101490553135
mac:2.09861228866811
games:2.386294361119891
hi:1.0
think:1.0
output:1.0
quadra:2.386294361119891
900:1.0
totally:1.0
sure:1.0
roomate:1.0
powerbook:2.09861228866811
170:1.6931471805599454
info:1.0
experience:1.0
anyopne:1.0
would:1.6931471805599454
greatly:1.0
appreciated:1.0
hook:1.0
home:1.0
system:2.791759469228055
following:1.6931471805599454
types:1.0
sounds:1.6931471805599454
mono:2.09861228866811
far:1.0
tell:1.0
play:2.386294361119891
fine:1.0
speakers:2.386294361119891
beeps:2.09861228866811
already:1.0
provided:1.0
ones:1.6931471805599454
indigo:1.0
record:1.0
armor:1.0
alley:1.0
spectre:1.6931471805599454
spaceward:1.0
ho:1.0
left:1.6931471805599454
channel:2.09861228866811
lemmings:2.09861228866811
world:1.0
awesome:1.0
game:1.0
btw:1.0
glider:1.0
4.0:1.0
oids:1.0
still:1.6931471805599454
one:1.6931471805599454
im:1.0
specifically:1.0
referrring:1.0
apocolyptic:1.0
beginning:1.0
roommate:1.0
downloaded:1.0
ftp:1.0
site:1.0
sumex:1.0
symptoms:1.0
rommates:1.0
cant:1.0
run:1.0
ootw:1.0
doesnt:1.0
color:1.0
running:1.0
7.1:1.6931471805599454
anyone:1.0
three:1.0
mentioned:1.0
get:1.0
ii:1.6931471805599454
class:1.0
lc:1.0
140:1.0
greater:1.0
centris:1.0
se/30:1.0
etc:1.6931471805599454
machine:1.6931471805599454
used:1.0
sort:1.0
rememeber:1.0
playing:1.0
could:1.6931471805599454
mistaken:1.0
though:1.6931471805599454
quad:1.0
900s:1.6931471805599454
pb:1.0
170s:1.6931471805599454
wondering:1.0
isnt:1.0
machines:1.0
wonder:1.0
4:1.0
apparantly:1.0
written:1.0
support:1.0
use:1.0
least:1.0
come:1.0
like:1.0
roms:1.0
knowledge:1.0
maybe:1.0
rom:1.0
wouldnt:1.0
patch:1.0
thanks:1.0
help:1.0
provide:1.0
