rcs8:1.6931471805599454
po.cwru.edu:1.6931471805599454
robert:1.0
c:1.0
sprecher:1.6931471805599454
subject:1.0
pc:1.0
syquest:1.6931471805599454
mac:1.6931471805599454
possible:1.0
ie:1.0
via:1.0
creative:1.0
cable:1.6931471805599454
splicing:1.0
whatever:1.0
hook:1.0
44mb:1.0
removable:1.0
drive:1.6931471805599454
difference:1.0
guts:1.0
differences:1.0
thanks:1.0
rob:1.6931471805599454
