ladd.morse:1.0
his.com:1.0
ladd:1.0
morse:1.0
subject:1.0
mac:1.6931471805599454
oriented:1.6931471805599454
bbss:1.6931471805599454
chicago:1.6931471805599454
member:1.0
local:1.0
bbs:1.0
frequent:1.0
looking:1.0
based:1.0
leads:1.0
would:1.0
appreciated:1.0
