james_jim_frazier:1.0
cup.portal.com:1.0
subject:1.0
mo:1.0
driver:2.386294361119891
compatibility:1.0
understanding:1.0
format:1.0
magneto-optical:1.0
disc:2.386294361119891
1:1.0
formatting:1.0
software:1.0
installs:1.0
2:1.0
insert:1.0
different:1.0
drive:2.09861228866811
loaded:1.0
computers:1.0
memory:1.0
controls:1.0
3:1.0
incompatible:1.0
mounted:1.0
and/or:1.0
properly:1.0
read/written:1.0
correct:1.0
thanks:1.0
jim:1.0
frazier:1.0
73447.3113:1.0
compuserve.com:1.0
