hardwick:2.791759469228055
panix.com:2.09861228866811
paul:2.386294361119891
subject:1.0
pc:1.0
syquest:2.09861228866811
mac:2.386294361119891
1qsk6u:1.0
d8l:1.0
usenet.ins.cwru.edu:1.0
rcs8:1.0
po.cwru.edu:1.0
robert:1.0
c:1.0
sprecher:1.0
writes:1.0
possible:1.0
ie:1.0
via:1.0
creative:1.0
cable:2.386294361119891
splicing:1.0
whatever:1.0
hook:1.0
44mb:1.0
removable:1.0
drive:2.09861228866811
difference:1.6931471805599454
guts:1.0
differences:1.6931471805599454
thanks:1.0
ibm-pc:2.09861228866811
two:1.0
main:1.0
formatting:1.0
disk:1.6931471805599454
correct:1.6931471805599454
software:1.0
read:1.6931471805599454
others:1.0
maybe:1.0
depends:1.0
scsi:1.0
board:1.0
get:1.0
softawre:1.0
allow:1.0
mounting:1.0
ibm-formatted:1.0
br:1.0
able:1.0
mount:1.0
good:1.0
luck:1.0
technical:1.6931471805599454
consulting:1.6931471805599454
internet:1.6931471805599454
p.o:1.6931471805599454
box:1.6931471805599454
1482:1.6931471805599454
mvs:1.6931471805599454
sp/xa/esa:1.6931471805599454
voice:1.6931471805599454
212:2.386294361119891
535-0998:1.6931471805599454
ny:2.386294361119891
10274:1.6931471805599454
3rd:1.6931471805599454
party:1.6931471805599454
addons:1.6931471805599454
fax:1.6931471805599454
pending:1.6931471805599454
