betts:2.386294361119891
netcom.com:1.6931471805599454
jonathan:1.0
subject:1.0
ghost:1.0
apple:1.6931471805599454
12:1.6931471805599454
color:1.6931471805599454
user=insane:1.0
dear:1.0
netters:1.0
sister:1.0
display:1.6931471805599454
hooked:1.0
lc:1.6931471805599454
problem:1.0
annoying:1.0
horizontal:1.0
ghost-like:1.0
stripe:1.0
precesses:1.0
vertically:1.0
per:1.0
second:1.0
1:1.0
cm:1.0
high:1.0
grave:1.0
danger:1.0
going:1.0
insane:1.0
ideas:1.0
might:2.09861228866811
cure:1.0
joe:1.0
ps:1.0
pick:1.0
thought:1.0
rfi:1.0
seems:1.0
get:1.0
worse:1.0
