gene:2.6094379124341005
theporch.raider.net:2.09861228866811
wright:2.09861228866811
subject:1.0
mac:2.6094379124341005
portable:3.70805020110221
vs:1.0
powerbook:1.6931471805599454
100:2.386294361119891
answers:1.6931471805599454
regarding:1.0
post:1.0
information:1.0
couple:1.0
1:1.0
support:1.0
appletalk:1.0
yes:2.09861228866811
2:1.0
cpu:1.0
low:1.0
power:1.0
version:1.0
68000:1.0
running:1.0
15.87:1.0
mhz:1.0
3:1.0
run:1.0
system:1.0
7:1.6931471805599454
although:1.0
use:1.0
lot:1.0
memory:2.9459101490553135
4:2.386294361119891
still:2.386294361119891
availabe:1.0
several:1.6931471805599454
vendors:1.6931471805599454
make:1.0
ram:1.6931471805599454
two:1.0
options:1.0
sell:2.386294361119891
plugs:1.6931471805599454
slot:1.6931471805599454
inside:1.0
others:1.0
processor:1.0
direct:1.0
either:1.6931471805599454
way:1.0
address:1.0
8:1.0
9:1.0
megabytes:1.0
depending:1.0
whether:1.0
backlit:2.386294361119891
king:1.0
peripherials:1.0
irvine:1.0
california:1.0
cheapest:1.0
place:1.0
know:1.0
2mb:1.6931471805599454
140:1.0
mb:2.6094379124341005
250:1.0
415:1.0
see:1.0
ads:1.0
macuser:1.0
selling:1.0
modules:1.0
450:1.0
wide:1.0
variety:1.0
pricing:1.0
5:1.0
internal:2.386294361119891
hd:1.6931471805599454
conner:1.0
cp-3045:1.0
40:1.0
average:1.0
access:1.0
time:1.0
25:1.0
ms:1.0
6:1.0
screen:2.09861228866811
better:1.0
pb:1.6931471805599454
heavens:1.0
passive:1.0
matrix:1.6931471805599454
means:1.0
fades:1.0
move:1.0
head:1.0
degrees:1.0
left:1.0
right:1.0
non-backlit:1.6931471805599454
active:1.0
think:1.0
joy:1.0
read:1.0
things:1.0
consider:1.0
get:1.0
much:1.6931471805599454
pay:1.6931471805599454
good:2.09861228866811
supplier:1.0
selectterm:1.0
mass:1.0
willing:1.0
2400:1.6931471805599454
bps:1.6931471805599454
modem:2.09861228866811
650:1.0
900:1.0
answer:1.0
call:1.0
around:1.0
youll:1.0
im:1.0
looking:1.0
fax:1.0
anybody:1.0
got:1.0
one:1.0
want:1.0
luck:1.0
615/297-7951:1.0
macinteresteds:1.0
nashville:1.0
