petrack:2.09861228866811
vnet.ibm.com:1.0
subject:1.0
serial:2.09861228866811
line:1.0
connection:1.6931471805599454
duo:3.3978952727983707
210:2.6094379124341005
pc:2.09861228866811
tried:1.0
almost:1.0
everything:1.0
sun:1.0
get:1.0
null:1.6931471805599454
modem:2.9459101490553135
mac:2.6094379124341005
used:2.09861228866811
mackermit:1.0
versaterm:1.0
side:1.6931471805599454
procomm:1.0
kermit:1.0
softerm:1.0
os/2:1.0
ps:2.9459101490553135
non-hardware:1.0
handshaking:2.09861228866811
hardware:2.386294361119891
ahdshaking:1.0
cables:1.0
know:2.386294361119891
hands:1.0
shaking:1.0
effort:1.0
nothing:1.0
allowed:1.0
file:1.6931471805599454
transfers:1.6931471805599454
general:1.0
type:1.6931471805599454
back:1.6931471805599454
forth:1.6931471805599454
trouble:1.0
sides:1.0
set:1.0
speeds:2.09861228866811
9600:1.0
baud:1.0
send:2.386294361119891
files:2.09861228866811
possible:1.0
straight:1.6931471805599454
ascii:1.6931471805599454
flawlessly:1.0
binhex:1.0
way:1.0
quite:1.0
fast:1.6931471805599454
transmission:1.0
error:1.0
free:1.0
sent:1.0
full:1.0
errors:1.0
unless:1.0
course:1.0
text:1.0
pacing:1.0
slow:1.0
like:2.386294361119891
human:1.6931471805599454
typing:1.6931471805599454
well:1.0
2-3:1.0
times:1.6931471805599454
faster:1.0
would:1.0
hear:1.6931471805599454
anyone:1.6931471805599454
able:1.0
transfer:1.0
via:2.09861228866811
please:1.6931471805599454
tell:1.0
exact:1.0
combination:1.0
software:1.0
obviously:1.0
talking:1.0
true:1.0
port:2.09861228866811
express:1.0
maybe:1.0
kind:1.0
soul:1.0
access:1.0
check:1.0
right:1.0
opinion:1.0
wont:1.6931471805599454
work:1.6931471805599454
high:1.0
power:1.0
interrupts:1.0
low:1.0
crazy:1.0
reason:1.0
dont:1.0
understand:1.0
could:1.6931471805599454
someone:1.0
attesting:1.0
really:1.0
pump:1.0
information:1.0
sys-ex:1.0
dump:1.0
help:1.6931471805599454
going:1.6931471805599454
absolutely:1.0
insane:1.0
wan:1.0
na:1.0
problem:1.0
210s:1.0
duos:1.0
yes:1.0
checked:1.0
cable:1.0
1,000,000:1.0
zterm:1.6931471805599454
alerts:1.0
users:1.0
s/he:1.0
uses:1.0
cts:1.0
working:1.0
also:1.0
according:1.0
stats:1.0
buffer:1.0
never:1.0
overflows:1.0
figure:1.0
whats:1.0
scott:1.0
haifasc3.vnet.ibm.com:1.0
