katinka:2.386294361119891
van:1.6931471805599454
der:1.6931471805599454
linden:1.6931471805599454
fenk.wau.nl:1.6931471805599454
subject:1.0
quadra:2.09861228866811
scsi:1.6931471805599454
problems:1.0
would:1.0
like:1.0
info:1.0
anybody:1.6931471805599454
exabyte:1.0
8500:1.0
tapedrive:1.6931471805599454
never:1.0
working:1.0
950:1.0
trying:1.0
since:1.0
september:1.0
1992:1.0
replaced:1.0
cabling:1.0
inits:1.0
dont:1.6931471805599454
know:2.09861228866811
industry:1.0
experts:1.0
phoned:1.0
dealer:2.09861228866811
apple:1.0
software:1.0
say:1.0
fault:1.0
last:1.0
thing:1.0
said:1.0
needed:1.0
special:1.0
terminator:1.0
thanks:1.0
