hades:1.0
coos.dartmouth.edu:1.0
brian:1.0
v:1.0
hughes:1.0
subject:1.0
quadras:1.6931471805599454
vram:3.70805020110221
question:2.09861228866811
daniel:1.0
salber:1.6931471805599454
imag.fr:1.0
writes:1.0
regarding:1.0
tried:1.0
find:1.0
info:1.0
could:1.0
get:2.386294361119891
precise:1.0
answers:1.0
one:1.0
hand:1.6931471805599454
quadra:2.09861228866811
950:2.6094379124341005
16:2.09861228866811
monitor:2.09861228866811
capable:1.6931471805599454
32-bit:1.0
color:2.386294361119891
much:1.0
display:1.0
millions:1.0
colors:1.0
need:1.6931471805599454
2mb:1.6931471805599454
q950:1.0
800:2.09861228866811
8-bit:1.0
must:1.6931471805599454
512:1.0
ko:1.0
correct:2.09861228866811
amount:1.0
on-board:1.0
q800:1.0
comes:1.0
would:1.0
like:1.0
take:2.6094379124341005
simms:2.791759469228055
put:1.0
machines:1.0
16-bit:1.6931471805599454
capability:1.0
possible:1.6931471805599454
yes:2.09861228866811
many:1.0
technically:1.0
2:1.6931471805599454
leaving:1.0
two:1.0
anything:1.6931471805599454
really:1.6931471805599454
1.5mb:1.0
knows:1.0
1mb:1.6931471805599454
documentation:1.6931471805599454
1:1.0
mo:1.0
putting:1.0
256k:1.0
simm:1.0
slots:1.0
q800s:1.0
motherboard:1.0
bonus:1.0
hide:1.0
seem:1.0
behind:1.0
power:2.09861228866811
supply:2.09861228866811
access:1.0
yup:1.0
couple:1.0
screws:1.0
ok:1.0
make:1.0
sure:1.0
everything:1.0
disconnected:1.0
watch:1.0
static:1.0
discharges:1.0
