horton:2.386294361119891
what.sps.mot.com:1.0
david:1.0
subject:1.0
macs:1.0
suck:1.6931471805599454
buy:1.0
pc:1.0
article:1.0
c5ouop.f9t:1.0
news2.cis.umn.edu:1.0
molbio.cbs.umn.edu:1.0
robert:1.0
writes:1.0
tests:1.0
post:1.0
real:1.0
message:1.0
presumably:1.0
erme:1.6931471805599454
maula:1.0
testing:1.0
size:1.0
limits:1.0
email:1.0
account:1.0
thats:1.0
pobox.upenn.edu:1.0
missed:1.0
