hades:1.6931471805599454
coos.dartmouth.edu:1.0
brian:1.0
v:1.0
hughes:1.0
subject:1.0
2:1.0
questions:1.0
centris:2.09861228866811
650s:1.0
ram:1.0
petere:1.0
tesla.mitre.org:1.0
peter:1.0
engels:1.0
writes:1.0
according:1.0
seen:1.0
several:1.0
times:1.0
postings:1.0
dale:1.0
adams:1.0
apple:1.0
computer:1.0
610:1.0
650:1.0
require:1.0
80ns:1.0
simms:1.6931471805599454
60:1.6931471805599454
ns:1.6931471805599454
800:2.09861228866811
requires:1.0
youre:1.0
correct:1.0
except:1.0
thats:1.0
quadra:1.0
