rjacks:1.6931471805599454
austlcm.sps.mot.com:1.6931471805599454
rodney:1.6931471805599454
jacks:1.6931471805599454
subject:1.0
apple:2.09861228866811
going:1.6931471805599454
ship:1.0
cd300is:1.0
would:1.0
really:1.0
like:1.0
get:1.0
one:1.6931471805599454
new:1.0
cd300i:1.0
cdrom:1.0
drives:1.6931471805599454
c650:1.0
local:1.0
doesnt:1.6931471805599454
know:1.6931471805599454
available:1.6931471805599454
even:1.0
part:1.6931471805599454
number:1.6931471805599454
yet:1.0
anyone:1.0
drive:1.0
dealer:1.0
suggested:1.0
buy:1.0
cd300:1.0
external:1.0
dont:1.0
want:1.0
pay:1.0
extra:1.0
case/power:1.0
supply:1.0
im:1.0
use:1.0
