smedley:1.6931471805599454
ecst.csuchico.edu:1.0
steven:2.09861228866811
medley:1.6931471805599454
subject:1.0
72-pin:1.6931471805599454
simms:1.0
looking:1.0
8:1.0
meg:1.0
simm:1.0
centris:1.0
610:1.0
best:1.0
place:1.0
purchase:1.0
one:1.6931471805599454
stock:1.0
shipping:1.0
warrenty:1.0
possible:1.6931471805599454
phone:1.0
numbers:1.0
order:1.0
soon:1.0
thanks:1.0
hope:1.0
theres:1.6931471805599454
intelligent:1.0
life:1.6931471805599454
somewhere:1.0
space:1.0
monty:1.0
python:1.0
cause:1.0
bugger:1.0
earth:1.0
meaning:1.0
email:1.0
erasure.ecst.csuchico.edu:1.0
