horton:1.6931471805599454
what.sps.mot.com:1.0
david:1.6931471805599454
subject:1.6931471805599454
centris:2.09861228866811
610:2.09861228866811
video:2.09861228866811
problem:2.386294361119891
im:2.09861228866811
also:1.6931471805599454
article:1.0
1qqf6b:1.0
oc6:1.0
usenet.ins.cwru.edu:1.0
bm967:1.0
cleveland.freenet.edu:1.0
kantrowitz:1.0
writes:1.0
push:1.0
media.mit.edu:1.0
pushpinder:1.0
singh:1.0
date:1.0
sat:1.0
17:1.0
apr:1.0
1993:1.0
03:17:45:1.0
gmt:1.0
computer:1.0
set:1.0
256:1.6931471805599454
colors:2.09861228866811
certain:1.6931471805599454
operations:1.0
done:1.0
particularly:1.0
vertical:1.0
scrolling:1.0
window:1.6931471805599454
horizontal:1.0
white:1.0
lines:1.6931471805599454
appear:1.0
monitor:2.386294361119891
generally:1.0
always:1.0
spare:1.0
open:1.0
windows:1.0
accummulate:1.0
operation:1.0
continued:1.0
moved:1.6931471805599454
involved:1.0
area:1.6931471805599454
screen:1.6931471805599454
away:1.0
line:1.0
disappear:1.0
observed:1.0
configured:1.0
16:1.6931471805599454
14:1.0
inch:1.0
apple:1.6931471805599454
used:1.0
suspect:1.0
bad:1.0
ram:1.0
chip:1.0
apparent:1.0
since:1.0
day:1.0
1:1.0
gotten:1.0
worse:1.0
etc:1.0
anyone:1.0
problems:1.6931471805599454
given:1.0
configurations:1.0
would:1.0
help:1.0
eliminate:1.0
design:1.0
flaw:1.0
explanation:1.0
data:1.0
point:1.0
using:1.0
4/80:1.0
dch:1.0
