hades:1.6931471805599454
coos.dartmouth.edu:1.0
brian:1.0
v:1.0
hughes:1.0
subject:1.0
apple:2.791759469228055
give:1.0
us:1.0
confusing:1.0
message:2.09861228866811
ubs:1.0
carson.u.washington.edu:1.0
university:1.0
bookstore:1.0
writes:1.6931471805599454
bunt0003:1.0
student.tc.umn.edu:1.0
monthian:1.0
buntan-1:1.0
anyone:1.0
know:1.6931471805599454
ambiguous:1.0
c650:2.6094379124341005
regarding:1.0
fpu:3.4849066497880004
mac:1.6931471805599454
price:2.09861228866811
lists:1.6931471805599454
ive:1.0
seen:1.0
every:1.0
optional:2.09861228866811
weve:1.0
discussed:1.0
newsgroup:1.6931471805599454
built:1.6931471805599454
except:1.0
4/80:2.09861228866811
configuration:2.386294361119891
would:1.6931471805599454
unclear:2.09861228866811
issue:1.0
list:1.0
think:1.6931471805599454
mostly:1.0
fault:1.0
people:1.0
write:1.0
literature:1.0
confused:1.6931471805599454
since:1.6931471805599454
two:2.09861228866811
possible:1.6931471805599454
processor:2.386294361119891
configurations:2.386294361119891
one:2.386294361119891
doesnt:1.0
seem:1.0
option:2.386294361119891
even:1.0
though:1.0
really:1.0
isnt:1.0
im:1.6931471805599454
planning:1.0
buy:1.0
8/230/cd:1.0
pretty:1.0
soon:1.0
getting:2.386294361119891
whether:1.6931471805599454
comes:1.6931471805599454
well:1.0
allow:1.0
end:1.0
confusion:1.0
come:1.0
lc040:2.09861228866811
base:1.0
say:1.0
good:1.0
question:1.0
wondering:1.0
feb:1.0
10th:1.0
get:1.0
centris:2.386294361119891
650:1.6931471805599454
cd:1.0
68rc040:1.6931471805599454
built-in:1.0
math:1.0
coprocessor:1.0
support:1.6931471805599454
understanding:1.0
refers:1.0
purchasing:1.0
without:1.0
something:1.0
supposed:1.0
able:1.0
request:1.0
want:1.0
done:1.0
given:1.0
buyer:1.0
choice:1.0
offer:1.0
upgrade:1.6931471805599454
non-fpu:2.09861228866811
system:2.09861228866811
become:1.0
040:2.386294361119891
68lc040:1.6931471805599454
replaced:1.0
supplied:1.0
another:1.6931471805599454
vendor:1.0
fact:1.0
included:1.0
roms:1.0
machines:1.0
lc040s:1.0
code:1.0
recognize:1.0
presence:1.0
full:2.386294361119891
040s:1.0
use:1.0
thereby:1.0
making:1.0
easy:1.0
switching:1.0
chips:1.6931471805599454
pop:1.6931471805599454
send:1.0
memo:1.6931471805599454
point:1.0
sating:1.0
610:1.0
upgraded:1.6931471805599454
pin:1.6931471805599454
apparently:1.0
match:1.0
swap:1.0
according:1.0
apples:1.0
double-check:1.0
stated:1.0
countless:1.0
times:1.0
hardware:1.0
designers:1.0
compatible:1.0
c610:1.0
