pebi:1.0
aem.umn.edu:1.0
peter:1.6931471805599454
bidian:1.0
subject:1.0
cache:1.6931471805599454
card:1.6931471805599454
iisi:1.0
hi:1.0
bought:1.0
ago:1.0
w:1.0
fpu:1.0
techworks:1.0
219:1.0
think:1.0
cheapest:1.0
ever:1.0
saw:1.0
