kluskens:2.386294361119891
radar.nrl.navy.mil:1.6931471805599454
michael:1.6931471805599454
subject:1.0
quadra:2.6094379124341005
scsi:2.386294361119891
problems:1.6931471805599454
article:2.09861228866811
1993apr19.131311.25871:1.0
mintaka.lcs.mit.edu:1.6931471805599454
nodine:2.386294361119891
lcs.mit.edu:1.6931471805599454
mark:2.09861228866811
h:1.6931471805599454
wrote:1.6931471805599454
c5l39p.2qz:1.0
news.udel.edu:1.0
johnston:1.6931471805599454
me.udel.edu:1.0
bill:1.0
writes:1.6931471805599454
1993apr16.144750.1568:1.0
dont:1.0
know:1.6931471805599454
specific:1.0
problem:3.1972245773362196
mentioned:1.6931471805599454
message:1.0
definitely:1.0
q700:1.0
venerable:1.6931471805599454
jasmine:1.6931471805599454
megadrive:1.0
10:1.0
cartridge:2.386294361119891
stuff:1.6931471805599454
deleted:1.6931471805599454
doubt:1.0
quadra-specific:1.0
get:1.6931471805599454
rid:1.0
bernoulli:1.0
20:1.0
last:2.386294361119891
year:2.09861228866811
enough:1.0
might:1.0
fix:1.0
case:1.6931471805599454
cartridges:1.0
wouldnt:1.0
format/mount/partition:1.0
a/ux:1.0
megadrives:1.0
worked:1.6931471805599454
perfectly:1.0
mac:1.0
plus:1.0
powerbook:1.0
140:1.0
reason:1.0
assumed:1.0
something:1.0
even:1.6931471805599454
mostly:1.0
ok:1.0
occurred:1.0
ejected:1.0
drive:2.09861228866811
would:1.0
start:1.0
popping:1.0
dialog:1.0
boxes:1.0
saying:1.0
must:1.0
formatted:1.0
driveware:1.0
though:1.0
known:1.0
heavily:1.0
discussed:1.0
apple:1.0
employee:1.0
pointed:1.0
one:1.0
byte:1.0
error:1.0
driver:2.09861228866811
routine:1.0
quadras:1.0
least:1.0
700:1.6931471805599454
900:1.0
system:1.0
7.1:1.0
people:1.0
solution:1.0
updated:1.0
manufactor:1.0
mass:1.0
microsystems:1.0
new:1.0
fixed:1.0
occured:1.0
early:1.0
opinions:1.0
expressed:1.0
authors:1.0
employer:1.0
