fag2:1.0
cunixb.cc.columbia.edu:1.0
farul:1.6931471805599454
ghazali:1.6931471805599454
subject:1.0
pds:1.6931471805599454
cards:1.6931471805599454
lciii:1.0
expansion:1.0
specifically:1.0
take:1.0
advantage:1.0
lciiis:1.0
32:1.0
bit:1.0
data:1.0
path:1.0
25mhz:1.0
clock:1.0
speed:1.0
exist:1.0
significantly:1.0
faster:1.0
lc/lcii:1.0
versions:1.0
columbia:1.0
university:1.0
city:1.0
new:1.0
york:1.0
