jbs5g:1.0
faraday.clas.virginia.edu:1.0
james:1.0
b:1.0
sheire:1.0
subject:1.0
scsi:2.09861228866811
ethernet:1.6931471805599454
converter:1.0
sale:1.0
strange:1.0
piece:1.0
equipment:1.0
unload:1.0
ether:1.0
interface:1.0
apparently:1.0
plugged:1.0
port:1.0
way:1.0
save:1.0
slot:1.0
nifty:1.0
well:1.0
assume:1.0
people:1.0
know:1.0
judging:1.0
350:1.0
price:1.0
tag:1.0
new:1.0
ill:1.0
ask:1.0
say:1.0
75:1.0
anybody:1.0
interested:1.0
