ross:2.09861228866811
vorpal.ucsb.edu:1.0
richard:1.6931471805599454
subject:1.0
powerbook:1.6931471805599454
math:1.0
coprocessor:1.6931471805599454
really:1.0
want:1.0
buy:1.0
would:1.0
like:1.0
one:1.0
run:1.0
mathematica:1.0
need:1.0
afford:1.0
pb180:1.0
possible:1.0
put:1.0
mcp:1.0
pb160:1.0
guy:1.0
bookstore:1.0
says:1.0
didnt:1.0
think:1.0
much:1.0
clue:1.0
please:1.0
respond:1.0
e-mail:1.0
sbphy.physics.ucsb.edu:1.0
thanks:1.0
advance:1.0
