wls:1.6931471805599454
calvin.usc.edu:1.0
bill:1.0
scheding:1.0
subject:1.0
full:1.0
page:1.0
pb:1.0
screen:1.0
article:1.0
mfohvgq00wbme4yado:1.0
andrew.cmu.edu:1.6931471805599454
michael:1.0
callihan:1.0
mc5o:1.0
writes:1.0
hi:1.0
working:1.6931471805599454
project:1.0
marketing:2.09861228866811
class:1.0
id:1.0
like:1.0
ask:1.0
help:1.0
assignment:1.0
come:1.0
product:1.0
create:1.0
plan:1.6931471805599454
technical:1.6931471805599454
issues:1.6931471805599454
terribly:1.6931471805599454
important:1.6931471805599454
point:1.0
im:1.0
surprised:1.0
learn:1.0
anyone:1.0
