robrick:1.6931471805599454
erenj.com:1.6931471805599454
bob:1.6931471805599454
brickman:1.6931471805599454
subject:1.0
apple:2.386294361119891
going:1.6931471805599454
ship:1.0
cd300is:1.0
article:1.6931471805599454
1quod6:1.0
i3n:1.0
menudo.uh.edu:1.0
sunnyt:1.0
coding.bchs.uh.edu:1.0
wrote:1.0
1993apr19.164734.24779:1.0
newsgate.sps.mot.com:1.0
rjacks:1.6931471805599454
austlcm.sps.mot.com:1.6931471805599454
rodney:1.6931471805599454
jacks:1.6931471805599454
writes:1.0
would:1.0
really:1.0
like:1.0
get:1.0
one:1.6931471805599454
new:1.6931471805599454
cd300i:1.6931471805599454
cdrom:1.0
drives:1.6931471805599454
c650:1.6931471805599454
local:1.0
doesnt:1.6931471805599454
know:1.6931471805599454
available:1.6931471805599454
even:1.0
part:2.386294361119891
number:2.386294361119891
yet:1.0
anyone:1.0
drive:2.09861228866811
dealer:1.0
suggested:1.0
buy:1.0
cd300:1.0
external:1.6931471805599454
dont:1.0
want:1.0
pay:1.0
extra:1.0
case/power:1.0
supply:1.0
im:1.0
use:1.0
may:1.6931471805599454
seen:1.0
bezel:2.09861228866811
kit:2.09861228866811
front:1.0
panel:1.0
slot:1.0
insert:1.0
cd:1.0
document:1.0
got:1.0
2/10/93:1.0
announcement:1.0
office:1.0
states:1.0
kits:1.0
separate:1.0
items:1.0
srp:1.0
149:1.0
fro:1.0
unit:1.0
better:1.0
deal:1.0
disclaimer:1.0
preceding:1.0
represent:1.0
personal:1.0
opinions:1.6931471805599454
reflect:1.0
policies:1.0
practices:1.0
employer:1.0
