dpb:1.0
sdchemw2.ucsd.edu:1.0
doug:1.6931471805599454
p:1.0
book:1.0
subject:1.0
stereo:1.6931471805599454
sound:1.6931471805599454
problem:1.6931471805599454
mac:2.09861228866811
games:1.0
thanks:1.6931471805599454
steve:1.0
helpful:1.0
informative:1.0
comments:1.0
bad:1.0
developers:1.0
arent:1.0
addressing:1.0
make:1.0
trusty:1.0
old:1.0
ii:1.0
superior:1.0
quadra:1.0
replaced:1.0
one:1.0
way:1.0
though:1.0
