nestor:2.09861228866811
cs.cmu.edu:1.0
f:1.0
michelena:1.6931471805599454
subject:1.0
help:1.0
0300ff:1.6931471805599454
error:1.6931471805599454
power-up:1.0
mac:1.6931471805599454
plus:1.0
im:1.0
getting:1.0
sad:1.0
icon:1.0
black:1.0
screen:1.0
code:1.0
could:1.0
someone:1.0
please:1.0
tell:1.0
whats:1.0
wrong:1.0
memory:1.0
thanks:1.0
lot:1.0
id:1.0
appreciate:1.0
infinitely:1.0
