gt8798a:1.0
prism.gatech.edu:1.0
anthony:1.0
kim:1.0
subject:1.0
syquest:1.6931471805599454
150:1.6931471805599454
remember:1.0
someone:1.0
mention:1.0
150meg:1.0
anyone:1.0
else:1.0
heard:1.0
anything:1.0
id:1.0
interested:1.0
cost:1.6931471805599454
per:1.0
megabyte:1.0
approximate:1.0
drive:1.0
compare:1.0
bernoulli:1.0
