hsieh:2.386294361119891
ipld04.hac.com:1.0
julia:1.6931471805599454
subject:1.0
reach:1.6931471805599454
micron:2.09861228866811
anyone:1.0
know:1.0
interested:1.0
getting:1.0
specifics:1.0
types:1.0
monitors:1.0
work:1.0
xceed:1.0
card:1.0
se/30:1.0
either:1.0
e-mail:1.0
phone:1.0
number:1.0
would:1.0
prefered:1.0
answers:1.0
questions:1.0
id:1.0
appreciate:1.0
reply:1.0
thanks:1.0
opinions:1.0
intended:1.0
reflect:1.0
ipld01.hac.com:1.0
hughes:1.0
aircraft:1.0
company:1.0
