wstuartj:1.6931471805599454
lucky.ecn.purdue.edu:1.0
w:1.0
stuart:2.09861228866811
jones:2.09861228866811
subject:1.0
adding:1.0
vram:2.09861228866811
quadra:1.6931471805599454
800:1.6931471805599454
want:1.0
go:1.0
512k:2.09861228866811
1m:1.0
many:1.0
simms:1.0
need:1.6931471805599454
buy:1.0
current:1.6931471805599454
soldered:1.0
board:1.0
take:1.0
add:1.0
thanks:1.0
wesley:1.6931471805599454
jonesw:1.0
res.wes.mot.com:1.0
ecn.purdue.edu:1.0
