thomas:1.0
kephart:1.6931471805599454
snowhite.eeap.cwru.edu:1.0
subject:1.0
mac:2.386294361119891
800:1.6931471805599454
numbers:2.09861228866811
heres:1.0
list:1.0
compiled:1.0
sources:1.0
anybody:1.0
got:1.0
anything:1.0
add:1.0
formatted:1.0
alpha:1.0
looks:1.0
fine:1.0
dont:1.0
complain:1.0
doesnt:1.0
look:1.0
good:1.0
adobe1-415-961-0911:1.0
fax:1.0
info1-800-235-0078:1.0
aldus1-206-622-5500:1.0
alladin1-408-685-9175:1.0
altsys1-214-680-2060:1.0
apda:1.0
1-800-282-2732:1.0
apple:2.09861228866811
prog:1.0
dev:1.0
assoc:1.0
computer1-408-996-1010:1.0
customer:1.0
1-800-776-2333:1.0
non-tech:1.0
assistance:2.09861228866811
aps1-800-233-7550:1.0
alliance:1.0
peripheral:1.6931471805599454
sys:1.0
asd:1.0
softwae1-714-624-2594:1.0
fax1-714-624-9574:1.0
berkeley:1.0
systems1-415-540-5535:1.0
cayman:1.0
systems1-800-473-4776:1.0
ce:1.0
software1-515-224-1953:1.0
claris1-408-727-8227:1.0
1-408-727-9054:1.0
claris:1.0
software1-800-3cl-aris:1.0
compatible:1.0
systems1-800-356-0283:1.0
computer:1.0
associates:1.0
c.a1-408-648-4000:1.0
connectix1-800-950-5880:1.0
dataviz1-203-268-0300:1.0
dayna1-801-972-2000:1.0
deltapoint1-800-367-4334:1.0
deneba1-305-594-6965:1.0
dr.mac:1.0
1-800-825-6227:1.0
fifth:1.0
generation1-800-873-4384:1.0
greatwave1-408-438-1990:1.0
icom:1.0
simulations1-708-520-4440:1.0
macavenue:1.0
1-800-926-6221:1.0
macconnection:1.0
1-800-334-4444:1.0
macland:1.0
1-800-888-8779:1.0
macromind1-415-442-0200:1.0
macs:1.0
place:1.0
1-800-367-4222:1.0
macwarehouse:1.0
1-800-255-6227:1.0
microcom1-919-490-1277:1.0
microsoft1-800-426-9400:1.0
educational:1-800-227-4679:1.0
general:1-206-882-8088:1.0
sales:1.0
services:1.0
1-800-426-9400:1.0
punch:1.0
1:1.0
technical:1.0
2:1.0
university:1.0
shiva1-617-864-8100:1.0
silicon:1.0
beach1-619-695-6956:1.0
symantec1-800-441-7234:1.0
zone:1.0
1-800-248-0800:1.0
chip:1.0
merchant1-800-426-6375:1.0
clearpoint:1.0
computers1-800-253-2778:1.0
clubmac1-800-clu-bmac:1.0
delta:1.0
research:1.0
labs1-800-999-1593:1.0
diamond1-800-541-7126:1.0
dynamic:1.0
electronics1-800-845-8228:1.0
etc1-800-882-2863:1.0
global:1.0
village:1.0
telecom.1-800-736-4821:1.0
adb:1.0
modems:1.0
lifetime:1.0
memory1-800-233-6233:1.0
llb1-800-848-8967:1.0
macproducts:1.6931471805599454
usa1-800:1.0
disk:1.0
1-800-mac-usa1:1.0
megabyte:1.0
memory1-800-748-5766:1.0
products:1.0
memory:1.6931471805599454
international1-800-266-0488:1.0
plus1-800-388-plus:1.0
micro:1.0
electronic:1.0
tech1-800-766-7466:1.0
newer:1.0
technology1-800-678-3726:1.0
outlet1-800-332-6581:1.0
psi1-800-622-1722:1.0
quadmation1-800-733-7887:1.0
shecom:1.0
computers1-800-366-4433:1.0
sii:1.0
micros1-800-424-1126:1.0
south:1.0
coast:1.0
electronics1-800-289-8801:1.0
stratum:1.0
technologies1-800-533-1744:1.0
technology:1.0
works1-800-688-7466:1.0
texas:1.0
macstuf1-800-mac-stuf:1.0
third:1.6931471805599454
wave:1.0
computing1-800-284-0486:1.0
wave1-800-284-0846:1.0
turbo:1.0
technologies1-800-542-7466:1.0
1-800-555-1212:1.0
directory:1.0
1-800:1.0
