charles:1.6931471805599454
p:1.6931471805599454
cox:2.386294361119891
jr:1.6931471805599454
snowhite.eeap.cwru.edu:1.6931471805599454
subject:1.0
calling:1.0
mac:1.0
gurus:1.0
question:1.0
familiar:1.0
quadra:1.6931471805599454
vram:1.6931471805599454
put:1.6931471805599454
2:1.6931471805599454
256k:1.0
simms:1.6931471805599454
700:1.0
slots:2.09861228866811
closest:1.0
ram:1.6931471805599454
simm:1.0
got:1.0
results:1.0
whatsoever:1.0
told:1.0
built-in:1.0
video:1.0
support:1.0
least:1.0
16bit:1.0
maybe:1.0
24bit:1.0
color:1.6931471805599454
macintosh:1.0
display:1.0
however:1.0
monitors:1.6931471805599454
control:1.6931471805599454
panel:1.6931471805599454
still:1.0
lists:1.0
8bit:1.0
256:1.0
colors:1.0
highest:1.0
possible:1.0
make:1.0
difference:1.0
something:1.6931471805599454
activate:1.0
btw:1.0
running:1.0
system:1.0
7.1:1.0
8:1.0
megs:1.0
computer:1.0
engineering:1.0
case:1.0
western:1.0
reserve:1.0
university:1.0
cpc3:1.0
po.cwru.edu:1.0
