abea:1.0
az.stratus.com:1.0
art:1.6931471805599454
beattie:1.6931471805599454
subject:1.0
quadra:2.6094379124341005
scsi:2.6094379124341005
problems:2.09861228866811
article:2.386294361119891
katinka:1.6931471805599454
fenk.wau.nl:1.0
van:1.0
der:1.0
linden:1.0
writes:2.386294361119891
would:1.6931471805599454
like:1.0
info:1.0
anybody:1.6931471805599454
exabyte:1.0
8500:1.0
tapedrive:1.6931471805599454
never:1.0
working:1.0
950:1.0
trying:1.0
since:1.0
september:1.0
1992:1.0
replaced:1.0
cabling:2.09861228866811
inits:1.0
dont:2.09861228866811
know:2.6094379124341005
industry:1.0
experts:1.6931471805599454
phoned:1.0
dealer:2.09861228866811
apple:1.0
software:2.09861228866811
say:1.0
fault:1.0
last:1.6931471805599454
thing:1.6931471805599454
said:1.0
needed:1.0
special:1.0
terminator:2.09861228866811
thanks:1.0
1993apr19.131311.25871:1.0
mintaka.lcs.mit.edu:1.6931471805599454
nodine:2.386294361119891
lcs.mit.edu:1.6931471805599454
mark:2.09861228866811
h:1.6931471805599454
wrote:1.0
c5l39p.2qz:1.0
news.udel.edu:1.0
johnston:1.6931471805599454
me.udel.edu:1.0
bill:1.0
1993apr16.144750.1568:1.0
specific:1.0
problem:2.6094379124341005
mentioned:1.0
message:1.0
definitely:1.0
q700:1.6931471805599454
venerable:1.6931471805599454
jasmine:1.6931471805599454
megadrive:1.0
10:1.0
cartridge:2.386294361119891
drives:1.6931471805599454
solution:1.0
get:1.6931471805599454
silverlining:1.0
none:1.0
loops:1.0
involved:1.0
blind:1.0
worked:2.386294361119891
fact:1.0
loop:1.6931471805599454
macintosh:1.0
whatever:1.0
means:1.0
doubt:1.0
quadra-specific:1.0
rid:1.0
bernoulli:1.0
20:1.6931471805599454
year:1.0
enough:1.0
cartridges:1.6931471805599454
purchased:1.0
90:1.0
make:1.6931471805599454
whole:1.6931471805599454
worth:1.0
computer:1.0
tech:1.0
support:1.0
guys:1.0
ocean:1.0
microsystems:1.0
suggested:1.0
third-party:1.0
drivers:1.0
might:1.6931471805599454
fix:1.0
case:1.0
wouldnt:1.0
format/mount/partition:1.0
a/ux:1.0
megadrives:1.0
perfectly:1.0
mac:2.09861228866811
plus:1.0
powerbook:1.0
140:1.0
reason:1.0
assumed:1.0
something:1.0
even:1.6931471805599454
mostly:1.0
ok:1.0
occurred:1.0
ejected:1.0
drive:2.386294361119891
start:1.0
popping:1.0
dialog:1.0
boxes:2.386294361119891
saying:1.0
must:2.09861228866811
formatted:1.0
driveware:1.0
though:1.0
using:2.09861228866811
pli:1.6931471805599454
sony:1.0
3.5:1.0
mo:1.6931471805599454
sharp:1.6931471805599454
color:1.0
scanner:1.6931471805599454
standard:1.6931471805599454
cables:1.0
iifx:1.0
another:1.0
story:1.0
sure:1.6931471805599454
one:2.09861228866811
end:1.6931471805599454
internal:2.09861228866811
terminators:1.0
switched:1.6931471805599454
others:1.0
socketted:1.0
count:1.0
box:1.6931471805599454
terminations:2.09861228866811
put:1.0
terminate:1.0
disabled:1.6931471805599454
ie:1.0
pulled:1.0
sockets:1.0
2:1.0
etc:1.0
covered:1.0
experience:1.0
connect:1.0
indicates:1.0
package:1.0
talk:1.0
good:1.0
luck:1.0
speak:1.0
