ray:2.386294361119891
netcom.com:1.6931471805599454
fischer:1.6931471805599454
subject:1.0
x86:1.0
680x0:1.0
compare:1.0
d88-jwa:1.0
hemul.nada.kth.se:1.0
jon:1.0
wtte:1.0
writes:1.0
interesting:1.0
comparision:1.0
fast:1.0
clock-cycle:1.0
chips:1.0
get:1.0
alpha:1.0
way:1.0
slow:1.0
66:1.0
mhz:1.6931471805599454
blazes:1.0
200:1.0
problem:1.0
going:1.0
finding:1.0
someone:1.0
make:1.0
200mhz:1.0
computer:1.0
system:1.0
could:1.0
tough:1.0
convictions:1.0
dangerous:1.0
enemies:1.0
truth:1.0
lies:1.0
friedrich:1.0
nietzsche:1.0
