gene:2.386294361119891
jackatak.raider.net:2.09861228866811
wright:1.6931471805599454
subject:1.0
sound:1.6931471805599454
recording:1.0
mac:2.386294361119891
portable:1.6931471805599454
answer:1.0
lead:1.0
whatever:1.0
equipment:1.6931471805599454
work:1.6931471805599454
plus:1.0
se:1.0
fine:1.6931471805599454
doesnt:1.0
input:1.0
works:1.0
models:1.0
mentioned:1.0
macuser/macworld:1.0
615:1.0
377-5980:1.0
