u8121520:1.0
cc.nctu.edu.tw:1.0
subject:1.0
hi:1.6931471805599454
could:1.6931471805599454
join:1.0
anybody:1.6931471805599454
known:1.0
much:1.0
buy:1.6931471805599454
ethernet:1.0
card:1.0
mac:1.6931471805599454
se:1.6931471805599454
besides:1.0
goto:1.0
buy.if:1.0
mail-order:1.0
brand:1.0
suitable:1.0
network:1.0
coxial:1.0
wire:1.0
thanks:1.0
lot:1.0
tell:1.0
thank:1.0
