ray:2.386294361119891
netcom.com:1.6931471805599454
fischer:1.6931471805599454
subject:1.0
share:1.0
one:1.6931471805599454
monitor:2.09861228866811
w:1.0
2:1.0
cpus:1.0
bm967:1.0
cleveland.freenet.edu:1.0
david:1.0
kantrowitz:1.0
writes:1.0
centris:1.0
610:1.0
want:1.0
get:1.0
ibm:1.0
machine:1.0
well:1.0
save:1.0
space:1.0
desk:1.6931471805599454
would:1.0
like:1.0
use:1.0
switch-box:1.0
anyone:1.0
know:1.0
way:1.0
sure:1.0
buy:1.0
switch:1.0
box:1.0
multisync:1.0
arrangement:1.0
works:1.0
fine:1.0
convictions:1.0
dangerous:1.0
enemies:1.0
truth:1.0
lies:1.0
friedrich:1.0
nietzsche:1.0
