folta:2.386294361119891
zen.holonet.net:1.0
steve:1.6931471805599454
subject:1.0
using:1.0
setwutime:1.6931471805599454
pb170:1.0
aep:1.0
world.std.com:1.0
andrew:1.0
e:1.0
page:1.0
writes:1.0
get:1.0
mac:1.6931471805599454
go:1.0
sleep:1.0
cant:1.0
make:1.6931471805599454
seem:1.0
wake:1.0
powerbook:1.6931471805599454
170:1.0
hardware:1.0
doesnt:1.0
wakeup:1.0
timer:1.0
140:1.0
portable:1.0
one:1.6931471805599454
think:1.0
100:1.0
dont:1.0
know:1.0
newer:1.0
powerbooks:1.0
kind:1.0
doubt:1.0
got:1.0
bit:1.0
took:1.0
rooting:1.0
around:1.0
developer:1.0
cd:1.0
found:1.0
well.sf.ca.us:1.0
