wstomv:1.6931471805599454
wsinpa04.win.tue.nl:1.0
tom:1.6931471805599454
verhoeff:1.0
subject:1.0
deskwriter:1.6931471805599454
drivers:1.6931471805599454
3.1:1.6931471805599454
install:1.6931471805599454
recently:1.0
upgraded:1.6931471805599454
system:1.0
7.1:1.0
also:1.0
2.2:1.0
got:1.0
software:1.0
sumex:1.0
clear:1.0
someone:1.0
tell:1.0
files:1.0
come:1.0
dw-3.1:1.0
go:1.0
purpose:1.0
left:1.0
instance:1.0
dont:1.0
want:1.0
background:1.0
printing:1.0
thanks:1.0
internet:1.0
win.tue.nl:1.0
eindhoven:1.6931471805599454
university:1.0
technology:1.0
voice:1.0
31:1.6931471805599454
40:1.6931471805599454
47:1.0
41:1.0
25:1.0
dept:1.0
mathematics:1.0
computing:1.0
science:1.0
fax:1.0
43:1.0
66:1.0
85:1.0
po:1.0
box:1.0
513:1.0
nl-5600:1.0
mb:1.0
netherlands:1.0
