bauer:2.386294361119891
informatik.uni-ulm.de:1.6931471805599454
christian:1.6931471805599454
subject:1.0
q700:1.0
34.5mhz:1.0
fine:1.0
article:1.6931471805599454
lee5.734735026:1.0
husc.harvard.edu:1.0
lee5:1.0
husc8.harvard.edu:1.0
patrick:1.0
lee:1.0
wrote:1.0
menes:1.6931471805599454
informatik.tu-muenchen.de:1.0
rainer:1.0
writes:1.0
wonder:1.0
nobody:1.0
ever:1.6931471805599454
tried:1.6931471805599454
replace:1.6931471805599454
oscilator:2.09861228866811
like:1.6931471805599454
mac:1.0
iisi:1.0
understand:1.0
newer:1.6931471805599454
variable:1.6931471805599454
speed:2.386294361119891
overdrive:1.6931471805599454
hardware:1.0
alittle:1.0
init:1.0
use:1.0
adjust:1.0
idear:1.0
cristal:1.0
wit:1.0
h:1.0
socket:1.0
change:1.6931471805599454
easy:1.0
alot:1.0
cheaper:1.0
would:1.0
gues:1.0
20:1.0
50:1.0
need:1.0
upgrade:1.0
someone:1.0
net:1.0
variant:1.0
speeding:1.0
quadra:2.09861228866811
700:1.6931471805599454
may:1.0
issue:1.6931471805599454
ct:1.6931471805599454
magazine:1.6931471805599454
upgrading:1.0
040:1.0
models:1.0
apple:1.0
simply:1.0
crystals:1.0
add:1.0
fan:1.0
hammerhead:1.0
centris:1.6931471805599454
610:1.0
able:1.0
work:1.0
25:1.0
mhz:1.6931471805599454
cooler:1.0
prefered:1.0
1000:1.0
dm:1.0
get:1.6931471805599454
68040:1.0
33mhz:1.6931471805599454
works:1.6931471805599454
appropriate:1.0
crystal:1.0
full:1.0
extra:1.6931471805599454
cooling:1.6931471805599454
required:1.0
650:1.0
machines:1.0
real:1.0
power:1.0
enthusiasts:1.0
used:1.0
950:1.0
40:1.0
wow:1.0
better:1.0
description:1.0
german:1.0
pc:1.0
