ferch:1.6931471805599454
ucs.ubc.ca:1.0
les:1.0
subject:1.0
apple:1.0
going:1.0
ship:1.0
cd300is:1.0
note:1.0
get:1.0
external:1.0
cd300:1.0
centris:1.0
q800:1.0
miss:1.0
sound:2.09861228866811
mixing:1.0
feature:1.0
unless:1.6931471805599454
willing:1.0
run:1.0
wire:1.0
motherboard:1.0
input:1.6931471805599454
connector:1.0
stereo:1.0
output:1.0
cd:1.0
connecting:1.0
port:1.0
back:1.0
computer:1.0
wont:1.0
live:1.0
mono:1.0
