aep:1.0
world.std.com:1.0
andrew:1.6931471805599454
e:1.6931471805599454
page:1.6931471805599454
subject:1.0
setwutime:1.6931471805599454
works:1.0
pb:1.0
230:1.6931471805599454
tested:1.0
work:1.6931471805599454
would:1.0
seem:1.0
140:1.0
170:1.0
though:1.0
one:1.0
way:1.0
tell:1.0
go:1.0
open:1.6931471805599454
powerbook:1.0
control:1.6931471805599454
panel:1.6931471805599454
7.1:1.0
setting:1.0
allows:1.0
set:1.0
time:1.0
wake:1.0
mac:1.6931471805599454
present:1.0
assume:1.0
warrior:1.0
poet:1.0
decision:1.0
effort:1.0
archer:1.0
arrow:1.0
consultant:1.0
difference:1.0
macintosh:1.0
dsp:1.0
technology:1.0
want:1.0
