frodel:1.0
dhhalden.no:1.0
frode:1.0
lundemo:1.0
subject:1.0
apple:1.6931471805599454
13:1.6931471805599454
giong:1.0
brighter:2.09861228866811
rgb:1.0
monitor:1.0
past:1.0
months:1.0
gone:1.0
colors:1.0
rich:1.0
anyone:1.6931471805599454
encountered:1.0
similar:1.0
problem:1.6931471805599454
dows:1.0
happen:1.0
know:1.0
may:1.0
due:1.0
