ken_m._kampman:1.0
bmug.org:1.0
subject:1.0
iisi:1.0
question:1.0
si:1.6931471805599454
single:1.0
expansion:1.0
slot:1.6931471805599454
either:1.0
pds:2.386294361119891
nubus:2.09861228866811
together:1.0
card:1.6931471805599454
lies:1.0
parallel:1.0
motherboard:1.0
hd:1.0
requires:1.0
adaptor:1.0
adaptort:1.0
cards:2.386294361119891
thus:2.09861228866811
kind:1.6931471805599454
slots:1.6931471805599454
depends:1.0
adapter:1.0
exception:1.0
radius:1.0
rocket:1.0
know:1.0
work:1.6931471805599454
mac:1.0
specific:1.0
macs:1.0
planet:1.0
bmug:1.6931471805599454
firstclass:1.0
bbs:1.0
message:1.0
contained:1.0
posting:1.0
way:1.0
reflect:1.0
bmugs:1.0
official:1.0
views:1.0
