hades:1.6931471805599454
coos.dartmouth.edu:1.0
brian:1.0
v:1.0
hughes:1.0
subject:1.0
adding:1.0
vram:2.386294361119891
quadra:1.6931471805599454
800:1.6931471805599454
wstuartj:1.0
lucky.ecn.purdue.edu:1.0
w:1.0
stuart:1.0
jones:1.0
writes:1.0
want:1.0
go:1.0
512k:2.386294361119891
1m:1.0
many:1.0
simms:1.6931471805599454
need:2.09861228866811
buy:1.6931471805599454
none:1.0
2:1.6931471805599454
80ns:1.0
256k:1.0
cost:1.0
30:1.0
favorite:1.0
memory:1.0
distributor:1.0
current:1.6931471805599454
soldered:1.6931471805599454
board:1.6931471805599454
take:1.0
add:1.0
logic:1.0
simm:1.0
slots:1.0
expansion:1.0
