david_a._schnider:1.0
bmug.org:1.0
subject:1.0
desi:1.6931471805599454
pb:1.0
upgrade:1.0
anyone:1.0
know:1.0
exactly:1.0
digital:1.0
eclipse:1.0
upgrades:1.0
someone:1.0
suggesting:1.0
chips:1.0
may:1.0
able:1.0
perform:1.0
33mhz:1.0
true:1.0
deal:1.0
david:1.0
planet:1.0
bmug:1.6931471805599454
firstclass:1.0
bbs:1.0
message:1.0
contained:1.0
posting:1.0
way:1.0
reflect:1.0
bmugs:1.0
official:1.0
views:1.0
