jartsu:2.09861228866811
hut.fi:1.0
subject:1.0
good:2.09861228866811
hard-disk:1.6931471805599454
driver:1.6931471805599454
non-apple:1.6931471805599454
drives:2.09861228866811
sys:1.0
7.1:1.0
compat:1.0
hi:1.0
recommendation:1.0
software:1.0
would:1.0
mainly:1.0
need:1.6931471805599454
syquest:1.0
removable:1.0
media:1.0
drive:1.0
maybe:1.0
normal:1.0
heard:1.0
seen:1.0
things:1.0
silverlining:1.0
dont:1.0
know:1.0
competitors:1.0
fancy:1.0
filled:1.0
features:1.0
like:1.0
affordable:1.0
thanks:1.0
