jartsu:2.09861228866811
hut.fi:1.0
subject:1.0
512:1.0
kb:1.0
vram:1.6931471805599454
simms:1.6931471805599454
hi:1.0
could:1.0
kind:1.0
soul:1.0
tell:1.0
price:1.6931471805599454
lc/iivi/iivx:1.0
compatible:1.0
512kb:1.0
us:1.0
nowadays:1.0
finland:1.0
ridiculously:1.0
high:1.0
185:1.0
usd:1.0
think:1.0
worth:1.0
trouble:1.0
try:1.0
get:1.0
overseas:1.0
thanks:1.0
