ggaeefc:1.0
cc1.kuleuven.ac.be:1.0
subject:1.0
powerbook-sleep-init-request:1.0
someone:1.0
asked:1.0
existed:1.6931471805599454
init:1.0
removes:1.0
dialog:1.0
youre:1.0
gon:1.0
na:1.0
disconnect:1.0
apletalk:1.0
users:1.0
something:1.6931471805599454
like:1.0
powerbook:1.0
falls:1.0
asleep:1.0
said:1.0
sure:1.0
thing:1.0
thought:1.0
freeware:1.6931471805599454
anyone:1.0
help:1.0
btw:1.0
get:1.0
switch-a-roo:1.0
kind:1.0
schareware:1.0
