elenay_creations:1.0
tcs.las-vegas.nv.us:1.0
anthony:1.6931471805599454
saxton:1.6931471805599454
subject:1.0
long:1.0
ram:1.0
simms:1.0
last:1.0
doesnt:1.0
1:1.0
mb:1.0
simm:1.6931471805599454
1024:1.6931471805599454
8:1.0
moving:1.0
flip-flops:1.0
dont:1.0
move:1.0
anybody:1.0
much:1.0
bigger:1.0
electron:1.0
theyre:1.0
like:1.0
1024x1024x8:1.0
charging:1.0
discharging:1.0
capacitors:1.0
dram:1.0
elenay:1.0
creations:1.0
