dale_adams:1.0
gateway.qm.apple.com:1.0
dale:1.6931471805599454
adams:1.6931471805599454
subject:1.0
adding:1.0
vram:2.791759469228055
quadra:2.09861228866811
800:1.6931471805599454
article:1.0
wstuartj.735273842:1.0
lucky.ecn.purdue.edu:1.6931471805599454
wstuartj:1.0
w:1.0
stuart:1.0
jones:1.0
writes:1.0
want:1.0
go:1.0
512k:2.6094379124341005
1m:1.0
many:1.0
simms:2.386294361119891
need:2.09861228866811
buy:1.0
current:1.6931471805599454
soldered:1.6931471805599454
board:1.6931471805599454
take:1.0
add:2.09861228866811
two:1.6931471805599454
256k:1.6931471805599454
work:1.0
centris:1.0
machines:1.0
already:1.0
logic:1.0
give:1.0
total:1.0
1:1.0
mb:1.0
