pyke:1.6931471805599454
cbnews.cb.att.com:1.0
james.m.pyke:1.0
subject:1.0
need:1.0
card:1.6931471805599454
sony:1.6931471805599454
1320:1.0
recently:1.0
made:1.0
mistake:1.0
purchasing:1.0
cpd-1320:1.0
monitor:1.6931471805599454
mac:1.0
iici:1.6931471805599454
good:1.0
however:1.0
seems:1.0
support:1.0
vga:1.6931471805599454
buy:1.0
ask:1.0
stupid:1.0
reply:1.0
looking:1.0
video:1.0
preferably:1.0
8:1.0
bit:1.0
supports:1.0
interested:1.0
information:1.0
get:1.0
offers:1.0
sale:1.0
applicable:1.0
cards:1.0
also:1.0
considered:1.0
thanks:1.0
advance:1.0
jim:1.0
