micross:1.0
ubvmsb.cc.buffalo.edu:1.0
ross:1.6931471805599454
winston:1.0
subject:1.0
personal:1.6931471805599454
lw:1.0
ntr:1.6931471805599454
serial:1.0
hookup:1.0
anyone:1.0
tell:1.0
procedure:1.0
hooking:1.0
laserwriter:1.0
serially:1.0
mac:1.0
documentation:1.0
says:1.0
done:1.0
im:1.0
sure:1.0
correct:1.0
switch:1.6931471805599454
setting:1.0
use:1.0
given:1.0
non-appletalk:1.0
options:1.0
also:1.0
need:1.0
install:1.0
new:1.0
driver:1.0
chooser:1.0
knows:1.0
printer:1.0
hooked:1.0
directly:1.0
networked:1.0
thanks:1.0
lot:1.0
