drlovemd:2.09861228866811
jhunix.hcf.jhu.edu:1.6931471805599454
steve:1.6931471805599454
liu:1.6931471805599454
subject:1.0
source:1.6931471805599454
deskwriter:1.6931471805599454
ink:1.6931471805599454
carts:2.09861228866811
could:1.0
someone:1.0
please:1.0
e-mail:1.0
post:1.0
cheap:1.0
hp:1.6931471805599454
original:1.0
preferred:1.0
settle:1.0
third-party:1.0
brands:1.0
good:1.0
quality:1.0
tttttt:1.0
eeeee:2.386294361119891
vv:2.791759469228055
tt:2.386294361119891
ee:2.386294361119891
eeee:1.6931471805599454
vvv:1.0
v:1.0
jhuvms.hcf.jhu.edu:1.0
