rcvillab:1.6931471805599454
isluga.puc.cl:1.6931471805599454
rodrigo:1.0
carlos:1.0
villablanca:1.0
subject:1.0
performa:2.09861228866811
lc:1.0
hi:1.0
question:1.0
diference:1.6931471805599454
450:1.0
lciii:1.0
want:1.0
know:2.09861228866811
better:1.0
specifications:1.0
prices:1.0
computers:1.0
tell:1.0
email:1.0
id:1.0
like:1.0
apple:1.0
monitor:1.6931471805599454
14:1.0
thanks:1.0
