mohr:1.6931471805599454
cory.berkeley.edu:1.0
gordon:1.6931471805599454
subject:1.0
new:1.0
duo:1.0
dock:1.0
info:1.0
article:1.0
16baa771e.c558172:1.0
mizzou1.missouri.edu:1.6931471805599454
c558172:1.0
writes:1.0
little:1.0
known:1.0
fact:1.0
macs:1.0
cpu:1.0
connected:1.0
via:1.0
cellular:1.0
network:1.0
cray:1.6931471805599454
supercomputer:1.0
apples:1.0
garage:1.0
thats:1.0
right:1.0
one:1.0
steve:1.6931471805599454
built:1.0
apple:1.6931471805599454
shannon:1.0
silly:1.0
dont:1.0
know:1.0
division:1.0
allowed:1.0
use:1.0
legal:1.0
department:1.0
