cmparris:1.6931471805599454
essex.ecn.uoknor.edu:1.6931471805599454
chris:1.6931471805599454
michael:1.0
parrish:1.6931471805599454
subject:1.0
networking:1.0
macs:2.386294361119891
pc:2.9459101490553135
work:1.0
small:1.0
appletalk:1.6931471805599454
network:1.6931471805599454
3:1.6931471805599454
couple:1.0
printers:1.0
also:1.0
specialized:1.0
accounting:1.0
software:1.6931471805599454
would:1.6931471805599454
like:1.6931471805599454
operate:1.0
soft:1.6931471805599454
found:1.0
works:1.0
fine:1.0
data:1.0
program:1.0
reside:1.0
one:1.0
place:1.0
hard:1.6931471805599454
disk:2.09861228866811
question:1.0
actually:1.0
questions:1.0
1:2.09861228866811
board:1.0
allow:1.6931471805599454
hook:1.0
2:1.6931471805599454
possible:1.0
software/hardware:1.0
combination:1.0
mount:1.0
networked:1.0
use:1.0
run:1.0
application:1.0
impossible:1.0
way:1.0
accomplish:1.0
university:1.0
oklahoma:1.0
share:1.0
split:1.0
kmfdm:1.0
