drg:1.6931471805599454
biomath.mda.uth.tmc.edu:1.6931471805599454
david:1.6931471805599454
gutierrez:1.6931471805599454
subject:1.0
calling:1.0
mac:1.0
gurus:1.0
article:1.0
1qvs9t:1.0
q3f:1.0
usenet.ins.cwru.edu:1.0
charles:1.0
p:1.0
cox:1.6931471805599454
jr:1.0
snowhite.eeap.cwru.edu:1.0
writes:1.0
put:1.6931471805599454
2:1.6931471805599454
256k:1.0
vram:1.6931471805599454
simms:2.09861228866811
quadra:1.0
700:1.0
slots:2.386294361119891
closest:1.6931471805599454
ram:1.0
simm:1.0
got:1.0
results:1.0
whatsoever:1.0
make:1.0
difference:1.0
go:1.0
back:1.0
power:1.0
supply:1.0
fools:1.0
positive:1.0
moe:1.0
howard:1.0
