dschen:1.0
corona.hsc.usc.edu:1.0
daniel:1.0
chen:1.0
subject:1.0
mac:1.6931471805599454
oriented:1.0
bbss:1.6931471805599454
im:1.0
also:1.6931471805599454
interested:1.0
based:1.0
bbs:1.0
chicago:1.0
would:1.0
greatly:1.0
appreciate:1.0
someone:1.0
could:1.0
post:1.0
list:1.0
la:1.0
area:1.0
preferably:1.0
818:1.0
213:1.0
thanks:1.0
dan:1.0
