srchbgm:1.6931471805599454
chv.lincoln.cri.nz:1.6931471805599454
subject:1.0
computer:2.386294361119891
component:2.09861228866811
source:2.09861228866811
inc:1.0
phone:2.09861228866811
number:2.386294361119891
would:1.6931471805599454
like:1.6931471805599454
know:1.0
regular/international:1.0
supplier:1.0
called:1.0
free:1.0
1-800-356-1227:1.0
use:1.0
customers:1.0
outside:1.0
us:1.0
wish:1.0
upgrade:1.0
power:1.0
supply:1.0
couple:1.0
mac:1.0
plus:1.0
computers:1.0
make:1.0
contact:1.0
bruce:1.0
muschamp:1.0
crop:1.0
food:1.0
research:1.0
