kolstad:2.386294361119891
cae.wisc.edu:1.6931471805599454
joel:1.6931471805599454
subject:1.0
pin:1.0
imagewriter:1.6931471805599454
ii:1.6931471805599454
serial:1.6931471805599454
port:1.0
hi:1.0
could:1.0
kind:1.0
soul:1.0
please:1.0
e-mail:1.0
copy:1.0
pinout:1.6931471805599454
connector:1.0
printer:1.0
one:1.6931471805599454
wed:1.0
like:1.0
hook:1.0
pc:1.0
seems:1.0
nobody:1.0
sells:1.0
proper:1.0
cables:1.0
anymore:1.0
problem:1.0
make:1.0
need:1.0
know:1.0
first:1.0
thanks:1.0
advance:1.0
