gatenb:1.6931471805599454
mrisun.med.yale.edu:1.6931471805599454
chris:1.6931471805599454
gatenby:1.6931471805599454
subject:1.0
expand:1.0
ram:2.09861228866811
plus:2.09861228866811
mac:1.6931471805599454
2.5mb:1.0
bought:1.0
extra:1.6931471805599454
2mb:1.0
max:1.0
4mb:1.0
supports:1.0
however:1.0
cant:1.6931471805599454
get:1.6931471805599454
boot:1.0
install:1.0
2:1.6931471805599454
simms:2.09861228866811
instead:1.0
sad:1.0
sorry:1.0
remember:1.0
code:1.0
looking:1.0
motherboard:1.0
see:1.0
resistors:1.6931471805599454
snipped:1.0
says:1.0
256kb:1.0
path:1.0
1:1.0
row:1.0
assume:1.0
done:1.0
first:1.0
1mb:1.0
added:1.0
question:1.0
need:1.6931471805599454
snipping:1.0
bum:1.0
exchanged:1.0
advice:1.0
appreciated:1.0
