jyow:1.6931471805599454
desire.wright.edu:1.6931471805599454
subject:1.0
use:1.0
dat:1.6931471805599454
tape:2.386294361119891
backup:2.386294361119891
access:1.0
dec:1.6931471805599454
tlz06:1.0
need:1.0
interface:1.6931471805599454
se/30:1.0
scsi:1.0
norton:1.0
utilities:1.0
sufficient:1.0
two:1.0
jason:1.0
yowhuman:1.0
factors:1.0
psychology:1.0
program:1.0
wright:1.0
state:1.0
university:1.0
dayton:1.0
ohe-mail:1.0
