dan:2.09861228866811
coyote.trw.com:1.0
antzoulatos:1.0
subject:1.0
duo:1.6931471805599454
price:2.09861228866811
reduction:1.6931471805599454
article:1.0
1r1a5vinnt3d:1.0
senator-bedfellow.mit.edu:1.0
cam:1.0
athena.mit.edu:1.0
daniel:1.0
cameron:1.0
daly:1.0
wrote:1.0
someone:1.0
mentioned:1.0
ago:1.0
duos:1.0
scheduled:1.0
10-18:1.0
according:1.0
newsbytes:1.6931471805599454
definite:1.0
anyone:1.0
know:1.0
take:1.0
effect:1.0
local:1.0
la:1.0
stores:1.0
already:1.0
reduced:1.0
prices:1.0
200:1.0
configurations:1.0
although:1.0
apple:1.0
dropped:1.0
list:1.0
310:1.0
