youyj:1.6931471805599454
mace.cc.purdue.edu:1.6931471805599454
young-jong:1.0
subject:1.0
24bit:1.0
lcii:1.6931471805599454
third:1.0
party:1.0
video:1.0
ram:1.0
adapter:1.0
vewing:1.0
24:1.0
bit:1.0
color:1.0
heard:1.0
apple:1.0
selling:1.0
aroung:1.0
160:1.0
please:1.0
e-mail:1.0
thanks:1.0
young:1.0
