jcs:2.09861228866811
sage.cc.purdue.edu:1.6931471805599454
stalnaker:1.6931471805599454
subject:1.0
system:1.0
6.0.8l:1.0
ernest:1.0
oo:1.6931471805599454
pur-ee:1.0
sage.cc:1.0
