dickie:2.386294361119891
schaefer.math.wisc.edu:1.0
garth:1.6931471805599454
subject:1.0
centris:2.09861228866811
610:2.09861228866811
video:2.09861228866811
problem:1.6931471805599454
im:1.6931471805599454
also:1.6931471805599454
horton:1.6931471805599454
what.sps.mot.com:1.0
david:1.6931471805599454
writes:1.6931471805599454
bm967:1.0
cleveland.freenet.edu:1.0
kantrowitz:1.0
computer:1.0
set:1.0
256:2.386294361119891
colors:2.09861228866811
certain:1.0
operations:1.0
done:1.0
particularly:1.0
vertical:1.6931471805599454
scrolling:1.6931471805599454
window:1.6931471805599454
horizontal:1.6931471805599454
white:1.0
lines:2.386294361119891
appear:1.0
monitor:2.6094379124341005
generally:1.0
always:1.6931471805599454
spare:1.0
open:1.0
windows:1.0
accummulate:1.0
operation:1.6931471805599454
continued:1.0
moved:1.6931471805599454
involved:1.0
area:1.6931471805599454
screen:2.386294361119891
away:1.0
line:1.0
disappear:1.0
observed:1.0
configured:1.0
16:2.09861228866811
14:1.0
inch:1.0
apple:2.386294361119891
used:1.0
anyone:1.0
problems:1.6931471805599454
given:1.0
configurations:1.0
would:1.0
help:1.0
eliminate:1.0
design:1.0
flaw:1.0
explanation:1.0
data:1.0
point:1.0
using:2.386294361119891
4/80:1.0
produce:1.6931471805599454
similar:1.0
artifacts:1.0
got:1.0
8/230/cd:1.0
configuration:1.0
on-board:1.0
ethernet:1.0
1:1.0
megabyte:1.0
ram:1.0
effect:1.0
occurs:1.0
color:1.0
grey:1.0
modes:1.0
whether:1.0
scrollbar:1.0
say:1.0
vi:1.0
inserting:1.0
scattering:1.0
flickering:1.0
persist:1.0
visible:1.0
perhaps:1.6931471805599454
one:1.0
refresh:1.0
part:1.0
back:1.0
usual:1.0
seem:1.6931471805599454
start:1.0
64th:1.0
pixel:1.0
left:1.6931471805599454
maybe:1.0
512:1.0
pixels:1.0
wide:1.0
certainly:1.0
preventing:1.0
macintosh:1.0
sign:1.0
something:1.0
grounded:1.0
incorrectly:1.0
circuitry:1.0
went:1.0
ahead:1.0
called:1.0
customer:1.0
assistance:1.0
center:1.0
1-800-776-2333:1.0
1-800-767-2775:1.0
direct:1.0
person:1.0
answered:1.0
polite:1.0
took:1.0
chance:1.0
complain:1.0
mouse:1.0
button:1.0
sticking:1.0
mac:1.6931471805599454
hanging:1.0
boot:1.0
hard:1.0
killed:1.0
macsbug:1.0
crash:1.0
cd:1.0
drive:1.0
play:1.0
paperclip:1.0
5:1.0
minutes:1.0
get:1.0
thing:1.0
eject:1.0
booted:1.0
fine:1.0
math.wisc.edu:1.0
