ams:1.6931471805599454
auspex.com:1.6931471805599454
allan:2.09861228866811
schwartz:1.6931471805599454
subject:1.0
making:1.0
internal:1.0
hard:1.0
disk:1.0
external:1.0
difficult:1.0
operation:1.0
cables:1.0
standard:1.0
except:1.0
scsi:2.386294361119891
id:2.386294361119891
usually:1.0
three:1.0
jumper:1.6931471805599454
pads:1.6931471805599454
labelled:1.0
a0-a2:1.0
quantums:1.0
trying:1.0
put:1.0
40mb:1.0
drive:2.386294361119891
lc:1.0
case:1.0
conner:1.0
cp3040a:1.0
cant:1.0
figure:1.0
jumpers:1.6931471805599454
anyone:1.6931471805599454
familiar:1.0
end:1.0
oposite:1.0
50:1.0
pin:1.0
pibbon:1.0
connector:1.0
eleven:1.0
pins:2.386294361119891
look:1.0
like:1.0
1:1.6931471805599454
2:1.0
l5:1.6931471805599454
cr12:1.6931471805599454
c37:1.6931471805599454
represent:1.0
silk:1.6931471805599454
screen:1.6931471805599454
notation:1.0
near:1.0
elsewhere:1.0
board:1.0
four:1.0
marked:1.0
e1:1.0
e2:1.0
e3:1.0
e4:1.0
know:1.0
a0:1.0
a1:1.0
a2:1.0
activity:1.0
light:1.0
led:1.0
plugged:1.0
408:1.0
492-0900:1.0
