subject:1.0
imagewriter:1.6931471805599454
ii:2.09861228866811
problem:1.0
bliss:1.0
b:1.0
siman:1.0
ropbb:1.0
cunyvm.bitnet:1.0
urgent:1.0
help:1.0
needed:1.0
daughter:1.0
se:1.0
30:1.0
worked:1.0
well:1.0
yesterday:1.0
tries:1.0
print:1.0
macwrite:1.0
acta:1.0
printing:2.386294361119891
message:1.0
comes:1.0
bought:1.0
new:1.0
cable:1.6931471805599454
still:1.6931471805599454
moved:1.0
modem:1.0
port:1.0
im:1.0
dos:1.0
person:1.0
dont:1.0
know:1.0
begin:1.0
diagnostics:1.0
mac:1.0
