jeffreyb:1.6931471805599454
netcom.com:1.6931471805599454
jeff:1.6931471805599454
budzinski:1.6931471805599454
subject:1.0
apple:1.6931471805599454
monitor:2.09861228866811
woes:1.0
3:1.0
month:1.0
old:1.0
seems:1.6931471805599454
acquired:1.0
jitters:1.0
late:1.0
14:1.0
color:1.0
im:1.0
using:1.0
lciii:1.0
sort:1.0
jiggles:1.0
left:1.0
right:1.0
time:1.0
attempted:1.0
relocate:1.0
make:1.0
sure:1.0
problem:2.09861228866811
isnt:1.0
interference:1.0
something:1.0
else:1.0
remain:1.0
matter:1.0
anybody:1.0
encountered:1.0
thanks:1.0
