subject:1.6931471805599454
computer:1.0
repairs:1.0
br4416a:1.6931471805599454
auvm.american.edu:1.0
anyone:1.6931471805599454
know:1.6931471805599454
one:1.6931471805599454
become:1.0
educated:1.0
art:1.0
repairing:1.0
macintosh:1.0
computers:1.0
also:1.0
gain:1.0
prestige:1.0
refered:1.0
authorized:1.0
apple:1.0
service:1.0
person:1.0
actually:1.0
done:1.0
maybe:1.0
even:1.0
someone:1.0
would:1.0
appreciate:1.0
comments:1.0
ben:1.0
roy:1.0
internet:1.0
american.edu:1.0
pcs:1.0
poor:1.0
college:1.0
student:1.0
