vanover:2.09861228866811
bcsaic.boeing.com:1.0
jann:1.6931471805599454
subject:1.0
file:1.6931471805599454
sharing:2.09861228866811
magneto:1.0
opticals:1.0
hi:1.0
co-worker:1.0
attached:1.0
magneto-optical:1.0
drive:1.0
mac:1.0
works:1.0
great:1.0
however:1.0
tried:1.0
turn:1.0
wouldnt:1.0
work:1.0
message:1.0
volumes:1.0
shareable:1.0
anyone:1.0
success:1.0
mos:1.0
please:1.0
tell:1.0
atc.boeing.com:1.0
