thomas:1.0
kephart:1.6931471805599454
snowhite.eeap.cwru.edu:1.0
subject:1.0
system:1.0
6.0.8l:1.0
lines:1.0
5:1.0
ernest:1.0
stalnaker:1.0
jcs:1.6931471805599454
sage.cc.purdue.edu:1.0
oo:1.6931471805599454
pur-ee:1.0
sage.cc:1.0
nice:1.0
train:1.0
wait:1.0
mac.hardware:1.0
mac:1.0
