snyder:1.6931471805599454
ttb.jsc.nasa.gov:1.0
russ:1.0
subject:1.0
fast:1.0
m6775:1.6931471805599454
ll/a:1.6931471805599454
apple:2.6094379124341005
fpu:2.09861228866811
maximum:1.0
rate:1.0
6882:1.0
sells:1.0
directly:1.0
part:1.0
literature:1.0
labels:1.0
classics:1.0
lc:1.0
iiis:1.0
assume:1.0
least:1.0
25mhz:1.0
question:1.0
put:1.0
performa:1.0
600:1.0
68030:1.0
32mhz:1.0
price:1.0
cheap:1.0
78:1.0
compared:1.0
135:1.0
mail:1.0
order:1.0
houses:1.0
one:1.6931471805599454
know:1.0
answer:1.0
