et7jp:1.0
tuhhco.rz.tu-harburg.de:1.0
joerg:1.6931471805599454
pillath:1.0
subject:1.0
ouadra:1.0
cache:1.0
problems:1.6931471805599454
hi:1.0
mac:1.0
fans:1.0
new:1.0
quadra:1.0
700:1.0
several:1.0
programs:1.6931471805599454
mathematica:1.0
2.1:1.0
afterdark-mandelbrot:1.0
module:1.0
causes:1.0
systemcrash:1.0
040cache:1.0
active:1.0
anyone:1.6931471805599454
list:1.0
compatible:1.0
hints:1.0
use:1.0
quadras:1.0
perfomence:1.0
thanks:1.0
