steffo:2.09861228866811
kibosh.informatik.uni-dortmund.de:1.0
weber:1.0
subject:1.6931471805599454
accelerator:1.0
lc:1.6931471805599454
ii:1.6931471805599454
info:1.0
needed:1.0
hi:1.0
folks:1.0
line:1.0
says:1.0
accelerators:1.0
recommend:1.0
mac:1.0
sorry:1.0
faq:1.0
cheers:1.0
