paryavi:2.386294361119891
matt.ksu.ksu.edu:1.6931471805599454
saiid:2.09861228866811
subject:1.0
carrying:1.6931471805599454
case:1.6931471805599454
centris:1.6931471805599454
610:1.6931471805599454
anyone:1.0
know:1.0
thanks:1.0
info:1.0
cis.ksu.edu:1.0
