paryavi:2.386294361119891
matt.ksu.ksu.edu:1.6931471805599454
saiid:2.09861228866811
subject:1.0
centris:2.386294361119891
610:1.6931471805599454
25mhz:1.6931471805599454
33mhz:2.09861228866811
put:1.0
040:1.0
cpu:1.0
math:1.0
coprocessor:1.0
possible:1.0
speed:1.0
run:1.0
either:1.0
didnt:1.0
see:1.0
oscillators:1.0
motherboard:1.6931471805599454
like:1.0
ones:1.0
iisis:1.0
oscillator:1.0
ideas:1.0
thanks:1.0
cis.ksu.edu:1.0
