ee152fcs:1.6931471805599454
sdcc15.ucsd.edu:1.0
bjorn:1.0
karlsson:1.0
subject:1.0
wanted:1.6931471805599454
audiomedia:1.6931471805599454
card:1.6931471805599454
digidesgn:1.0
mac:1.0
email:1.0
one:1.0
sale:1.0
thanks:1.0
