woody:2.09861228866811
praxis.co.uk:1.6931471805599454
paul:1.6931471805599454
woodman:1.6931471805599454
subject:1.0
help:1.0
fdhd:3.1972245773362196
failure:1.0
iicx:1.6931471805599454
repost:1.0
due:1.0
net:1.0
problems:2.09861228866811
hi:1.0
ekg:1.6931471805599454
reports:2.09861228866811
rom:1.0
revision:1.0
376:1.0
mac:2.09861228866811
trouble:1.0
formatting:1.0
disks:1.0
time:1.0
got:1.0
would:1.0
respond:1.0
although:1.0
functions:1.0
fine:2.09861228866811
checked:1.0
voltages:1.6931471805599454
db19:2.386294361119891
external:2.791759469228055
drive:2.6094379124341005
connector:2.386294361119891
pin:2.09861228866811
6:2.09861228866811
showed:1.0
volts:1.0
7:2.09861228866811
8:2.09861228866811
giving:1.0
25volts:1.0
unloaded:1.0
power:1.6931471805599454
supply:1.6931471805599454
astec:1.0
sent:1.0
away:1.0
repair:1.0
reinstalled:1.0
get:1.0
following:1.0
error:2.09861228866811
internal:2.791759469228055
connected:1.6931471805599454
boots:1.6931471805599454
completion:1.0
boot:1.0
cycle:1.0
alert:1.6931471805599454
displays:1.0
disk:1.6931471805599454
unreadable:1.0
want:1.0
eject:1.0
every:1.0
combination:1.0
response:1.0
reappears:1.0
within:1.0
approx:1.0
2:1.0
seconds:1.0
continuous:1.0
spin:1.0
head:1.0
seeking:1.0
incapable:1.0
ejecting:1.0
sequence:1.0
occurs:1.0
regardless:1.0
whether:1.0
floppy:1.0
shows:1.6931471805599454
1.2v:1.0
pins:1.6931471805599454
show:1.6931471805599454
10.75v:1.6931471805599454
disconnected:1.6931471805599454
works:1.0
great:1.0
macekg:1.0
errors:1.0
voltage:1.0
may:1.0
fubar:1.0
apple:1.0
800k:1.0
gives:1.0
exactly:1.0
symptoms:1.0
either:1.0
j16:1.6931471805599454
suitable:1.0
surgery:1.0
follows:1.0
pinvoltspinvolts:1.0
1-25:1.0
3-45:1.0
5-65:1.0
7-8:1.0
9-105:1.0
11-12:1.0
1310.75145:1.0
1510.75165:1.0
1710.7518:1.0
1910.75205:1.0
machine:1.0
swim:1.0
dont:1.0
think:1.0
tests:1.0
tested:1.0
diodes:1.0
pica:1.0
fuses:1.0
find:1.0
anybody:1.0
ideas:1.0
best:1.0
wishes:1.0
praxis:1.0
plc:1.0
software:1.0
engineering:1.0
company:1.0
touche:1.0
ross:1.0
20:1.0
manvers:1.0
street:1.0
bath:1.0
ba1:1.0
1px:1.0
uk:1.0
tel:1.0
44:1.6931471805599454
225:1.6931471805599454
444700:1.0
xt228:1.0
fax:1.0
465205:1.0
