michael:2.09861228866811
hecht:1.6931471805599454
michael_hecht:1.6931471805599454
mac.sas.com:1.6931471805599454
subject:1.0
change:2.09861228866811
default:1.6931471805599454
paper:2.09861228866811
cassette:2.6094379124341005
lw:1.0
pro:1.6931471805599454
630:1.6931471805599454
hi:1.0
want:1.0
laserwriter:1.0
250-sheet:1.6931471805599454
500-sheet:1.0
right:1.0
manually:1.0
print:1.6931471805599454
dialog:1.0
time:1.0
forget:1.0
document:1.0
printed:1.0
letterhead:1.0
ideas:1.0
p:1.0
internet:1.0
sas:1.0
institute:1.0
inc:1.0
cary:1.0
nc:1.0
usa:1.0
applelink:1.0
sas.hecht:1.0
