klepa:1.0
leotech.mv.com:1.0
kristen:1.6931471805599454
lepa:1.6931471805599454
subject:1.0
thanks:1.0
unlockfolder:1.6931471805599454
sorry:1.0
personal:1.0
replies:1.0
sent:1.6931471805599454
help:1.0
got:1.0
eaten:1.0
mail:1.0
program:1.0
fault:1.0
id:1.0
like:1.0
thank:1.0
everyone:1.0
info:1.0
origin:1.0
leo:1.0
technology:1.0
603:1.0
432-2517/432-0922:1.0
hst/v32:1.0
1:132/189:1.0
