slang:1.6931471805599454
bnr.ca:1.6931471805599454
steven:1.6931471805599454
langlois:1.6931471805599454
subject:1.0
number:1.6931471805599454
applied:1.6931471805599454
engineering:1.6931471805599454
anyone:1.0
phone:1.0
give:1.0
call:1.0
