david:1.0
tsai:1.0
dt1n:1.0
andrew.cmu.edu:1.0
subject:1.0
c610:1.6931471805599454
ugradable:1.0
tempest:1.6931471805599454
going:1.0
possible:1.0
upgrade:1.0
motherboard:1.0
switch:1.0
probably:1.0
gon:1.0
na:1.0
expensive:1.0
right:1.0
dt:1.0
