smashman:1.6931471805599454
leland.stanford.edu:1.6931471805599454
adam:1.0
samuel:1.0
nash:1.0
subject:1.0
want:1.6931471805599454
macweek:1.6931471805599454
get:1.0
subscription:1.6931471805599454
one:1.0
dont:1.0
seem:1.0
able:1.0
find:1.0
card:1.0
anywhere:1.0
email:1.0
