chock:1.6931471805599454
lclark.edu:1.0
jonathan:1.0
subject:1.0
cache:1.0
card:1.0
iisi:1.6931471805599454
article:1.6931471805599454
c5u25l.m5i:1.0
netnews.jhuapl.edu:1.0
richs:1.0
aplcomm.jhuapl.edu:1.0
rich:1.6931471805599454
spiegel:1.6931471805599454
writes:1.6931471805599454
1r2nb4:1.0
h42:1.0
usenet.ins.cwru.edu:1.0
da228:1.0
cleveland.freenet.edu:1.0
charles:1.0
g:1.0
williams:1.0
99:1.0
good:1.6931471805599454
deal:2.09861228866811
still:1.6931471805599454
dont:1.0
know:1.6931471805599454
would:2.09861228866811
say:1.0
junes:1.0
macworld:1.6931471805599454
river:1.6931471805599454
formerly:1.0
maya:1.0
computer:1.6931471805599454
advertised:1.0
daystar:1.6931471805599454
33:2.386294361119891
mhz:2.386294361119891
powercache:2.9459101490553135
68882:1.0
295:1.6931471805599454
believe:1.6931471805599454
prices:1.0
falling:1.0
geeze:1.0
actually:1.0
powercard:2.386294361119891
universal:2.09861228866811
fpu:1.6931471805599454
adaptor:1.6931471805599454
500:1.0
bad:1.0
one:1.6931471805599454
generation:1.0
older:1.0
primary:1.0
difference:1.0
machine:1.0
specific:1.0
fit:1.0
many:1.0
macs:1.0
proper:1.0
cards:1.0
68030:1.0
based:1.0
im:1.0
sure:1.0
hardware:1.0
software:1.0
otherwise:1.0
different:1.0
perhaps:1.0
someone:1.0
could:1.0
enlighten:1.0
also:1.0
add:1.0
called:1.0
night:1.0
powercards:1.0
going:1.0
fast:1.0
mission:1.0
analysis:1.0
group:1.0
johns:1.0
hopkins:1.0
road:1.0
laurel:1.0
md:1.0
20723:1.0
301:1.0
953-5000:1.0
x7627:1.0
side:1.0
note:1.0
ad:1.0
6/93:1.0
selling:1.0
50mhz:1.0
575:1.0
thinking:1.0
upgrading:1.0
040:1.0
turbo:1.0
upgrade:1.0
costs:1.0
600:1.0
direct:1.0
comes:1.0
1175:1.0
200:1.0
cheaper:1.0
mail-order:1.0
companies:1.0
charge:1.0
jon:1.0
