hades:1.6931471805599454
coos.dartmouth.edu:1.0
brian:1.0
v:1.0
hughes:1.0
subject:1.0
rumours:1.0
new:1.6931471805599454
duos:1.0
bredell:1.6931471805599454
tdb.uu.se:1.0
mats:1.0
writes:1.0
official:1.0
paper:1.6931471805599454
got:1.0
apple:1.6931471805599454
docking:1.0
station:1.0
called:1.6931471805599454
duodock:1.6931471805599454
plus:1.6931471805599454
price:1.0
list:1.0
dartmouth:1.0
since:1.0
released:1.0
never:1.0
