pw4963:2.09861228866811
eve.albany.edu:1.0
peter:2.09861228866811
g:1.0
white:1.6931471805599454
subject:1.0
monitors:1.0
kept:1.0
24:1.0
hours:1.0
day:1.0
article:1.0
1r3jl5:1.0
igh:1.0
function.mps.ohio-state.edu:1.0
pali:1.0
osu.edu:1.0
writes:1.0
yes:1.0
know:1.0
computers:1.0
harddisk:1.0
drives:1.0
always:1.0
true:1.0
thought:1.0
disputed:1.0
internet:1.0
uacsc1.albany.edu:1.0
state:1.0
univ:1.0
new:1.0
york:1.0
albany:1.0
bitnet:1.0
albnyvms:1.0
