hades:1.6931471805599454
coos.dartmouth.edu:1.0
brian:1.0
v:1.0
hughes:1.0
subject:1.0
desi:2.09861228866811
pb:1.0
upgrade:1.0
david_a._schnider:1.0
bmug.org:1.0
writes:1.0
anyone:1.0
know:1.0
exactly:1.0
digital:1.6931471805599454
eclipse:1.6931471805599454
upgrades:1.0
someone:1.0
suggesting:1.0
chips:1.0
may:1.0
able:1.0
perform:1.6931471805599454
33mhz:1.0
true:1.0
deal:1.0
would:1.0
believe:1.0
letter:1.0
macweek:1.0
week:1.0
one:1.0
hardware:1.0
types:1.0
says:1.0
run:1.0
tests:1.0
components:1.0
see:1.0
upgraded:1.0
speed:1.0
replaces:1.0
ones:1.0
