therzog:1.6931471805599454
willamette.edu:1.6931471805599454
thomas:1.0
herzog:1.0
subject:1.0
25mhz:1.0
iisi:1.0
finally:1.0
decided:1.0
risk:1.0
upgrade:1.0
faq:1.6931471805599454
hand:1.0
ive:1.0
gathered:1.0
pieces:1.0
together:1.0
problem:1.0
havent:1.0
able:1.0
find:1.0
anyone:1.6931471805599454
whos:1.0
even:1.0
heard:1.0
thermal:1.0
tape/glue:1.0
recommends:1.0
attaching:1.6931471805599454
heat:1.6931471805599454
sink:1.6931471805599454
tempted:1.0
use:1.0
duct:1.0
tape:1.0
hae:1.0
ideas:1.0
processor:1.0
much:1.0
thanks:1.0
tom:1.0
