whitmore:2.09861228866811
iastate.edu:1.6931471805599454
kurt:1.6931471805599454
subject:1.0
info:1.0
request:1.0
hp:2.09861228866811
deskwriter:1.6931471805599454
mathematica:1.6931471805599454
anyone:1.0
else:1.0
gotten:1.0
system:1.0
error:1.0
trying:1.0
print:1.6931471805599454
2.1:1.0
im:1.0
using:1.0
pb170:1.0
with:8:1.0
megs:1.0
ram:1.0
sys:1.0
7.0.1:1.0
tuneup:1.0
drivers:1.0
etc:1.0
works:1.0
find:1.0
imagewriter:1.0
id:1.0
like:1.0
get:1.0
much:1.0
information:1.0
possible:1.0
send:1.0
bug:1.0
report:1.0
wolfram:1.0
thanks:1.0
