joseph:1.0
kasanic:1.6931471805599454
jmk13:1.0
po.cwru.edu:1.0
subject:1.6931471805599454
apple:1.0
8*24:1.0
gc:2.09861228866811
video:1.0
card:1.6931471805599454
friend:1.0
mine:1.0
recently:1.0
acquired:1.0
8:1.0
24:1.0
iisi:1.0
wondering:1.6931471805599454
always:1.0
starts:1.0
black:1.0
white:1.0
know:1.0
numerous:1.0
reports:1.0
worth:1.0
anyone:1.0
could:1.0
elaborate:1.0
little:1.0
replies:1.0
encouraged:1.0
thanks:1.0
ad:1.0
vance:1.0
joe:1.0
