cse0603:1.0
desire.wright.edu:1.0
subject:1.0
sad:1.6931471805599454
mac:2.09861228866811
code:1.6931471805599454
0f0064:1.6931471805599454
hello:1.0
proud:1.0
new:1.0
owner:1.0
512k:1.0
upon:1.0
power-up:1.0
insertion:1.0
sytem:1.0
disk:1.0
get:1.0
anyone:1.0
give:1.0
clue:1.0
means:1.0
thanks:1.0
steve:1.0
