arun:1.6931471805599454
ac.dal.ca:1.0
subject:1.0
help:1.0
duo:2.09861228866811
230:2.09861228866811
4/80:1.6931471805599454
anyone:1.0
know:1.0
zap:1.0
pram:1.0
inaddition:1.0
recently:1.0
noticed:1.0
checking:1.0
ram:1.0
left:1.0
finder:1.0
reveals:1.0
normal:1.0
1800k:1.0
system:1.6931471805599454
file:1.0
1/10:1.0
1/5:1.0
bar:1.0
actually:1.0
highlighted:1.0
implying:1.0
2-300k:1.0
used:1.0
gives:1.0
crashes:1.0
yet:1.0
software:1.0
problem:1.0
thanks:1.0
mathur:1.0
