patlin_s:1.0
cubldr.colorado.edu:1.0
subject:1.0
tempest:1.0
cyclone:1.0
info:1.0
needed:1.0
article:1.0
13651:1.0
news.duke.edu:1.0
connie:1.6931471805599454
acpub.duke.edu:1.0
writes:1.0
two:1.0
models:1.0
talk:1.0
well:1.0
listen:1.0
new:1.0
system:1.0
facility:1.0
called:1.0
speech:2.09861228866811
manager:1.0
convert:1.0
text:1.0
strings:1.0
sent:1.0
applications:1.0
phonemes:1.0
pass:1.0
synthesizer:1.6931471805599454
make:1.0
perfect:1.0
apple:1.0
ought:1.0
run:1.0
right:1.0
license:1.0
voice:1.0
certain:1.0
mrs:1.0
roddenberry:1.0
scott:1.0
