bob:2.09861228866811
advtech.uswest.com:1.0
brown:1.6931471805599454
subject:1.0
se:1.6931471805599454
accelerator:1.6931471805599454
im:1.6931471805599454
trying:1.0
find:1.0
information:1.0
boards:1.0
anyone:1.6931471805599454
used:1.6931471805599454
past:1.0
especially:1.6931471805599454
extreme:1.0
systems:1.0
novy:1.0
macproducts:1.0
looking:1.0
board:2.09861228866811
support:1.0
extended:1.0
video:1.0
radiuss:1.0
two-page:1.0
monitor:1.0
connectix:1.0
virtual:1.0
conjunction:1.0
software:1.0
snafus:1.0
stats:1.0
anywhere:1.0
speed:1.0
difference:1.0
fpu:1.0
one:1.0
without:1.0
please:1.0
send:1.0
mail:1.0
directly:1.0
thanks:1.0
