kgantz:1.6931471805599454
cup.portal.com:1.6931471805599454
ken:1.6931471805599454
h:1.0
gantz:1.6931471805599454
subject:1.0
phonenet:1.6931471805599454
pc:2.09861228866811
anyone:1.0
experiences:1.0
report:1.0
using:1.0
thinking:1.0
investing:1.0
one:1.0
cards:1.0
lone:1.0
work:1.0
