jcs:2.09861228866811
sage.cc.purdue.edu:1.6931471805599454
stalnaker:1.6931471805599454
subject:1.0
mac:1.6931471805599454
os:1.0
anybody:1.0
know:1.0
get:1.0
copy:1.0
system:1.6931471805599454
6.0.8l:1.0
modified:1.0
version:1.0
6:1.0
work:1.0
newer:1.0
models:1.0
ernest:1.0
oo:1.6931471805599454
pur-ee:1.0
sage.cc:1.0
