jmilhoan:1.0
magnus.acs.ohio-state.edu:1.0
jt:1.6931471805599454
subject:1.0
tempest:1.6931471805599454
cyclone:1.6931471805599454
info:1.6931471805599454
needed:1.0
article:1.0
13651:1.0
news.duke.edu:1.0
connie:1.6931471805599454
acpub.duke.edu:1.0
writes:1.0
anyone:1.0
information:1.0
upcoming:1.0
new:1.0
computers:1.0
need:1.0
anything:1.0
would:1.0
greatly:1.0
appreciated:1.0
shawn:1.0
breedsa:1.0
wkuvx1.bitnet:1.0
according:1.0
macweek:1.0
2-22-93:1.0
description:1.0
deleted:1.0
idea:1.0
prices:1.0
thanks:1.0
