whoughto:1.6931471805599454
diana.cair.du.edu:1.6931471805599454
wes:2.09861228866811
houghton:1.6931471805599454
subject:1.0
scsi:1.0
info:1.0
needed:1.0
hi:1.0
everyone:1.0
quick:1.0
question:1.0
anyone:1.0
know:1.0
whether:1.0
maciivx:1.0
supports:1.0
new:1.0
scsi-2:1.0
form:1.0
macs:1.0
support:1.0
thanks:1.0
reading:1.0
internet:1.0
denver:1.0
co:1.0
