csp1dwd:1.6931471805599454
mvs.oac.ucla.edu:1.0
subject:1.0
non-apple:1.6931471805599454
mon:1.0
duos:1.6931471805599454
drive:1.0
apples:1.0
16:1.0
monitor:1.6931471805599454
832x624:1.0
resolution:1.6931471805599454
256:1.0
colors:1.0
think:1.0
16-17:1.0
monitors:1.6931471805599454
also:1.0
used:1.0
would:1.0
multisync:1.0
nec-5fg:1.0
work:1.0
well:1.0
outstanding:1.0
points:1.0
apple:1.0
compared:1.0
denis:1.0
