anthony:2.386294361119891
dunstan:1.0
medicine.adelaide.edu.au:1.6931471805599454
subject:1.0
lw:1.6931471805599454
select:2.09861228866811
310:2.386294361119891
doesnt:1.0
work:1.6931471805599454
box:2.09861228866811
hello:1.0
net.people:1.0
laserwriter:1.0
standard:1.0
1.5mb:1.0
ram:1.0
connected:1.0
lc:1.6931471805599454
iii:1.6931471805599454
4/80:1.0
print:1.0
driver:2.09861228866811
find:1.6931471805599454
adobe:1.0
type:1.0
1:1.0
fonts:2.09861228866811
truetype:1.0
system:1.6931471805599454
connections:1.0
printer:2.09861228866811
installation:1.0
correct:1.0
still:1.0
refuses:1.0
correctly:1.0
imho:1.0
apple:1.0
product:1.0
working:1.0
shameful:1.0
event:1.0
installer:1.0
disks:1.0
install:1.0
v:2.09861228866811
1.0:1.0
printmonitor:1.0
7.1:1.6931471805599454
backgrounder:1.0
3.1:1.0
anyone:1.0
else:1.0
similar:1.0
experiences:1.0
printer/configuration:1.0
really:1.0
need:1.0
help:1.0
one:1.0
thanks:1.0
