lpa8921:1.0
tamuts.tamu.edu:1.0
louis:1.0
paul:1.0
adams:1.0
subject:1.0
number:1.6931471805599454
applied:1.6931471805599454
engineering:1.6931471805599454
anyone:1.0
phone:1.0
give:1.0
call:1.0
ae:1.0
dallas:1.0
try:1.0
214/241-6060:1.0
214/241-0055:1.0
tech:1.0
support:1.0
may:1.0
line:1.0
one:1.0
get:1.0
started:1.0
good:1.0
luck:1.0
