guykuo:1.6931471805599454
carson.u.washington.edu:1.0
guy:1.6931471805599454
kuo:1.6931471805599454
subject:1.0
iisi:1.6931471805599454
clock:2.6094379124341005
poll:2.09861228866811
results:1.0
long:1.6931471805599454
conducted:1.0
help:1.0
users:1.6931471805599454
decide:1.0
whether:1.0
alter:1.0
oscillator:2.09861228866811
attempted:1.0
gather:1.0
many:1.0
case:2.09861228866811
histories:2.09861228866811
possible:1.0
find:1.0
estimate:1.6931471805599454
success:2.09861228866811
risk:1.0
number:1.0
replies:1.0
probably:1.0
shows:1.0
rare:1.0
modification:1.0
give:1.0
impression:1.0
rates:1.0
may:1.6931471805599454
higher:2.09861228866811
previous:1.0
80:1.6931471805599454
24:2.6094379124341005
machines:2.791759469228055
able:2.386294361119891
run:1.0
25:4.332204510175204
mhz:4.7841896339182615
add:2.791759469228055
boards:2.09861228866811
present:1.6931471805599454
scientific:1.0
survey:1.0
best:1.0
work:1.6931471805599454
thanks:1.0
contributed:1.0
issues:1.0
speed:2.6094379124341005
27.5:2.386294361119891
appears:1.6931471805599454
norm:1.0
without:2.09861228866811
cards:2.09861228866811
reported:2.6094379124341005
use:2.09861228866811
several:2.09861228866811
apple:2.6094379124341005
nubus:3.0794415416798357
machine:1.6931471805599454
adapter:2.791759469228055
go:1.0
faster:1.0
one:2.6094379124341005
wasnt:1.0
even:1.0
achieve:1.0
place:1.0
speeds:2.09861228866811
32:1.0
33:2.791759469228055
startup:2.386294361119891
sound:2.09861228866811
distorted:1.0
hi:1.6931471805599454
density:1.6931471805599454
floppy:2.6094379124341005
disk:1.0
problems:2.791759469228055
note:1.0
unless:1.0
specifically:1.0
listed:1.0
tested:1.0
failure:1.0
hence:1.0
operational:4.258096538021482
well:1.0
damage:2.9459101490553135
user:1.6931471805599454
pulling:1.6931471805599454
plating:1.0
pad:1.0
repaired:1.0
pin:1.0
original:1.0
desoldering:1.0
second:1.0
hand:1.0
report:1.0
putting:1.0
gash:1.0
motherboard:2.09861228866811
slipped:1.0
soldering:1.0
iron:1.0
reports:2.09861228866811
static:1.0
discharge:1.0
high:1.0
operation:1.0
causing:1.0
also:1.6931471805599454
dont:1.0
defective:1.0
parachutes:1.0
compatibility:1.0
problem:1.0
adapters:1.0
used:2.09861228866811
see:1.0
heat:3.833213344056216
sinks:1.0
virtually:1.0
modified:1.0
sink:3.772588722239781
installed:2.09861228866811
often:1.0
to-220:1.0
style:1.0
power:1.0
transistor:1.0
type:1.0
epoxy:1.0
dab:1.6931471805599454
compound:1.0
cyanoacrylate:1.0
glue:1.0
clamp:1.0
bolt:1.0
hole:1.0
effective:1.0
cpu:4.091042453358316
1/2:1.0
versions:1.0
20:2.386294361119891
1:1.0
ran:1.0
10:1.6931471805599454
minutes:1.0
31:1.6931471805599454
crashing:1.0
fpu:2.791759469228055
card:2.9459101490553135
heatsinked:2.09861228866811
hours/day:1.6931471805599454
installation:2.09861228866811
2:1.0
top:1.0
3:1.0
unable:1.0
boot:1.0
4:1.0
works:1.6931471805599454
following:1.0
two:1.0
configurations:1.0
realtech:2.386294361119891
adaptor:1.6931471805599454
cache:1.6931471805599454
supermac:2.6094379124341005
8*24:2.09861228866811
pdqsi:2.09861228866811
b:1.0
video:1.0
spigot:1.0
5:1.0
fuzzy:1.6931471805599454
disks:1.0
6:1.0
chip:1.0
right:1.0
7:1.0
occasional:1.0
crash:1.0
8:1.0
using:1.0
rated:1.6931471805599454
16:1.6931471805599454
difficulty:1.0
9:1.0
pds:1.0
spectrum:1.0
24pdqsi:1.0
graphics:1.0
videospigot:1.0
20mhz:1.0
failed:1.0
hours:1.6931471805599454
11:1.0
5/80+quicksilver/fpu:1.0
upgrade:1.0
12:1.0
tried:1.0
system:1.0
wont:1.0
start:1.0
configured:1.0
fpu/adapter:1.0
continuously:1.0
fine:1.0
1.4mb:1.0
13:1.0
14:1.0
15:1.0
17:1.0
17-19:1.0
per:1.0
day:1.0
18:1.0
cooling:1.0
fan:1.0
19:1.0
bombed:1.0
soon:1.0
ram:1.0
70:1.0
ns:1.0
slots:1.0
added:1.0
later:1.0
unheatsinked:1.0
21:1.0
22:1.0
23:1.0
u.washington.edu:1.0
