ljones:1.6931471805599454
utkvx.utk.edu:1.6931471805599454
leslie:1.6931471805599454
jones:1.6931471805599454
subject:1.0
monitors:1.0
kept:1.0
24:1.6931471805599454
hours:1.6931471805599454
day:1.6931471805599454
cnn:1.0
factiod:1.0
last:1.0
months:1.0
stated:1.0
40:1.0
computers:1.0
u.s:1.0
left:1.0
7:1.0
days:1.0
week:1.0
dont:1.0
recall:1.0
cnns:1.0
source:1.0
turns:1.0
monitor:1.0
hes:1.0
using:1.0
