menes:2.386294361119891
statistik.tu-muenchen.de:1.6931471805599454
rainer:2.09861228866811
subject:1.0
quadra:3.1972245773362196
clock:1.0
chip:1.0
followup:1.0
replaced:1.0
osz:2.09861228866811
66:1.0
mhz:2.9459101490553135
yesterday:1.0
truble:1.6931471805599454
works:1.0
33:2.386294361119891
stable:1.0
14:1.6931471805599454
hours:1.6931471805599454
also:1.6931471805599454
tried:1.0
70:1.0
1/2:1.0
hour:1.0
700:2.386294361119891
died:1.0
sure:1.0
reason:1.0
risky:1.0
run:2.09861228866811
fast:2.09861228866811
quadras:1.0
work:1.0
without:1.0
problems:2.09861228866811
safety:1.0
tip:1.0
backup:1.6931471805599454
harddisk:1.6931471805599454
befor:1.6931471805599454
start:1.6931471805599454
upgrade:1.0
35:1.0
test:2.09861228866811
damaged:1.0
hardtime:1.0
get:1.0
working:1.0
speedometer:1.6931471805599454
results:2.386294361119891
replacing:1.0
report:1.0
prepared:1.0
april:1.0
22:1.6931471805599454
1993:1.0
machine:1.0
record:1.0
version:3.0794415416798357
5:1.0
user:1.0
comment:1.0
33mhz:1.0
ram:2.791759469228055
disk:2.386294361119891
20:1.0
mbyte:2.09861228866811
2:1.0
vram:1.0
system:1.6931471805599454
information:1.0
computer:1.0
mac:2.6094379124341005
cpu:1.6931471805599454
mc68040:1.0
fpu:2.791759469228055
integral:1.6931471805599454
mmu:1.6931471805599454
color:2.09861228866811
quickdraw:1.0
2.30:1.0
32:1.0
bit:1.6931471805599454
qd:1.0
7.1.6:1.0
finder:1.0
d1-7.1:1.0
appletalk:1.0
57:1.0
laserwriter:1.0
d1-7.1.2:1.0
laser:1.0
prep:1.0
found:1.0
imagewriter:1.0
d1-7.0.1:1.0
rom:1.6931471805599454
067c:1.0
size:1.6931471805599454
1024:1.0
depth:1.0
1:1.0
horizontal:1.0
dpi:1.6931471805599454
72:2.09861228866811
vertical:1.0
primary:1.0
screen:1.0
832:1.0
x:1.0
624:1.0
physical:1.0
20480k:1.0
logical:1.0
20454k:1.0
p.r:1.0
uses:2.386294361119891
classic:1.6931471805599454
1.0:2.386294361119891
21.625:1.0
graphics:2.09861228866811
30.052:1.6931471805599454
28.351:1.0
name:1.0
hard:1.0
tested:1.0
math:1.0
135.128:1.0
performance:1.0
rating:1.0
pr:1.0
36.848:1.0
benchmark:1.6931471805599454
kwhetstones:1.6931471805599454
1500.000:1.0
205.479:1.0
dhrystones:1.0
26315.789:1.0
27.008:1.0
towers:1.0
24.960:1.0
quicksort:1.0
22.391:1.0
bubble:1.0
sort:1.0
23.823:1.0
queens:1.0
24.105:1.0
puzzle:1.0
28.804:1.0
permutations:1.0
26.523:1.0
fourier:1.6931471805599454
167.728:1.0
f.p:1.6931471805599454
matrix:2.09861228866811
multiply:1.6931471805599454
154.452:1.0
integer:1.0
30.250:1.0
sieve:1.0
25.602:1.0
average:2.09861228866811
63.427:1.0
tests:1.6931471805599454
ii:1.6931471805599454
ffpu:1.0
14.636:1.0
5454.545:1.0
7.636:1.0
mult:1.0
14.333:1.0
12.202:1.0
black:1.0
white:1.0
6.395:1.0
4:1.6931471805599454
colors:2.09861228866811
6.773:1.0
16:1.0
6.957:1.0
256:1.0
7.016:1.0
6.785:1.0
interesting:1.0
couldnt:1.0
belief:1.0
true:1.0
two:1.0
points:1.0
cause:1.6931471805599454
solder:1.0
board:1.6931471805599454
80ns:1.0
rams:1.6931471805599454
upperlimit:1.6931471805599454
next:1.0
part:1.0
may:1.0
trouble:1.0
video:1.0
orignal:1.0
100ns:1.0
vrams:1.0
apple:1.0
chips:1.0
running:2.09861228866811
isnt:1.0
garantied:1.0
parts:1.0
wn:1.0
clockspeed:1.0
wont:1.0
make:1.0
importaned:1.0
question:1.0
neat:1.0
new:1.6931471805599454
heat:2.386294361119891
sink:2.386294361119891
would:1.6931471805599454
say:1.0
really:1.0
cool:1.0
486:1.0
mutch:1.6931471805599454
warmer:1.0
68040:1.0
didnt:1.0
see:1.0
room:1.6931471805599454
temperatur:1.6931471805599454
celsius:1.0
f:1.6931471805599454
living:1.0
area:1.0
hot:1.0
100:1.0
45:1.0
c:1.0
suggest:1.0
ventilator:1.0
stay:1.0
safe:1.0
side:1.0
hope:1.0
success:1.0
email:1.0
