lynn_c._moyers:1.0
bmug.org:1.0
subject:1.0
driver:1.0
dataframe:1.0
xp60+b:1.0
log:1.0
onto:1.0
supermacs:1.0
bbs:2.09861228866811
408:1.6931471805599454
773-4500:1.0
download:1.0
drive:1.0
7:1.0
manager:1.0
software:1.0
find:1.0
cant:1.0
dont:1.0
want:1.0
call:1.6931471805599454
tech:1.0
support:1.0
number:1.0
245-0646:1.0
lynn:1.0
planet:1.0
bmug:1.6931471805599454
firstclass:1.0
message:1.0
contained:1.0
posting:1.0
way:1.0
reflect:1.0
bmugs:1.0
official:1.0
views:1.0
