sadams:1.0
eis.calstate.edu:1.0
steven:1.0
adams:1.0
subject:1.0
nec:1.6931471805599454
5fge:1.6931471805599454
vs:1.0
5fg:1.0
told:1.0
resolution:1.0
could:1.6931471805599454
go:1.6931471805599454
1024x768:1.0
5:1.0
fg:1.0
1152x870:1.6931471805599454
anybody:1.0
tried:1.0
running:1.0
higher:1.0
resolutions:1.0
somewhere:1.0
thought:1.0
read:1.6931471805599454
17:1.0
monitor:1.0
may:1.0
make:1.0
type:1.0
small:1.0
help:1.0
would:1.0
appreciated:1.0
steve:1.0
