aland:1.0
chaos.cs.brandeis.edu:1.0
alan:1.6931471805599454
subject:1.0
help:1.6931471805599454
gcc:2.386294361119891
plp:1.6931471805599454
ii:1.6931471805599454
laser:1.6931471805599454
printer:2.09861228866811
cng:1.0
me.utoronto.ca:1.0
charles:1.0
ng:1.0
writes:1.0
make:1.0
technologies:1.6931471805599454
problem:1.6931471805599454
dirty:1.0
first:1.6931471805599454
page:2.09861228866811
top:1.0
portion:1.0
always:1.0
smeared:1.0
black:1.0
toner:1.0
across:1.0
print:1.0
one:1.0
time:1.0
occur:1.0
pages:1.0
cleaned:1.0
still:1.0
anyone:1.0
offer:1.0
solutions:1.0
know:1.0
phone:1.6931471805599454
number:1.6931471805599454
617-275-5800:1.0
believe:1.0
dont:1.0
tech:1.0
support:1.0
handy:1.0
