monty:2.386294361119891
solomon:1.6931471805599454
roscom:1.6931471805599454
think.com:1.6931471805599454
subject:1.0
72-pin:1.6931471805599454
simms:1.0
article:1.0
1qulhsinnm22:1.0
charnel.ecst.csuchico.edu:1.0
smedley:1.0
ecst.csuchico.edu:1.0
steven:1.0
medley:1.0
writes:1.0
looking:1.0
8:1.0
meg:1.0
simm:1.0
centris:1.0
610:1.0
best:1.0
place:1.0
purchase:1.0
one:1.6931471805599454
stock:1.0
shipping:1.0
warrenty:1.0
possible:1.6931471805599454
phone:1.0
numbers:1.0
order:1.0
soon:1.0
1st:1.0
tech:1.0
corp:1.0
12202:1.0
technology:1.0
blvd:1.0
suite:1.0
130:1.0
po:1.6931471805599454
box:1.6931471805599454
200656:1.0
austin:1.0
tx:1.0
78720-0656:1.0
800:1.0
533:1.0
1744:1.0
512:1.6931471805599454
258:1.6931471805599454
3570:1.0
fax:1.0
3689:1.0
2486:1.0
framingham:1.0
01701-0405:1.0
