lynn_c._moyers:1.0
bmug.org:1.0
subject:1.0
non-apple:1.0
mini-docks:1.0
available:1.6931471805599454
minidocks:1.0
math:1.0
coprocessors:1.0
right:1.6931471805599454
aware:1.0
development:1.0
demand:1.6931471805599454
appears:1.0
low:1.0
device:1.0
im:1.0
sure:1.0
enterprising:1.0
vendor:1.0
would:1.0
create:1.0
one:1.0
sufficient:1.0
lynn:1.0
planet:1.0
bmug:1.6931471805599454
firstclass:1.0
bbs:1.0
message:1.0
contained:1.0
posting:1.0
way:1.0
reflect:1.0
bmugs:1.0
official:1.0
views:1.0
