moyman:1.0
ecn.purdue.edu:1.0
mike:1.6931471805599454
moya:1.0
subject:1.0
svga:2.09861228866811
monitors:1.0
centris:1.6931471805599454
real:1.6931471805599454
story:1.6931471805599454
hook:1.0
pc:1.0
montitor:1.0
internal:1.0
video:1.0
need:1.0
make:1.0
cable:1.0
doesnt:1.0
come:1.0
one:1.0
apple:1.0
released:1.0
tech:1.0
note:1.0
pinouts:1.0
reasoj:1.0
ask:1.0
seems:1.0
prices:1.0
lower:1.0
mac:1.0
counterparts:1.0
