afung:1.0
athena.mit.edu:1.0
archon:1.6931471805599454
fung:1.0
subject:1.0
powerpc:2.09861228866811
nubus:1.6931471805599454
rumors:1.0
read:1.0
macweek:1.0
developers:1.0
getting:1.0
cards:1.0
apple:1.0
pre-release:1.0
chips:1.0
mean:1.0
chip:1.0
released:1.0
us:1.0
old:1.0
apples:1.0
able:1.0
take:1.0
advantage:1.0
risc:1.0
technology:1.0
inserting:1.0
card:1.0
dont:1.0
know:1.0
anything:1.0
hardware:1.0
someone:1.0
tell:1.0
much:1.0
cludge:1.0
would:1.0
