kwun:1.6931471805599454
css.itd.umich.edu:1.0
michael:1.0
subject:1.0
duo:3.1972245773362196
price:1.6931471805599454
reduction:1.0
joel:1.0
siegel:1.0
jdsiegel:1.0
garnet.berkeley.edu:1.0
wrote:1.0
yes:1.0
prices:1.0
dropped:1.0
dont:1.0
msrp:1.0
reductions:1.0
though:1.0
find:1.0
recent:1.0
tidbits:1.0
archived:1.0
sumex:1.0
heres:1.0
berkeley:1.0
educational:1.0
list:1.0
old:1.0
new:1.0
210:2.386294361119891
4/80:2.09861228866811
1919:1.0
1569:1.0
230:2.09861228866811
2225:1.0
1961:1.0
4/120:1.0
2532:1.0
2268:1.0
4/120/modem:1.0
2746:1.0
2473:1.0
michigan:1.0
state:1.0
university:1.0
pricing:1.0
systems-powerbook:1.0
portable:1.0
m4161ll/a:1.0
mac:1.6931471805599454
powerbook:1.0
4m:1.0
ram/80m:1.0
hd:1.0
1528.98:1.0
promotion:1.0
expires:1.0
06/13/93:1.0
b1304ll/a:1.0
pb:1.0
bundle-w/flpy:1.0
adpt:1.0
1.4m:1.0
drive:1.0
1636.08:1.0
internet:1.0
michael.kwun:1.0
umich.edu:1.0
speak:1.0
bitnet:1.0
userw0za:1.0
umichum:1.0
support:1.0
local:1.0
cooperative:1.0
