ctrbdo:1.6931471805599454
iapa.uucp:1.0
mailhost.ecn.uoknor.edu:1.6931471805599454
bryan:1.6931471805599454
oakley:1.6931471805599454
subject:1.0
monitors:1.6931471805599454
kept:1.0
24:1.6931471805599454
hours:1.6931471805599454
day:1.6931471805599454
article:1.0
1r3jl5:1.0
igh:1.0
function.mps.ohio-state.edu:1.0
nevai:2.386294361119891
mps.ohio-state.edu:1.6931471805599454
paul:2.09861228866811
yes:1.0
know:1.6931471805599454
computers:1.0
harddisk:1.0
drives:1.0
always:1.0
generate:1.0
lots:1.0
heat:1.0
shouldnt:1.0
keep:1.6931471805599454
advice:1.0
thanks:1.0
take:1.0
care:1.0
dept:1.6931471805599454
math:1.6931471805599454
ohio:1.6931471805599454
state:1.0
university:1.0
1-614-292-3317:1.0
office:1.0
columbus:1.0
43210-1174:1.0
u.s.a:1.0
1-614-292-1479:1.0
fax:1.0
well:1.0
dont:1.0
exaclty:1.0
done:1.0
cpu:1.0
turn:2.09861228866811
monitor:1.6931471805599454
use:1.6931471805599454
much:1.0
easing:1.0
power:1.0
consumption:1.0
anything:1.0
though:1.6931471805599454
turning:1.0
advantage:1.0
requiring:1.0
less:1.0
ram:1.0
screen:1.0
saver:1.0
requires:1.0
memory:1.0
remember:1.6931471805599454
pretty:1.0
easy:1.0
instrument:1.0
approach:1.0
procedures:1.0
automation:1.0
dot/faa/ami-230:1.0
iapa:1.0
