marty:1.6931471805599454
sachs:1.6931471805599454
msachs:2.09861228866811
ux1.cso.uiuc.edu:1.6931471805599454
subject:1.0
72-pin:2.09861228866811
simms:2.791759469228055
q-800:2.09861228866811
careful:1.0
buying:1.0
purchased:1.0
2x8:1.0
mb:1.0
60:1.6931471805599454
ns:1.6931471805599454
quadra:1.0
800:1.0
chip:1.6931471805599454
merchant:1.6931471805599454
ive:1.0
satisfied:1.0
past:1.0
either:1.0
one:1.0
alone:1.0
works:1.0
together:1.0
fail:1.0
called:1.0
apple:1.0
advice:1.0
told:1.0
problem:1.0
composite:1.6931471805599454
non-composite:1.6931471805599454
used:1.0
confirmed:1.0
presently:1.0
sell:1.0
need:1.0
usda/ars:1.0
agronomy/uiuc:1.0
internet:1.0
s108:1.0
turner:1.0
hall:1.0
uiucvmd:1.0
bitnet:1.0
1102:1.0
goodwin:1.0
ave:1.0
217:1.6931471805599454
244-0864:1.0
phone:1.0
urbana:1.0
il:1.0
61801:1.0
333-6064:1.0
fax:1.0
