eric.choi:1.6931471805599454
p5.f175.n2240.z1.fidonet.org:1.6931471805599454
eric:1.6931471805599454
choi:1.6931471805599454
subject:1.0
mac:1.0
portable:1.0
vs:1.0
powerbook:1.0
100:1.0
answers:1.0
internal:1.0
hard:1.0
drive:1.6931471805599454
macportable:1.6931471805599454
upgraded:1.0
larger:1.0
capacity:1.0
specs:1.0
3-1/2:1.0
lps:1.0
model:1.0
third:1.0
party:1.0
modem:1.0
greater:1.0
2400:1.0
bps:1.0
fax:1.0
option:1.0
p.s:1.0
notice:1.0
batteries:1.0
avalable:1.0
thru:1.0
apple:1.0
catalog:1.0
internet:1.0
