bob.dohr:1.6931471805599454
f174.n2240.z1.fidonet.org:1.6931471805599454
bob:2.09861228866811
dohr:2.09861228866811
subject:1.0
good:1.6931471805599454
hard-disk:1.0
driver:2.6094379124341005
non-apple:1.0
drives:1.0
sys:1.0
7.1:1.6931471805599454
compat:1.0
need:1.0
add:1.0
message:1.0
major:1.0
problem:1.0
hands:1.6931471805599454
rodime:2.09861228866811
60:1.0
series:1.0
ro3000t:1.0
external:1.0
hard:2.6094379124341005
drive:2.09861228866811
business:1.0
writing:1.0
drivers:1.6931471805599454
particular:1.0
compatable:1.6931471805599454
system:1.0
talking:1.0
recommended:1.0
following:1.0
manufacturers:1.0
software:2.6094379124341005
scsi:1.0
manufacturer:1.0
fwb:1.6931471805599454
disk:1.6931471805599454
tool:1.6931471805599454
kit:1.6931471805599454
personal:1.0
la:1.0
cie:1.0
silverlining:1.0
5.2:1.0
higher:1.0
casa:1.0
blanca:1.0
drive7:1.0
anybody:1.0
experience:1.0
packages:1.0
please:1.0
reply:1.0
shareware:1.0
would:2.09861228866811
like:1.0
get:1.0
much:1.0
rather:1.0
send:1.0
developer:1.0
25:1.0
mentioned:1.0
purchased:1.0
cost:1.0
125:1.0
49:1.6931471805599454
149:1.0
respectively:1.0
thanks:1.0
advance:1.0
association:1.6931471805599454
bringing:1.0
kind:1.0
word:1.0
helpful:1.0
spirit:1.0
wherever:1.0
multi-line:1.0
macintosh:1.0
bbs:1.0
grand:1.0
blanc:1.0
michigan:1.0
echoes:1.0
fido:1.0
internet:1.6931471805599454
familynet:1.0
icdmnet:1.0
k-12:1.0
plus:1.0
2gb:1.0
files:1.0
313-695-6955:1.0
hst/v.32bis:1.0
testify:1.0
2.0:1.0
