bherrero:1.0
cec.uchile.cl:1.0
beltran:1.0
herreros:1.0
subject:1.0
appletalk:1.0
imagewriter:1.0
lq:1.6931471805599454
compatible:1.6931471805599454
needed:1.0
since:1.0
image:1.0
writer:1.0
discontinued:1.0
apple:1.6931471805599454
talk:1.6931471805599454
printer:2.09861228866811
11:1.0
15:1.0
continous:1.0
paper:1.0
would:1.0
like:1.0
know:1.0
possibility:1.0
connect:1.0
ibm:1.0
net:1.6931471805599454
directly:1.0
serial:1.0
hardware:1.0
need:1.0
software:1.0
