hades:1.6931471805599454
coos.dartmouth.edu:1.0
brian:1.0
v:1.0
hughes:1.0
subject:1.0
centris:2.386294361119891
610:1.6931471805599454
25mhz:2.09861228866811
33mhz:2.09861228866811
paryavi:1.6931471805599454
matt.ksu.ksu.edu:1.0
saiid:1.0
writes:1.0
put:1.0
040:1.6931471805599454
cpu:2.386294361119891
math:1.0
coprocessor:1.0
possible:1.0
speed:2.386294361119891
run:2.386294361119891
either:1.0
without:1.0
replacing:1.0
chips:1.0
motherboard:2.386294361119891
c610:1.6931471805599454
isnt:1.0
like:2.09861228866811
iisi:1.0
meaning:1.0
actually:1.0
designeds:1.0
designed:1.0
higher:1.0
forced:1.0
slower:1.0
20mhz:1.0
didnt:1.0
see:1.0
oscillators:1.0
ones:1.0
iisis:1.0
oscillator:2.09861228866811
one:1.0
talking:1.0
chip:1.0
think:1.0
located:1.0
socket:1.0
least:1.0
read:1.0
posts:1.0
group:1.0
