hades:1.6931471805599454
coos.dartmouth.edu:1.0
brian:1.0
v:1.0
hughes:1.0
subject:1.0
c610:1.6931471805599454
ugradable:1.0
tempest:1.6931471805599454
david:1.0
tsai:1.0
dt1n:1.0
andrew.cmu.edu:1.0
writes:1.0
going:1.0
possible:1.0
upgrade:1.6931471805599454
thats:1.0
current:1.0
rumor:1.0
started:1.0
macweek:1.0
last:1.0
month:1.0
motherboard:1.0
switch:1.0
else:1.0
would:1.0
accomplish:1.0
kind:1.0
probably:1.0
gon:1.0
na:1.0
expensive:1.0
right:1.0
course:1.0
apple:1.0
talking:1.0
