todd:1.6931471805599454
carson.u.washington.edu:1.0
l:1.0
brooks:1.0
subject:1.0
laserwriter:1.6931471805599454
ls:1.6931471805599454
driver:2.09861228866811
heard:1.6931471805599454
version:1.0
7.2:1.0
printer:1.0
apple:1.0
ayone:1.0
get:1.0
please:1.0
email:1.0
thanks:1.0
