rherzog:1.0
rc1.vub.ac.be:1.0
herzog:1.0
robert:1.0
dbm:1.0
subject:1.0
moniterm:1.6931471805599454
vcx:1.0
mac:1.6931471805599454
card:1.6931471805599454
use:2.09861228866811
nice:1.0
vxc:1.0
19:1.0
b/w:1.0
monitor:1.6931471805599454
formerly:1.0
used:1.6931471805599454
atari:1.0
st:1.0
think:1.0
monitors:1.0
macs:1.0
someone:1.0
tell:1.0
get:1.0
etc:1.0
also:1.0
label:1.0
front:1.0
saying:1.0
viking:1.0
2/90:1.0
db9:1.0
connector:1.0
