murray:2.386294361119891
andromeda.rutgers.edu:1.6931471805599454
karstadt:1.0
subject:1.0
upgrading:1.0
mac:1.0
plus:1.0
se:1.0
use:1.6931471805599454
superdrive:1.0
hello:1.0
networld:1.0
lab:1.0
old:1.6931471805599454
macs:1.6931471805599454
ses:1.0
pluses:1.0
dont:1.0
enough:1.0
money:1.0
buy:1.0
new:1.0
machines:1.0
considering:1.0
buying:1.0
superdrives:1.0
allow:1.0
folks:1.0
high:1.0
density:1.0
disks:1.0
equipment:1.0
wondering:1.0
experiences:1.0
good:1.0
bad:1.0
people:1.0
sort:1.0
upgrade:1.0
