tbosch.sch.ge.com:1.0
scott:1.6931471805599454
van:1.0
nostrand:1.0
subject:1.0
hook:2.09861228866811
mac:2.09861228866811
modem:1.6931471805599454
ps/2:1.0
70:1.0
anyone:1.0
ever:1.0
hooked:1.0
hayes:1.0
2400:1.0
macintosh:1.0
serial:1.6931471805599454
port:1.6931471805599454
pc:1.0
pin:1.0
outs:1.0
printer:1.0
cable:1.0
db:1.0
25:1.0
two:1.0
mini-8:1.0
ports:1.0
together:1.0
swap:1.0
pins:1.0
thanx:1.0
advance:1.0
