gunawan:2.791759469228055
envmsa.eas.asu.edu:1.6931471805599454
iwan:1.6931471805599454
subject:1.0
need:1.0
latest:1.0
model:1.0
developer:1.6931471805599454
notes:1.6931471805599454
hi:1.0
anyone:1.0
know:1.0
get:1.0
new:1.0
mac:1.0
models:1.0
like:1.0
iivx:1.0
lc:1.0
iii:1.0
centris:1.0
thanks:1.0
information:1.0
please:1.0
reply:1.0
email:1.0
k:1.0
oo:1.0
internet:1.0
enuxhb.eas.asu.edu:1.0
enuxva.eas.asu.edu:1.0
uu====uu:1.0
arizona:1.0
state:1.0
university:1.0
