uc525655:1.0
mizzou1.missouri.edu:1.0
m.eaton:1.0
subject:1.0
q:1.0
way:1.6931471805599454
connect:1.6931471805599454
pb:2.09861228866811
145:1.6931471805599454
iisi:2.386294361119891
p:1.0
lw:1.6931471805599454
ls:2.09861228866811
powerbook:1.0
mac:1.0
personal:1.0
laserwriter:1.0
necessarily:1.0
silmultaneoulsy:1.0
print:1.0
either:1.0
file:1.0
share:1.0
know:1.0
get:1.0
expensive:1.0
nt:1.0
upgrade:1.0
cant:1.0
afford:1.0
thanks:1.0
mark:1.0
