dale_adams:1.0
gateway.qm.apple.com:1.0
dale:1.6931471805599454
adams:1.6931471805599454
subject:1.0
72-pin:2.386294361119891
simms:3.3978952727983707
q-800:2.09861228866811
careful:1.0
buying:1.0
article:1.0
c5w9v0.fce:1.0
news.cso.uiuc.edu:1.0
marty:1.0
sachs:1.0
msachs:1.0
ux1.cso.uiuc.edu:1.0
writes:1.0
purchased:1.0
2x8:1.0
mb:3.5649493574615367
60:1.6931471805599454
ns:1.6931471805599454
quadra:1.0
800:1.0
chip:1.6931471805599454
merchant:1.6931471805599454
ive:1.0
satisfied:1.0
past:1.0
either:1.0
one:2.09861228866811
alone:1.0
works:1.0
together:1.0
fail:1.0
called:1.0
apple:1.0
advice:1.0
told:1.0
problem:1.0
composite:2.386294361119891
non-composite:1.6931471805599454
used:2.09861228866811
confirmed:1.0
presently:1.0
sell:1.0
need:1.0
8:2.386294361119891
although:1.0
many:1.0
16:1.0
allow:1.0
two:1.6931471805599454
memory:1.0
banks:1.6931471805599454
per:1.0
simm:2.6094379124341005
thus:1.0
permitting:1.0
use:1.0
4:2.6094379124341005
dram:1.0
devices:1.0
ones:1.0
cant:1.0
imagine:1.0
would:1.6931471805599454
cheaper:1.6931471805599454
build:2.09861228866811
using:1.6931471805599454
1:1.6931471805599454
drams:1.0
parts:2.09861228866811
reached:1.0
exceeded:1.0
bit:1.6931471805599454
price:1.0
parity:1.0
time:1.0
ago:1.0
probably:1.0
possible:1.0
single-bank:1.6931471805599454
could:1.0
cause:1.0
problems:1.0
q800:1.0
im:1.0
sure:1.0
youd:1.0
want:1.0
though:1.0
dual-bank:1.0
