jeff:1.6931471805599454
gandalf.otago.ac.nz:1.0
home:1.0
subject:1.0
macwatch:1.6931471805599454
anybody:1.0
heard:1.0
thing:1.0
called:1.0
saw:1.0
tv:1.0
couple:1.0
years:1.0
ago:1.0
watch:1.6931471805599454
reviever:1.0
transmitter:1.0
mac:1.6931471805599454
practical:1.0
upshot:1.0
page:1.0
display:1.0
small:1.0
message:1.0
flatmate:1.0
states:1.0
week:1.0
two:1.0
soon:1.0
interested:1.0
getting:1.0
one:1.0
info:1.0
would:1.0
appreciated:1.0
thanx:1.0
advance:1.0
glenn:1.0
