rutijoh1:1.0
chico.acc.iit.edu:1.0
users:1.0
subject:1.0
quadra:2.09861228866811
900/950:1.0
1993apr21.165907.189558:1.0
edgeway.wimsey.bc.ca:1.6931471805599454
armani:1.0
writes:1.0
besides:1.0
faster:2.6094379124341005
processor:1.0
950:2.6094379124341005
scsi:2.386294361119891
2:2.09861228866811
far:1.0
know:1.0
i/o:2.386294361119891
due:1.0
separate:1.0
processors:1.6931471805599454
handling:1.0
functions:1.0
output:1.0
16:1.6931471805599454
bit:1.6931471805599454
video:1.0
monitor:1.6931471805599454
1:1.0
meg:1.6931471805599454
vram:1.6931471805599454
24:1.0
actually:1.0
900:2.09861228866811
controller:1.0
running:1.0
different:1.0
speed:1.0
support:1.6931471805599454
certain:1.0
commands:1.0
take:1.0
advantage:1.0
drives:1.0
present:1.0
machines:1.0
q950:1.0
runs:1.0
bus:1.6931471805599454
25mhz:1.0
900s:1.0
16mhz:1.0
supports:2.386294361119891
16bit:1.0
color:1.0
sizes:1.0
well:1.0
24bit:1.0
832:1.0
x:2.09861228866811
624:1.0
resolution:1.6931471805599454
also:1.0
1024:1.6931471805599454
x768:1.0
8bit:1.0
1152:1.0
870:1.0
768:1.0
80ns:1.0
100ns:1.0
john:1.0
rutirasiri:1.0
