jonathan:1.0
l:1.0
hutchison:1.6931471805599454
jh6r:1.6931471805599454
andrew.cmu.edu:1.6931471805599454
subject:1.0
active:1.6931471805599454
matrix:1.6931471805599454
clr:1.0
pb:1.0
know:1.0
apple:1.0
working:1.0
color:1.0
powerbook:1.0
going:1.0
come:1.0
heard:1.0
rumor:1.0
two:1.0
months:1.0
another:1.0
seen:1.0
macworld:1.0
expo:1.0
boston:1.0
whats:1.0
word:1.0
jon:1.0
