markp:1.0
ccu1.aukuni.ac.nz:1.0
mark:1.6931471805599454
perry:1.6931471805599454
subject:1.0
iif:1.0
iig:1.0
slot:1.6931471805599454
seems:1.0
p:1.0
pds:1.0
printers:1.0
law.aukuni.ac.nz:1.0
faculty:1.0
law:1.0
auckland:1.0
university:1.0
new:1.0
zealand:1.0
