cwera:1.6931471805599454
diana.cair.du.edu:1.0
chris:1.0
wera:1.0
subject:1.0
centris:1.6931471805599454
610:1.6931471805599454
clock:1.6931471805599454
adjustment:1.6931471805599454
reading:1.0
review:1.0
months:1.0
macworld:1.0
reviewer:1.0
said:1.0
4:1.0
could:1.0
make:1.0
speed:1.0
chip:1.6931471805599454
change:1.0
20mhz:1.0
25mhz:1.0
havent:1.0
heard:1.0
dont:1.0
think:1.0
040:1.0
replacement:1.0
fpu:1.0
seen:1.0
much:1.0
talk:1.0
anyone:1.0
ideas:1.0
du.edu:1.0
