guykuo:1.0
carson.u.washington.edu:1.0
guy:1.0
kuo:1.0
subject:1.0
centris:2.09861228866811
610:1.6931471805599454
clock:1.6931471805599454
adjustment:1.0
article:1.0
probably:1.0
referring:1.0
changing:1.0
oscillator:1.0
manner:1.0
similar:1.0
done:1.6931471805599454
quadra:1.0
700s:1.0
iisis:1.0
havent:1.0
read:1.0
report:1.0
actually:1.0
supposedly:1.0
also:1.0
works:1.0
q900:1.0
q950:1.0
650:1.0
machines:1.0
