drlovemd:2.09861228866811
jhunix.hcf.jhu.edu:1.6931471805599454
steve:1.6931471805599454
liu:1.6931471805599454
subject:1.6931471805599454
macintosh:1.0
weenies:1.0
suck:1.0
scsi:1.6931471805599454
disks:1.0
article:1.0
c5wdmk.jrn:1.0
hawk.cs.ukans.edu:1.6931471805599454
3s737abg:1.0
unknown:1.0
class:1.0
user:1.0
writes:1.0
think:1.0
title:1.0
says:1.0
anybody:1.0
relies:1.0
dick:1.0
stoarage:1.0
pain:1.0
ass:1.0
looks:1.0
like:1.0
someone:1.0
left:1.0
terminal:1.0
unattended:1.0
tttttt:1.0
eeeee:2.386294361119891
vv:2.791759469228055
tt:2.386294361119891
ee:2.386294361119891
eeee:1.6931471805599454
vvv:1.0
v:1.0
jhuvms.hcf.jhu.edu:1.0
