thewho:2.09861228866811
athena.mit.edu:1.0
derek:2.09861228866811
fong:1.6931471805599454
subject:1.0
14:1.6931471805599454
rgb:1.0
owners:1.0
kind:2.09861228866811
power:2.386294361119891
cable:2.386294361119891
came:1.0
monitor:2.6094379124341005
heres:1.0
scoop:1.0
past:1.6931471805599454
two:1.6931471805599454
years:1.0
using:1.6931471805599454
se/30:2.09861228866811
sony:1.6931471805599454
1304s:1.0
lapis:1.0
video:1.0
card:1.0
month:1.0
bought:1.0
quadra:1.6931471805599454
800:1.6931471805599454
shipped:1.0
home:1.0
father:1.0
planning:1.0
getting:1.0
apple:2.386294361119891
trinitron:1.0
one:1.6931471805599454
question:1.0
cord:1.6931471805599454
get:1.0
come:1.6931471805599454
types:1.6931471805599454
recall:1.0
hook:1.0
back:1.0
machine:1.0
however:1.0
fathers:1.0
extra:1.0
plug:1.6931471805599454
allows:1.0
use:1.0
se/30s:1.0
supply:1.0
needs:1.0
socket:1.0
separately:1.0
allow:1.0
buy:1.0
different:1.0
yes:1.0
purchase:1.0
enough:1.0
provide:1.0
cables:1.0
thanks:1.0
advance:1.0
email:1.0
plume.mit.edu:1.0
dept:1.0
physical:1.0
oceanography:1.0
darla.whoi.edu:1.0
bldg:1.0
54-1511a:1.0
clark:1.0
laboratory:1.0
317:1.0
massachusetts:1.0
institute:1.0
technology:1.0
woods:1.6931471805599454
hole:1.6931471805599454
oceanographic:1.0
institution:1.0
cambridge:1.0
02139:1.0
02543:1.0
617:1.0
253-2922:1.0
508:1.0
457-2000:1.0
x2814:1.0
