thomas.tornblom:1.6931471805599454
nexus.comm.se:1.6931471805599454
thomas:1.6931471805599454
tornblom:1.0
subject:1.0
asante:2.09861228866811
ethernet:2.09861228866811
adapter:2.09861228866811
lciii:2.386294361119891
math:1.6931471805599454
chip:1.0
article:1.0
c5syk2.js2:1.0
ie.utoronto.ca:1.6931471805599454
andy:1.6931471805599454
sun:1.0
writes:1.0
hi:1.0
told:1.0
local:1.0
sales:1.0
come:1.0
pds:2.386294361119891
optional:1.0
68882:1.6931471805599454
socket:2.386294361119891
board:1.6931471805599454
question:1.0
fpu:1.6931471805599454
performance:1.0
degrade:1.0
put:1.0
card:1.0
instead:1.0
motherboard:1.0
intuitively:1.0
co-processor:1.0
always:1.0
placed:1.0
close:1.6931471805599454
cpu:1.6931471805599454
sure:1.0
good:1.0
apples:1.0
so-called:1.0
processor-direct:1.0
slot:1.6931471805599454
comes:1.0
throughout:1.0
anyone:1.0
know:1.0
answer:1.0
experience:1.0
thanks:1.0
advance:1.0
ive:1.0
heard:1.0
clock:1.6931471805599454
16mhz:1.0
compatible:1.0
old:1.0
lc:1.0
style:1.0
boards:1.0
clocked:1.0
25mhz:1.6931471805599454
guess:1.0
designed:1.0
get:1.0
extended:1.0
real:1.0
life:1.0
törnblom:1.0
email:1.0
snail:1.0
mail:1.0
communicator:1.0
nexus:1.0
ab:1.0
phone:1.0
46:1.6931471805599454
18:1.6931471805599454
171814:1.0
box:1.0
857:1.0
fax:1.0
696516:1.0
751:1.0
08:1.0
uppsala:1.0
sweden:1.0
