brad.welch:1.0
his.com:1.0
brad:1.6931471805599454
welch:1.0
subject:1.0
clock:1.0
speed:1.6931471805599454
hello:1.0
new:1.0
area:1.0
read:1.0
upgrades:1.0
lc:1.6931471805599454
ii:1.0
modification:1.0
make:1.0
thing:1.0
run:1.0
faster:1.0
performa:1.0
400:1.0
would:1.0
homemade:1.0
upgrade:1.0
work:1.0
thanks:1.0
