lars:2.09861228866811
sundstrom:1.6931471805599454
sund:1.6931471805599454
tde.lth.se:1.6931471805599454
subject:1.0
duo:2.386294361119891
price:1.0
reduction:1.0
michigan:1.0
state:1.0
university:1.6931471805599454
pricing:1.0
210:1.6931471805599454
systems-powerbook:1.0
portable:1.0
m4161ll/a:1.0
mac:1.0
powerbook:1.0
4m:1.0
ram/80m:1.0
hd:1.0
1528.98:1.0
promotion:1.0
expires:1.0
06/13/93:1.0
hmm:1.0
new:1.0
machines:1.0
released:1.0
07/13/93:1.0
sincerely:1.0
email:1.0
lund:1.6931471805599454
phone:1.0
int:1.6931471805599454
46:2.386294361119891
10:1.0
95:1.0
13:1.0
dept:1.0
applied:1.0
electronics:1.0
fax:1.0
12:1.0
99:1.0
48:1.0
p.o:1.0
box:1.0
118:1.0
s-221:1.0
00:1.0
sweden:1.0
