bredell:2.6094379124341005
tdb.uu.se:1.6931471805599454
mats:2.386294361119891
subject:1.0
rumours:1.0
new:2.386294361119891
duos:1.0
brian:1.0
v:1.0
hughes:1.0
hades:1.0
coos.dartmouth.edu:1.0
wrote:1.0
writes:1.0
official:1.0
paper:2.386294361119891
got:1.0
apple:2.386294361119891
docking:1.6931471805599454
station:1.6931471805599454
called:2.09861228866811
duodock:2.09861228866811
plus:2.09861228866811
price:2.09861228866811
list:2.09861228866811
dartmouth:1.0
since:1.0
released:1.0
never:1.0
sweden:2.09861228866811
announced:1.0
products:1.0
one:1.0
arrived:1.0
showed:1.0
dont:1.0
know:1.0
still:1.0
could:1.0
mistake:1.0
someone:1.0
mats.bredell:1.0
udac.uu.se:1.0
uppsala:1.0
university:1.0
computing:1.0
center:1.0
udac:1.0
ph:1.0
46:1.6931471805599454
18:1.6931471805599454
187817:1.0
department:1.0
medical:1.0
systems:1.0
fax:1.0
187825:1.0
think:1.0
straight:1.0
gay:1.0
