hades:1.6931471805599454
coos.dartmouth.edu:1.0
brian:1.0
v:1.0
hughes:1.0
subject:1.0
monitors:1.0
kept:1.0
24:1.0
hours:1.0
day:1.0
roy:1.6931471805599454
mchip00.med.nyu.edu:1.0
smith:1.0
writes:1.0
wonder:1.0
hard:1.6931471805599454
would:2.09861228866811
i.e:1.0
add:1.0
cost:1.0
design:1.6931471805599454
desktop:1.0
machines:1.0
power:1.6931471805599454
saver:1.0
feature:1.0
built:1.0
reduce:1.0
consumption:1.0
automatically:1.0
machine:1.0
idle:1.0
amount:1.0
time:1.0
color:1.0
classic:1.0
since:1.0
monitor:1.0
behaves:1.0
manner:1.0
