christopher:1.0
bruce:1.0
kidwell:1.6931471805599454
ck31:1.6931471805599454
andrew.cmu.edu:1.6931471805599454
subject:1.0
hardware:1.0
fits:1.0
mail:1.0
order:2.09861228866811
ordered:1.0
external:1.0
floppy:1.6931471805599454
drive:2.6094379124341005
2:1.6931471805599454
years:1.0
ago:1.0
placed:1.0
said:1.6931471805599454
stock:1.6931471805599454
would:1.0
ship:1.6931471805599454
next:1.0
day:1.0
week:1.0
passed:1.0
called:1.0
weeks:1.0
since:1.6931471805599454
needed:1.0
right:1.0
away:1.0
internal:1.0
hard:1.0
dead:1.0
cancelled:1.0
havent:1.0
dealt:1.0
chris:1.0
