brown:1.6931471805599454
gdstech.grumman.com:1.0
richard:1.0
subject:1.0
recommendation:1.0
laser:1.6931471805599454
printer:2.09861228866811
im:1.0
looking:1.0
recommendations:1.0
used:1.0
mostly:1.0
text:1.0
single:1.0
user:1.0
doesnt:1.0
need:1.0
postscript:1.0
advice:1.0
would:1.0
appreciated:1.0
