hades:1.6931471805599454
coos.dartmouth.edu:1.0
brian:1.0
v:1.0
hughes:1.0
subject:1.0
performa:3.0794415416798357
lc:2.09861228866811
demon:1.0
desire.wright.edu:1.0
boomer:1.0
writes:1.0
200:1.0
classic:1.0
ii:1.6931471805599454
400:1.0
405:1.6931471805599454
lcii:1.6931471805599454
4/80:1.0
monitor:2.6094379124341005
modem:2.09861228866811
software:2.386294361119891
430:1.6931471805599454
4/120:1.0
w:1.0
4xx:1.6931471805599454
iii:1.0
450:1.6931471805599454
lciii:1.0
detect:1.0
trend:1.0
people:1.0
performas:1.6931471805599454
made:1.6931471805599454
low-cost:1.6931471805599454
business:1.6931471805599454
solutions:1.0
bundled:1.0
modems:1.0
etc:1.0
widely:1.0
distributed:1.0
sold:1.0
sears:1.6931471805599454
home:1.6931471805599454
machines:1.6931471805599454
developed:1.0
compete:1.0
retail:1.6931471805599454
outlet:1.0
computer:1.0
market:1.0
price:1.6931471805599454
might:1.0
able:1.0
get:1.0
steeper:1.0
discount:1.0
shop:1.0
around:1.6931471805599454
probably:1.0
going:1.0
best:1.0
time:1.0
based:1.0
number:1.0
purchase:1.0
stuff:1.0
like:1.0
far:1.0
monitors:1.0
go:1.0
buy:1.0
3rd:1.0
party:1.6931471805599454
much:1.0
cheaper:1.0
really:1.6931471805599454
newer:1.0
peformas:1.0
come:1.0
third:1.0
apple:1.0
put:1.0
name:1.0
called:1.0
plus:1.0
display:1.0
essentially:1.0
vga:1.0
quite:1.0
cheap:1.0
