2958804:1.0
qucdn.queensu.ca:1.0
subject:1.0
wanted:1.6931471805599454
adb:1.6931471805599454
mouse:1.6931471805599454
keybd:1.0
apple:1.0
keyboard:1.0
contact:1.0
paul:1.6931471805599454
gribble:1.0
email:1.0
address:1.0
asap:1.0
g:1.0
