2958804:1.0
qucdn.queensu.ca:1.0
subject:1.0
apples:1.6931471805599454
new:1.6931471805599454
keybd:1.0
people:1.6931471805599454
tell:1.6931471805599454
keyboard:1.6931471805599454
one:1.0
designed:1.0
ergonomically:1.0
friendly:1.0
begun:1.0
experience:1.0
wrist:1.0
hand:1.0
pains:1.0
using:1.6931471805599454
standard:1.0
powerbook:1.0
similar:1.0
experiences:1.0
replies:1.0
email:1.0
please:1.0
paul:1.0
g:1.0
