lepard:2.386294361119891
mayo.edu:1.6931471805599454
kevin:2.09861228866811
subject:1.0
monitor:1.0
pinouts:1.6931471805599454
needed:1.0
wondering:1.0
someone:1.0
could:1.0
send:1.0
apple:1.0
13:1.0
14:1.0
rgb:1.0
monitors:1.0
parts:1.0
docs:1.0
seem:1.0
misplaced:1.0
around:1.0
thanks:1.0
lot:1.0
help:1.0
internet:1.0
disclaimer:1.0
opinions:1.0
mine:1.0
alone:1.0
necessarily:1.0
represent:1.0
mayo:1.6931471805599454
foundation:1.0
clinic:1.0
person:1.0
institution:1.0
