hardesty:1.6931471805599454
meiko.com:1.6931471805599454
robert:1.6931471805599454
subject:1.0
hp:1.6931471805599454
deskjet:1.6931471805599454
500c:2.09861228866811
work:1.0
boring:1.0
sister:1.0
weekend:1.0
wondering:1.0
drivers:1.0
available:1.0
would:2.09861228866811
allow:1.0
use:1.0
mac:1.0
se/30:1.0
copy:1.0
macprint:1.0
think:1.0
driver:1.0
happy:1.0
get:1.6931471805599454
working:1.6931471805599454
black:1.0
white:1.0
away:1.0
color:1.0
better:1.0
ideas:1.0
someone:1.0
regards:1.0
r:1.0
hardestyhardesty:1.0
customer:1.0
support:1.0
engineertele:1.0
617:1.6931471805599454
890-7676:1.0
meiko:1.0
scientific:1.0
corporationfax:1.0
890-5042:1.0
1601:1.0
trapelo:1.0
rd:1.0
waltham:1.0
02154:1.0
