hk.mlr:1.0
forsythe.stanford.edu:1.0
mark:1.6931471805599454
rogowsky:1.0
subject:1.0
cd300:2.386294361119891
question:1.0
article:1.0
h01sav.dsyibm.desy.de-230493200218:1.0
michael.desy.de:1.0
h01sav.dsyibm.desy.de:1.0
michael:1.0
savitski:1.0
writes:1.0
hi:1.0
mac:2.09861228866811
lc:1.0
consider:1.0
buying:1.0
ive:1.0
told:1.0
however:1.0
1:1.6931471805599454
double:2.09861228866811
speed:2.6094379124341005
achievable:1.0
machines:1.0
scsi-2:1.0
completely:1.0
false:2.09861228866811
2:1.6931471805599454
prerequisite:1.0
photocd:1.6931471805599454
multisession:2.386294361119891
capability:2.09861228866811
need:1.6931471805599454
also:1.6931471805599454
based:2.09861228866811
firmware:1.0
electronics:1.0
drive:2.09861228866811
ill:1.0
admit:1.0
though:1.6931471805599454
seen:1.0
capable:1.6931471805599454
isnt:1.0
3:1.6931471805599454
means:1.0
seem:1.0
gain:1.0
nothing:1.6931471805599454
compared:1.0
say:1.0
cd150:1.0
proves:1.0
comments:1.0
apple:1.6931471805599454
excellent:1.0
double-speed:1.0
multi-session:1.0
drives:1.6931471805599454
slightly-faster:1.0
toshiba:1.0
xm3401:1.0
companies:1.0
selling:1.0
spin:1.6931471805599454
peripherals:1.6931471805599454
bargain:1.0
499:1.0
pli:1.0
company:1.6931471805599454
hate:1.0
relax:1.6931471805599454
technologies:1.0
know:1.0
little:1.6931471805599454
longtime:1.0
player:1.0
mailorder:1.6931471805599454
usually:1.0
good:2.386294361119891
sign:1.0
nec:1.6931471805599454
cdr74:1.0
choice:1.0
necs:1.0
mechanism:1.6931471805599454
think:1.0
clubmac:1.0
sells:1.0
around:1.0
619:1.0
thanx:1.0
welcome:1.0
ooh:1.0
see:1.0
germany:1.0
info:1.0
guess:1.0
800-466-1200:1.0
club:1.0
800-258-2622:1.0
tech:1.0
510-471-6112:1.0
wrong:1.0
sony:1.0
speed-identical:1.0
toshibas:1.0
advantage:1.0
slight:1.0
20:1.0
average:1.0
access:1.0
time:1.0
minor:1.0
plus:1.6931471805599454
10:1.0
data:1.0
transfer:1.0
rate:1.0
slightly:1.0
important:1.0
luck:1.0
