jamesh:1.0
apple.com:1.0
james:1.6931471805599454
hammett:1.0
subject:1.0
first:1.6931471805599454
tech:1.6931471805599454
anyone:1.0
dealt:1.0
based:1.0
austin:1.0
tx:1.0
experince:1.0
thanks:1.0
