stratton:2.386294361119891
cwis.unomaha.edu:1.6931471805599454
dan:2.09861228866811
subject:1.0
apples:1.0
new:1.6931471805599454
keybd:1.0
use:1.0
keyboard:1.0
iifx:1.0
like:1.0
touch:1.0
typist:1.0
advantage:1.0
loss:1.0
difference:1.0
less:1.0
stress:1.0
wrists:1.0
macs:1.0
mercedes:1.0
money:1.0
much:1.0
enough:1.0
views:1.0
