guykuo:1.6931471805599454
carson.u.washington.edu:1.0
guy:1.6931471805599454
kuo:1.6931471805599454
subject:1.0
66.6:1.0
mhz:2.6094379124341005
clock:1.6931471805599454
oscillator:1.0
quest:1.0
speed:1.6931471805599454
ive:1.0
run:1.0
problem:1.0
66.66:1.6931471805599454
80:1.0
oscillators:1.6931471805599454
available:1.0
havent:1.0
found:1.0
speeds:1.0
70:1.6931471805599454
testing:1.0
fox:1.0
electronics:1.0
813:1.0
693-0099:1.0
make:1.0
custom:1.0
anyone:1.0
knows:1.0
source:1.0
cheaper:1.0
12/osc:1.0
please:1.0
let:1.0
know:1.0
68:1.0
units:1.0
would:1.0
complete:1.0
trials:1.0
old:1.0
q700:1.0
u.washington.edu:1.0
