chbeck:1.6931471805599454
anl.gov:1.6931471805599454
chuck:1.0
beck:1.0
subject:1.0
need:1.6931471805599454
device:2.09861228866811
ntsc:1.0
video:2.09861228866811
scsi:2.09861228866811
bus:1.6931471805599454
anyone:1.0
heard:1.0
capture:1.6931471805599454
sort:1.6931471805599454
10:1.0
frames:1.0
per:1.0
second:1.0
work:1.0
idea:1.0
use:1.0
conferencing:1.0
application:1.0
told:1.0
went:1.0
would:1.0
burn:1.0
ears:1.0
thoughts:1.0
