drlovemd:2.09861228866811
jhunix.hcf.jhu.edu:1.6931471805599454
steve:1.6931471805599454
liu:1.6931471805599454
subject:1.0
scsi:1.6931471805599454
cable:1.6931471805599454
sale:1.6931471805599454
brand:1.0
new:1.0
never:1.0
used:1.0
12:1.0
inch:1.0
mac:1.0
im:1.0
asking:1.0
15:1.0
shipping:1.0
tell:1.0
high:1.0
dont:1.0
think:1.0
tttttt:1.0
eeeee:2.386294361119891
vv:2.791759469228055
tt:2.386294361119891
ee:2.386294361119891
eeee:1.6931471805599454
vvv:1.0
v:1.0
jhuvms.hcf.jhu.edu:1.0
