bsd9554:2.09861228866811
ultb.isc.rit.edu:1.6931471805599454
b.s:1.0
davidson:1.6931471805599454
subject:1.0
stylewriter:1.6931471805599454
ii:1.6931471805599454
dying:1.0
bought:1.0
couple:1.0
months:1.0
ago:1.0
lately:1.0
print:1.0
something:1.0
notice:1.0
white:1.0
lines:2.09861228866811
gaps:1.0
running:1.0
line:1.0
printed:1.0
almost:1.0
like:1.0
paper:1.0
advancing:1.6931471805599454
smidge:1.0
far:1.0
replaced:1.0
ink:1.0
cartridge:1.0
thinking:1.0
might:1.0
problem:1.6931471805599454
still:1.0
anyone:1.0
else:1.0
noticed:1.0
whats:1.0
best:1.0
way:1.0
get:1.0
rid:1.0
brian:1.0
internet:1.0
rochester:1.0
institute:1.0
technology:1.0
bitnet:1.0
ritvax:1.0
