guykuo:1.0
carson.u.washington.edu:1.0
guy:1.0
kuo:1.0
subject:1.0
monitors:1.0
kept:1.0
24:1.0
hours:1.0
day:1.0
ive:1.0
turned:1.0
monitor:1.0
cpu:1.6931471805599454
running:1.6931471805599454
many:1.0
times:1.0
time:1.0
wonder:1.0
directly:1.0
hooking:1.0
high:1.0
current:1.0
draw:1.0
lines:1.0
put:1.0
substantial:1.0
spike:1.0
power:1.0
line:1.0
could:1.0
one:1.0
possibly:1.0
lose:1.0
data:1.0
damage:1.0
equipment:1.0
