alan_j._novidor:1.0
bmug.org:1.0
subject:1.0
price:1.6931471805599454
drop:1.0
c650:1.0
within:1.0
650:1.0
8/80:1.0
seems:1.0
good:1.0
would:1.0
like:1.0
know:1.0
fromx1cif:1.0
giving:1.0
away:1.0
secrets:1.0
thanks:1.0
alan:1.0
planet:1.0
bmug:1.6931471805599454
firstclass:1.0
bbs:1.0
message:1.0
contained:1.0
posting:1.0
way:1.0
reflect:1.0
bmugs:1.0
official:1.0
views:1.0
