gray:2.386294361119891
engr.wisc.edu:1.0
gary:1.6931471805599454
l:1.6931471805599454
subject:1.0
72-pin:1.6931471805599454
simms:2.386294361119891
q-800:1.0
careful:1.0
buying:1.0
already:1.0
purchased:1.0
quadra:1.0
800:1.0
memory:1.6931471805599454
direct:1.6931471805599454
march:1.0
9:1.0
tell:1.0
whether:1.0
composite:1.6931471805599454
rule:1.0
ship:1.0
regular:1.0
thank:1.0
engineering:1.0
mechanics:1.0
astronautics:1.0
university:1.0
wisconsin-madison:1.0
cmgroup.engr.wisc.edu:1.0
