mario_murphy:1.0
bmug.org:1.0
subject:1.0
sad:1.0
mac:1.0
code:1.0
0f0064:1.0
believe:1.0
would:2.386294361119891
system:1.6931471805599454
error:2.6094379124341005
64:2.09861228866811
since:1.0
guess:1.0
font:2.09861228866811
manager:1.0
declairation:1.0
assume:1.0
thats:1.0
floppy:1.0
trying:1.0
start:1.0
corrupted:1.0
something:1.0
like:1.0
mario:1.0
murphy:1.0
planet:1.0
bmug:1.6931471805599454
firstclass:1.0
bbs:1.0
message:1.0
contained:1.0
posting:1.0
way:1.0
reflect:1.0
bmugs:1.0
official:1.0
views:1.0
