eugene_sun:1.0
bmug.org:1.0
subject:1.0
help:1.0
gcc:1.6931471805599454
plp:1.0
ii:1.0
laser:1.0
printer:1.0
tech:1.0
support:1.0
line:1.0
1-800-231-1570:1.0
planet:1.0
bmug:1.6931471805599454
firstclass:1.0
bbs:1.0
message:1.0
contained:1.0
posting:1.0
way:1.0
reflect:1.0
bmugs:1.0
official:1.0
views:1.0
