warren:2.386294361119891
delano:1.0
laplace.biology.yale.edu:1.6931471805599454
subject:1.0
mac:1.6931471805599454
superdrives:1.0
read:1.6931471805599454
unix:1.6931471805599454
disks:1.6931471805599454
anyone:1.0
know:1.0
program:1.0
utility:1.0
enable:1.0
i.e:1.0
next:1.0
3.5:1.0
thanks:1.0
