cassidy:1.6931471805599454
elan.rowan.edu:1.0
kyle:1.0
subject:1.0
torx:1.0
t-15:1.0
screwdriver:1.6931471805599454
article:1.0
c5j2k2.2o94:1.0
austin.ibm.com:1.6931471805599454
login:1.0
writes:1.0
ago:1.0
owned:1.0
plus:1.0
wanted:1.0
upgrade:1.0
memory:1.0
ordered:1.0
toolkit:1.0
macwarehouse:1.0
something:1.0
like:1.0
9:1.0
included:1.0
anti-static:1.0
ive:1.0
success:1.0
jamming:1.0
standard:1.0
slots:1.0
banging:1.0
hammer:1.0
twisting:1.0
away:1.6931471805599454
throw:1.0
darn:1.0
things:1.0
put:1.0
real:1.0
screws:1.0
methinks:1.0
sell:1.0
us:1.0
damn:1.0
screwdrivers:1.0
