knaka:1.0
diamond.riec.tohoku.ac.jp:1.0
kensuke:1.6931471805599454
nakashima:1.0
subject:1.0
info:1.0
wanted:1.0
upgrading:1.0
se/30:2.09861228866811
power:2.386294361119891
supply:2.09861228866811
hello:1.0
netter:1.0
want:1.0
uprade:1.0
8:1.0
bit:1.0
color:1.0
card:1.0
installed:1.0
know:1.6931471805599454
crc:1.0
components:1.0
inc:1.0
deals:1.0
compatible:1.0
manifactured:1.0
plus:1.0
systems:1.0
anyone:1.0
phone:1.0
fax:1.0
number:1.0
please:1.0
reply:1.0
e-mail:1.0
thanks:1.0
nakajima:1.0
