harley:1.0
myler:1.0
hrm:1.0
engr.ucf.edu:1.0
subject:1.0
25mhz:1.6931471805599454
iisi:1.6931471805599454
used:1.0
radio:1.0
shack:1.0
heat:1.0
sink:1.0
compound:1.0
solution:1.0
clamps:1.0
works:1.0
fine:1.0
caution:1.0
holds:1.0
though:1.0
dont:1.0
tilt:1.0
mac:1.0
