st90rjr4:1.6931471805599454
dunx1.ocs.drexel.edu:1.6931471805599454
david:1.0
j:1.0
sugar:1.6931471805599454
subject:1.0
building:1.0
simple:1.6931471805599454
appletalk:1.6931471805599454
repeater:1.6931471805599454
small:1.0
network:1.6931471805599454
running:1.0
dorm:1.0
school:1.0
kind:1.0
worried:1.0
length:1.0
wires:1.0
way:1.6931471805599454
run:1.0
wondering:1.0
anyone:1.6931471805599454
might:1.0
schematic:1.0
least:1.0
ideas:1.6931471805599454
make:1.0
sort:1.0
im:1.0
interested:1.0
making:1.0
actual:1.0
zones:1.0
zone:1.0
names:1.0
isolate:1.0
different:1.0
branches:1.0
could:1.0
done:1.0
thanks:1.0
alot:1.0
dave:1.0
udsugar:1.0
mcs.drexel.edu:1.0
