blakey:2.09861228866811
ug.cs.dal.ca:1.6931471805599454
jason:1.6931471805599454
fish:1.0
subject:1.0
newlife:1.6931471805599454
25:1.6931471805599454
hard:2.09861228866811
drives:1.0
giday:1.0
netters:1.0
got:1.0
used:1.0
accelerator:1.6931471805599454
fpu:1.0
wondering:1.0
points:1.0
anyone:1.0
know:1.0
current:1.0
driver:1.6931471805599454
version:1.0
handle:1.0
16-bit:1.0
grayscale:1.0
card:1.0
get:1.0
video:1.0
option:1.0
would:1.0
hating:1.0
drive:2.09861228866811
cant:1.0
use:1.0
time:1.0
need:1.0
new:1.0
make:1.0
thanks:1.0
hes:2.09861228866811
big:1.0
purple:1.0
best:1.0
friend:1.0
