smisra:1.0
eos.ncsu.edu:1.0
saurabh:1.6931471805599454
misra:1.0
subject:1.0
lciii:2.09861228866811
used:1.0
iici:1.0
get:1.0
according:1.0
saw:1.0
store:1.0
today:1.0
performa:1.6931471805599454
405:1.0
16mhz:1.0
68030:1.0
25mhz:1.0
030:1.0
correct:1.0
wrong:1.0
possible:1.0
dealer:1.0
may:1.0
forgotten:1.0
remove:1.0
description:1.0
next:1.0
actual:1.0
computer:1.0
dealers:1.0
sell:1.0
known:1.0
much:1.0
knowledge:1.0
macs:1.0
dos:1.0
machines:1.0
