bizhan:2.386294361119891
netcom.com:1.6931471805599454
binesh:1.0
subject:1.0
chosser:1.0
gives:1.0
blank:2.09861228866811
screen:2.09861228866811
running:1.0
system:1.0
7.1:1.0
centris:1.0
610:1.0
able:1.0
setup:1.0
printer:1.0
yet:1.0
open:1.0
chooser:1.0
get:1.6931471805599454
kinds:1.0
print:1.0
drivers:1.0
none:1.0
shows:1.0
even:1.0
port:1.0
iconn:1.0
either:1.6931471805599454
one:1.0
big:1.0
help:1.6931471805599454
appreciated:1.0
btw:1.0
rebuild:1.0
desktop:1.0
