txb00:1.0
charon.amdahl.com:1.0
tb:1.0
subject:1.0
mac:1.6931471805599454
iifx:1.6931471805599454
sale:1.6931471805599454
following:1.0
config:1.0
20mbs:1.0
ram:1.0
400mb:1.0
3.5:1.0
hard:1.0
drive:1.0
2:1.0
1.44mb:1.0
floppy:1.0
drives:1.0
extended:1.0
keyboard:1.0
mouse:1.0
apple:1.0
8bit:1.0
video:1.0
card:1.0
2,500.00:1.0
best:1.0
offer:1.0
need:1.0
monitor:1.0
complete:1.0
system:1.0
thanks:1.0
