djr48312:1.0
uxa.cso.uiuc.edu:1.0
dennis:1.0
robinson:1.0
subject:1.0
x86:1.0
680x0:1.0
compare:1.0
486:1.6931471805599454
clock:1.6931471805599454
fast:1.0
040:2.386294361119891
speed:1.0
also:1.0
much:1.0
better:1.0
floating:1.0
point:1.0
unit:1.0
dx2-66:1.0
faster:1.0
33mhz:1.6931471805599454
reference:1.0
33:1.0
mhz:1.0
gets:1.6931471805599454
14mips:1.0
20mips:1.0
