stephen:1.6931471805599454
tseng:1.6931471805599454
st14:1.6931471805599454
cornell.edu:1.6931471805599454
subject:1.0
iisi:1.0
do-it-yourself:1.0
acceleration:1.0
done:1.6931471805599454
iici:1.6931471805599454
wondering:1.0
many:1.0
accelerate:1.0
iisis:1.0
20:1.0
mhz:2.386294361119891
25:1.6931471805599454
beyond:1.0
ie:1.0
32-33:1.0
