avery:2.09861228866811
gestalt.stanford.edu:1.0
wang:1.0
subject:1.0
cd300:1.6931471805599454
audio:1.6931471805599454
cd:1.6931471805599454
scsi:1.6931471805599454
commands:1.0
hi:1.0
anyone:1.0
know:1.0
would:1.0
get:1.0
started:1.0
writing:1.0
device:1.0
driver:1.0
apple:1.0
cd-rom:1.0
drive:1.0
read:1.0
formats:1.0
bus:1.0
thanks:1.0
