eabu500:1.0
orion.oac.uci.edu:1.0
michael:1.0
subject:1.0
deskwriter:1.0
driver:1.0
v3.1:1.0
problems:1.0
article:1.0
87439:1.0
ut-emx.uucp:1.0
marc:1.6931471805599454
bizer:1.6931471805599454
mlbizer:1.0
bongo.cc.utexas.edu:1.0
writes:1.0
happened:1.0
anyone:1.0
printing:1.0
beep:1.0
heard:1.0
message:1.0
displayed:1.0
sort:1.0
such-and-such:1.0
window:1.0
closed:1.0
finder:1.6931471805599454
enough:1.0
memory:1.6931471805599454
one:1.0
suffering:1.0
delusion:1.0
solved:1.0
going:1.0
system:1.0
folder:1.0
get:1.0
info:1.0
command:1.0
give:1.0
