avery:2.09861228866811
gestalt.stanford.edu:1.0
wang:1.0
subject:1.0
mac:2.386294361119891
superdrives:1.0
read:2.09861228866811
unix:1.6931471805599454
disks:2.386294361119891
article:1.0
1993apr24.153158.13756:1.0
news.yale.edu:1.0
warren:2.386294361119891
delano:1.0
laplace.biology.yale.edu:1.6931471805599454
writes:1.0
anyone:1.0
know:1.6931471805599454
program:1.0
utility:1.0
enable:1.0
i.e:1.0
next:2.09861228866811
3.5:1.0
thanks:1.0
dont:1.0
answer:1.0
direct:1.0
question:1.0
superdrive:1.0
ms-dos:1.6931471805599454
transfer:1.0
files:1.6931471805599454
using:1.6931471805599454
formatted:1.0
since:1.0
read/write:1.0
format:1.0
youre:1.0
interested:1.0
transferring:1.0
also:1.0
serial:1.0
port:1.0
kermit:1.0
cheers:1.0
