fredm:1.6931471805599454
media.mit.edu:1.6931471805599454
fred:2.09861228866811
g:1.0
martin:2.09861228866811
subject:1.0
adapter:2.9459101490553135
iisi:2.9459101490553135
vga:3.0794415416798357
monitor:2.9459101490553135
article:1.0
1993apr24.055158.11640:1.0
midway.uchicago.edu:1.0
choi:1.6931471805599454
gsbsrc.uchicago.edu:1.0
dongseok:1.0
writes:1.0
understand:1.0
correct:1.0
use:2.09861228866811
adapters:1.0
working:1.6931471805599454
specific:1.0
brands:1.6931471805599454
nec:1.0
sony:1.0
using:1.6931471805599454
month:1.0
soon:1.0
dont:1.0
clue:1.0
heres:1.0
story:1.0
1:1.6931471805599454
supply:1.0
output:1.0
however:1.0
2:1.0
vga-type:1.0
monitors:1.6931471805599454
adequately:1.0
deal:2.09861228866811
video:1.6931471805599454
signal:1.6931471805599454
mac:2.6094379124341005
uses:1.6931471805599454
drive:1.0
apple:2.09861228866811
13:1.0
14:1.0
inch:1.0
high:1.6931471805599454
resolution:1.0
color:1.0
display:1.0
i.e:1.0
apples:1.6931471805599454
640x480:3.0794415416798357
mode:3.302585092994046
wish:1.0
hook:1.0
one:1.6931471805599454
need:1.6931471805599454
converts:1.0
db-15:1.6931471805599454
connector:1.6931471805599454
vga-style:1.6931471805599454
density:1.0
tells:1.6931471805599454
b:1.6931471805599454
higher:1.0
bandwidth:2.09861228866811
stated:1.0
produce:2.09861228866811
far:1.6931471805599454
concerned:1.6931471805599454
contact:1.0
james:1.0
engineering:1.0
inc:1.0
6329:1.0
fairmount:1.0
ave:1.0
el:1.0
cerrito:1.0
ca:1.0
94530:1.0
510-525-7350:1.0
fax:1.0
510-525-5740:1.0
probably:1.6931471805599454
get:1.6931471805599454
right:1.0
remember:1.0
want:1.6931471805599454
run-of-the-mill:1.0
mac-to-vga:1.0
try:1.0
computer:1.0
fail:1.0
instead:1.0
connects:1.0
mac-style:1.0
connectors:1.0
sorry:1.0
poor:1.0
terminology:1.0
available:1.0
describing:1.0
distinction:1.0
make:1.0
sure:1.0
horizontal:1.6931471805599454
35:1.0
khz:1.6931471805599454
vertical:1.6931471805599454
retrace:1.6931471805599454
rate:1.6931471805599454
67:1.0
hz:1.6931471805599454
specs:1.0
comparison:1.0
vga-standard:1.0
31.5:1.0
60:1.0
auto-synching:1.0
capability:1.0
youll:1.0
isnt:1.0
set:1.0
standard:1.0
modes:1.0
pc:1.0
compatible:1.0
world:1.0
good:1.0
luck:1.0
617:1.0
253-7143:1.0
20:1.0
ames:1.0
st:1.0
rm:1.0
e15-301:1.0
epistemology:1.0
learning:1.0
group:1.0
mit:1.0
media:1.0
lab:1.0
cambridge:1.0
02139:1.0
usa:1.0
