pazzani:2.386294361119891
pan.ics.uci.edu:1.0
michael:1.0
subject:1.0
two:1.0
internal:1.6931471805599454
disks:1.6931471805599454
id:1.0
like:1.0
put:1.0
mac:1.0
ii:1.0
understand:1.0
ones:1.0
needs:1.0
special:1.0
jumper:1.0
cable:1.0
acheive:1.0
anyone:1.0
know:1.0
source:1.0
thanks:1.0
mike:1.0
ics.uci.edu:1.0
