donald.lyles:1.0
f421.n109.z1.his.com:1.0
donald:1.6931471805599454
lyles:1.6931471805599454
subject:1.0
pb:1.0
memory:1.0
sale:1.6931471805599454
two:1.0
meg:1.0
sim:1.0
came:1.0
pb100:1.0
asking:1.0
60:1.0
postage:1.0
included:1.0
interested:1.0
please:1.0
e-mail:1.0
via:1.0
internet:2.09861228866811
availability:1.0
may:1.0
contact:1.0
301/468-0241:1.0
reply:1.0
dcl:1.0
his.com:1.0
