rhn:2.09861228866811
netcom.com:1.6931471805599454
ron:1.0
nicholson:1.6931471805599454
subject:1.0
mac:1.0
superdrives:1.6931471805599454
read:1.6931471805599454
unix:1.6931471805599454
disks:1.0
several:1.0
programs:1.0
sumex:1.0
allow:1.0
macs:1.0
write:1.0
tar:1.0
diskettes:1.0
ronald:1.0
h:1.0
jr:1.0
sigm.com:1.0
n6ywu:1.0
408:1.0
296-7535:1.0
include:1.0
cannonical.disclaimer:1.0
