chrisw:1.6931471805599454
yang.earlham.edu:1.6931471805599454
subject:1.0
accelerated:1.6931471805599454
mac:2.09861228866811
plus:1.6931471805599454
problems:1.0
hello:1.0
recently:1.0
micromac:1.0
25mhz:1.0
accelerator:1.0
cant:2.09861228866811
get:2.09861228866811
boot:1.6931471805599454
hard:2.09861228866811
disk:1.6931471805599454
boots:1.0
fine:1.0
floppy:1.6931471805599454
mount:1.0
using:1.0
scsi:1.0
probe:1.0
drive:1.0
installed:1.0
new:1.0
driver:1.0
dont:1.0
think:1.0
problem:1.6931471805599454
poses:1.0
rather:1.0
large:1.0
4:1.0
meg:1.6931471805599454
ram:1.6931471805599454
need:1.0
run:2.09861228866811
mathematica:1.6931471805599454
requires:1.0
5:1.0
hoping:1.0
use:1.0
system:1.6931471805599454
7:1.6931471805599454
virtual:1.0
memory:1.0
could:1.0
however:1.0
enough:1.0
suggestions:1.0
thanks:1.0
time:1.0
