drg:1.6931471805599454
biomath.mda.uth.tmc.edu:1.6931471805599454
david:1.6931471805599454
gutierrez:1.6931471805599454
subject:1.0
lciii:1.0
used:1.6931471805599454
iici:2.09861228866811
get:1.6931471805599454
article:1.0
1993apr24.232542.6070:1.0
cheshire.oxy.edu:1.6931471805599454
erik:1.6931471805599454
adams:1.0
writes:1.0
long:1.0
last:1.0
going:1.0
replace:1.0
beloved:1.0
512ke:1.0
looking:1.0
new:1.0
lc:1.0
iii:1.0
prices:1.0
yet:1.0
worked:1.0
im:1.0
thinking:1.0
right:1.0
merits:1.0
drawbacks:1.0
id:1.0
expandable:1.0
fast:1.0
preserves:1.0
option:1.0
run:1.0
system:1.0
6:1.0
fools:1.0
positive:1.0
moe:1.0
howard:1.0
