invader:1.0
cs.utexas.edu:1.0
michael:1.0
kelly:1.0
donegan:1.0
subject:1.0
apple:2.09861228866811
rgb:1.6931471805599454
monitor:2.386294361119891
vs:1.0
12:1.6931471805599454
color:1.0
old:1.0
iigs:1.0
looks:1.0
whole:1.0
lot:1.0
like:1.0
sneaking:1.0
suspicion:1.0
right:1.0
cable:1.0
could:1.0
use:1.0
mac:1.0
anyone:1.0
know:1.0
suspicions:1.0
correct:1.0
full:1.0
mkd:1.0
