jmilhoan:1.0
magnus.acs.ohio-state.edu:1.0
jt:1.6931471805599454
subject:1.6931471805599454
macintosh:1.0
weenies:1.0
suck:1.0
scsi:1.6931471805599454
disks:1.0
unknown:1.0
class:1.0
user:1.0
writes:1.0
snip:1.0
think:1.0
title:1.0
says:1.0
anybody:1.0
relies:1.0
dick:1.0
stoarage:1.0
pain:1.0
ass:1.0
anything:1.0
store:1.0
eventually:1.0
cause:1.0
discomfort:1.0
time:1.0
