drlovemd:2.6094379124341005
jhunix.hcf.jhu.edu:2.09861228866811
steve:2.386294361119891
liu:2.09861228866811
subject:1.6931471805599454
formatting:1.6931471805599454
1440k:1.6931471805599454
possible:2.6094379124341005
applied:1.6931471805599454
engineering:1.6931471805599454
used:1.6931471805599454
sell:1.6931471805599454
3.5:2.386294361119891
disk:2.9459101490553135
drive:2.791759469228055
apple:1.6931471805599454
iigs:2.386294361119891
read:1.6931471805599454
wrote:1.6931471805599454
1.6:2.09861228866811
meg:1.6931471805599454
hd:2.386294361119891
wonder:1.6931471805599454
would:1.6931471805599454
work:1.6931471805599454
mac:2.09861228866811
since:2.09861228866811
im:1.6931471805599454
using:1.6931471805599454
old:1.6931471805599454
iisi:1.6931471805599454
thought:1.6931471805599454
tttttt:1.6931471805599454
eeeee:3.0794415416798357
vv:3.4849066497880004
tt:3.0794415416798357
ee:3.0794415416798357
eeee:2.386294361119891
vvv:1.6931471805599454
v:1.6931471805599454
jhuvms.hcf.jhu.edu:1.6931471805599454
newsgroups:1.0
comp.sys.mac.hardware:1.0
comp.sys.mac.software:1.0
summary:1.0
expires:1.0
references:1.0
c64j1n.hpq:1.6931471805599454
csulb.edu:1.6931471805599454
sender:1.0
followup-to:1.0
distribution:1.0
organization:1.0
homewood:1.0
academic:1.0
computing:1.0
johns:1.0
hopkins:1.0
university:1.0
baltimore:1.0
md:1.0
usa:1.0
keywords:1.0
article:1.0
sluh:1.0
beach.csulb.edu:1.0
jeff:1.0
masud:1.0
writes:1.0
friend:1.6931471805599454
mine:1.6931471805599454
owns:1.0
pc:1.0
said:1.6931471805599454
recently:1.0
got:1.0
program:1.6931471805599454
format:1.0
exceed:1.0
normal:1.6931471805599454
capacity:1.0
apparently:1.0
rewrites:1.0
driver:1.6931471805599454
takes:1.0
something:2.386294361119891
allows:1.0
get:1.0
space:1.0
floppy:1.0
supposedly:1.0
gets:1.0
upto:1.0
megs:1.0
like:2.09861228866811
1640k:1.0
dont:1.0
cant:1.0
use:1.0
supposed:1.0
called:1.0
form16:1.0
question:1.0
whether:1.0
due:1.0
hardware:1.0
limitations:1.0
developer:1.0
might:1.0
doesnt:1.0
deal:1.0
aspect:1.0
field:1.0
much:1.0
thanks:1.0
information:1.0
contributed:1.0
