pw4963:1.6931471805599454
ruth.albany.edu:1.0
peter:1.6931471805599454
white:1.6931471805599454
subject:1.0
clock:1.6931471805599454
speed:1.6931471805599454
centris:1.6931471805599454
610:1.6931471805599454
actual:1.0
20:1.0
mhz:1.6931471805599454
25:1.0
thanks:1.0
advance:1.0
csc.albany.edu:1.0
pwhite:1.0
mac.archive.umich.edu:1.0
