jcm10:1.0
po.cwru.edu:1.0
juan:1.0
martinez:1.0
subject:1.0
microphone:2.09861228866811
article:1.0
1rhp3u:1.0
18q:1.0
gazette.bcm.tmc.edu:1.0
chen:1.0
nuclear.med.bcm.tmc.edu:1.0
chenlin:1.0
wrote:1.0
got:1.0
new:1.0
c650:1.6931471805599454
seem:1.0
come:1.0
damn:1.0
comes:1.0
get:1.0
cd-rom:1.0
drive:1.0
configurations:1.0
dont:1.0
include:1.0
one:1.0
