j.david.w.reeves:1.0
dartmouth.edu:1.0
j:1.0
david:1.0
w:1.0
reeves:1.0
subject:1.0
new:1.0
powerbooks:1.0
used:1.0
hate:1.0
people:1.0
posted:1.0
messages:1.0
like:1.0
contemplating:1.0
purchase:1.0
see:1.6931471805599454
anyone:1.0
heard:1.0
upcoming:1.0
within:1.0
next:1.0
6:1.0
months:1.0
advances:1.0
powerbook:2.09861228866811
line:1.0
expect:1.0
powerpc:1.0
point:1.0
future:1.0
assume:1.0
040:1.0
would:1.0
take:1.0
much:1.6931471805599454
power:1.0
generate:1.0
heat:1.0
installation:1.0
thanks:1.0
help:1.0
