s9131783:1.6931471805599454
valiant.vut.edu.au:1.6931471805599454
robert:1.6931471805599454
b:1.0
harvey:1.6931471805599454
subject:1.0
disabling:1.0
eject:1.0
mac:1.0
se:1.0
im:1.0
trying:1.0
find:2.09861228866811
program:1.0
stop:1.0
macs:1.0
spitting:1.0
boot:1.0
disk:1.0
told:1.0
one:1.0
exists:1.0
cant:1.0
anyone:1.0
know:1.0
thanks:1.0
duty:1.0
programmer:1.0
information:1.0
technology:1.0
victoria:1.0
university:1.0
