alaa:2.09861228866811
peewee.unx.dec.com:1.0
zeineldine:1.6931471805599454
subject:1.0
wtc:1.0
bombing:1.0
tclock:1.0
orion.oac.uci.edu:1.0
tim:1.6931471805599454
clock:1.0
writes:1.0
hadas:1.6931471805599454
might:1.0
fictitious:1.0
character:1.0
invented:1.0
two:1.0
men:1.0
billing:1.0
purposes:1.0
said:1.0
mohammed:1.0
mehdi:1.0
head:1.0
arab-american:1.0
relations:1.0
committee:1.0
would:1.0
remind:1.0
readers:1.0
fact:1.0
ny:1.0
daily:1.0
news:1.0
march:1.0
5th:1.0
reported:1.6931471805599454
arrest:1.0
joise:1.0
foreign:1.0
newspapers:1.0
release:1.0
shortly:1.0
afterwards:1.0
provide:1.0
copies:1.0
articles:1.0
upon:1.0
request:1.0
