bc744:1.0
cleveland.freenet.edu:1.0
mark:1.0
ira:1.0
kaufman:1.0
subject:1.0
brad:2.09861228866811
hernlem:2.09861228866811
vs:1.0
principle:1.6931471805599454
neverending:1.0
effort:1.0
make:1.0
sure:1.0
forget:1.0
moron:1.0
asked:1.0
israel:2.6094379124341005
rarely:1.0
abides:1.0
un:1.0
security:2.386294361119891
council:2.09861228866811
resolutions:1.0
perhaps:1.0
list:1.0
might:1.0
answer:1.0
question:1.0
incident:1.0
response:1.0
1:1.6931471805599454
hindu-moslem:1.0
clash:1.0
india:1.0
2,000:1.0
killed:3.1972245773362196
1990:2.09861228866811
none:4.218875824868201
2:1.0
gassing:1.0
death:1.0
8,000:1.0
kurds:1.0
iraqi:1.6931471805599454
air:1.0
force:1.0
1988-89:1.0
3:1.6931471805599454
saudi:1.0
forces:1.0
slaughter:1.6931471805599454
400:1.0
pilgrims:1.0
mecca:1.0
1987:1.0
4:1.0
killing:2.09861228866811
algerian:1.0
army:1.0
500:1.0
demonstrators:1.0
1988:1.0
5:1.0
intrafada:1.0
arabs:1.6931471805599454
300:1.0
6:1.0
30,000:1.0
civilians:1.0
slaughtered:1.6931471805599454
government:1.0
troops:1.6931471805599454
hama:1.0
syria:1.6931471805599454
1982:1.0
7:1.0
5,000:1.0
palestinians:1.6931471805599454
jordanian:1.0
thousands:1.6931471805599454
expelled:1.0
sept:1.0
1970:1.0
8:1.0
87:1.0
moslems:1.0
egypt:1.0
1981:1.6931471805599454
9:1.0
77:1.0
egyption:1.0
bread:1.0
riots:1.6931471805599454
1977:1.0
10:1.0
30:1.0
border:1.0
rocket:1.0
attacks:1.0
plo:1.6931471805599454
1989:2.09861228866811
alone:1.0
11:1.6931471805599454
munich:1.0
1972:1.0
israeli:2.09861228866811
athletes:1.0
12:1.0
maalot:1.0
1974:1.0
children:1.0
attack:1.6931471805599454
13:1.0
coastal:1.0
bus:1.0
34:1.0
dead:1.6931471805599454
82:1.0
wounded:1.0
14:1.0
kills:1.0
23,000:1.0
1976:1.0
15:1.0
lebanon:1.0
150,000:1.0
since:1.0
1975:1.0
16:1.0
yemen:1.0
13,000:1.0
two:1.0
weeks:1.0
1986:1.0
17:1.0
sudan:1.0
tens:1.0
black:1.0
slaves:1.0
civil:1.0
war:1.0
toll:1.0
million:1.6931471805599454
refugees:1.0
18:1.6931471805599454
tienenman:1.0
square:1.0
massacre:1.0
19:1.0
rumania:1.0
3,000:1.0
20:1.0
pan:1.0
103:1.0
disaster:1.0
carried:1.0
p.l.o:1.0
21:1.0
northern:1.0
ireland:1.0
22:1.0
cambodia:1.0
23:1.0
soviet:1.0
occupation:1.0
afghanistan:1.0
24:1.0
american:1.0
attica:1.0
watts:1.0
newark:1.0
kent:1.0
state:1.0
25:1.0
destroys:1.0
reractor:1.0
condemned:1.6931471805599454
26:1.0
police:1.0
protect:1.0
worshipers:1.0
arab:1.0
mob:1.0
anti-jewish:1.0
rioters:1.0
27:1.0
syrian:1.0
soldiers:1.6931471805599454
christian:1.0
surrender:1.0
appears:1.0
united:1.0
nations:1.0
something:1.0
common:1.0
seem:1.0
unfettered:1.0
demands:1.0
acting:1.0
