astein:1.6931471805599454
nysernet.org:1.0
alan:1.6931471805599454
stein:1.6931471805599454
subject:1.0
water:1.6931471805599454
brain:1.0
israeli:1.0
expansion-lust:1.0
guess:1.0
hasan:1.0
finally:1.0
revealed:1.0
source:1.0
claim:1.0
israel:1.0
diverted:1.0
lebanon:1.0
imagination:1.0
h:1.0
israel.nysernet.org:1.0
