c:2.09861228866811
sessions:1.6931471805599454
dcs:1.6931471805599454
witsend.tnet.com:1.6931471805599454
subject:1.0
rules:1.6931471805599454
engagement:1.6931471805599454
18:1.6931471805599454
israelis:1.0
murdered:1.0
march:1.0
1993apr8.212737.19245:1.0
thunder.mcrcim.mcgill.edu:1.6931471805599454
hasan:1.6931471805599454
mcrcim.mcgill.edu:1.6931471805599454
wrote:1.0
article:2.09861228866811
1993apr8.143232:1.0
frej.teknikum.uu.se:2.386294361119891
flax:1.6931471805599454
jonas:1.6931471805599454
flygare:1.6931471805599454
writes:2.09861228866811
1993apr6.150829.6425:1.0
flax.93apr6125933:1.0
first:1.6931471805599454
statement:1.0
doesnot:2.09861228866811
say:1.0
existence:1.6931471805599454
israeli:2.791759469228055
citizens:1.6931471805599454
wb:1.6931471805599454
revoke:1.6931471805599454
right:2.09861228866811
life:1.6931471805599454
says:1.0
occupation:1.6931471805599454
some/most:1.0
basically:1.0
revokes:1.0
military:3.5649493574615367
men:1.6931471805599454
clearly:1.0
undeclared:1.0
war:1.6931471805599454
attacks:1.0
targets:2.09861228866811
fully:1.0
legitimate:1.0
id:1.0
like:1.0
tell:1.6931471805599454
words:1.0
wrt:1.0
israel:2.09861228866811
uniform:2.386294361119891
duty:2.386294361119891
off-duty:2.09861228866811
soldier:1.6931471805599454
since:2.386294361119891
compulsory:1.0
one:2.09861228866811
might:1.0
regard:1.0
legit:1.0
target:1.6931471805599454
using:1.0
definition:1.0
make:1.6931471805599454
difference:1.0
person:1.0
army:1.6931471805599454
matter:1.0
man:1.0
vacation:1.0
week:1.0
sure:1.0
meant:1.0
trying:1.0
get:1.0
clear:2.386294361119891
please:1.6931471805599454
bear:1.0
far:1.0
youre:1.0
proposing:1.0
following:1.0
palestinean:1.6931471805599454
resistance:1.0
feel:1.0
revise:1.0
preliminary:1.0
draft:1.0
necessary:2.386294361119891
1:1.0
personnel:2.386294361119891
fair:1.0
game:1.0
time:1.0
practice:1.0
male:1.0
female:1.0
age:1.0
may:2.6094379124341005
young:1.0
children:1.0
acceptable:1.0
constitutes:1.0
indication:1.6931471805599454
hostile:1.6931471805599454
intent:2.6094379124341005
provocation:1.0
required:1.0
2:1.0
avoid:1.0
inpermissable:1.0
violations:1.0
rights:1.0
non-combatant:1.0
palestineans:1.6931471805599454
forces:1.6931471805599454
must:1.0
engage:1.0
without:1.0
positive:2.386294361119891
identification:2.386294361119891
aggressive:2.09861228866811
field:1.6931471805599454
fire:2.791759469228055
assured:1.6931471805599454
either:1.6931471805599454
checking:1.0
posession:1.6931471805599454
exclusively:1.0
armament:1.0
ie:1.0
t78:1.0
mbts:1.0
mig-29:1.0
aircraft:1.6931471805599454
self-identification:1.0
verbal:1.0
documentary:1.0
note:2.386294361119891
dual-use:1.6931471805599454
military/civilian:1.0
weaponry:2.09861228866811
hand:1.0
grenades:1.0
ak-47:1.0
rifles:1.0
rpg:1.0
launchers:1.0
constitute:1.0
require:1.0
closer:1.0
inspection:1.0
document:1.0
checks:1.6931471805599454
b:1.0
distinct:1.0
merely:1.0
normal:1.0
condition:1.0
less:1.6931471805599454
three:1.0
rounds:1.6931471805599454
incoming:1.0
separated:1.0
intervals:1.0
ten:1.0
seconds:1.0
single:1.0
burst:1.0
automatic-weapon:1.0
counds:1.0
round:1.0
volley:1.0
rocket:1.0
source:1.0
noted:1.0
assumed:1.0
originate:1.0
thus:1.6931471805599454
justify:1.0
armed:1.0
response:1.0
guaranteed:1.0
making:1.0
area:1.0
weapons:1.0
used:1.0
need:1.0
proven:1.0
possible:1.0
iaf:1.6931471805599454
attacked:1.0
sam:1.0
crew:1.6931471805599454
check:1.0
papers:1.0
member:1.0
long:1.0
none:1.0
obviously:1.0
civilians:1.0
indicated:1.0
instance:1.0
uniquely:1.0
civilian:1.0
stones:1.0
axes:1.0
molotov:1.0
coctails:1.0
often:1.0
difficult:1.0
elements:1.0
land:1.0
ground:1.0
screen:1.0
prospective:1.0
strike:1.0
areas:1.0
agm:1.0
acm:1.0
purposes:1.0
cockpit-to-cockpit:1.0
pass:1.0
within:1.0
5:1.0
meters:1.0
usually:1.0
sufficient:1.0
purpose:1.0
repeated:1.0
speaking:1.0
new:1.0
network:1.0
address:1.0
author:1.0
everything:1.0
else:1.0
tmail:1.0
dos:1.0
mail/news:1.0
shell:1.0
