subject:1.0
many:1.6931471805599454
israeli:1.0
soldiers:1.0
take:1.6931471805599454
kill:1.0
5:1.0
yr:1.0
old:1.0
child:1.0
jhsegal:1.6931471805599454
wiscon.weizmann.ac.il:1.6931471805599454
livian:1.6931471805599454
segal:1.6931471805599454
article:1.0
1qhv50:1.0
222:1.0
bagel.cs.huji.ac.il:1.0
ranen:2.09861228866811
falafel.cs.huji.ac.il:1.0
goren:1.0
writes:1.0
q:1.0
nick:1.0
steels:1.0
twist:1.0
truth:1.0
around:1.0
one:1.6931471805599454
thank:1.0
god:1.0
theres:1.0
absolutely:1.0
true:1.0
lots:1.0
vm/cms:1.0
jhsegall:1.0
weizmann.weizmann.ac.il:1.0
unix:1.0
