terziogl:1.0
ee.rochester.edu:1.0
esin:1.6931471805599454
terzioglu:1.0
subject:1.0
armenia:2.09861228866811
says:1.6931471805599454
could:1.6931471805599454
shoot:1.6931471805599454
turkish:1.6931471805599454
planes:1.6931471805599454
article:1.0
1993apr16.195452.21375:1.0
urartu.sdpa.org:1.6931471805599454
dbd:1.0
david:1.0
davidian:1.0
writes:1.0
04/16/93:1.0
1045:1.0
ermenistan:1.0
kasiniyor:1.0
let:1.0
translate:1.0
everyone:1.0
else:1.0
public:1.0
traslation:1.0
service:1.0
gets:1.0
getting:1.0
itchy:1.0
