astein:1.6931471805599454
nysernet.org:1.0
alan:1.6931471805599454
stein:1.6931471805599454
subject:1.0
go:1.0
hezbollah:1.0
hernlem:1.6931471805599454
chess.ncsu.edu:1.0
brad:1.0
writes:1.0
tell:1.0
tim:1.0
guerillas:1.0
wrong:1.0
assuming:1.0
using:1.0
civilians:2.386294361119891
cover:1.6931471805599454
killing:1.0
soldiers:2.09861228866811
country:2.09861228866811
okay:2.09861228866811
use:1.6931471805599454
youre:1.0
attacking:1.6931471805599454
course:1.0
many:1.0
claim:1.0
arent:1.0
lebanese:1.0
got:1.0
think:1.0
hmm:1.0
confusing:1.0
could:1.0
perhaps:1.0
repeat:1.0
rules:1.6931471805599454
explaining:1.0
exactly:1.0
permissible:1.6931471805599454
shields:1.0
also:1.6931471805599454
please:1.6931471805599454
explain:1.6931471805599454
conditions:1.0
defend:1.6931471805599454
particular:1.0
make:1.0
terrorists:1.0
launch:1.0
missiles:1.6931471805599454
lebanon:1.0
israeli:1.0
israelis:1.0
try:1.0
h:1.0
israel.nysernet.org:1.0
