alaa:2.09861228866811
peewee.unx.dec.com:1.0
zeineldine:1.6931471805599454
subject:1.0
hamas:1.0
way:1.0
death:1.0
tclock:1.0
orion.oac.uci.edu:1.0
tim:1.6931471805599454
clock:1.6931471805599454
writes:1.0
brought:1.0
separate:1.6931471805599454
question:1.6931471805599454
israels:1.0
unjustified:1.0
policies:1.0
practices:1.6931471805599454
still:1.0
unclear:1.0
reaction:1.0
polocies:1.0
reflected:1.0
article:1.0
mr:1.0
deceiving:1.0
judge:1.0
resistance:1.0
movement:1.0
context:1.0
occupation:1.0
