isaac:1.6931471805599454
etrog.se.citri.edu.au:1.0
balbin:1.0
subject:1.0
adl:1.6931471805599454
spying:1.0
case:1.0
arens:1.6931471805599454
isi.edu:1.0
yigal:1.6931471805599454
writes:1.0
los:1.0
angeles:1.0
times:1.6931471805599454
tuesday:1.0
april:1.0
13:1.0
1993:1.0
p:1.0
a1:1.0
new:1.0
details:1.0
extensive:1.0
spy:1.0
operation:1.0
emerge:1.0
inquiry:1.0
transcripts:1.0
reveal:1.0
nearly:1.0
40:1.0
years:1.0
espionage:1.0
man:1.0
infiltrated:1.0
political:1.0
groups:1.0
richard:1.0
c:1.0
paddock:1.0
staff:1.0
writer:1.0
file:1.0
