terziogl:1.6931471805599454
ee.rochester.edu:2.09861228866811
esin:2.386294361119891
terzioglu:1.6931471805599454
subject:1.0
armenia:2.386294361119891
says:1.6931471805599454
could:1.6931471805599454
shoot:1.6931471805599454
turkish:2.386294361119891
planes:1.6931471805599454
article:2.09861228866811
1993apr19.155856.8260:1.0
kpc.com:1.0
henrik:1.0
quayle.kpc.com:1.0
writes:2.09861228866811
1993apr17.185118.10792:1.0
1993apr16.195452.21375:1.0
urartu.sdpa.org:1.6931471805599454
dbd:1.0
david:1.0
davidian:1.0
04/16/93:1.0
1045:1.0
ermenistan:1.0
kasiniyor:1.0
let:2.09861228866811
translate:1.0
everyone:1.0
else:1.0
public:1.0
traslation:1.0
service:1.0
gets:1.0
getting:1.6931471805599454
itchy:1.6931471805599454
clearify:1.0
mr:1.0
simply:1.6931471805599454
letting:1.0
world:1.6931471805599454
know:1.0
longer:1.0
sit:1.0
quiet:1.0
turks:1.0
get:1.0
away:1.0
famous:1.0
tricks:1.0
armenians:1.0
remember:1.0
invasion:1.0
greek:1.6931471805599454
island:1.6931471805599454
cypress:1.0
watched:1.0
ignorance:1.0
obvious:1.0
posting:1.6931471805599454
1:1.0
cyprus:1.6931471805599454
independent:1.0
country:1.0
turkish/greek:1.0
inhabitants:1.0
like:1.0
ignorant:1.0
claims:1.0
2:1.0
name:1.0
english:1.0
next:1.0
time:1.0
read:1.0
learn:1.0
post:1.0
