amehdi:1.6931471805599454
src.honeywell.com:1.0
hossien:1.0
subject:1.0
reasons:1.0
go:1.0
hezbollah:1.0
article:1.0
1993apr15.160224.15940:1.0
unocal.com:1.0
stssdxb:1.0
st.unocal.com:1.0
dorin:1.0
baru:1.0
writes:1.0
tough:2.386294361119891
talk:2.09861228866811
arrogance:1.0
adults:1.0
arent:1.0
listen:1.0
american:1.0
politicians:1.0
switch:1.0
channel:1.0
guess:1.0
didnt:1.0
make:1.0
point:1.0
clear:1.0
case:1.0
israel:1.0
government:1.0
intimidation:1.0
policy:1.0
many:1.0
people:1.0
intimidated:1.0
talking:1.0
goes:1.0
talks:1.0
followed:1.6931471805599454
aggressive:1.0
actions:1.6931471805599454
taking:1.0
pride:1.0
bragging:1.0
