pgf5:1.6931471805599454
cunixb.cc.columbia.edu:1.6931471805599454
peter:2.09861228866811
garfiel:1.6931471805599454
freeman:2.09861228866811
subject:1.0
enough:1.0
bashing:1.0
no-free:1.0
man:1.0
propaganda:1.0
machine:1.0
freemanwith:1.0
blood:1.0
greetings:1.0
israel:1.0
article:1.0
c5i6jg.bm1:1.0
eis.calstate.edu:1.6931471805599454
mafifi:1.0
marc:1.6931471805599454
afifi:1.0
writes:1.6931471805599454
believe:1.0
succinct:1.0
post:1.0
date:1.0
since:1.0
nothing:1.6931471805599454
say:1.6931471805599454
brilliant:1.0
think:1.0
hey:1.0
tough:1.0
guy:1.0
read:1.0
topic:1.0
thats:1.0
message:1.0
get:1.0
brain:1.0
go:1.0
real:1.0
school:1.0
