ptg2351:1.6931471805599454
uxa.cso.uiuc.edu:1.6931471805599454
panos:2.386294361119891
tamamidis:2.386294361119891
subject:1.0
turkey-cyprus-bosnia-serbia-greece:1.0
armenia-azeris:1.0
tankut:2.09861228866811
iastate.edu:1.6931471805599454
sabri:1.0
atan:1.6931471805599454
writes:1.6931471805599454
article:1.0
c5if8u.3ky:1.0
news.cso.uiuc.edu:1.0
nothing:1.0
greeks:3.0794415416798357
problem:1.0
fanatics:1.0
met:1.6931471805599454
many:1.6931471805599454
wouldnt:1.6931471805599454
even:1.0
talk:1.6931471805599454
turkish:1.6931471805599454
experience:1.6931471805599454
friends:1.0
always:2.386294361119891
open:1.6931471805599454
well:2.09861228866811
history:1.6931471805599454
wars:1.0
current:1.0
situations:1.0
help:1.0
mr:1.0
way:1.6931471805599454
put:1.6931471805599454
turks:2.386294361119891
bear:1.0
responsibility:1.0
things:2.386294361119891
happening:1.0
today:1.0
hard:1.0
believe:1.0
somebody:1.0
trying:1.6931471805599454
objective:1.0
historical:1.0
perspective:1.6931471805599454
moved:1.0
area:1.6931471805599454
inhabited:1.0
two:2.386294361119891
nations:2.386294361119891
started:1.6931471805599454
centuries:1.0
ago:1.0
since:1.0
continuous:1.0
battle:1.0
cant:1.6931471805599454
see:1.0
say:1.0
responsible:1.0
happened:1.0
course:1.0
would:2.09861228866811
reasonable:1.6931471805599454
argue:1.0
hostility:1.0
drag:1.0
till:1.0
kick:1.0
isnt:1.6931471805599454
going:1.0
happen:1.0
best:1.0
improve:1.0
relations:1.6931471805599454
countries:1.6931471805599454
golden:1.0
oportunity:1.0
exists:1.0
cyprus:1.0
work:1.6931471805599454
possible:1.0
could:1.0
comes:1.6931471805599454
conflicts:1.6931471805599454
like:1.0
blame:1.0
one:2.09861228866811
side:1.6931471805599454
bad:1.6931471805599454
guys:1.0
sides:1.0
anatolia:1.0
ww1:1.0
anyway:1.0
think:1.6931471805599454
right:1.0
avoid:1.0
discuss:1.0
consider:1.0
waist:1.0
time:1.0
besides:1.0
said:1.0
want:1.0
new:1.0
flame:1.0
saying:1.0
aggressive:1.0
ither:1.0
suffering:1.0
sad:1.0
still:1.0
compromise:1.0
remember:1.0
action:1.0
government:1.0
removing:1.0
visa:1.6931471805599454
requirement:1.6931471805599454
come:1.6931471805599454
turkey:2.386294361119891
thought:1.6931471805599454
positive:1.0
attempt:1.0
make:1.0
better:1.0
smart:1.0
move:1.0
receive:1.0
money:1.0
greek:1.0
tourists:1.6931471805599454
bet:1.0
week:1.0
200,000:1.0
greece:1.0
leave:1.0
least:1.0
1,000:1.0
go:1.0
figure:1.0
means:1.0
economy:1.0
kept:1.0
bother:1.0
visit:1.0
mentioned:1.0
educated:1.0
people:1.0
never:1.0
know:1.0
person:1.0
politics:1.0
business:1.6931471805599454
individuals:1.0
hatred:1.0
extrapolate:1.0
limited:1.0
personal:1.0
err:1.0
youd:1.0
get:1.0
conclusion:1.0
