warren:2.09861228866811
itexjct.jct.ac.il:1.0
burstein:1.0
subject:1.0
serdar:2.09861228866811
argic:1.0
1993apr13.194543.225925:1.0
fourd.com:1.6931471805599454
bill_paxton:1.0
writes:1.0
hello:1.0
would:1.0
like:1.0
much:1.0
meet:1.6931471805599454
located:1.0
let:1.0
know:1.6931471805599454
soon:1.0
possible:1.0
looking:1.0
forward:1.0
meeting:1.0
dont:1.0
reach:1.6931471805599454
might:1.0
able:1.0
sysadmin:1.0
email:1.0
phone:1.0
snail-mail:1.0
information:1.0
rs.internic.net:1.0
ahmet:2.09861228866811
cosar:2.6094379124341005
anatolia-dom:1.0
1530:1.6931471805599454
6th:1.6931471805599454
st:1.6931471805599454
suite:1.0
c705:1.6931471805599454
minneapolis:1.6931471805599454
minnesota:1.0
55454:1.6931471805599454
domain:1.0
name:1.6931471805599454
anatolia.org:1.6931471805599454
administrative:1.0
contact:2.09861228866811
technical:1.0
zone:1.0
ac234:1.0
612-376-7873:1.6931471805599454
finger:1.0
umn.edu:1.0
gets:1.0
cosar-1:1.0
info:1.0
last:1.0
registered:1.0
1993:1.0
winter:1.0
qtr:1.0
internet:1.0
mailbox:2.09861228866811
cosa0001:2.09861228866811
student.tc.umn.edu:1.0
profs:1.0
umntcml:1.0
postal:1.0
address:1.0
apt:1.0
mn:1.0
surname:1.0
telephone:1.0
1:1.0
title:1.0
grad:1.0
userid:1.0
x.400:1.0
g=ahmet/s=cosar-1/ou=mail/o=tc/prmd=umn.edu/admd:1.0
c=us:1.0
nysernet.org:1.0
