pgf5:1.0
cunixb.cc.columbia.edu:1.0
peter:1.0
garfiel:1.0
freeman:1.0
subject:1.0
deriving:1.0
pleasure:1.0
death:2.09861228866811
way:1.0
applaud:1.0
killing:1.0
human:1.0
including:1.0
prisoners:1.0
sentenced:1.0
illustrious:1.0
justice:1.6931471805599454
department:1.6931471805599454
peace:1.0
marc:1.0
boy:1.0
really:1.0
stupid:1.0
person:1.0
sentence:1.0
people:1.0
thats:1.0
state:1.0
courts:1.0
get:1.0
brain:1.0
