khan0095:1.6931471805599454
nova.gmi.edu:1.6931471805599454
mohammad:1.6931471805599454
razi:1.0
khan:1.6931471805599454
subject:1.0
fundamentalism:1.0
ok:1.0
someone:1.6931471805599454
fundamentalist:1.6931471805599454
else:1.0
defines:1.0
essential:1.0
question:1.0
nobody:1.0
agreed:1.0
upon:1.0
answer:1.0
least:1.0
literature:1.0
discussion:1.0
news:1.0
ive:1.0
seen:1.0
r:1.0
july:1.0
93:1.0
please:1.0
send:1.0
mail:1.0
mkhan:1.0
nyx.cs.du.edu:1.0
