nraclaw:1.0
jade.tufts.edu:1.0
nissan:1.6931471805599454
raclaw:1.0
subject:1.0
go:1.6931471805599454
hezbollah:1.0
congratulations:1.0
also:1.0
due:1.0
hamas:1.6931471805599454
activists:1.0
blew:1.0
world:1.0
trade:1.0
center:1.0
every:1.0
american:1.0
put:1.0
grave:1.0
underlining:1.0
usas:1.0
bankrupt:1.0
imperialist:1.0
policies:1.0
blah:2.6094379124341005
brad:1.0
asking:1.0
violence:1.0
love:1.0
much:1.0
come:1.0
back:1.0
haunt:1.0
