oz:1.6931471805599454
ursa.sis.yorku.ca:1.0
ozan:1.0
yigit:1.0
subject:1.0
turkish:2.09861228866811
government:2.09861228866811
agents:1.0
usenet:2.09861228866811
lie:1.0
teeth:1.0
davidian-babble:1.0
feels:1.0
funnel:1.0
heightened:1.0
state:1.0
ultra:1.0
nationalism:1.0
existing:1.0
turkey:1.0
today:1.0
onto:1.0
convince:1.0
people:1.6931471805599454
via:1.0
revisionist:1.0
myopic:1.0
incidental:1.0
view:1.0
place:1.0
world:1.0
long:1.0
going:1.0
keep:1.0
repeating:1.0
utterly:1.0
idiotic:1.0
increasingly:1.0
saddening:1.0
drivel:1.0
life:1.0
sea:1.0
look:1.0
shore:1.0
know:1.0
depths:1.0
armenian:1.0
proverb:1.0
