hasan:2.09861228866811
mcrcim.mcgill.edu:1.0
subject:1.0
water:2.386294361119891
brain:1.0
israeli:1.0
expansion-lust:1.0
article:1.0
1993apr15.055341.6075:1.0
nysernet.org:1.6931471805599454
astein:1.6931471805599454
alan:1.6931471805599454
stein:1.6931471805599454
writes:1.0
guess:1.0
finally:1.0
revealed:1.0
source:1.0
claim:1.0
israel:2.386294361119891
diverted:1.6931471805599454
lebanon:1.6931471805599454
imagination:1.0
h:1.0
israel.nysernet.org:1.0
mr:1.0
water-head:1.0
never:1.0
said:1.6931471805599454
lebanese:1.6931471805599454
rivers:1.0
fact:1.0
went:1.0
southern:1.0
make:1.0
sure:1.0
used:1.0
side:1.0
would:1.0
run:1.0
jordan:1.0
river:1.0
use:1.0
head:1.0
