mau:1.6931471805599454
herky.cs.uiowa.edu:1.0
napoleon:2.09861228866811
subject:1.0
turkey-cyprus-bosnia-serbia-greece:1.0
armenia-azeris:1.0
article:1.0
1qvgu5inn2np:1.0
lynx.unm.edu:1.0
osinski:2.09861228866811
chtm.eece.unm.edu:1.0
marek:1.6931471805599454
well:1.0
take:1.0
long:1.0
see:1.0
consequent:1.0
greeks:1.0
requesting:1.0
thessaloniki:2.09861228866811
called:2.791759469228055
solun:2.09861228866811
bulgarian:1.0
netters:1.0
write:1.0
konstantinople:1.0
istanbul:1.0
inhabitants:1.6931471805599454
last:1.0
2300:1.0
years:1.6931471805599454
city:2.09861228866811
never:1.0
instabul:1.0
konstantinoupolis:1.6931471805599454
320:1.0
ad:1.0
1920s:1.0
thats:1.0
1600:1.0
many:1.6931471805599454
people:1.6931471805599454
alive:1.0
today:1.0
born:1.6931471805599454
know:1.0
