maler:2.386294361119891
vercors.imag.fr:1.0
oded:1.6931471805599454
subject:1.6931471805599454
unconventional:2.386294361119891
peace:2.09861228866811
proposal:2.791759469228055
article:1.0
1483500348:1.0
igc.apc.org:1.6931471805599454
cpr:1.6931471805599454
center:1.6931471805599454
policy:1.6931471805599454
research:1.6931471805599454
writes:1.0
middle-east:1.0
elias:1.6931471805599454
davidsson:1.6931471805599454
1:1.0
fund:1.0
established:1.0
would:1.6931471805599454
disburse:1.0
grants:1.0
child:2.9459101490553135
born:1.6931471805599454
couple:1.6931471805599454
one:1.6931471805599454
partner:1.6931471805599454
israeli-jew:1.0
palestinian-arab:1.0
2:1.0
entitled:2.09861228866811
grant:2.09861228866811
prove:1.0
partners:1.0
possesses:1.0
israeli:1.0
citizenship:1.6931471805599454
law:1.6931471805599454
return:1.6931471805599454
although:1.0
areas:1.0
current:1.0
isreali:1.0
control:1.0
3:1.0
first:1.0
amount:1.6931471805599454
18.000:1.0
second:1.0
third:1.0
12.000:1.0
subsequent:1.0
6.000:1.0
thankful:1.0
critical:1.0
comments:1.0
well:1.0
dissemination:1.0
meaningful:1.0
discussion:1.0
enrichment:1.0
post:1.0
box:1.0
1760:1.0
121:1.0
reykjavik:1.0
iceland:1.0
maybe:1.0
im:1.0
bit:1.0
old-fashioned:1.0
heard:1.0
something:1.0
called:1.0
love:1.0
used:1.0
play:1.0
role:1.0
peoples:1.0
considerations:1.0
getting:1.0
married:1.6931471805599454
course:1.0
know:1.0
people:1.0
fictitiously:1.0
order:1.0
get:1.0
green:1.0
card:1.0
making:1.0
common:1.0
18,000:1.0
power:1.0
aa:1.0
limited:1.0
indeed:1.0
lgi-imag:1.0
bat:1.0
b.p:1.0
53x:1.0
38041:1.0
grenoble:1.0
france:1.0
phone:1.0
76635846:1.0
fax:1.0
76446675:1.0
e-mail:1.0
imag.fr:1.0
