ifaz706:1.0
utxvms.cc.utexas.edu:1.0
noam:1.6931471805599454
tractinsky:1.0
subject:1.6931471805599454
ten:2.09861228866811
questions:3.0794415416798357
israel:2.09861228866811
article:1.0
1483500349:1.0
igc.apc.org:1.6931471805599454
cpr:1.6931471805599454
center:2.09861228866811
policy:2.09861228866811
research:2.09861228866811
writes:1.0
israelis:1.6931471805599454
would:1.0
thankful:1.0
live:1.0
could:1.6931471805599454
help:1.0
provide:1.6931471805599454
accurate:1.0
answers:1.0
following:1.0
specific:1.0
indeed:1.6931471805599454
provocative:1.6931471805599454
asked:2.09861228866811
time:1.6931471805599454
people:2.386294361119891
around:1.6931471805599454
1:1.6931471805599454
true:3.0794415416798357
israeli:2.791759469228055
authorities:1.0
dont:1.6931471805599454
recognize:1.0
nationality:1.0
id:1.6931471805599454
cards:1.6931471805599454
citizens:1.0
must:1.0
carry:1.0
times:1.0
identify:1.6931471805599454
jews:1.0
arabs:1.0
thats:2.09861228866811
israelies:1.0
smart:1.0
huh:1.0
3:1.6931471805599454
stocks:1.0
nuclear:1.0
weapons:1.0
evidence:1.6931471805599454
yes:1.6931471805599454
theres:1.0
one:1.0
warhead:1.0
parents:1.0
backyard:1.0
beer:1.0
sheva:1.0
20:1.0
miles:1.0
dimona:1.0
know:1.0
saw:1.0
4:1.0
prisons:1.0
number:1.0
individuals:1.0
tried:1.0
secret:1.6931471805599454
identities:1.0
date:1.0
trial:1.0
imprisonment:1.0
state:1.0
secrets:1.0
unfortunately:1.0
cant:1.0
give:1.0
details:1.0
see:1.0
thanks:1.0
elias:1.6931471805599454
davidsson:1.0
iceland:1.0
email:1.0
ismennt.is:1.0
youre:1.0
welcome:1.0
let:1.0
ask:1.0
mind:1.0
one-man:1.0
enterprise:1.0
2:1.0
bona:1.0
fide:1.0
statement:1.0
