bc744:1.0
cleveland.freenet.edu:1.0
mark:1.0
ira:1.0
kaufman:1.0
subject:1.0
ten:1.0
questions:1.6931471805599454
israel:1.0
center:1.0
policy:1.0
research:1.0
pose:1.0
unbelievably:1.0
stupid:1.0
loaded:1.0
newsgroup:1.0
think:1.0
tank:1.6931471805599454
fish:1.0
every:1.0
time:1.0
start:1.0
believe:1.0
seen:1.0
outer:1.0
boundaries:1.0
stupidity:1.0
come:1.0
one:1.0
step:1.0
beyond:1.0
end:1.0
man:1.0
actually:1.0
brain:1.0
enough:1.0
dress:1.0
feed:1.0
morning:1.0
