hilmi-er:1.0
dsv.su.se:1.0
hilmi:2.09861228866811
eren:1.6931471805599454
subject:1.0
armenia:3.5649493574615367
says:1.0
could:1.0
shoot:1.6931471805599454
turkish:2.6094379124341005
planes:3.302585092994046
henrik:3.0794415416798357
writes:1.0
armenians:3.772588722239781
nagarno-karabagh:1.6931471805599454
simply:1.0
defending:1.6931471805599454
rights:1.0
keep:1.0
homeland:2.6094379124341005
azeris:2.9459101490553135
invading:1.0
first:1.6931471805599454
today:1.0
fizuli:1.0
lacin:1.6931471805599454
several:1.0
villages:1.6931471805599454
azerbadjan:2.6094379124341005
cant:2.09861228866811
see:1.0
great:1.6931471805599454
dream:1.0
facist:1.0
methods:1.0
like:2.6094379124341005
killing:1.0
raping:1.0
bombing:1.0
last:1.6931471805599454
move:1.6931471805599454
blast:1.0
truck:1.0
60:1.0
kurdish:1.0
refugees:1.0
trying:1.0
escape:1.0
city:1.0
given:1.0
kurds:1.0
nagorno-karabakh:1.6931471805599454
azerbaijan:1.0
lived:2.386294361119891
nagorno:2.386294361119891
karabakh:2.386294361119891
ever:2.09861228866811
since:2.6094379124341005
used:1.6931471805599454
live:2.386294361119891
areas:1.0
area:1.6931471805599454
invade:1.0
dying:1.0
policy:1.6931471805599454
attacking:2.386294361119891
something:1.0
wrong:1.0
even:1.0
country:1.6931471805599454
usa:2.386294361119891
condemned:1.0
start:2.09861228866811
say:2.09861228866811
attackers:1.0
dont:2.791759469228055
come:1.6931471805599454
nonsence:1.0
reason:1.6931471805599454
attack:2.09861228866811
people:2.9459101490553135
man:1.0
called:1.0
gorbatjov:1.6931471805599454
co:1.6931471805599454
gave:1.6931471805599454
freedom:1.6931471805599454
recall:1.0
correctly:1.0
stalin:1.0
caused:1.0
problem:1.0
land:1.6931471805599454
place:1.6931471805599454
easy:1.0
blame:1.0
history:1.0
lot:2.09861228866811
indians:1.6931471805599454
living:1.0
american:1.6931471805599454
fault:1.0
government:2.09861228866811
germany:1.6931471805599454
britain:1.0
made:1.0
harmony:1.6931471805599454
karabag:2.09861228866811
started:1.6931471805599454
kill:1.0
rape:1.0
torture:1.0
also:1.0
noe:1.0
however:1.0
hope:1.0
force:1.0
airplane:1.0
purposes:1.0
searching:1.0
arms:1.6931471805599454
similar:1.0
one:1.0
happened:1.0
summer:1.0
turkey:2.6094379124341005
searched:1.6931471805599454
plane:1.6931471805599454
carrying:1.0
humanitarian:1.6931471805599454
aid:2.09861228866811
bound:1.0
speak:1.0
things:1.0
know:1.6931471805599454
8:1.0
u.s:1.6931471805599454
cargo:1.6931471805599454
heading:1.0
authorities:1.0
announced:2.09861228866811
going:1.0
search:2.09861228866811
3:2.09861228866811
returned:1.0
base:1.0
5:1.0
content:1.6931471805599454
hard:1.0
guess:1.6931471805599454
sure:1.6931471805599454
story:1.6931471805599454
talking:1.6931471805599454
sending:1.0
armenian:2.09861228866811
two:1.0
years:1.0
would:2.09861228866811
find:1.6931471805599454
turkeys:1.0
giving:1.0
weapons:2.386294361119891
self:1.0
province:1.0
bad:1.0
want:2.09861228866811
war:2.386294361119891
thats:2.09861228866811
couldnt:1.0
imagine:1.0
result:1.0
france:1.6931471805599454
greece:1.0
wants:1.0
fighting:1.0
give:1.0
without:1.0
saying:1.0
secret:1.0
must:2.386294361119891
shortsighted:1.0
think:1.6931471805599454
shall:1.0
neigbours:1.0
neighbour:1.0
around:1.0
stone-age:1.0
whats:1.0
happen:1.0
wars:1.0
continues:1.0
look:1.0
president:1.0
turgut:1.0
ozal:1.0
died:1.0
petrosyan:1.0
presindent:1.0
funeral:1.0
liked:1.0
needs:1.0
neighbours:1.0
stop:1.0
continued:1.0
ordertaking:1.0
states:1.0
words:1.0
love:1.0
twice:1.0
wonder:1.0
ohhh:1.0
forgot:1.0
food:1.0
mentioned:1.0
countries:1.0
stockholm:1.0
university:1.0
sweden:1.0
