gt1091a:2.6094379124341005
prism.gatech.edu:1.6931471805599454
kaan:1.6931471805599454
timucin:2.09861228866811
subject:1.0
public:1.0
service:1.0
translation:1.0
no.2:1.0
hell:1.6931471805599454
guy:1.0
david:1.6931471805599454
davidian:1.0
think:1.0
talks:1.0
much:1.0
yo:1.0
would:1.0
better:1.0
shut:1.0
f:1.0
o.k:1.0
dont:1.6931471805599454
like:1.0
attitute:1.0
full:1.0
lies:1.0
shit:1.0
didnt:1.0
hear:1.0
saying:1.0
mess:1.0
turc:1.0
see:1.0
ya:1.0
georgia:1.6931471805599454
institute:1.0
technology:1.0
atlanta:1.0
30332:1.0
uucp:1.0
decvax:1.0
hplabs:1.0
ncar:1.0
purdue:1.0
rutgers:1.0
gatech:1.0
prism:1.0
internet:1.0
