bc744:1.0
cleveland.freenet.edu:1.0
mark:1.0
ira:1.0
kaufman:1.0
subject:1.0
center:1.0
anti-irsael:1.0
rhetoric:1.0
dear:1.0
mr:1.0
davidsson:1.0
claim:1.0
purpose:1.0
fight:1.0
racism:1.0
dont:1.0
seem:1.6931471805599454
interest:1.0
injustice:2.09861228866811
except:1.0
may:1.0
committed:1.0
israel:1.0
treatment:1.0
jews:1.0
arab:1.0
nations:1.0
staggerring:1.0
proportions:1.0
care:1.0
least:1.0
bit:1.0
