bh437292:1.6931471805599454
longs.lance.colostate.edu:1.0
basil:1.6931471805599454
hamdan:1.0
subject:1.0
go:1.0
hezbollah:1.0
article:1.6931471805599454
2bce0918.6105:1.0
news.service.uci.edu:1.0
tclock:1.0
orion.oac.uci.edu:1.0
tim:1.6931471805599454
clock:1.0
writes:1.6931471805599454
apr15.175334.72079:1.0
yuma.acns.colostate.edu:1.0
lance.colostate.edu:1.0
view:1.0
entire:1.0
matter:1.0
far:1.0
serenely:1.0
one-sided:1.6931471805599454
selectively:1.0
naive:1.6931471805599454
oooh:1.0
hurts:1.0
suffer:1.0
views:1.0
mine:1.0
please:1.0
skip:1.0
articles:1.0
future:1.0
oh:1.0
wise:1.0
good:1.0
day:1.0
