cl056:1.6931471805599454
cleveland.freenet.edu:1.6931471805599454
hamaza:1.0
h:1.6931471805599454
salah:1.0
subject:1.0
israeli:1.6931471805599454
terrorism:1.0
tsiel:1.0
writes:1.0
indeed:1.0
soldiers:1.0
killed:1.0
hamas:1.0
mujahid:1.0
anti-tank:1.0
missile:2.09861228866811
im:1.0
almost:1.0
sure:1.0
terrorist:1.0
zionists:1.0
would:1.0
able:1.0
cut:1.0
body:1.6931471805599454
probably:1.0
desintegrated:1.6931471805599454
maybe:1.0
didnt:1.0
hit:1.0
directly:1.0
gets:1.0
course:1.0
destroying:1.0
10:1.0
houses:1.0
kill:1.0
someone:1.0
surgical:1.0
operation:1.0
z:1.0
foo:1.6931471805599454
i.e:1.0
