astein:1.6931471805599454
nysernet.org:1.0
alan:1.6931471805599454
stein:1.6931471805599454
subject:1.0
legality:1.0
jewish:1.0
purchase:1.0
one:1.0
may:1.0
question:1.0
motives:1.0
arabs:1.6931471805599454
sold:1.6931471805599454
land:2.386294361119891
jews:2.386294361119891
often:1.0
publicly:1.0
criticizing:1.0
sale:1.0
taken:1.0
advantage:1.0
prices:1.0
paid:1.0
barren:1.0
many:1.0
times:1.0
price:1.0
fertile:1.0
united:1.0
states:1.0
time:1.0
h:1.0
israel.nysernet.org:1.0
