enis:1.0
cbnewsg.cb.att.com:1.0
enis.surensoy:1.0
subject:1.0
armenia:2.09861228866811
says:1.6931471805599454
could:1.6931471805599454
shoot:1.6931471805599454
turkish:1.6931471805599454
planes:2.09861228866811
pot:1.0
piss:1.0
let:1.0
alone:1.0
shooting:1.0
modern:1.0
war:1.0
