farzin:2.09861228866811
apollo3.ntt.jp:1.0
mokhtarian:1.0
subject:1.0
kh:1.0
news:1.0
1026:1.6931471805599454
wrote:1.0
kayhan:1.0
havai:1.0
dr:1.6931471805599454
namaki:1.6931471805599454
deputy:1.0
minister:1.0
health:1.0
stated:1.6931471805599454
infant:1.0
mortality:1.0
one:1.0
year:1.0
old:1.0
iran:1.0
went:1.6931471805599454
120:1.0
per:1.6931471805599454
thousand:1.6931471805599454
revolution:1.6931471805599454
33:1.0
end:1.6931471805599454
1371:1.6931471805599454
last:1.0
month:1.0
also:1.0
254f:1.0
children:1.0
received:1.0
vaccinations:1.0
protect:1.0
various:1.0
deseases:1.0
figure:1.0
reached:1.0
93at:1.0
something:1.0
funny:1.0
happens:1.0
percent:2.09861228866811
sign:1.0
paragraph:1.0
vaccination:1.0
rate:1.0
25:1.0
93:1.0
