bc744:1.0
cleveland.freenet.edu:1.0
mark:1.0
ira:1.0
kaufman:1.0
subject:1.0
israels:1.0
expansion:1.0
ii:1.0
comparison:1.6931471805599454
palestinian:1.0
situation:2.09861228866811
holocaust:1.6931471805599454
insulting:1.0
completely:1.0
false:1.6931471805599454
person:1.0
making:1.0
rude:1.0
either:1.0
ignorant:1.6931471805599454
also:1.0
mideast:1.0
anti-semite:1.0
compare:1.0
complicated:1.0
political:1.0
genocide:1.0
6,000,000:1.0
jews:1.0
racist:1.0
