bc744:1.0
cleveland.freenet.edu:1.0
mark:1.0
ira:1.0
kaufman:1.0
subject:1.0
israeli:1.6931471805599454
terrorism:1.0
someone:1.0
reads:1.0
newpapaers:1.0
every:1.0
day:1.0
state:1.0
absolute:1.0
certainty:1.0
anybody:1.0
relies:1.0
western:1.0
media:1.0
get:2.09861228866811
picture:2.09861228866811
happening:1.0
israel:1.0
getting:1.0
accurate:1.0
tremendous:1.0
bias:1.0
stories:1.6931471805599454
reported:1.0
never:1.0
mentioned:1.0
create:1.0
completely:1.0
false:1.0
mideast:1.0
