jake:2.6094379124341005
bony1.bony.com:1.6931471805599454
livni:2.09861228866811
subject:1.0
israeli:1.0
expansion-lust:1.0
article:1.0
1993apr14.224726.15612:1.0
bnr.ca:1.6931471805599454
zbib:1.6931471805599454
writes:2.09861228866811
sam:1.6931471805599454
deleted:1.0
zbibs:1.0
posting:1.0
confused:1.0
nonsensical:1.0
warrant:1.0
reasoned:1.0
response:1.0
getting:1.0
used:1.0
ten:1.0
years:1.0
george:1.0
bush:1.0
american-occupied:1.0
new:1.0
york:1.0
replaced:1.0
jimmy:1.0
carter:1.0
opinions:1.6931471805599454
employer:1.0
standard:1.0
failed:1.0
president:1.0
