bc744:1.0
cleveland.freenet.edu:1.0
mark:1.0
ira:1.0
kaufman:1.0
subject:1.0
israeli:1.0
terrorism:1.0
many:2.09861228866811
readers:1.0
know:2.09861228866811
anything:1.0
jews:2.09861228866811
living:1.0
arab:1.0
countries:1.6931471805599454
still:1.0
live:1.0
circumstances:1.0
arabic:1.0
leaving:1.0
homelands:1.0
curious:1.0
