bc744:1.0
cleveland.freenet.edu:1.0
mark:1.0
ira:1.0
kaufman:1.0
subject:1.0
hamza:1.0
salah:1.6931471805599454
humanist:1.0
mr:1.0
homicidal:1.0
racist:1.6931471805599454
feel:1.0
hatred:1.0
towards:1.0
christans:1.0
jews:1.0
family:1.0
racists:1.0
learn:1.0
racism:2.09861228866811
home:1.0
self-made:1.0
bigot:1.0
one:1.0
become:1.0
wonder:1.0
think:1.0
accomplish:1.0
impression:1.0
help:1.0
bring:1.0
peace:1.0
mid:1.0
east:1.0
would:1.0
like:1.0
know:1.0
thoughts:1.0
