dbd:2.09861228866811
urartu.sdpa.org:2.09861228866811
david:2.09861228866811
davidian:2.09861228866811
subject:1.0
forged:4.332204510175204
posting:2.6094379124341005
following:1.0
name:2.09861228866811
please:1.6931471805599454
ignore:1.6931471805599454
postings:1.6931471805599454
newsgroups:1.0
soc.culture.turkish:1.0
talk.politics.mideast:1.0
talk.politics:1.0
soviet:1.0
soc.culture.greek:1.0
news-software:1.0
vax/vms:1.0
vnews:1.0
1.41:1.0
organization:1.0
university:1.6931471805599454
tennessee:1.6931471805599454
computing:1.0
center:1.6931471805599454
date:1.0
fri:1.0
16:1.0
apr:1.0
1993:1.0
21:36:00:1.0
gmt:1.0
lines:1.0
293:1.0
dear:1.0
friends:1.0
graduate:1.0
student:1.0
education:1.0
questionnaire:1.0
teaching:1.0
music:1.6931471805599454
deaf:1.0
children:1.0
address:1.0
e-mail:1.0
employing:1.0
institution:1.0
years:1.0
experience:1.0
grade:1.0
level:1.0
educational:1.0
background:1.0
bachelor:1.0
masters:1.0
doctorate:1.0
professional:1.0
field:1.0
special:1.0
educ:1.6931471805599454
explain:1.6931471805599454
turkish:1.6931471805599454
troops:1.0
s.d.p.a:1.0
regional:1.0
studies:1.0
armenian:1.0
border:1.0
cant:1.0
p.o:1.0
box:1.0
382761:1.0
even:1.0
1915:1.0
cambridge:1.0
02238:1.0
mp:1.0
march:1.0
1992:1.0
