tclock:1.0
orion.oac.uci.edu:1.0
tim:1.0
clock:1.0
subject:1.0
kol:1.6931471805599454
israel:1.6931471805599454
broacasts:1.0
article:1.0
1993apr16.174056.13368:1.0
jarvis.csri.toronto.edu:1.0
gfeygin:1.0
unicorn.eecg.toronto.edu:1.0
gennady:1.0
feygin:1.0
writes:1.0
anyone:1.0
schedule:1.0
broadcasts:1.0
different:1.0
languages:1.0
could:1.0
posted:1.0
e-mailed:1.0
assistance:1.0
would:1.0
greatly:1.0
appreciated:1.0
gf:1.0
try:1.0
thr:1.0
rec.radio.shortwave:1.0
newsgroup.x18:1.0
