ab4z:1.0
virginia.edu:1.0
andi:1.0
beyer:1.0
subject:1.0
israeli:2.09861228866811
terrorism:1.0
think:1.0
press:1.0
might:1.0
tad:1.0
bit:1.0
biased:1.0
reporting:1.0
events:1.0
doubt:1.0
propaganda:1.6931471805599454
machine:1.0
goering:1.0
reported:1.0
accurately:1.0
happening:1.0
germany:1.0
interesting:1.0
basing:1.0
truth:1.0
