adams:1.6931471805599454
bellini.berkeley.edu:1.0
adam:1.6931471805599454
l:1.0
schwartz:1.6931471805599454
subject:1.6931471805599454
danny:1.6931471805599454
rubenstein:1.6931471805599454
speaking:2.09861228866811
tonight:1.6931471805599454
israeli:1.0
journalist:1.0
wednesday:1.0
7:30:1.0
pm:1.0
messy:1.0
politics:1.0
israel:1.0
hillel:1.0
u.c:1.0
berkeley:1.0
campus:1.0
robotics.berkeley.edu:1.0
