adams:1.6931471805599454
bellini.berkeley.edu:1.0
adam:1.6931471805599454
l:1.0
schwartz:1.6931471805599454
subject:1.6931471805599454
danny:1.6931471805599454
rubenstein:1.6931471805599454
talk:1.6931471805599454
israeli:1.0
journalist:1.0
speaking:1.6931471805599454
tonight:1.0
wednesday:1.0
7:30:1.0
pm:1.0
messy:1.0
politics:1.0
israel:1.6931471805599454
hillel:1.0
u.c:1.0
berkeley:1.6931471805599454
campus:1.0
sponsored:1.0
action:1.0
committee:1.0
iac:1.0
robotics.berkeley.edu:1.0
