astein:1.6931471805599454
nysernet.org:1.0
alan:1.6931471805599454
stein:1.6931471805599454
subject:1.0
zionism:2.09861228866811
racism:1.6931471805599454
c:1.0
sessions:1.0
dcs:1.0
witsend.tnet.com:1.0
writes:1.0
steve:1.0
lets:1.0
assuming:1.0
mean:1.0
hear:1.0
werent:1.0
listening:1.0
told:1.0
tautological:1.6931471805599454
statement:1.0
think:1.0
confusing:1.0
false:1.0
misleading:1.0
h:1.0
israel.nysernet.org:1.0
