varvel:1.6931471805599454
plains.nodak.edu:1.0
andrew:1.0
subject:1.0
exact:1.0
2.5:1.0
million:1.0
readers:1.0
enlightened:1.0
serdar:2.6094379124341005
argic:2.386294361119891
article:1.0
9304202017:1.0
zuma.uucp:1.6931471805599454
sera:1.0
writes:1.0
a.k.a:1.0
merciful:1.0
compassionate:1.0
argics:1.0
bountiful:1.0
divine:1.0
all-knowing:1.0
footnoted:1.0
wisdom:1.0
regrettably:1.0
omitted:1.0
solemn:1.0
tribute:1.0
join:1.0
fan:1.0
club:1.0
get:1.0
t-shirt:1.0
friendly:1.0
neighborhood:1.0
alien:1.0
life:1.0
hasnt:1.0
since:1.0
david:1.0
koresh:1.0
died:1.0
