subject:1.0
israeli:1.6931471805599454
terrorism:1.0
amoss:1.6931471805599454
shuldig.cs.huji.ac.il:1.0
amos:2.09861228866811
shapira:1.6931471805599454
cy779:1.0
cleveland.freenet.edu:1.0
anas:1.0
omran:1.0
writes:1.0
israelis:1.0
used:1.0
arrest:1.0
sometimes:1.0
kill:1.0
neutral:1.6931471805599454
reporters:1.0
eh:1.0
could:1.0
please:1.0
give:1.0
details:1.0
event:1.0
observer:1.0
killed:1.0
purpose:1.0
soldier:1.0
jumper:1.0
extraordinaire:1.0
true:1.0
power:1.6931471805599454
corrupts:1.0
c.s:1.0
system:1.0
group:1.0
hebrew:1.0
university:1.0
absolute:1.0
better:1.0
jerusalem:1.0
91904:1.0
israel:1.0
cs.huji.ac.il:1.0
demon:1.0
son:1.0
