cosmo:2.386294361119891
pro-angmar.alfalfa.com:1.6931471805599454
frank:1.0
benson:1.0
subject:1.0
argic:1.0
hey:1.0
serdar:1.0
man:1.0
without:1.0
brain:1.0
yare:1.0
loser:1.0
proline:1.0
pro-angmar:1.6931471805599454
internet:1.0
uucp:1.0
uunet:1.0
bu.edu:1.0
alphalpha:1.0
