cosmo:2.386294361119891
pro-angmar.alfalfa.com:1.6931471805599454
frank:1.0
benson:1.0
subject:1.0
argic:1.0
brain:1.0
damaged:1.0
hate:1.0
of++0b1fatransfer:1.0
cancelledf:1.0
courses:1.0
sick:1.0
body:1.0
like:1.0
poison:1.0
matter:1.0
time:1.0
fate:1.0
sealed:1.0
proline:1.0
pro-angmar:1.6931471805599454
internet:1.0
uucp:1.0
uunet:1.0
bu.edu:1.0
alphalpha:1.0
