dzk:1.0
cs.brown.edu:1.0
danny:1.6931471805599454
keren:1.6931471805599454
subject:1.0
desertification:1.0
negev:1.6931471805599454
nonsense:1.0
lived:1.0
many:1.6931471805599454
years:1.0
say:1.6931471805599454
sure:1.0
beduins:1.6931471805599454
moved:1.0
harmed:1.0
way:1.0
contrary:1.0
standard:1.0
living:1.0
climbed:1.0
sharply:1.0
live:1.0
rather:1.6931471805599454
nice:1.0
permanent:1.0
houses:1.0
cars:1.0
quite:1.0
beduin:1.0
students:1.0
ben-gurion:1.0
university:1.0
good:1.0
friendly:1.0
relations:1.0
rest:1.0
population:1.0
met:1.0
would:1.0
surprised:1.0
read:1.0
mr:1.0
davidsons:1.0
poster:1.0
