arromdee:2.386294361119891
jyusenkyou.cs.jhu.edu:1.6931471805599454
ken:1.6931471805599454
subject:1.0
american:1.0
jewish:1.0
congress:1.0
open:1.0
letter:1.0
clinton:1.0
article:1.0
22apr199307534304:1.0
vxcrna.cern.ch:1.6931471805599454
casper:1.6931471805599454
davi./ppe:1.0
writes:1.0
said:1.0
fixation:1.6931471805599454
bosnia:2.386294361119891
due:1.0
european:2.09861228866811
country:2.09861228866811
rather:1.0
third:2.09861228866811
world:2.09861228866811
recall:1.0
anything:1.0
somalia:3.0794415416798357
apparent:1.0
left-wingers:1.0
saying:1.0
reason:1.6931471805599454
everyone:2.09861228866811
willing:1.6931471805599454
send:2.09861228866811
troops:2.09861228866811
somalis:1.0
third-worlders:1.0
americans:1.6931471805599454
consider:1.0
unworthy:1.0
help:3.1972245773362196
suddenly:1.0
shut:1.0
us:2.791759469228055
decided:1.0
opposite:2.09861228866811
place:1.0
predicted:1.0
theory:2.386294361119891
staunch:1.0
republican:1.0
btw:1.6931471805599454
irony:1.0
arguing:1.0
military:1.0
intervention:2.09861228866811
arguments:1.0
based:2.09861228866811
vietnam:1.0
escaped:1.0
opposed:1.6931471805599454
reasons:1.6931471805599454
although:1.0
clearly:1.0
nearly:1.0
risky:1.0
mean:1.0
since:1.0
instead:1.0
desire:2.386294361119891
racist:1.0
dont:2.09861228866811
think:1.6931471805599454
applies:1.0
whole:1.0
point:1.0
exactly:1.6931471805599454
countries:1.0
would:1.0
predict:1.0
similarly:1.0
muslims:1.6931471805599454
fought:1.0
christians:1.0
also:1.0
predicts:1.0
matter:1.0
suggests:1.0
want:2.09861228866811
serbs:2.386294361119891
theyre:1.0
christian:1.0
intervene:1.0
racism:1.0
people:2.386294361119891
less:2.09861228866811
like:2.386294361119891
side:2.09861228866811
especially:1.0
sides:1.0
equal:1.0
seem:1.0
well:1.6931471805599454
one:1.0
thing:1.0
remember:1.0
press:1.6931471805599454
likes:1.0
good:1.6931471805599454
story:1.0
business:1.0
know:1.0
wants:1.0
im:1.0
referring:1.0
course:1.0
see:1.0
sending:1.0
releases:1.0
bosnian:1.0
ethnic:1.0
cleansing:1.0
muslim:1.0
presence:1.0
balkans:1.0
eliminated:1.0
except:1.0
admit:1.0
america:1.0
serbian:1.0
probably:1.0
first:1.0
day:1.6931471805599454
christmas:1.6931471805599454
truelove:1.6931471805599454
served:1.6931471805599454
leftover:1.6931471805599454
turkey:2.386294361119891
second:1.0
casserole:1.0
made:1.0
days:1.0
3-4:1.0
deleted:1.0
flaming:1.0
wings:1.0
pizza:1.0
hut:1.0
commercial:1.0
m*tlu/a*gic:1.0
bait:1.0
