perrakis:1.0
embl-heidelberg.de:1.0
subject:1.0
turkey-cyprus-bosnia-serbia-greece:1.0
armenia-azeris:1.0
article:1.0
93105.134708finaid2:1.0
auvm.american.edu:1.6931471805599454
finaid2:1.0
writes:1.0
look:1.0
mr:1.6931471805599454
atakan:2.09861228866811
repeated:1.0
past:1.0
shall:1.0
repeat:1.0
comes:1.0
greeks:2.6094379124341005
treating:1.0
turks:2.6094379124341005
greece:2.9459101490553135
copatriots:1.0
simply:1.6931471805599454
shut:1.0
hearing:1.0
form:1.0
propaganda:1.0
ethnic:1.6931471805599454
fellows:1.0
studied:1.0
greek:3.3978952727983707
universities:1.6931471805599454
without:2.09861228866811
paying:1.0
money:1.0
tuition:1.0
food:1.6931471805599454
helth:1.0
insurance:2.386294361119891
high:1.0
school:1.6931471805599454
graduate:1.0
put:1.0
simple:1.0
math:1.0
compare:1.0
grouth:1.0
turkish:3.5649493574615367
community:2.09861228866811
destruction:1.0
minority:3.302585092994046
turkey:3.1972245773362196
aykut:1.6931471805599454
atalay:1.6931471805599454
panos:1.0
tamamidis:1.6931471805599454
repling:1.0
claims:1.0
suggest:1.6931471805599454
kind:1.0
individuals:1.0
trying:1.0
make:1.6931471805599454
points:1.0
abouts:1.0
human:2.6094379124341005
rights:2.6094379124341005
discriminations:1.0
unequal:1.0
treatment:1.0
greece.i:1.0
want:2.09861228866811
world:1.0
know:1.6931471805599454
bad:1.0
treat:1.0
people:2.6094379124341005
deny:1.6931471805599454
anything:1.6931471805599454
say:1.0
difrence:1.0
write:1.0
things:1.6931471805599454
saw:1.0
eyes.you:1.0
prove:1.0
prejudice:1.0
saying:1.0
free:1.6931471805599454
etc:1.0
give:2.09861228866811
everybody:1.0
get:2.09861228866811
them.your:1.0
words:1.0
even:1.0
discriminate:1.0
think:1.0
giving:1.6931471805599454
big:1.6931471805599454
favor:1.0
thing:1.0
reality:1.0
nothing:1.6931471805599454
unhuman:1.0
practices:1.0
conducted:1.0
government:2.09861228866811
investigate:1.0
see:1.6931471805599454
facts:1.0
discuss:1.0
basic:1.6931471805599454
like:1.6931471805599454
fredom:2.09861228866811
religion:1.6931471805599454
eyes:1.0
freedom:2.09861228866811
must:1.0
ne:1.0
least:1.0
blind:1.0
press:2.09861228866811
2:1.0
weeks:1.0
ago:1.6931471805599454
read:1.0
interview:1.0
journalist:1.0
magazine:1.0
said:1.0
forbiden:1.0
cleansing:1.6931471805599454
brake:1.6931471805599454
call:1.0
athnic:1.0
apopulation:1.0
doubles:1.0
right:1.6931471805599454
property:1.6931471805599454
intervention:1.0
mean:1.0
anyway:1.0
every:1.6931471805599454
country:1.0
inform:1.0
goverment:1.0
vote:1.0
choose:1.0
leaders:1.0
well:2.09861228866811
area:1.6931471805599454
komotini:1.0
elect:1.0
1:1.0
3:2.09861228866811
represenatives:1.0
parliament:1.0
maybe:1.0
living:1.0
encourages:1.0
destroy:1.6931471805599454
religious:1.6931471805599454
places:1.6931471805599454
houses:1.0
farms:1.0
schools:1.0
forcing:1.0
go:1.6931471805599454
actions:1.0
fanatics:1.0
sides:1.0
reported:1.6931471805599454
idiots:1.0
indeed:1.0
attack:1.0
protected:1.0
police:1.0
photographs:1.0
policemen:1.0
preventing:1.0
non:1.0
brain:1.0
conclude:1.0
writing:1.0
let:1.0
point:1.0
treated:1.6931471805599454
consider:1.6931471805599454
instead:1.0
part:2.09861228866811
society:1.6931471805599454
difference:1.0
among:1.0
state:1.0
health:1.0
needs:1.0
businesses:1.0
belong:1.0
proud:1.0
them.unlike:1.0
tries:1.0
encourage:1.0
minorities:1.6931471805599454
oh:1.0
please:1.0
countrymen:1.0
die:1.0
prisons:1.0
day:1.0
bacause:1.0
political:1.0
beliefs:1.0
us:1.0
believe:1.0
tha:1.0
paradise:1.6931471805599454
business:1.0
yes:1.0
80:1.0
years:1.0
seem:1.0
intelligent:1.0
presenting:1.0
invastigate:1.0
matter:1.0
bit:1.0
