dbd:1.6931471805599454
urartu.sdpa.org:1.6931471805599454
david:1.6931471805599454
davidian:1.6931471805599454
subject:1.0
ozal:1.6931471805599454
died:1.6931471805599454
announced:1.0
npr:1.0
4/17/93:1.0
10:00:1.0
edt:1.0
turkish:2.09861228866811
president:1.0
heart:1.0
attack:1.0
ankara:1.0
explain:1.6931471805599454
troops:1.0
s.d.p.a:1.0
center:1.0
regional:1.0
studies:1.0
armenian:1.0
border:1.0
cant:1.0
p.o:1.0
box:1.0
382761:1.0
even:1.0
1915:1.0
cambridge:1.0
02238:1.0
mp:1.0
march:1.0
1992:1.0
