adams:1.0
bellini.berkeley.edu:1.0
adam:1.0
l:1.0
schwartz:1.0
subject:1.0
seventh:1.0
century:1.0
a.d:1.0
armenian:1.0
math:1.0
problems:1.0
article:1.0
1r6qn1innd0n:1.0
flop.engr.orst.edu:1.0
koc:1.6931471805599454
rize.ece.orst.edu:1.0
cetin:1.0
kaya:1.0
writes:1.0
problem:1.0
1:2.386294361119891
father:1.0
told:1.0
following:1.0
story:1.0
famous:1.0
wars:1.0
armenians:1.0
persians:2.09861228866811
prince:1.6931471805599454
zaurak:1.0
kamsarakan:1.0
performed:1.0
extraordinary:1.0
heroic:1.0
deeds:1.0
three:1.0
times:1.0
single:1.0
month:1.0
attacked:1.0
persian:2.6094379124341005
troops:1.6931471805599454
first:1.0
time:2.09861228866811
struck:1.0
half:1.0
army:1.6931471805599454
second:1.6931471805599454
pursuing:1.0
slaughtered:1.0
one:2.09861228866811
fourth:1.6931471805599454
soldiers:1.6931471805599454
third:1.6931471805599454
destroyed:1.6931471805599454
eleventh:1.0
still:1.0
alive:1.0
numbering:1.0
two:1.0
hundred:1.0
eighty:1.0
fled:1.0
nakhichevan:1.0
remainder:1.0
find:1.0
many:1.0
massacre:1.0
answer:1.6931471805599454
1-1/2-1/4-1/11:1.0
280:1.6931471805599454
1760:1.0
thought:1.0
implication:1.0
remaining:1.6931471805599454
round:1.6931471805599454
1/11:1.6931471805599454
would:1.0
mean:1.0
1/2:1.0
1/4:1.0
821.333:1.0
