benali:1.0
alcor.concordia.ca:1.0
ilyess:1.0
b:1.0
bdira:1.0
subject:1.0
israeli:2.791759469228055
press:1.6931471805599454
bc744:1.0
cleveland.freenet.edu:1.0
mark:1.0
ira:1.0
kaufman:1.0
writes:1.0
information:1.0
israel:2.6094379124341005
since:1.6931471805599454
read:2.9459101490553135
american:2.9459101490553135
media:2.791759469228055
say:1.6931471805599454
absolute:1.0
certainty:1.0
anybody:1.0
reliesx:1.0
exclusively:1.6931471805599454
knowledge:1.6931471805599454
true:1.0
picture:1.0
going:1.0
course:2.386294361119891
never:1.0
arab:2.09861228866811
jer:1.0
post:1.0
network:1.0
enough:1.0
western:1.0
french:1.6931471805599454
british:1.6931471805599454
reports:1.0
give:1.0
10:2.9459101490553135
arabs:1.0
bias:1.6931471805599454
scale:1.0
switch:1.0
polarities:1.0
newspapers:2.386294361119891
get:1.0
either:1.0
9:2.09861228866811
leading:1.0
tv:1.0
news:1.0
range:2.386294361119891
6:1.0
yes:1.0
israelis:1.6931471805599454
montreal:1.0
suburban:1.0
local:1.0
free:1.0
newspaper:1.0
probably:1.6931471805599454
closer:1.0
kahanes:1.0
views:1.0
right:1.6931471805599454
wing:1.0
0:1.6931471805599454
neutral:1.0
iknow:1.0
2:1.0
afro-french:1.0
magazines:1.0
official:1.0
5:1.0
egyptian:1.0
sa:1.0
want:1.0
overdo:1.0
stir:1.0
people:1.6931471805599454
therefore:1.0
nothing:1.6931471805599454
claim:1.0
papers:1.0
biased:1.6931471805599454
may:1.0
lean:1.0
left:1.0
like:1.0
america:1.0
still:1.0
report:1.6931471805599454
events:1.6931471805599454
know:1.0
choose:1.0
form:1.0
opinions:1.0
mideast:1.6931471805599454
based:1.0
average:2.09861228866811
relies:1.0
consistency:1.0
accuracy:1.0
would:1.6931471805599454
around:1.0
new-york:1.0
times:1.0
similar:1.0
news-makers:1.0
8:1.0
relatively:1.0
less:1.0
better:1.0
