tclock:1.0
orion.oac.uci.edu:1.0
tim:1.6931471805599454
clock:1.0
subject:1.0
hamas:1.6931471805599454
way:1.6931471805599454
death:1.6931471805599454
article:1.6931471805599454
1993apr17.160731.3178:1.0
nntpd.lkg.dec.com:1.0
alaa:2.09861228866811
peewee.unx.dec.com:1.0
zeineldine:1.6931471805599454
writes:1.6931471805599454
nstramer:1.0
supergas.dazixco.ingr.com:1.0
naftaly:1.0
stramer:1.0
following:1.0
transcript:1.0
recruitment:1.0
training:1.0
videotape:1.0
made:1.0
last:1.0
summer:1.0
qassam:1.0
battalions:1.0
military:1.0
brought:1.0
separate:1.0
question:1.0
israels:1.0
unjustified:1.0
policies:1.0
practices:1.6931471805599454
still:1.0
unclear:1.0
reaction:1.0
polocies:1.0
reflected:1.0
