chrism:1.0
cirrus.com:1.0
chris:1.6931471805599454
metcalfe:1.6931471805599454
subject:1.0
conventional:1.0
proposales:1.0
israel:1.6931471805599454
palestinians:1.6931471805599454
fact:1.0
already:1.0
discussing:1.0
composition:1.0
armed:1.0
palestinian:1.0
police:1.0
force:1.0
territories:1.0
transition:1.0
phase:1.0
indicates:1.0
real:1.0
solid:1.0
concessions:1.0
liberal:1.0
thinking:1.0
part:1.0
israeli:1.0
side:1.0
