bh437292:1.0
longs.lance.colostate.edu:1.0
basil:1.6931471805599454
hamdan:1.0
subject:1.0
go:1.0
hizbollah:1.6931471805599454
ii:1.0
article:1.0
1993apr24.202201.1:1.0
utxvms.cc.utexas.edu:1.6931471805599454
ifaz706:1.0
noam:2.09861228866811
tractinsky:1.0
writes:1.0
paraphrasing:1.0
bit:1.0
every:1.0
rocket:1.0
fires:1.0
galilee:1.0
justify:1.0
israels:1.0
holding:1.0
security:1.0
zone:1.0
want:1.0
say:1.0
agree:1.0
point:1.0
hope:1.0
sides:1.0
stop:1.0
targeting:1.0
civilians:1.0
