hm:1.0
cs.brown.edu:1.0
harry:1.0
mamaysky:1.0
subject:1.0
happy:1.6931471805599454
birthday:1.6931471805599454
israel:1.6931471805599454
article:1.0
c63r8f.76s:1.0
news.cso.uiuc.edu:1.0
eshneken:1.0
ux4.cso.uiuc.edu:1.0
edward:1.0
shnekendorf:1.0
writes:1.0
45th:1.0
may:1.0
neighbors:1.0
know:1.0
peace:1.0
even:1.0
see:1.0
46:1.0
