eshneken:1.0
ux4.cso.uiuc.edu:1.0
edward:1.0
shnekendorf:1.0
subject:1.0
happy:1.6931471805599454
birthday:1.6931471805599454
israel:1.6931471805599454
45th:1.0
