sera:1.0
zuma.uucp:1.0
serdar:1.6931471805599454
argic:1.6931471805599454
subject:1.0
wholesale:1.6931471805599454
extermination:1.6931471805599454
muslim:3.302585092994046
population:3.3978952727983707
armenians:3.4849066497880004
article:1.0
c5yjii.e6b:1.0
blaze.cs.jhu.edu:1.0
arromdee:1.6931471805599454
jyusenkyou.cs.jhu.edu:1.0
ken:1.0
writes:1.0
verifiable:1.0
information:1.6931471805599454
instance:1.0
person:1.0
knows:1.0
buggy:1.0
product:1.0
may:1.6931471805599454
able:1.6931471805599454
tell:1.0
reproduce:1.0
bug:1.0
still:1.0
fears:1.0
retribution:1.0
known:1.0
one:1.0
told:1.0
public:1.0
typical:1.0
arromdian:1.0
asala/sdpa/arf:1.0
terrorism:1.0
revisionism:1.0
triangle:1.0
well:1.0
change:1.0
fact:1.0
period:1.0
1914:1.6931471805599454
1920:1.6931471805599454
armenian:2.6094379124341005
government:1.0
ordered:1.0
incited:1.0
assisted:1.0
participated:1.0
genocide:1.6931471805599454
2.5:1.6931471805599454
million:1.6931471805599454
people:1.6931471805599454
race:1.0
religion:1.0
national:1.0
origin:1.0
1:1.6931471805599454
slaughter:2.9459101490553135
entire:1.6931471805599454
van:1.0
1,2,3,4,5:1.0
2:1.6931471805599454
42:1.0
bitlis:1.0
1,2,3,4:2.791759469228055
3:1.6931471805599454
31:1.0
erzurum:1.0
4:1.6931471805599454
26:1.0
diyarbakir:1.0
5:1.6931471805599454
16:1.0
mamuretulaziz:1.0
6:1.0
15:1.0
sivas:1.0
7:1.0
x-soviet:1.0
armenia:2.09861228866811
8:1.0
mccarthy:1.0
j:1.6931471805599454
muslims:1.0
minorities:1.0
ottoman:2.09861228866811
anatolia:1.0
end:1.0
empire:1.6931471805599454
new:1.6931471805599454
york:1.6931471805599454
university:2.386294361119891
press:2.386294361119891
1983:1.0
pp:2.09861228866811
133-144:1.0
karpat:1.0
k:1.0
wisconsin:1.0
1985:1.0
hovannisian:1.0
r:1.0
g:1.0
road:1.0
independence:1.0
1918:1.0
california:1.0
berkeley:1.0
los:1.0
angeles:1.0
1967:1.0
13:1.0
37:1.0
shaw:1.0
collaboration:1.0
invading:1.0
russian:1.0
armies:1.0
history:1.0
modern:1.6931471805599454
turkey:1.6931471805599454
volume:1.0
ii:1.0
reform:1.0
revolution:1.0
republic:1.0
rise:1.0
1808-1975:1.0
london:1.6931471805599454
cambridge:1.0
1977:1.0
315-316:1.0
gochnak:1.0
newspaper:1.0
published:1.6931471805599454
united:1.0
states:1.0
24:1.0
1915:1.0
source:1.0
adventures:1.0
near:1.0
east:1.0
rawlinson:1.0
jonathan:1.0
cape:1.0
30:1.0
bedford:1.0
square:1.0
1934:1.0
first:2.09861228866811
1923:1.0
287:1.0
pages:1.0
memoirs:1.0
british:2.09861228866811
officer:1.0
witnessed:1.0
p:1.6931471805599454
178:1.0
paragraph:1.6931471805599454
moslem:1.0
villages:1.0
plain:1.0
searched:1.0
arms:1.6931471805599454
everything:1.0
taken:1.0
cloak:1.0
search:1.0
many:1.0
moslems:1.0
killed:1.0
horrible:1.0
tortures:1.0
inflicted:1.0
endeavour:1.0
obtain:1.0
valuables:1.0
hidden:1.0
aware:1.0
existence:1.0
although:1.0
unable:1.0
find:1.0
175:1.0
arrival:1.0
brigade:1.0
followed:1.0
announcement:1.6931471805599454
kars:1.0
province:1.6931471805599454
allotted:1.0
supreme:1.0
council:1.0
allies:1.0
made:1.0
troops:1.0
completely:1.0
withdrawn:1.0
occupation:1.0
commenced:1.6931471805599454
hence:1.0
trouble:1.0
robbery:1.0
persecution:1.0
muslem:1.0
pretext:1.0
necessary:1.0
forcibly:1.0
deprive:1.0
portion:1.0
lies:1.0
plains:1.0
carry:1.0
purpose:1.0
manner:1.0
done:1.0
referred:1.0
due:1.0
course:1.0
closed:1.0
roads:1.0
mountain:1.0
passes:1.0
might:1.0
serve:1.0
ways:1.0
escape:1.0
turks:1.0
proceeded:1.0
work:1.0
ohanus:1.0
appressian:1.0
1919:1.0
soviet:1.0
today:1.0
longer:1.0
exists:1.0
single:1.0
turkish:1.0
soul:1.0
sahak:1.0
melkonian:1.0
