tichauer:2.386294361119891
valpso.hanse.de:1.6931471805599454
manfredo:1.6931471805599454
subject:1.0
israels:1.6931471805599454
expansion:1.0
ii:1.0
ab4z:1.0
virginia.edu:2.09861228866811
andi:1.6931471805599454
beyer:1.6931471805599454
writes:1.0
im:2.09861228866811
ignorant:1.6931471805599454
holocaust:1.6931471805599454
know:2.6094379124341005
nazi:2.6094379124341005
germany:2.386294361119891
people:2.09861228866811
maybe:1.6931471805599454
including:1.6931471805599454
really:2.09861228866811
belong:1.0
25-30:1.0
ignorants:1.0
usa:1.0
dont:2.09861228866811
shoa:1.6931471805599454
real:1.0
word:2.09861228866811
first:2.09861228866811
write:1.6931471805599454
message-id:1.6931471805599454
1993apr24.203620.6531:1.0
date:1.6931471805599454
sat:1.0
24:1.0
apr:1.6931471805599454
1993:1.6931471805599454
20:36:20:1.0
gmt:1.6931471805599454
think:2.386294361119891
israeli:2.09861228866811
press:1.0
might:1.0
tad:1.0
bit:1.0
biased:1.0
reporting:1.0
events:1.0
doubt:1.0
propaganda:1.6931471805599454
machine:1.6931471805599454
goering:1.6931471805599454
later:1.6931471805599454
somebody:1.0
informed:1.0
gross:1.0
mistake:1.0
1993apr25.181351.1373:1.0
sun:1.0
25:1.0
18:13:51:1.0
let:1.0
correct:1.0
goerbels:1.0
airforce:1.0
ran:1.0
instead:1.0
joseph:1.0
goebbels:1.0
dare:1.0
say:1.6931471805599454
us:1.6931471805599454
sure:1.0
learned:1.0
history:1.6931471805599454
austria:1.0
family:1.0
resent:1.0
statements:1.0
call:2.09861228866811
names:1.0
disagree:1.0
position:1.0
opposing:1.0
atrocities:1.0
commited:1.6931471805599454
governement:1.0
hardly:1.0
qualifies:1.0
anti-semitism:1.0
name:1.0
calling:1.0
valid:1.0
form:1.0
argument:1.0
intellectual:1.0
circles:1.0
need:1.0
get:1.0
often:1.0
trying:1.0
make:1.0
comparisons:1.0
politics:2.09861228866811
german:1.0
austrian:1.0
shows:1.0
degree:1.0
ignorance:1.0
high:1.0
intellect:1.0
low:1.0
humanity:1.0
none:1.0
antisemitism:1.0
average:1.0
respect:1.0
anybody:1.6931471805599454
dissagrees:1.0
long:1.6931471805599454
respects:1.0
discusses:1.0
civilized:1.0
manner:1.0
would:1.0
never:1.6931471805599454
critizises:1.0
israel:2.386294361119891
and/or:1.0
antisemite:1.0
except:1.0
uses:1.0
antisemitic:1.0
vocabulary/terminology/demagogy:1.0
perfect:1.6931471805599454
country:3.0794415416798357
politicians:1.6931471805599454
also:1.0
commits:1.6931471805599454
errors:1.0
even:1.0
corrupt:1.0
like:2.09861228866811
carry:1.0
huge:1.0
burden:1.0
care:1.6931471805599454
safety:1.0
citizens:1.6931471805599454
easy:1.0
task:1.0
surrounded:1.0
enemies:1.0
expect:1.0
one:1.6931471805599454
big:1.6931471805599454
error:1.0
wipe:1.0
jewish:1.6931471805599454
plus:1.0
so-called:1.0
collaborators:1.0
arabs:1.0
wanted:1.0
live:1.0
peace:1.0
neighbours:1.0
map:1.0
said:1.0
democracy:1.0
whole:1.0
middle-east:1.0
world:1.0
jews:2.386294361119891
everywhere:1.0
refuge:1.0
case:1.0
persecutions:1.0
countries:1.0
living:1.6931471805599454
taught:1.0
rely:1.0
non-jewish:1.0
nations:1.0
governments:1.0
soon:1.0
les:1.0
social-economical-political:1.0
problems:1.0
ones:1.6931471805599454
pay:1.0
broken:1.0
glasses:1.0
minorities:1.0
suffering:1.0
wwii:1.0
justifies:1.0
crimes:1.0
government:1.0
attempt:1.0
civil:2.6094379124341005
liberterians:1.0
anti-semetic:1.0
appreciated:1.0
outrageous:1.0
6.000.000:1.0
murdered:1.0
besides:1.0
thousands:1.0
survived:1.0
way:1.0
another:1.0
rest:1.0
mourning:1.0
libertarian:1.0
heard:1.0
thing:1.0
libertarians:2.09861228866811
new:1.0
denomination:1.0
antisemites:1.6931471805599454
may:1.0
come:1.0
group:1.0
learn:1.0
a.beyer:1.0
right:1.0
wrong:1.0
missusing:1.0
btw:1.0
couldnt:1.0
less:1.0
appreciates:1.0
email:1.0
opitzstrasse:1.0
14:1.0
voice:1.0
49:1.6931471805599454
40:1.6931471805599454
27.42.27:1.0
2000:1.0
hamburg:1.0
60:1.0
fax:1.0
270.53.09:1.0
