adam:2.6094379124341005
endor.uucp:1.0
shostack:1.6931471805599454
subject:1.0
final:1.0
solution:1.0
gaza:1.0
article:1.0
2bdc2931.17498:1.0
news.service.uci.edu:1.0
tclock:1.0
orion.oac.uci.edu:1.0
tim:1.0
clock:1.0
writes:1.0
certainly:1.0
israeli:1.6931471805599454
legitimate:1.0
worry:1.0
behind:1.0
action:1.6931471805599454
took:1.0
isnt:1.0
little:1.0
draconian:1.0
alternative:1.0
would:1.0
suggest:1.0
taken:1.0
safeguard:1.0
lives:1.0
citizens:1.0
das.harvard.edu:1.0
budget:1.0
big:1.0
enough:1.0
drugs:1.0
sexual:1.0
favors:1.0
sure:1.0
wouldnt:1.0
waste:1.0
members:1.0
congress:1.0
john:1.0
perry:1.0
barlow:1.0
