hamid:2.09861228866811
mcrcim.mcgill.edu:1.0
reza:1.0
mohammadi:1.0
daniali:1.0
subject:1.0
happy:2.09861228866811
birthday:1.6931471805599454
israel:2.09861228866811
article:1.0
c63r8f.76s:1.0
news.cso.uiuc.edu:1.0
eshneken:1.0
ux4.cso.uiuc.edu:1.0
edward:1.0
shnekendorf:1.0
writes:1.0
45th:1.0
anybody:1.0
information:1.0
number:1.0
people:1.0
killed:1.0
44:1.0
year:1.0
