center:1.0
policy:1.0
research:1.0
cpr:1.0
igc.apc.org:1.0
subject:1.0
desertification:1.0
negev:1.0
danhy:1.0
think:1.0
bedouin:1.6931471805599454
surprised:1.0
posted:1.0
article:1.6931471805599454
would:1.6931471805599454
happy:1.0
feedback:1.0
readers:1.0
judge:1.0
accuracy:1.0
assumes:1.0
fabrication:1.0
critical:1.0
review:1.0
helpful:1.0
elias:1.0
