nstramer:1.6931471805599454
supergas.dazixco.ingr.com:1.0
naftaly:1.6931471805599454
stramer:1.6931471805599454
subject:2.09861228866811
rejoinder:1.6931471805599454
questions:2.386294361119891
israelis:2.09861228866811
article:1.0
1483500352:1.0
igc.apc.org:1.6931471805599454
center:1.6931471805599454
policy:1.6931471805599454
research:1.6931471805599454
cpr:1.6931471805599454
writes:1.0
shaig:1.0
think.com:1.0
ten:1.0
dear:1.0
shai:1.0
answers:1.0
unsatisfactory:1.0
dont:1.0
ypu:1.0
sue:1.0
intergraph:1.0
electronics:1.0
internet:1.0
dazixco.ingr.com:1.0
6101:1.0
lookout:1.0
road:1.0
suite:1.0
voice:1.0
303:1.6931471805599454
581-2370:1.0
fax:1.0
581-9972:1.0
boulder:1.0
co:1.0
80301:1.0
quality:1.0
everybodys:1.6931471805599454
job:1.6931471805599454
watch:1.0
