eshneken:1.0
ux4.cso.uiuc.edu:1.0
edward:1.0
shnekendorf:1.0
subject:1.0
happy:1.6931471805599454
birthday:1.0
israel:2.09861228866811
article:1.0
1993apr27.011549.7010:1.0
thunder.mcrcim.mcgill.edu:1.0
hamid:2.09861228866811
reza:1.0
mohammadi:1.0
daniali:1.0
writes:1.0
anybody:1.0
information:1.0
number:1.6931471805599454
people:1.0
killed:1.6931471805599454
44:1.0
year:1.0
sure:1.0
israelis:1.0
defending:1.0
little:1.0
17,000:1.0
last:1.0
45:1.0
years:1.0
61,000:1.0
injured:1.0
must:1.0
try:1.0
make:1.0
mockery:1.0
everything:1.0
dont:1.0
pathetic:1.0
ed:1.0
