eldar:1.6931471805599454
fraser.sfu.ca:1.0
danny:1.6931471805599454
subject:1.0
pbs:2.386294361119891
frontline:1.6931471805599454
documentary:2.6094379124341005
memory:1.6931471805599454
camps:2.09861228866811
yesterday:1.0
watched:1.0
outstanding:1.0
prepared:1.0
consortia:1.0
called:1.0
shows:1.0
un-censored:1.0
pictures:1.0
taken:1.0
immediately:1.0
liberation:1.0
bergen-belsen:1.0
death:1.0
recommend:1.0
everybody:1.0
check:1.0
station:1.0
re-broadcast:1.6931471805599454
must:1.0
see:1.0
seatle:1.0
vancouver:1.0
area:1.0
ksts-9:1.0
monday:1.0
01:30:1.0
also:1.0
order:1.0
copy:1.0
video:1.0
1-800-3287271:1.0
cost:1.0
59.95:1.0
