nstramer:1.6931471805599454
supergas.dazixco.ingr.com:1.0
naftaly:1.6931471805599454
stramer:1.6931471805599454
subject:1.0
peace:2.791759469228055
talks:2.6094379124341005
resume:1.6931471805599454
israeline:1.0
4/27/93:1.0
today:1.0
israel:2.9459101490553135
offer:2.386294361119891
palestinians:2.6094379124341005
new:1.6931471805599454
proposals:1.6931471805599454
radio:2.09861228866811
kol:1.0
yisrael:1.0
reports:1.0
todays:1.0
resumption:1.0
washington:1.0
bilateral:2.09861228866811
following:1.0
recess:1.0
lasted:1.0
four:1.0
months:1.0
according:2.09861228866811
report:1.6931471805599454
expected:1.0
regarding:1.0
authority:1.6931471805599454
palestinian:2.386294361119891
executive:1.6931471805599454
council:1.6931471805599454
general:1.0
elections:1.6931471805599454
control:2.09861228866811
land:1.6931471805599454
human:1.0
rights:1.0
issues:1.6931471805599454
territories:1.6931471805599454
express:1.0
readiness:1.0
give:1.6931471805599454
previously:1.0
offered:1.0
one:1.0
estimate:1.0
much:1.0
two:1.0
thirds:1.0
administered:1.0
lands:1.0
well:1.0
broad:1.0
water:1.0
seek:1.0
promote:1.0
hold:1.0
hopes:1.0
strengthening:1.0
position:1.0
delegation:1.6931471805599454
negotiations:1.0
israeli:1.0
greater:1.0
responsibilities:1.0
allowing:1.0
certain:1.0
legislative:1.0
capabilities:1.0
without:1.0
making:1.0
symbol:1.0
sovereignty:1.0
u.s:1.6931471805599454
secretary:1.0
state:1.0
warren:1.0
christopher:1.0
invited:1.0
heads:1.0
delegations:1.0
gathering:1.6931471805599454
tonight:1.0
first:1.0
event:1.0
since:1.0
madrid:1.0
conference:1.0
head:1.0
american:1.0
team:1.0
edward:1.0
djerejian:1.0
said:1.0
tonights:1.0
meant:1.0
demonstrate:1.0
active:1.0
role:1.0
process:1.0
intergraph:1.0
electronics:1.0
internet:1.0
dazixco.ingr.com:1.0
6101:1.0
lookout:1.0
road:1.0
suite:1.0
voice:1.0
303:1.6931471805599454
581-2370:1.0
fax:1.0
581-9972:1.0
boulder:1.0
co:1.0
80301:1.0
quality:1.0
everybodys:1.6931471805599454
job:1.6931471805599454
watch:1.0
