stssdxb:1.0
st.unocal.com:1.0
dorin:1.6931471805599454
baru:1.0
subject:1.0
strictly:1.6931471805599454
speaking:1.6931471805599454
jake:1.0
livni:1.0
writes:1.0
well:1.0
100,000:1.0
lebanon:1.0
alone:1.0
1,000,000:1.0
2,000,000:1.0
iran/iraq:1.0
conflict:1.0
even:1.6931471805599454
iranians:1.6931471805599454
arent:1.0
arabs:1.6931471805599454
seem:1.0
hate:1.0
zionists:1.0
least:1.0
much:1.0
anyone:1.0
else:1.0
neighborhood:1.0
correlation:1.0
perhaps:1.6931471805599454
hating:1.0
israel:1.0
killing:1.0
people:1.0
not-so-strictly-speaking:1.0
