sera:1.0
zuma.uucp:1.0
serdar:1.6931471805599454
argic:1.6931471805599454
subject:1.0
even:1.0
today:1.6931471805599454
armenian:1.6931471805599454
genocide:1.0
innocent:1.0
muslim:1.0
people:1.0
continues:1.0
source:2.09861228866811
channel:1.0
4:1.0
news:2.09861228866811
19.00:1.0
monday:1.0
2:1.6931471805599454
march:2.09861228866811
1992:2.09861228866811
french:1.0
journalists:1.6931471805599454
seen:1.6931471805599454
32:1.0
corpses:2.09861228866811
men:2.09861228866811
women:2.386294361119891
children:2.386294361119891
civilian:1.6931471805599454
clothes:1.0
many:1.6931471805599454
shot:2.386294361119891
dead:2.386294361119891
heads:2.386294361119891
close:1.6931471805599454
less:1.0
1:1.6931471805599454
meter:1.6931471805599454
bbc1:1.6931471805599454
morning:1.6931471805599454
07.37:1.0
tuesday:1.6931471805599454
3:1.6931471805599454
bbc:1.0
reporter:1.6931471805599454
live:1.0
line:1.0
claimed:1.6931471805599454
saw:1.0
100:1.6931471805599454
bodies:1.6931471805599454
azeri:1.0
well:1.0
baby:1.0
short:1.0
distance:1.0
08:12:1.0
disturbing:1.0
picture:1.6931471805599454
shown:1.6931471805599454
picked:1.0
mountain:1.6931471805599454
said:1.0
cameraman:1.0
western:1.0
massacred:1.6931471805599454
armenians:1.0
also:1.0
nearly:1.0
ten:1.0
mainly:1.0
azerbaijan:1.0
1000:1.0
civilians:1.0
forces:1.0
closed:1.0
roads:1.0
passes:1.0
might:1.0
serve:1.0
ways:1.0
escape:1.0
turks:1.0
proceeded:1.0
work:1.0
extermination:1.0
ohanus:1.0
appressian:1.0
1919:1.0
soviet:1.0
armenia:1.0
longer:1.0
exists:1.0
single:1.0
turkish:1.0
soul:1.0
sahak:1.0
melkonian:1.0
1920:1.0
