adams:1.0
bellini.berkeley.edu:1.0
adam:1.6931471805599454
l:1.0
schwartz:1.6931471805599454
subject:1.0
volume:1.0
article:1.0
1993apr28.230749.18198:1.0
virginia.edu:1.6931471805599454
ab4z:1.0
andi:1.6931471805599454
beyer:1.0
writes:1.0
p.p.s:1.0
clear:1.0
something:1.0
dont:1.0
think:1.0
jews:1.0
necessarily:1.0
worse:1.0
people:1.0
generous:1.0
thanks:1.0
validation:1.0
