mark:2.09861228866811
fenris.albany.edu:1.0
steinberger:1.0
subject:1.0
adl:1.6931471805599454
spying:1.0
case:1.0
dont:1.0
think:1.0
yigal:1.0
friends:1.0
much:1.0
fun:1.0
years:1.0
ever:1.0
theyre:1.0
getting:1.0
business:1.0
publicity:1.0
likely:1.0
generate:1.0
speakers:1.0
fees:1.0
