henrik:1.0
quayle.kpc.com:1.0
subject:1.0
armenia:2.386294361119891
says:1.6931471805599454
could:1.6931471805599454
shoot:1.6931471805599454
turkish:2.386294361119891
planes:1.6931471805599454
article:1.6931471805599454
1993apr17.185118.10792:1.0
ee.rochester.edu:1.6931471805599454
terziogl:1.0
esin:1.6931471805599454
terzioglu:1.0
writes:1.6931471805599454
1993apr16.195452.21375:1.0
urartu.sdpa.org:1.6931471805599454
dbd:1.0
david:1.0
davidian:1.0
04/16/93:1.0
1045:1.0
ermenistan:1.0
kasiniyor:1.0
let:2.09861228866811
translate:1.0
everyone:1.0
else:1.0
public:1.0
traslation:1.0
service:1.0
gets:1.0
getting:1.6931471805599454
itchy:1.6931471805599454
clearify:1.0
mr:1.0
simply:1.6931471805599454
letting:1.0
world:1.6931471805599454
know:1.0
longer:1.0
sit:1.0
quiet:1.0
turks:1.0
get:1.0
away:1.0
famous:1.0
tricks:1.0
armenians:1.0
remember:1.0
invasion:1.0
greek:1.0
island:1.0
cypress:1.0
watched:1.0
