francesca_m._benson:1.0
fourd.com:1.6931471805599454
subject:1.0
get:1.0
life:2.386294361119891
hey:1.0
serdar:1.0
nationality:1.0
anyway:1.0
supreme:1.0
geek:1.0
geekdom:1.0
usenet:1.6931471805599454
laeding:1.0
totally:1.0
useless:1.6931471805599454
futile:1.0
computer:1.6931471805599454
mr:1.0
wimpy:1.0
epitamy:1.0
coward.i:1.0
predict:1.0
spend:1.0
rest:1.0
wastefull:1.0
pitifull:1.0
wasted:1.0
system:1.0
phone:1.0
617-494-0565:1.0
cute:1.0
quote:1.0
means:1.0
never:1.0
say:1.0
youre:1.0
sorry:1.0
