ehrlich:2.09861228866811
bimacs.bitnet:1.0
gideon:1.6931471805599454
subject:1.0
us:2.386294361119891
consider:1.6931471805599454
yigal:2.6094379124341005
arens:2.6094379124341005
dangerous:1.6931471805599454
humanity:1.0
article:1.0
arens.93apr13161407:1.0
grl.isi.edu:1.0
isi.edu:1.0
writes:1.0
los:1.0
angeles:1.0
times:1.0
tuesday:1.0
april:1.0
13:1.0
1993:1.0
p:1.0
a1:1.0
problem:1.0
transffering:1.0
government:1.6931471805599454
files:1.6931471805599454
similar:1.0
persons:1.0
violate:1.0
federal:1.0
local:1.6931471805599454
american:2.09861228866811
law:1.6931471805599454
seemed:1.6931471805599454
belong:1.0
forum:2.09861228866811
readers:1.0
interested:1.0
contents:1.0
nice:1.0
tell:1.0
1:1.0
authorities:1.0
2:1.0
adl:1.6931471805599454
interest:1.0
person:1.0
3:1.0
one:1.0
trust:1.0
either:1.0
additional:1.0
information:1.0
send:1.0
