mack:2.09861228866811
isl.stanford.edu:1.0
subject:1.0
news:1.0
briefs:1.0
kh:1.0
1026:1.6931471805599454
farzin:2.09861228866811
apollo3.ntt.jp:1.0
mokhtarian:1.6931471805599454
writes:1.0
kayhan:1.0
havai:1.0
dr:1.0
malekzadeh:1.0
minister:1.0
health:1.0
mentioned:1.0
population:1.6931471805599454
growth:1.6931471805599454
rate:1.6931471805599454
iran:1.0
end:1.6931471805599454
1371:1.6931471805599454
went:1.0
2.7:1.0
know:1.0
nothing:1.0
statistics:1.0
significance:1.0
relatively:1.0
small:1.6931471805599454
sampling:1.0
period:1.0
adequete:1.0
suggest:1.0
trend:1.0
noise:1.0
