henrik:3.0794415416798357
quayle.kpc.com:1.0
subject:1.0
armenia:3.0794415416798357
says:1.0
could:1.0
shoot:1.0
turkish:2.386294361119891
planes:3.1972245773362196
article:1.0
1993apr20.110021.5746:1.0
kth.se:1.0
hilmi-er:1.0
dsv.su.se:1.0
hilmi:1.0
eren:1.0
writes:1.0
armenians:3.302585092994046
nagarno-karabagh:1.6931471805599454
simply:1.0
defending:1.6931471805599454
rights:1.0
keep:1.0
homeland:2.6094379124341005
azeris:1.6931471805599454
invading:1.0
first:1.6931471805599454
today:1.0
fizuli:1.0
lacin:1.6931471805599454
several:1.0
villages:1.6931471805599454
azerbadjan:2.09861228866811
cant:1.0
see:1.0
great:1.0
dream:1.0
facist:1.0
methods:1.0
like:2.09861228866811
killing:1.0
raping:1.0
bombing:1.0
last:1.6931471805599454
move:1.0
blast:1.0
truck:1.0
60:1.0
kurdish:1.0
refugees:1.0
trying:1.0
escape:1.0
city:1.0
given:1.0
kurds:1.0
nagorno-karabakh:1.6931471805599454
azerbaijan:1.0
lived:1.0
nagorno:1.6931471805599454
karabakh:1.6931471805599454
ever:1.0
since:2.09861228866811
used:1.6931471805599454
live:1.0
areas:1.0
area:1.0
invade:1.0
dying:1.0
policy:1.6931471805599454
attacking:1.0
something:1.0
wrong:1.0
recall:1.0
correctly:1.0
stalin:1.0
caused:1.0
problem:1.0
land:1.6931471805599454
place:1.0
however:1.0
hope:1.0
force:1.0
airplane:1.0
purposes:1.0
searching:1.0
arms:1.0
similar:1.0
one:1.0
happened:1.0
summer:1.0
turkey:2.09861228866811
searched:1.6931471805599454
american:1.0
plane:1.6931471805599454
carrying:1.0
humanitarian:1.6931471805599454
aid:2.09861228866811
bound:1.0
dont:2.09861228866811
speak:1.0
things:1.0
know:1.6931471805599454
8:1.0
u.s:1.6931471805599454
cargo:1.6931471805599454
heading:1.0
authorities:1.0
announced:2.09861228866811
going:1.0
search:2.09861228866811
3:2.09861228866811
returned:1.0
base:1.0
germany:1.0
5:1.0
content:1.6931471805599454
hard:1.0
guess:1.6931471805599454
sure:1.0
story:1.6931471805599454
talking:1.6931471805599454
sending:1.0
armenian:1.0
two:1.0
years:1.0
would:2.09861228866811
find:1.0
turkeys:1.0
government:1.0
giving:1.0
weapons:2.09861228866811
started:1.0
attack:1.0
self:1.0
karabag:1.0
province:1.0
bad:1.0
want:1.0
start:1.0
war:1.0
