tclock:1.0
orion.oac.uci.edu:1.0
tim:1.6931471805599454
clock:1.6931471805599454
subject:1.0
israeli:1.6931471805599454
media:1.0
terrorism:1.0
article:1.6931471805599454
c67njt.h0u:1.0
bony1.bony.com:2.09861228866811
jake:2.6094379124341005
livni:1.6931471805599454
writes:1.6931471805599454
1993apr26.114220.20245:1.0
ncsu.edu:1.0
hernlem:2.09861228866811
chess.ncsu.edu:1.0
brad:1.6931471805599454
call:1.0
doctor:1.0
mohandes:1.0
ali:1.0
last:1.0
wednesday:1.0
congratulations:1.6931471805599454
field:1.0
doctorate:1.0
ten:1.0
years:1.0
george:1.0
bush:1.0
american-occupied:1.0
new:1.0
york:1.0
replaced:1.0
jimmy:1.0
carter:1.0
opinions:1.6931471805599454
employer:1.0
standard:1.0
failed:1.0
president:1.0
add:1.0
well:1.0
survive:1.0
gauntlet:1.0
cheers:1.0
ph.d./graduate:1.0
student:1.0
uci:1.0
tel:1.6931471805599454
714,8565361:1.0
department:1.0
politics:1.0
society:1.0
fax:1.0
714,8568441:1.0
university:1.0
california:1.0
irvine:1.6931471805599454
home:1.0
714,8563446:1.0
ca:1.0
92717:1.0
