hamid:2.791759469228055
mcrcim.mcgill.edu:2.09861228866811
reza:1.6931471805599454
mohammadi:1.6931471805599454
daniali:1.6931471805599454
subject:1.0
happy:2.09861228866811
birthday:1.6931471805599454
israel:2.386294361119891
article:2.09861228866811
c65da7.2me:1.0
bony1.bony.com:2.09861228866811
jake:2.386294361119891
livni:1.6931471805599454
writes:2.09861228866811
1993apr27.011549.7010:1.0
thunder.mcrcim.mcgill.edu:1.0
c63r8f.76s:1.0
news.cso.uiuc.edu:1.0
eshneken:1.0
ux4.cso.uiuc.edu:1.0
edward:1.0
shnekendorf:1.0
45th:1.0
anybody:1.0
information:1.0
number:1.0
people:1.6931471805599454
killed:1.0
44:1.0
year:1.0
whats:1.0
another:1.0
idiot:1.0
dope:1.0
using:1.0
different:1.6931471805599454
accounts:1.0
asked:1.0
simple:1.6931471805599454
questions:1.6931471805599454
occations:1.0
dont:2.09861228866811
understand:1.0
insulted:1.0
anyway:1.0
didnt:1.0
reply:1.6931471805599454
language:1.0
wont:1.0
1:1.0
need:1.0
2:1.0
benefit:1.0
3:1.0
time:1.0
garbages:1.0
way:1.6931471805599454
want:1.6931471805599454
know:1.6931471805599454
nationalist:1.0
arab:1.6931471805599454
1967:1.0
comonist:1.0
70s:1.0
sure:1.0
hear:1.0
name:1.0
muslim:1.0
fighter:1.6931471805599454
child:1.0
fight:1.0
armed:1.0
soldier:1.0
stone:1.0
guy:1.0
wants:1.6931471805599454
bring:1.0
justice:1.0
palestine:1.0
kicked:1.0
south:1.0
lebonon:1.0
1982:1.0
son:1.0
khomeini:1.0
honored:1.0
hezbullah:1.0
ask:1.0
rabin:1.0
knows:1.0
ten:1.0
years:1.0
george:1.0
bush:1.0
american-occupied:1.0
new:1.0
york:1.0
replaced:1.0
jimmy:1.0
carter:1.0
opinions:1.6931471805599454
employer:1.0
standard:1.0
failed:1.0
president:1.0
