jar2e:1.0
faraday.clas.virginia.edu:1.0
virginias:1.0
gentleman:1.0
subject:1.0
uva:1.6931471805599454
pete:1.0
uncalled:1.0
im:1.6931471805599454
sure:1.0
andi:1.0
beyer:1.6931471805599454
whatever:1.0
name:1.0
product:1.0
environment:1.0
came:1.0
school:1.0
enjoying:1.0
mantle:1.0
university:1.0
make:1.0
viewpoint:1.0
seem:1.0
legitimate:1.0
well-reasoned:1.0
virginia:1.0
think:1.0
maligning:1.0
poor:1.0
taste:1.0
even:1.0
slip:1.0
jesse:1.0
