bc744:1.0
cleveland.freenet.edu:1.0
mark:1.0
ira:1.0
kaufman:1.0
subject:1.0
israel:2.09861228866811
apartheid:1.6931471805599454
state:1.6931471805599454
quite:1.0
arab:1.0
citizens:1.0
rights:1.0
jews:1.0
arabs:2.09861228866811
exempt:1.0
military:1.0
service:1.0
full:1.0
voice:1.0
israeli:1.0
politics:1.0
degree:1.0
choose:1.0
get:1.0
involved:1.0
may:1.0
vote:1.0
cabinet:1.0
claim:1.6931471805599454
racist:1.0
one:1.0
based:1.0
total:1.6931471805599454
disregard:1.0
facts:1.0
hatred:1.0
