aap:2.09861228866811
wam.umd.edu:1.6931471805599454
alberto:1.0
adolfo:1.0
pinkas:1.0
subject:1.6931471805599454
israel:1.0
apartheid:1.0
state:2.9459101490553135
article:1.0
1993may10.041759.10164:1.0
colorado.edu:1.0
perlman:2.386294361119891
qso.colorado.edu:1.6931471805599454
eric:1.6931471805599454
writes:1.0
believe:2.9459101490553135
zionism:3.4849066497880004
form:2.386294361119891
racism:2.09861228866811
mean:2.09861228866811
fact:1.0
nacionalism:1.0
specific:1.0
ideas:2.09861228866811
supports:1.0
defines:2.6094379124341005
jew:2.6094379124341005
way:2.6094379124341005
wants:1.0
accomplish:1.0
goals:2.09861228866811
nothing:1.6931471805599454
hypocrisy:2.386294361119891
everything:1.0
weve:1.0
dealt:1.0
arguments:1.0
history:1.6931471805599454
net:1.6931471805599454
suffice:1.0
say:2.09861228866811
havent:1.0
succeeded:1.0
convincing:1.0
anyone:2.09861228866811
probably:1.6931471805599454
lack:1.0
basis:1.6931471805599454
want:2.09861228866811
convince:1.6931471805599454
usenet:1.0
real:1.0
world:1.6931471805599454
read:1.6931471805599454
opinions:1.0
others:1.0
sometimes:1.0
present:1.0
opinion:1.0
think:2.386294361119891
useful:1.0
exchange:1.6931471805599454
never:2.6094379124341005
wanted:1.6931471805599454
anything:1.6931471805599454
deal:1.0
certain:1.0
people:3.0794415416798357
fine:1.0
condemning:1.0
movement:1.6931471805599454
jewish:2.9459101490553135
nationalism:2.386294361119891
saying:1.6931471805599454
quite:1.6931471805599454
literally:1.0
racist:2.09861228866811
jews:2.6094379124341005
added:1.0
right:3.1972245773362196
homeland:1.6931471805599454
every:2.09861228866811
nation:1.6931471805599454
dont:1.6931471805599454
agree:1.0
suggest:1.0
dictionary:2.791759469228055
interpretation:1.0
plain:1.0
inconsistent:1.0
definition:2.09861228866811
well:1.6931471805599454
modern:1.0
first:1.6931471805599454
repeat:1.0
said:2.386294361119891
idea:1.6931471805599454
example:1.6931471805599454
racist-like:1.0
irish:1.0
support:2.09861228866811
bombing:1.0
killing:1.0
ira:1.0
heres:1.6931471805599454
youre:1.6931471805599454
wrong:1.6931471805599454
also:1.6931471805599454
know:2.09861228866811
monolithic:1.0
approaches:1.6931471805599454
widespread:1.0
ideologies:1.0
hashomer:1.0
hatzair:1.0
meir:1.0
kahane:1.6931471805599454
one:2.386294361119891
approach:1.6931471805599454
differently:1.0
different:1.6931471805599454
single:1.0
commonality:1.0
belief:1.0
like:1.6931471805599454
earth:1.0
deserve:1.0
period:1.0
makes:1.6931471805599454
zionist:1.0
movements:1.0
however:1.0
considering:1.0
rest:1.6931471805599454
long:1.0
considers:1.0
based:1.6931471805599454
religion:1.6931471805599454
consider:1.6931471805599454
80:1.6931471805599454
israeli:1.0
secular:1.6931471805599454
words:2.6094379124341005
religious:2.6094379124341005
even:1.0
g-d:1.0
interesting:1.0
point:1.0
living:1.6931471805599454
shown:1.6931471805599454
culture:1.0
includes:1.0
us:1.0
problems:1.0
judaism:1.0
define:1.6931471805599454
according:2.386294361119891
standards:1.0
marriage:1.0
stage:1.0
law:1.0
return:1.0
standard:1.0
israelis:1.0
god:1.0
become:1.0
non-jews:1.0
still:1.0
maybe:1.0
would:1.0
disregard:1.0
self-determination:1.0
palestinian:1.6931471805599454
struggle:1.0
reach:1.0
youd:1.0
place:1.0
took:1.6931471805599454
word:1.0
normal:1.0
obvious:1.0
use:1.0
english-speaking:1.0
base:1.0
analysis:1.0
misconceptions:1.0
websters:1.0
ninth:1.0
new:1.0
collegiate:1.0
merriam-webster:1.0
inc:1.0
publishers:1.0
springfield:1.0
massachusetts:1.0
u.s.a:1.0
1986:1.0
page:1.0
593:1.0
hy-poc-ri-sy:1.0
feigning:1.0
nnot:1.0
believes:1.0
simple:1.0
matter:1.0
disregarding:1.0
really:1.0
interested:1.0
instead:1.0
directly:1.0
coming:1.0
labels:1.0
hypocrat:1.0
send:1.0
mail:1.0
learning:1.0
stand:1.6931471805599454
ive:1.0
course:1.0
tend:1.0
talk:1.0
things:1.0
defined:1.0
broad:1.0
sense:1.0
center:1.0
astrophysics:1.0
space:1.0
astronomy:1.0
university:1.0
colorado:1.0
boulder:1.0
