adams:1.6931471805599454
bellini.berkeley.edu:1.0
adam:1.6931471805599454
l:1.0
schwartz:1.6931471805599454
subject:1.0
israel:2.791759469228055
apartheid:1.0
state:1.0
article:1.0
1smbma:1.0
8mr:1.0
cville-srv.wam.umd.edu:1.0
aap:1.0
wam.umd.edu:1.0
alberto:1.0
adolfo:1.0
pinkas:1.0
writes:1.0
3:1.0
decided:1.6931471805599454
go:2.09861228866811
back:2.09861228866811
land:2.09861228866811
relatives:1.0
expelled:1.0
2000:1.6931471805599454
years:1.6931471805599454
ago:1.6931471805599454
first:1.0
convert:1.0
religion:1.0
apply:2.09861228866811
law:1.6931471805599454
return:1.6931471805599454
member:1.6931471805599454
jewish:2.791759469228055
nation:2.6094379124341005
someone:1.0
whose:1.6931471805599454
mother:1.0
im:1.0
sure:1.0
hope:1.0
answer:1.0
cant:1.0
conversion:1.0
youve:1.0
elected:1.0
part:2.386294361119891
5:1.0
change:1.0
day:1.6931471805599454
converted:1.6931471805599454
loose:1.0
moment:1.0
officially:1.0
anounced:1.0
world:1.6931471805599454
consider:1.6931471805599454
suppose:2.791759469228055
father:2.386294361119891
arab:2.09861228866811
born:2.386294361119891
palestine:1.0
place:2.386294361119891
grandfather:1.0
well:1.0
20:1.6931471805599454
30:1.6931471805599454
generations:1.6931471805599454
war:1.6931471805599454
independence:1.0
scared:1.0
fighting:1.0
going:1.0
tries:1.0
take:1.0
family:2.09861228866811
secure:1.0
among:1.0
people:1.6931471805599454
knows:1.0
speak:1.0
language:1.0
understands:1.0
worship:1.0
god:1.0
country:2.6094379124341005
new:1.0
created:1.0
used:1.0
live:1.0
called:1.0
jews:1.6931471805599454
received:1.0
left:1.0
thet:1.0
200:1.0
generation:1.0
recieved:1.0
granted:1.0
full-citizenship:1.0
fathers:1.0
right:1.0
ask:1.0
recognized:1.0
way:1.0
returning:1.0
result:1.0
wars:1.0
brought:1.0
arabs:1.6931471805599454
attempt:1.0
annihilate:1.0
lost:1.0
claim:1.0
attacking:1.0
is/was:1.0
illegal:1.0
pay:1.0
price:1.0
feel:1.0
sorry:1.0
palestinians:1.0
yes:1.0
blame:1.0
nations:1.0
problems:1.0
robotics.berkeley.edu:1.0
