aap:1.6931471805599454
wam.umd.edu:1.0
alberto:1.0
adolfo:1.0
pinkas:1.0
subject:1.0
israel:2.9459101490553135
apartheid:1.0
state:1.0
article:1.0
1993may10.162032.3955:1.0
colorado.edu:1.0
perlman:2.386294361119891
qso.colorado.edu:1.6931471805599454
eric:1.6931471805599454
writes:1.0
word:1.0
utter:1.0
complete:1.0
horse:1.0
puckey:1.0
look:1.6931471805599454
term:1.0
dictionary:1.6931471805599454
ok:1.0
lets:1.0
according:1.0
zi-on-ism:1.0
international:1.0
movement:1.0
orig:1.0
establishment:2.09861228866811
jewish:2.6094379124341005
national:1.0
religious:1.6931471805599454
community:1.0
palestine:1.6931471805599454
later:1.0
support:2.09861228866811
modern:1.0
nations:1.6931471805599454
based:1.6931471805599454
principles:1.0
cultural:1.0
identities:1.0
questions:1.0
ask:2.09861228866811
anyone:1.0
answer:1.0
point:1.0
someone:1.6931471805599454
said:1.0
long:1.0
time:1.0
ago:2.386294361119891
politics:1.6931471805599454
like:1.0
men:1.0
important:1.6931471805599454
distiguish:1.0
say:1.0
actually:1.0
1:1.0
mother:1.6931471805599454
father:2.6094379124341005
apply:2.09861228866811
law:1.6931471805599454
return:2.09861228866811
get:1.6931471805599454
jew:2.6094379124341005
trying:1.0
land:2.09861228866811
family:2.386294361119891
expelled:1.6931471805599454
2000:2.09861228866811
years:2.09861228866811
2:1.0
go:2.386294361119891
back:2.6094379124341005
nationality:1.6931471805599454
would:2.791759469228055
id:1.6931471805599454
show:1.6931471805599454
3:1.6931471805599454
decided:2.09861228866811
relatives:1.0
first:1.0
convert:1.6931471805599454
religion:1.0
member:1.0
nation:1.6931471805599454
whose:1.6931471805599454
4:1.0
case:1.0
5:1.0
change:1.6931471805599454
day:1.6931471805599454
converted:1.0
loose:1.0
part:1.6931471805599454
6:1.0
suppose:2.9459101490553135
want:1.6931471805599454
married:1.0
current:1.0
wife:1.0
non-jewish:1.0
7:1.0
situation:1.0
going:1.6931471805599454
islam:1.0
one:1.0
question:1.0
believe:1.0
people:2.6094379124341005
country:2.791759469228055
care:1.0
left:1.6931471805599454
alone:1.0
arab:1.6931471805599454
born:2.386294361119891
place:2.386294361119891
grandfather:1.0
well:1.0
20:1.6931471805599454
30:1.6931471805599454
generations:1.6931471805599454
war:1.6931471805599454
independence:1.0
scared:1.0
fighting:1.0
tries:1.0
take:1.0
secure:1.0
among:1.0
knows:1.0
speak:1.0
language:1.0
understands:1.0
worship:1.0
god:1.0
new:1.0
created:1.0
used:1.0
live:1.0
called:1.0
jews:1.0
world:1.0
received:1.0
thet:1.0
200:1.0
generation:1.0
recieved:1.0
granted:1.0
full-citizenship:1.0
fathers:1.0
right:1.0
recognized:1.0
way:1.0
returning:1.0
finally:1.0
define:2.386294361119891
irrelevant:1.0
talking:1.0
zionist:1.6931471805599454
organizations:1.0
center:1.0
astrophysics:1.0
space:1.0
astronomy:1.0
university:1.0
colorado:1.0
boulder:1.0
