frie8457:1.0
mach1.wlu.ca:1.0
friedman:1.0
ishay:1.6931471805599454
subject:1.0
uva:1.0
article:1.0
1993apr27.202905.9409:1.0
virginia.edu:1.6931471805599454
ab4z:1.0
andi:1.0
beyer:1.0
writes:1.0
things:1.0
university:1.0
fun:1.0
may:1.0
admit:1.0
partying:1.0
go:1.0
consistently:1.0
ranked:1.0
one:1.0
playboys:1.0
top:1.0
party:1.0
schools:1.0
study:1.0
kind:1.0
ranking:1.0
system:1.0
used:1.0
