sadek:1.0
cbnewsg.cb.att.com:1.0
mohamed.s.sadek:1.0
subject:1.0
europe:1.0
vs:1.0
muslim:1.0
bosnians:1.0
like:1.0
mr:1.0
joseph:1.0
biden:1.0
say:1.6931471805599454
yesterday:1.0
5/11/93:1.0
senate:1.0
condemening:1.0
european:1.0
lack:1.6931471805599454
action:1.0
support:1.0
us:1.0
plans:1.0
calling:1.0
moral:1.0
rape:1.0
went:1.0
reason:1.0
right:1.0
religious:1.0
bigotry:1.0
mohamed:1.0
