golchowy:1.6931471805599454
alchemy.chem.utoronto.ca:2.09861228866811
gerald:2.09861228866811
olchowy:1.6931471805599454
subject:1.0
europe:2.386294361119891
vs:1.0
muslim:1.0
bosnians:1.0
article:1.6931471805599454
1993may12.215649.17873:1.0
walter.bellcore.com:1.0
cza:1.0
troy.cc.bellcore.com:1.0
c:1.0
akgun:1.0
writes:1.6931471805599454
1993may12.205519.1480:1.0
easy:1.0
sen:1.6931471805599454
biden:2.9459101490553135
say:1.0
us:3.302585092994046
troops:1.6931471805599454
zepa:1.0
srebinica:1.0
sarejevo:1.0
existing:1.0
un:2.6094379124341005
policy:2.9459101490553135
may:1.6931471805599454
certaining:1.0
wrong:1.6931471805599454
wants:2.09861228866811
dictate:2.09861228866811
make:1.0
responsible:2.09861228866811
consequences:1.0
bosnia:1.6931471805599454
big:1.0
enough:1.6931471805599454
problem:1.0
preach:1.0
countries:1.6931471805599454
forces:2.791759469228055
safely:1.0
tucked:1.0
away:1.0
home:1.6931471805599454
look:1.6931471805599454
nobody:1.0
asked:1.0
ground:1.0
take:1.0
well:1.6931471805599454
impose:1.0
blue:2.09861228866811
berets:2.09861228866811
country:1.0
voted:1.0
current:1.6931471805599454
mandate:1.0
security:1.0
council:1.0
could:1.0
said:2.386294361119891
wanted:1.0
veto:1.0
clinton:2.6094379124341005
demanded:1.0
removal:1.0
want:1.6931471805599454
cake:1.0
eat:1.0
asks:1.0
leave:1.0
bill:1.0
becomes:1.0
happens:1.0
friends:1.0
fight:1.0
war:1.6931471805599454
10,000:1.0
ft:1.0
long:1.0
use:1.0
scapegoat:1.0
american:2.09861228866811
indecisiveness:1.0
fully:1.0
admit:1.0
approved:1.0
major:1.0
powers:1.0
including:1.0
inappropriate:1.0
back-seat:1.0
drivers:1.0
like:2.09861228866811
bunch:1.0
hypocrites:1.0
looking:1.0
gimmick:1.0
something:1.6931471805599454
assuage:1.0
consciences:1.0
demanding:1.0
action:1.0
leadership:1.6931471805599454
european:1.0
leaders:1.0
smart:1.0
know:1.0
difference:1.6931471805599454
hot:1.6931471805599454
air:1.6931471805599454
think:1.0
senator:1.0
issue:1.0
sad:1.0
place:1.0
criticize:1.0
human:1.0
rights:1.0
anywhere:1.0
world:1.0
bigots:1.0
comes:1.0
cultural:1.0
minorty:1.0
closer:1.0
outraged:1.0
hell:1.0
doesnt:1.0
resolution:1.0
senate:1.0
declaration:1.0
commitment:1.0
full:1.0
