michael:2.09861228866811
sells:2.09861228866811
m_sells:1.6931471805599454
haverford.edu:1.6931471805599454
subject:1.6931471805599454
please:2.09861228866811
show:1.6931471805599454
washington:1.6931471805599454
dc:1.6931471805599454
bosnia:2.09861228866811
may:2.386294361119891
15th:1.6931471805599454
nick:2.09861228866811
jovanovic:1.6931471805599454
jovanovic-nick:1.6931471805599454
yale.edu:1.6931471805599454
date:1.0
12:1.0
1993:1.0
17:19:43:1.0
0400:1.0
article:1.6931471805599454
1srplfinnkth:1.0
minerva.cis.yale.edu:1.0
writes:1.6931471805599454
1sredr:1.0
72b:1.0
venus.haverford.edu:1.0
find:1.0
interesting:1.0
mr:2.09861228866811
major:2.09861228866811
finds:1.6931471805599454
genocide:2.386294361119891
two:1.0
million:1.0
muslims:2.09861228866811
acceptable:1.6931471805599454
actually:1.6931471805599454
claiming:1.6931471805599454
2,000,000:2.386294361119891
killed:2.386294361119891
b-h:1.0
substantiate:1.0
utterly:1.0
ridiculous:1.0
claim:1.6931471805599454
im:1.0
middle:1.0
process:1.0
given:1.0
yet:1.0
another:1.0
green:1.0
light:1.0
mladic:1.6931471805599454
seems:1.0
wants:1.0
boban:1.0
getting:1.0
appetite:1.0
whetted:1.0
refuses:1.0
allow:1.0
international:1.0
observers:1.0
inspect:1.0
mass-grave:1.0
sites:1.0
killing:1.6931471805599454
centers:1.0
places:1.0
like:1.0
foca:1.0
brcko:1.0
visegrad:1.0
years:1.6931471805599454
accurate:1.0
account:1.0
number:1.0
practical:1.0
terms:1.0
would:1.0
impossible:1.0
kill:1.6931471805599454
isnt:1.0
kind:1.0
machinery:1.0
crematoria:1.0
gas:1.0
chambers:1.0
transportation:1.0
lines:1.0
nazis:1.6931471805599454
took:1.0
8:1.0
develop:1.0
remember:1.0
minorities:1.0
countries:1.0
occupied:1.0
42:1.0
population:1.0
requires:1.0
extreme:1.0
genocidal:1.0
organization:1.0
goal:1.0
systematic:1.0
annihilation:1.0
bosnian:1.0
muslim:1.0
culture:1.6931471805599454
many:1.0
feasible:1.0
rape:1.0
torture:1.0
demolition:1.0
mosques:1.0
libraries:1.0
artificts:1.0
burning:1.0
renaming:1.0
villages:1.0
shelling:1.0
civilians:1.0
wont:1.0
whose:1.0
lives:1.0
shattered:1.0
though:1.0
still:1.0
alive:1.0
helps:1.0
along:1.0
making:1.0
sure:1.0
victims:1.0
dont:1.0
arms:1.0
defend:1.0
mike:1.0
department:1.0
religion:1.0
haverford:1.6931471805599454
college:1.0
pa:1.0
19041-1392:1.0
