david:1.6931471805599454
gotlieb:1.6931471805599454
rcbs944:1.0
haifauvm.bitnet:1.0
subject:1.0
error:1.0
condition:1.0
want:1.0
subscribe:1.0
located:1.0
israel:1.0
name:1.0
