arnsenad:1.0
me.utoronto.ca:1.0
senad:1.6931471805599454
arnautovic:1.0
subject:1.0
europe:1.0
vs:1.0
muslim:1.0
bosnians:1.0
jovanovic-nick:1.0
yale.edu:1.0
nick:1.6931471805599454
jovanovic:1.0
writes:1.6931471805599454
article:1.0
1srespinnsua:1.0
mojo.eng.umd.edu:1.0
josip:1.6931471805599454
eng.umd.edu:1.0
loncaric:1.0
conditions:1.0
easy:1.0
serbs:2.386294361119891
play:1.0
divide-and-conquer:1.0
game:1.0
get:1.0
muslims:2.09861228866811
croats:2.09861228866811
strong:1.0
common:1.0
divided:2.09861228866811
croatia:1.6931471805599454
bosnia-hercegovina:1.6931471805599454
attempted:1.0
secede:1.0
yugoslavia:1.6931471805599454
ripping:1.0
2,000,000:1.0
property:1.0
least:1.0
70,000:1.0
left:1.6931471805599454
serbian:1.0
province:1.0
vojvodina:1.0
200,000:1.0
region:1.0
sanjak:1.0
belongs:1.0
serbia:2.09861228866811
want:1.0
self-determination:1.0
right:1.0
given:1.0
albanians:1.0
hungarians:1.0
exempted:1.0
