jovanovic-nick:1.0
yale.edu:1.0
nick:1.6931471805599454
jovanovic:1.0
subject:1.0
europe:1.0
vs:1.0
muslim:1.0
bosnians:1.0
article:1.0
c6z45i.h4k:1.0
me.utoronto.ca:1.6931471805599454
arnsenad:1.0
senad:1.0
arnautovic:1.0
writes:1.0
croats:2.386294361119891
divided:2.791759469228055
least:1.0
70,000:1.0
left:1.6931471805599454
serbian:1.0
province:1.0
vojvodina:1.0
muslims:2.386294361119891
200,000:1.0
region:1.0
sanjak:1.0
belongs:1.0
serbia:2.09861228866811
croatia:2.386294361119891
seceded:1.6931471805599454
yugoslavia:2.791759469228055
b-h:2.386294361119891
one:1.6931471805599454
country:1.6931471805599454
decided:1.0
divide:1.6931471805599454
give:1.0
right:1.0
serbs:1.0
shoulder:1.0
burden:1.0
dividing:1.0
nations:1.0
among:1.0
various:1.0
unstable:1.0
countries:1.0
