cshi:1.0
cs.ulowell.edu:1.0
godada:1.0
shi:1.0
subject:1.0
egypt:1.6931471805599454
cuts:1.0
phone:1.0
lines:1.0
independent:1.0
muslim:1.0
states:1.0
article:1.0
benali.737302463:1.0
alcor:1.0
benali:1.0
alcor.concordia.ca:1.0
ilyess:1.0
b:1.0
bdira:1.0
writes:1.6931471805599454
clarinews:1.0
clarinet.com:1.0
bahaa:1.0
elkoussy:1.0
comes:1.0
human:1.0
rights:1.0
ethics:1.0
principles:1.0
ignored:1.0
western:1.0
media:1.0
wonder:1.0
pretending:1.0
knowing:1.0
obedient:1.0
west:1.0
must:1.0
evil:1.0
