dbd:1.6931471805599454
urartu.sdpa.org:1.6931471805599454
david:1.6931471805599454
davidian:1.6931471805599454
subject:1.6931471805599454
five:2.6094379124341005
russian:3.302585092994046
soldiers:2.6094379124341005
sentenced:2.09861228866811
death:2.09861228866811
azerbaijan:2.386294361119891
may:1.0
13:1.0
1993:1.0
moscow:2.09861228866811
upi:1.0
served:1.0
russias:1.0
7th:1.6931471805599454
army:2.09861228866811
stationed:1.6931471805599454
armenia:2.09861228866811
azerbaijani:1.6931471805599454
capital:1.6931471805599454
baku:2.386294361119891
thursday:1.0
allegedly:1.0
carrying:1.0
diversions:1.6931471805599454
killing:1.0
30:1.0
azeri:2.6094379124341005
statement:2.386294361119891
released:1.0
news:1.6931471805599454
service:1.0
president:2.09861228866811
abulfaz:1.0
elchibey:1.6931471805599454
said:2.6094379124341005
sentence:1.6931471805599454
final:1.0
protest:1.0
appeal:2.09861228866811
state:1.0
agency:1.0
itar-tass:1.6931471805599454
reported:1.0
foreign:1.6931471805599454
ministry:1.6931471805599454
issued:1.0
men:2.386294361119891
handed:1.0
authorities:1.6931471805599454
punishment:1.6931471805599454
would:1.0
accord:1.0
modern:1.0
standards:1.0
humanity:1.6931471805599454
towards:1.0
committed:1.0
crimes:1.0
reads:1.0
together:1.0
another:1.0
soldier:1.0
received:1.0
15-year:1.0
prison:1.0
captured:1.0
september:1.0
1992:1.0
police:1.0
kelbadzhar:1.0
district:1.0
nagorno-karabakh:2.09861228866811
supreme:1.0
court:1.0
gone:1.0
special:1.0
training:1.0
company:1.0
armenian:1.6931471805599454
yerevan:1.6931471805599454
sent:1.6931471805599454
across:1.0
armenian-azeri:1.0
border:1.0
carry:1.0
troops:1.0
however:1.0
claimed:1.6931471805599454
deserted:1.0
fighting:2.09861228866811
mercenaries:1.6931471805599454
armed:1.0
forces:1.0
battle:1.0
zone:1.0
round:1.0
karabakh:1.6931471805599454
armenian-populated:1.0
enclave:1.0
within:1.0
years:1.0
independence:1.0
war:1.6931471805599454
left:1.6931471805599454
many:1.0
thousands:1.6931471805599454
dead:1.0
uprooted:1.0
hundreds:1.0
homes:1.0
always:1.0
servicemen:1.0
caucasian:1.0
republics:1.0
behind:1.0
break-up:1.0
soviet:1.0
union:1.0
side:1.0
repeatedly:1.0
appealed:1.0
government:1.0
show:1.0
leniency:1.0
treatment:1.0
six:1.0
hand:1.0
boris:1.0
yeltsin:1.0
letter:1.0
request:1.0
counterpart:1.0
defense:1.0
attorneys:1.0
lodged:1.0
clemency:1.0
learned:1.0
lesson:1.0
s.d.p.a:1.0
center:1.0
regional:1.0
studies:1.0
anatolia:1.0
forgotten:1.0
p.o:1.0
box:1.0
382761:1.0
inflicted:1.0
4/14/93:1.0
cambridge:1.0
02238:1.0
late:1.0
turkish:1.0
turgut:1.0
ozal:1.0
