subject:1.0
mufti:1.6931471805599454
meanwhile:1.0
support:1.0
genocide:1.0
bosnians:1.0
yaakov:1.6931471805599454
kayman:1.0
yzkcu:1.6931471805599454
cunyvm.bitnet:1.0
condemn:1.6931471805599454
nazi:1.0
leanings:1.0
supporters:1.0
also:1.0
condemning:1.0
similarly:1.0
genocidal:1.0
killing:1.0
innocents:1.0
muslim:1.0
bosnoia-herzegovina:1.0
hatred:1.0
bigotry:1.0
remain:1.0
matter:1.0
practices:1.0
k:1.0
internet:1.0
cunyvm.cuny.edu:1.0
