arf:1.0
genesis.mcs.com:1.0
jack:1.0
schmidling:1.0
subject:1.0
news:1.0
missed:1.0
article:1.6931471805599454
c6vext.lxn:1.0
bony1.bony.com:1.6931471805599454
jake:1.6931471805599454
livni:1.0
writes:1.6931471805599454
1993may7.175730.12246:1.0
ncsu.edu:1.0
hernlem:1.6931471805599454
chess.ncsu.edu:1.0
brad:1.0
british:1.0
iranians:1.0
uae:1.0
refer:1.0
occupied:1.6931471805599454
territory:2.09861228866811
mean:1.0
dispute:1.0
israel:1.0
affairs:1.0
suppose:1.0
reason:1.0
jews:1.0
call:1.0
judea:1.0
sumaria:1.0
called:1.0
propaganda:1.0
repeat:1.0
lies:1.0
often:1.0
enough:1.0
people:1.0
start:1.0
believe:1.0
js:1.0
