hernlem:1.6931471805599454
chess.ncsu.edu:1.0
brad:1.0
subject:1.0
egyptian:2.386294361119891
arrested:1.6931471805599454
mock:1.6931471805599454
threat:1.6931471805599454
blow:2.09861228866811
irans:1.6931471805599454
paris:2.386294361119891
mission:1.6931471805599454
copyright:1.0
1993:1.0
agence:1.6931471805599454
france:1.6931471805599454
presse:1.6931471805599454
headline:1.0
dateline:1.0
body:1.0
april:1.0
16:1.0
afp:1.0
man:1.6931471805599454
held:1.0
police:1.6931471805599454
bay:1.0
several:1.6931471805599454
hours:1.0
outside:1.6931471805599454
iranian:1.0
embassy:1.6931471805599454
threatening:1.0
building:1.0
protest:1.0
terrorism:1.0
fundamentalism:1.6931471805599454
thirties:1.0
identified:1.0
national:1.0
displayed:1.0
banner:1.0
gate:1.0
said:1.0
possession:1.0
sticks:1.0
dynamite:1.0
threatened:1.0
set:1.0
later:1.0
surrendeed:1.0
quietly:1.0
blocked:1.0
neighborhood:1.0
saying:1.0
wanted:1.0
attract:1.0
media:1.0
attention:1.0
dangers:1.0
islamic:1.0
