eggertj:1.6931471805599454
moses.ll.mit.edu:1.0
jim:2.09861228866811
eggert:1.6931471805599454
x6127:1.0
g41:1.0
subject:1.0
news:1.0
missed:1.0
article:1.0
1993may14.131657.24550:1.0
jarvis.csri.toronto.edu:1.0
gfeygin:1.0
unicorn.eecg.toronto.edu:1.0
gennady:1.0
feygin:1.0
writes:1.0
actually:1.0
judea:1.0
samaria:1.0
proper:1.0
geographical:1.0
names:1.0
like:1.0
asia:1.0
minor:1.0
lake:1.0
michigan:1.0
another:1.0
name:1.0
region:1.0
cis-jordan:1.0
ll.mit.edu:1.0
