jake:2.386294361119891
bony1.bony.com:1.6931471805599454
livni:1.6931471805599454
subject:1.0
labours:1.0
enclaves:1.0
policy.important:1.0
article:1.0
1483500378:1.0
igc.apc.org:1.6931471805599454
center:1.0
policy:1.0
research:1.0
cpr:1.0
real:1.0
life:1.0
elias:1.0
davidson:1.0
quotes:1.0
israel:1.0
shahak:1.0
nutcase:1.0
quoting:1.0
crackpot:1.0
next:1.0
time:1.0
post:1.0
rec.humor:1.0
perhaps:1.0
alt.conspiracy:1.0
ten:1.0
years:1.0
george:1.0
bush:1.0
american-occupied:1.0
new:1.0
york:1.0
replaced:1.0
jimmy:1.0
carter:1.0
opinions:1.6931471805599454
employer:1.0
standard:1.0
failed:1.0
president:1.0
