steel:1.6931471805599454
hal.gnu.ai.mit.edu:1.0
nick:1.0
subject:1.0
west:1.6931471805599454
bank:1.6931471805599454
baseball:1.6931471805599454
reported:1.0
national:1.0
league:1.0
spotted:1.0
recruiting:1.0
pitchers:1.0
