squraishi:1.0
trentu.ca:1.0
subject:1.0
organization:2.09861228866811
islamic:1.0
conference:1.6931471805599454
dear:1.0
friends:1.0
hi:1.0
need:1.6931471805599454
information:1.6931471805599454
ofislamic:1.0
oic:1.0
anyone:1.0
know:1.6931471805599454
books:1.0
articles:1.0
journals:1.0
contains:1.0
regarding:1.0
would:1.0
please:1.0
send:1.0
e.mail:1.0
address:1.0
thank:1.0
advance:1.0
hope:1.0
hear:1.0
soon:1.0
since:1.0
thisat:1.0
present:1.0
regards:1.0
aziz:1.0
