center:1.6931471805599454
policy:1.6931471805599454
research:1.6931471805599454
cpr:1.6931471805599454
igc.apc.org:1.0
subject:1.6931471805599454
help:2.386294361119891
palestinian:3.772588722239781
education:2.9459101490553135
educational:3.0794415416798357
network:3.0794415416798357
11:1.6931471805599454
april:1.0
1993:1.0
publ:1.0
ramallah:1.6931471805599454
friends:1.0
schools:2.386294361119891
p.o.box:1.0
66:1.0
west:1.0
bank:1.0
via:1.0
israel:1.0
tel:1.0
972-2-956230:1.0
fax:1.0
972-2-956231:1.0
many:1.0
readers:1.0
written:1.0
us:1.0
asking:1.0
individuals:1.0
organizations:1.0
compiled:1.0
list:1.0
suggestions:1.0
guide:2.09861228866811
interested:1.0
pursuing:1.0
one:2.09861228866811
suggested:1.0
activities:1.0
aid:1.0
coordinating:1.0
initial:1.0
contacts:1.0
following:1.0
providing:1.0
support:2.09861228866811
may:1.0
need:1.0
1:1.0
link:1.0
teachers:2.791759469228055
union:2.791759469228055
linkage:1.0
based:1.0
shared:1.0
pedagogical:1.6931471805599454
enterprise:1.0
2:1.0
get:1.0
actively:1.6931471805599454
right:1.6931471805599454
occupied:2.386294361119891
territories:2.386294361119891
form:1.6931471805599454
unions:1.6931471805599454
international:2.09861228866811
labor:1.0
organization:1.0
member:1.0
b:2.09861228866811
contacting:1.0
supported:1.0
supply:1.6931471805599454
names:1.0
addresses:1.0
3:1.0
establish:2.09861228866811
scholarship:1.6931471805599454
fund:1.6931471805599454
students:1.6931471805599454
study:1.6931471805599454
university:1.6931471805599454
school:2.9459101490553135
student:1.0
teacher:2.386294361119891
abroad:1.6931471805599454
4:1.0
reproduce:1.0
publish:1.0
information:2.09861228866811
membership:1.0
outside:1.0
community:1.0
up-to-date:1.0
statistics:1.0
5:1.0
send:2.386294361119891
delegations:1.0
visit:2.09861228866811
periods:1.0
session:1.0
arrange:1.0
itinerary:1.0
make:1.0
hotel:1.0
local:1.0
travel:1.6931471805599454
arrangements:1.0
provide:1.0
6:1.0
sponsor:1.0
city:1.0
tour:1.0
see:1.0
speak:1.6931471805599454
educators:1.0
order:1.0
learn:1.0
progressive:1.0
ideas:1.6931471805599454
experiences:1.0
conditions:1.0
coordinate:1.0
palestine:1.6931471805599454
7:1.0
teacher-exchange:1.0
programs:1.0
year:1.6931471805599454
private:2.09861228866811
teaches:1.0
public:1.0
spends:1.0
8:1.0
experienced:1.0
educator:1.0
give:1.0
workshops:2.09861228866811
all-day:1.0
two:1.0
day:1.0
innovative:1.6931471805599454
teaching:1.0
techniques:1.0
pay:1.0
persons:1.0
food:1.0
lodging:1.0
serve:1.0
9:1.0
set:1.6931471805599454
pen-pal:1.0
program:1.6931471805599454
either:1.0
english:1.0
french:1.0
10:1.0
sister-school:1.0
would:1.0
involve:1.0
well:1.0
great:1.0
tool:1.0
building:1.0
understanding:1.0
mutual:1.0
sensitivity:1.0
keep:1.0
informed:1.0
important:1.0
conferences:1.0
attend:1.0
12:1.0
articles:1.0
writings:1.0
books:1.0
dealing:1.0
approaches:1.0
field:1.0
disseminate:1.0
locally:1.0
13:1.0
development:1.0
project:1.0
