effie:1.0
eskimo.com:1.0
herb:1.0
effron:1.0
subject:1.0
rabin:1.0
palestinians:2.09861228866811
kapos:1.0
providing:1.0
safety:1.0
security:1.0
ones:1.0
people:2.09861228866811
fundamental:1.0
responsibility:2.09861228866811
political:1.6931471805599454
entity:1.0
palestinian:2.791759469228055
leadership:1.6931471805599454
refuse:1.0
accept:1.0
i.e:1.0
take:1.0
protect:1.0
radical:1.6931471805599454
elements:1.6931471805599454
opposed:1.0
peace:1.0
process:1.0
reprehensible:1.0
argue:1.0
police:1.0
force:1.0
would:1.0
established:1.0
order:1.0
control:1.6931471805599454
peaceful:1.0
groups:1.0
reinforces:1.0
reality:1.0
far:1.0
exercise:1.0
effectively:1.0
deal:1.0
killing:1.0
problem:1.0
solved:1.0
