eggertj:1.6931471805599454
moses.ll.mit.edu:1.0
jim:2.09861228866811
eggert:1.6931471805599454
x6127:1.0
g41:1.0
subject:1.0
chomsky:2.09861228866811
caught:1.0
tail:1.0
end:1.0
piece:1.0
npr:1.6931471805599454
national:1.0
public:1.0
radio:1.0
apparently:1.0
new:1.0
documentary:2.09861228866811
concepts:1.0
propagandist:1.0
news:1.0
media:1.0
west:1.0
funny:1.0
thing:1.0
painted:1.0
positive:1.6931471805599454
light:1.0
least:1.0
ended:1.0
report:1.0
way:1.0
showing:1.0
cities:1.6931471805599454
us:1.0
open:1.0
june:1.0
sorry:1.0
forgot:1.0
title:1.0
ll.mit.edu:1.0
