kunda:1.6931471805599454
hanuman.eng.sun.com:1.0
ramachandra:1.0
p:1.0
subject:1.0
serbs:1.6931471805599454
get:1.6931471805599454
ammunition:1.0
trying:1.0
follow:1.0
current:1.0
conflict:1.0
former:1.0
yugoslavia:1.0
one:1.0
thing:1.0
figure:1.0
croats:1.0
weapons:1.0
etc:1.0
dont:1.0
run:1.0
ram:1.0
