oaf:1.0
zurich.ai.mit.edu:1.0
oded:1.0
feingold:1.0
subject:1.0
netanyahu:1.6931471805599454
stoned:1.0
anas:1.6931471805599454
omran:1.0
since:1.0
jews:1.0
way:1.0
find:1.0
leader:1.0
follow:1.0
much:1.0
paying:1.0
write:1.0
