kste:1.6931471805599454
vm.cc.purdue.edu:1.0
kerry:1.6931471805599454
stephenson:1.0
subject:1.0
request:1.0
research:1.6931471805599454
subjects:1.0
please:1.6931471805599454
excuse:1.0
interruption:1.0
seeking:1.0
pro-life:1.0
activists:1.0
fill:1.0
13-page:1.0
questionnaire:1.0
attitutes:1.0
opinions:1.0
activities:1.0
would:1.0
willing:1.0
participate:1.0
email:1.0
privately:1.0
purccvm.bitnet:1.0
replies:1.0
questionnaires:1.0
made:1.0
anonymous:1.0
prior:1.0
printout:1.0
kept:1.0
confidential:1.0
thank:1.0
much:1.0
help:1.0
purdue:1.0
note:1.0
dont:1.0
normally:1.0
accept:1.0
postings:1.0
abortion:1.0
isnt:1.0
invitation:1.0
discussion:1.0
group:1.0
clh:1.0
