petch:1.6931471805599454
gvg47.gvg.tek.com:1.0
chuck:1.0
subject:1.0
daily:1.0
verse:1.0
devoted:1.0
one:1.6931471805599454
another:1.6931471805599454
brotherly:1.0
love:1.0
honor:1.0
romans:1.0
12:10:1.0
