rolfe:2.6094379124341005
dsuvax.dsu.edu:1.6931471805599454
tim:1.6931471805599454
subject:1.0
lazarus:2.09861228866811
smell:1.0
like:1.0
discussion:1.0
jesus:1.0
spoke:1.0
aloud:1.0
come:1.6931471805599454
im:1.0
surprised:1.0
one:1.0
noticed:1.0
verse:1.0
immediately:1.0
preceeding:1.0
jn:1.0
12:41:1.0
father:1.0
thank:1.0
listening:1.0
though:1.0
knew:1.0
always:1.0
listen:1.0
said:1.0
sake:1.6931471805599454
people:1.0
standing:1.0
around:1.0
may:1.0
believe:1.0
made:1.0
messenger:1.0
goodspeed:1.0
translation:1.0
guess:1.0
also:1.0
crowd:1.0
junior.dsu.edu:1.0
rolfet:1.0
columbia.dsu.edu:1.0
