daniels:1.0
math.ufl.edu:1.0
tvs:1.0
big:1.0
dealer:1.0
subject:1.0
prayer:1.6931471805599454
jesus:2.386294361119891
name:2.09861228866811
hmm:1.0
makes:1.0
wonder:1.0
whether:1.6931471805599454
means:1.0
saying:1.0
simply:1.0
things:1.0
attitude:1.0
belong:1.0
frank:1.0
