teama:1.0
bucknell.edu:1.6931471805599454
meyers:1.0
subject:1.0
doug:1.6931471805599454
sturm:1.6931471805599454
anyone:1.0
familiar:1.0
please:1.0
post:1.0
think:1.0
