xx155:1.0
yfn.ysu.edu:1.0
family:1.0
magazine:1.0
sysops:1.0
subject:1.0
witness:2.09861228866811
proof:1.0
christs:2.09861228866811
resurrection:3.0794415416798357
immmmmmmmmmmmmmmmmmmmmmmmmmmmmmmmmmmmmmmmmmmmmmmmmmmmmmmmmmm:1.0
h:2.09861228866811
e:2.9459101490553135
w:1.0
n:1.6931471805599454
p:1.0
r:2.791759469228055
f:2.09861228866811
j:1.0
u:1.6931471805599454
c:1.6931471805599454
hmmmmmmmmmmmmmmmmmmmmmmmmmmmmmmmmmmmmmmmmmmmmmmmmmmmmmmmmmmm:1.0
lord:1.0
jesus:3.0794415416798357
christ:3.772588722239781
mark:2.386294361119891
8:31:1.0
began:1.0
teach:1.0
son:1.6931471805599454
man:2.386294361119891
must:2.09861228866811
suffer:2.09861228866811
many:1.6931471805599454
things:1.0
rejected:1.0
elders:1.0
chief:1.0
priests:1.0
scribes:1.0
killed:1.6931471805599454
three:2.09861228866811
days:2.09861228866811
rise:3.1972245773362196
9:31:1.0
teaching:1.0
disciples:2.09861228866811
telling:1.0
delivered:1.6931471805599454
hands:1.0
men:1.6931471805599454
kill:2.09861228866811
later:1.6931471805599454
10:34:1.0
mock:1.0
spit:1.0
upon:1.6931471805599454
scourge:1.0
12:26:1.0
regarding:1.0
fact:1.6931471805599454
dead:3.5649493574615367
read:1.0
book:1.0
moses:1.0
passage:1.0
burning:1.0
bush:1.0
god:3.302585092994046
spoke:1.0
saying:1.6931471805599454
abraham:1.0
isaac:1.0
jacob:1.0
luke:1.6931471805599454
18:33:1.0
scourged:1.0
third:2.09861228866811
day:2.09861228866811
24:46:1.0
said:1.6931471805599454
thus:1.0
written:1.0
john:1.6931471805599454
11:25:1.0
life:1.6931471805599454
believes:1.0
shall:1.6931471805599454
live:1.0
even:2.6094379124341005
dies:1.0
20:9:1.0
yet:1.6931471805599454
understand:1.0
scripture:1.0
acts:1.0
17:3:1.0
explaining:1.0
giving:1.0
evidence:1.0
proclaiming:1.0
apostle:1.6931471805599454
paul:1.0
1:2.09861228866811
corinthians:1.0
15:1-26:1.0
make:1.0
known:1.0
brethren:1.6931471805599454
gospel:1.0
preached:2.09861228866811
also:3.1972245773362196
received:1.6931471805599454
stand:1.6931471805599454
2:1.6931471805599454
saved:1.0
hold:1.0
fast:1.0
word:1.0
unless:1.0
believed:1.6931471805599454
vain:2.386294361119891
3:1.6931471805599454
first:2.09861228866811
importance:1.0
died:1.0
sins:1.6931471805599454
according:1.6931471805599454
scriptures:1.6931471805599454
4:1.6931471805599454
buried:1.0
raised:3.302585092994046
5:1.6931471805599454
appeared:2.386294361119891
cephas:1.0
twelve:1.0
6:1.0
five:1.0
hundred:1.0
one:1.6931471805599454
time:1.0
remain:1.0
fallen:1.6931471805599454
asleep:2.09861228866811
7:1.0
james:1.0
apostles:1.6931471805599454
8:1.0
last:1.6931471805599454
untimely:1.0
born:1.0
9:1.0
least:1.0
fit:1.0
called:1.0
persecuted:1.0
church:1.0
10:1.0
grace:2.09861228866811
toward:1.0
prove:1.0
labored:1.0
11:1.0
whether:1.0
preach:1.0
12:1.0
among:1.0
say:1.0
13:1.0
14:1.0
preaching:1.0
faith:1.6931471805599454
15:1.0
moreover:1.0
found:1.0
false:1.0
witnesses:1.0
witnessed:1.0
raise:1.0
16:1.0
17:1.0
worthless:1.0
still:1.0
18:1.0
perished:1.0
19:1.0
hoped:1.0
pitied:1.0
20:2.09861228866811
fruits:1.6931471805599454
21:1.0
since:1.0
came:1.6931471805599454
death:1.6931471805599454
22:1.0
adam:1.0
die:1.0
made:1.0
alive:1.0
23:1.0
order:1.0
coming:1.0
24:1.0
comes:1.0
end:1.0
delivers:1.0
kingdom:1.0
father:1.0
abolished:1.6931471805599454
rule:1.0
authority:1.0
power:1.0
25:1.0
reign:1.0
put:1.0
enemies:1.6931471805599454
feet:1.0
26:1.0
enemy:1.0
logical:1.0
proofs:1.0
jesuss:1.0
would:2.09861228866811
stolen:2.09861228866811
body:2.386294361119891
perpetrated:1.0
opposite:1.0
desired:1.0
could:1.0
pontius:1.0
pilate:1.0
established:1.0
guards:1.0
watch:1.0
tomb:1.0
lest:1.0
sadly:1.0
ironically:1.0
believe:1.0
risen:1.0
nearly:1.6931471805599454
centuries:1.6931471805599454
ever:1.0
produced:1.0
refute:1.0
assertion:1.0
indeed:1.0
probability:1.0
able:1.0
perpetrate:1.0
hoax:1.0
successfully:1.0
entire:1.0
world:1.0
astronomically:1.0
negative:1.0
