jodfishe:1.0
silver.ucs.indiana.edu:1.0
joseph:1.0
dale:1.0
fisher:1.6931471805599454
subject:1.0
salvation:1.6931471805599454
deeds:1.0
another:1.0
guess:1.0
riddle:1.0
would:1.0
saved:1.0
joe:1.0
