jodfishe:1.0
silver.ucs.indiana.edu:1.0
joseph:1.0
dale:1.0
fisher:1.6931471805599454
subject:1.0
revelations:1.0
doesnt:1.0
contradict:1.0
church:2.09861228866811
last:1.6931471805599454
time:1.0
however:1.0
use:1.0
bolster:1.0
evident:1.0
many:1.0
letters:1.6931471805599454
instance:1.0
paul:1.0
talks:1.0
super-apostles:1.0
corinthians:1.6931471805599454
2:2.09861228866811
11-12:1.0
mentions:1.0
people:1.0
led:1.0
away:1.0
miracles:1.0
signs:1.0
wonders:1.0
thessalonians:1.0
2:9-12:1.0
tells:1.0
timothy:2.09861228866811
clear:1.0
abandon:1.0
faith:1.0
teach:1.0
lies:1.0
1:1.0
4:1-3:1.0
search:1.0
teachers:1.0
suit:1.0
want:1.0
hear:1.0
4:3-4:1.0
passages:1.0
go:1.0
throughout:1.0
jesus:2.386294361119891
warn:1.0
matthew:1.6931471805599454
24:4-14:1.0
look:1.0
promise:1.0
part:1.0
verse:1.0
14:1.0
gospel:1.0
kingdom:1.0
preached:1.0
whole:1.0
world:1.0
testimony:1.0
nations:1.0
end:1.0
come:1.0
even:1.0
today:1.0
false:1.0
teachings:1.0
name:1.0
two:1.0
well:1.6931471805599454
familiar:1.0
non-need:1.0
baptism:1.6931471805599454
praying:1.0
life:1.0
salvation:1.0
taught:1.6931471805599454
dead:1.0
wrong:1.0
taken:1.0
context:1.0
verses:1.0
interpreted:1.0
others:1.0
plain:1.0
made:1.0
way:1.0
given:1.0
luke:2.09861228866811
9:23-26:1.0
14:25-33:1.0
commands:1.0
28:18-20:1.0
founded:1.0
though:1.0
alive:1.0
persecuted:1.6931471805599454
much:1.0
back:1.0
laws:1.0
wont:1.0
allow:1.0
yet:1.0
joe:1.0
peace:1.0
lou:1.6931471805599454
nunez:1.0
e-mail:1.0
lnunez:1.0
vaxa.stevens-tech.edu:1.0
ps:1.6931471805599454
42:1.0
43:1.0
4:1.0
90:1.0
91:1.0
5-6:1.0
dn:1.0
3:52-90:1.0
ml:1.0
1:11:1.0
ad:1.6931471805599454
altare:1.0
dei:1.0
deum:1.0
qui:1.0
laetificat:1.0
juventutem:1.0
meam:1.0
1cor:1.6931471805599454
4:15:1.0
mt:1.0
16:13-19:1.0
13:1-13:1.0
10:25-37:1.0
