jodfishe:1.0
silver.ucs.indiana.edu:1.0
joseph:1.0
dale:1.0
fisher:1.6931471805599454
subject:1.0
ancient:1.0
books:1.0
course:1.0
id:1.0
still:1.0
recommend:1.0
michael:1.6931471805599454
read:1.0
true:1.0
reasonable:1.0
douglas:1.0
jacoby:1.0
joe:1.0
oh:1.0
wait:1.0
see:1.0
dents:1.0
armor:1.0
faith:1.0
hasnt:1.0
wavered:1.0
since:1.0
day:1.0
became:1.0
disciple:1.0
may:1.0
want:1.0
try:1.0
sometime:1.0
life-changing:1.0
