steve.hayes:1.0
f22.n7101.z5.fidonet.org:1.0
subject:1.0
sin:2.386294361119891
09:1.0
apr:1.0
93:1.0
jill:1.0
anne:1.0
daley:1.0
writes:1.0
jad:1.6931471805599454
exactly:1.0
definition:1.0
examples:1.0
person:1.0
know:1.0
committing:1.0
answer:1.0
briefly:1.0
falling:1.0
short:1.0
glory:1.0
god:1.0
romans:1.0
3:23:1.0
steve:1.0
golded:1.0
2.40:1.0
