dlecoint:1.0
garnet.acns.fsu.edu:1.0
darius_lecointe:1.0
subject:1.0
revelations:1.0
hudson:1.6931471805599454
athena.cs.uga.edu:1.0
paul:1.0
jr:1.0
writes:1.0
biblical:1.0
prophecy:1.6931471805599454
tends:1.0
somewhat:1.0
cyclical:1.0
example:1.0
virgin:1.0
isaiah:1.0
also:1.0
prophecied:1.0
christ:1.0
apply:1.6931471805599454
book:1.0
revelation:1.0
regard:1.0
perterist:1.0
view:1.0
much:1.0
ot:1.0
prophecies:1.6931471805599454
double:1.0
application:1.0
jewish:1.0
captivity:1.0
end:1.0
time:1.0
rev:1.0
dated:1.0
ad96:1.0
could:1.0
ad70:1.0
destructioin:1.0
jerusalem:1.0
darius:1.0
