jodfishe:1.0
silver.ucs.indiana.edu:1.0
joseph:1.0
dale:1.0
fisher:1.6931471805599454
subject:1.0
christ:1.0
references:1.6931471805599454
ot:1.6931471805599454
adam:1.0
finished:1.0
study:1.6931471805599454
looking:1.0
prophecies:1.0
fulfilled:1.0
going:1.0
found:1.6931471805599454
508:1.0
starting:1.0
show:1.0
fulfillment:1.0
missed:1.0
needless:1.0
say:1.0
post:1.0
however:1.0
intend:1.0
publish:1.0
process:1.0
organizing:1.0
showing:1.0
fulfillments:1.0
ready:1.0
write:1.0
send:1.0
publisher:1.0
luck:1.0
and/or:1.0
free:1.0
time:1.0
finally:1.0
done:1.0
sometime:1.0
around:1.0
september:1.0
hope:1.0
joe:1.0
