heath:1.6931471805599454
athena.cs.uga.edu:1.6931471805599454
terrance:1.6931471805599454
subject:1.0
pantheism:1.0
environmentalism:1.0
article:1.0
apr.11.01.02.34.1993.17784:1.0
athos.rutgers.edu:1.0
steve.hayes:1.0
f22.n7101.z5.fidonet.org:1.0
writes:1.0
realize:1.0
im:1.0
entering:1.0
discussion:1.0
rather:1.0
late:1.0
one:1.0
question:1.0
wasnt:1.0
reagan:1.0
appointee:1.0
james:1.0
watt:1.0
pentacostal:1.0
christian:1.0
think:1.0
secretary:1.0
interior:1.0
saw:1.0
problem:1.0
deforestation:1.0
since:1.0
living:1.0
last:1.6931471805599454
days:1.0
would:1.0
generation:1.0
see:1.0
redwoods:1.0
anyway:1.0
heathheath:1.0
comfort:1.0
silence:1.0
act-up:1.0
fight:1.0
back:1.6931471805599454
talk:1.0
