luom:1.6931471805599454
storm.cs.orst.edu:1.6931471805599454
luo:1.0
martha:1.0
baoming:1.0
subject:1.0
summer:1.0
program:1.6931471805599454
anyone:1.0
know:1.0
good:1.0
decipleship:1.0
trainning:1.0
min:1.0
august:1.0
end:1.0
sept:1.0
missionary:1.6931471805599454
programs:1.0
currently:1.0
belong:1.0
alliance:1.0
church:1.0
oregon:1.0
please:1.0
reply:1.0
mail:1.0
thanks:1.0
