vic:1.6931471805599454
mmalt.guild.org:1.0
kulikauskas:1.0
subject:1.0
eternity:1.0
hell:2.09861228866811
moderator:1.0
writes:1.0
im:1.0
inclined:1.0
read:1.0
descriptions:1.0
lake:1.0
fire:1.0
indicating:1.0
annihilation:1.0
however:1.0
thats:1.0
minority:1.0
view:1.6931471805599454
personal:1.0
denominations:1.0
know:1.0
hold:1.0
officially:1.0
jws:1.0
sdas:1.0
cant:1.0
find:1.0
reference:1.0
right:1.0
didnt:1.0
c.s.lewis:1.0
speculate:1.0
somewhere:1.0
might:1.0
state:1.0
human:1.0
soul:1.0
