bocherc:1.0
hartwick.edu:1.0
subject:1.0
god:1.0
love:1.6931471805599454
simply:1.0
wish:1.0
thank:1.0
dave:1.6931471805599454
mielke:1.0
bnr.ca:1.0
sharing:1.0
tract:1.0
concerning:1.0
gods:1.0
welcome:1.0
great:1.0
source:1.0
comfort:1.0
carol:1.0
bocher:1.0
