caralv:2.09861228866811
caralv.auto-trol.com:1.6931471805599454
carol:2.09861228866811
alvin:2.09861228866811
subject:1.0
arrogance:1.0
christians:1.6931471805599454
vbv:1.0
r2d2.eeap.cwru.edu:1.0
virgilio:1.0
dean:1.0
b:1.0
velasco:1.0
jr:1.0
writes:1.6931471805599454
article:1.0
apr.10.05.32.29.1993.14388:1.0
athos.rutgers.edu:1.0
truths:2.386294361119891
also:1.0
absolutes:3.3978952727983707
scripture:3.0794415416798357
therefore:1.6931471805599454
answer:1.6931471805599454
either:1.0
questions:1.6931471805599454
perhaps:1.6931471805599454
explain:1.0
determine:2.09861228866811
parts:1.0
yes:1.0
different:1.0
definitions:1.0
absolute:3.1972245773362196
something:2.09861228866811
constant:1.0
across:1.0
time:1.0
culture:1.0
situations:1.0
etc:1.6931471805599454
true:2.6094379124341005
every:1.0
instance:1.0
possible:1.0
agree:1.6931471805599454
definition:1.6931471805599454
think:1.6931471805599454
similarly:1.0
truth:2.791759469228055
indeed:1.6931471805599454
non-absolute:1.0
contradiction:2.09861228866811
terms:1.6931471805599454
always:1.6931471805599454
obviously:1.6931471805599454
simple:1.0
example:1.0
new:1.0
testament:1.0
sorry:1.0
dont:1.6931471805599454
bible:1.6931471805599454
work:1.0
cant:1.6931471805599454
provide:1.0
reference:1.0
women:2.386294361119891
instructed:1.0
silent:1.0
cover:1.6931471805599454
heads:2.386294361119891
church:2.09861228866811
speak:1.6931471805599454
seems:1.0
speaking:1.0
coming:1.0
bare:1.6931471805599454
intolerable:1.0
evangelicals:1.6931471805599454
yet:1.0
clearly:1.6931471805599454
evangelical:2.09861228866811
churches:1.6931471805599454
come:1.6931471805599454
least:1.0
case:1.0
grew:1.0
taking:1.0
particular:1.0
part:1.0
plenty:1.0
examples:1.0
reconcile:1.0
many:1.0
people:1.6931471805599454
claim:2.09861228866811
world:1.6931471805599454
statement:1.6931471805599454
terribly:1.0
self-contradictory:1.0
let:1.0
put:1.0
way:1.0
shouldnt:1.0
conclude:1.0
absolutely:1.0
though:1.0
determining:1.0
difficult:1.6931471805599454
one:1.0
reasons:1.0
defy:1.0
claiming:1.6931471805599454
universe:1.6931471805599454
hardly:1.0
consensus:1.0
even:1.0
christianity:1.6931471805599454
mention:1.0
rest:1.0
regarding:1.0
biblical:1.0
interpretation:1.6931471805599454
sometimes:1.0
disagree:1.0
negate:1.0
fact:1.6931471805599454
however:1.0
still:1.0
derived:1.0
interpret:2.09861228866811
see:1.0
based:1.0
deny:1.6931471805599454
background:1.0
education:1.0
prejudices:1.0
play:1.0
read:1.0
passsage:1.0
auto-trol.com:1.0
