simon:2.6094379124341005
giaeb.cc.monash.edu.au:1.0
shields:2.09861228866811
subject:1.0
sspx:1.6931471805599454
schism:1.6931471805599454
hi:1.0
hope:1.0
blessed:1.0
easter:1.0
document:1.6931471805599454
believe:1.0
refutes:1.0
notion:1.0
society:1.6931471805599454
saint:1.0
pius:1.0
x:1.6931471805599454
legitimate:1.0
excommunication:1.6931471805599454
anyone:1.0
interested:1.0
reading:1.0
truth:1.0
matter:1.0
please:1.0
email:1.6931471805599454
ill:1.0
send:1.0
via:1.0
26:1.0
pages:1.0
long:1.0
wont:1.0
posting:1.0
news:1.0
group:1.0
titled:1.0
neither:1.6931471805599454
schismatic:1.6931471805599454
excommunicated:1.6931471805599454
article:2.09861228866811
originally:1.0
englishtranslation:1.0
saintpius:1.0
ireland:1.0
french:1.6931471805599454
journal:1.0
courrier:1.0
de:1.0
rome:1.0
itsturn:1.0
translation:1.0
italian:1.0
roman:1.0
newsletter:1.0
si:1.6931471805599454
booklet:1.0
contains:1.0
transcription:1.0
minor:1.0
editing:1.0
ofthe:1.0
irish:1.6931471805599454
transcribed:1.0
produced:1.0
john:1.0
clay:1.0
townsville:1.0
queensland:1.0
australia:1.6931471805599454
copyright:1.0
attached:1.0
contents:1.0
1:2.09861228866811
catholics:1.0
rack:1.0
choice:1.6931471805599454
sensus:1.0
fidei:1.0
3:1.6931471805599454
ambiguity:1.0
4:1.6931471805599454
church:2.386294361119891
bicephalous:1.0
two-headed:1.0
6:1.6931471805599454
person:1.0
function:1.0
pope:1.6931471805599454
unity:2.09861228866811
faith:1.0
communion:1.0
8:1.0
criteria:1.0
10:1.6931471805599454
ecumenism:1.0
attack:1.0
extraordinary:1.6931471805599454
situation:1.0
within:1.0
11:1.0
duties:2.09861228866811
lay:1.0
people:1.0
12:1.0
powers:1.0
bishops:1.6931471805599454
14:2.09861228866811
fact:1.6931471805599454
greater:1.6931471805599454
power:1.6931471805599454
duty:1.0
papacy:1.0
15:1.6931471805599454
election:1.0
state:1.6931471805599454
right:1.0
necessity:1.6931471805599454
16:1.0
real:1.0
17:1.0
souls:1.0
18:1.6931471805599454
seminarians:1.0
2:1.0
ordinary:1.0
means:1.0
exhausted:1.0
19:1.0
act:1.0
intrinsically:1.0
evil:1.0
resul:1.0
21:1.0
limits:1.0
effective:1.0
requirements:1.0
22:1.0
5:1.0
authority:1.0
put:1.0
question:1.0
23:1.0
24:1.0
conclusion:1.0
25:1.0
bibliography:1.0
26-31:1.0
god:1.6931471805599454
bless:1.0
ye:1.0
fairwell:1.0
may:2.386294361119891
road:1.0
rise:1.0
meet:1.6931471805599454
wind:1.0
always:1.0
back:1.0
sun:1.0
shine:1.0
warm:1.0
upon:1.6931471805599454
face:1.0
rains:1.0
fall:1.0
soft:1.0
fields:1.0
hold:1.0
palm:1.0
hand:1.0
p:1.0
programmer:1.0
viva:1.0
cristo:1.0
rey:1.0
monash:1.0
university:1.0
college:1.0
gippsland:1.0
ph:1.0
61:1.6931471805599454
51:1.6931471805599454
226:1.6931471805599454
357:1.0
jhs:1.0
switchback:1.0
rd:1.0
churchill:1.0
fax:1.0
300:1.0
3842:1.0
internet:1.0
giaec.cc.monash.edu.au:1.0
j:1.0
