king:1.6931471805599454
ctron.com:1.0
john:1.0
e:1.0
subject:1.0
eternity:1.0
hell:1.6931471805599454
db7n:1.0
andrew.cmu.edu:1.0
andrew:1.0
byler:1.0
writes:1.0
also:1.0
know:1.0
impossible:1.0
destroy:1.6931471805599454
soul:1.6931471805599454
hmmm:1.0
heres:1.0
food:1.0
thought:1.0
rather:1.0
fear:1.0
body:1.0
gehenna:1.0
math:1.0
10:28:1.0
jack:1.0
