gifford:1.6931471805599454
oasys.dt.navy.mil:1.0
barbara:1.6931471805599454
subject:2.09861228866811
mystery:1.6931471805599454
paradox:1.6931471805599454
looking:1.0
book:1.0
specifically:1.0
addresses:1.0
god:1.0
read:1.6931471805599454
touch:1.0
chapter:1.0
would:1.0
like:1.0
detailed:1.0
anyone:1.0
aware:1.0
books:1.0
deal:1.0
please:1.0
e-mail:1.0
thanks:1.0
