maridai:1.0
comm.mot.com:1.0
marida:1.6931471805599454
ignacio:1.0
subject:1.0
every:1.0
lent:1.0
suffers:1.0
save:1.0
us:1.0
correction:1.0
story:1.0
related:1.0
one:1.0
seven:1.0
apparitions:1.0
approved:1.0
church:1.0
worthy:1.0
belief:1.0
happened:1.0
la:1.6931471805599454
salle:1.0
france:1.6931471805599454
salette:1.0
1846:1.0
must:1.0
admit:1.0
geography:1.0
forte:1.0
lamb:1.0
succeeds:1.0
spreading:1.0
gods:1.0
words:1.0
actions:1.0
mother:1.0
teresa:1.0
