halat:1.6931471805599454
panther.bears:1.0
jim:1.0
subject:1.0
prophetic:1.6931471805599454
warning:1.6931471805599454
new:1.0
york:1.0
city:1.0
started:1.0
reading:1.0
group:1.0
wondering:1.0
someone:1.6931471805599454
could:1.0
re-post:1.0
exactly:1.0
nyc:1.0
thanks:1.0
jh:1.0
suggest:1.0
sending:1.0
via:1.0
email:1.0
cc:1.0
ill:1.0
hold:1.0
files:1.0
case:1.0
else:1.0
needs:1.0
clh:1.0
