bassili:2.09861228866811
cs.arizona.edu:1.6931471805599454
amgad:1.0
z:1.0
subject:1.0
need:1.0
book:1.0
appreciate:1.0
anyone:1.0
point:1.0
good:1.0
books:1.0
dead:1.0
sea:1.0
scrolls:1.0
qumran:1.0
thanks:1.0
advance:1.0
please:1.0
reply:1.0
e-mail:1.0
