aaronc:1.0
athena.mit.edu:1.0
aaron:1.0
bryce:1.0
cardenas:1.0
subject:1.0
questions:1.0
newbie:1.0
jerry:1.0
kaufman:1.0
writes:1.0
bible:1.0
says:1.0
looks:1.0
heart:1.6931471805599454
final:1.6931471805599454
measure:1.0
perspective:1.0
grading:1.0
context:1.0
test:1.6931471805599454
true:1.0
one:1.0
might:1.0
also:1.0
say:1.0
life:1.0
open:1.0
book:1.0
