mussack:2.09861228866811
austin.ibm.com:1.0
chris:1.6931471805599454
subject:1.0
arrogance:1.0
christians:1.0
article:1.0
apr.10.05.32.15.1993.14385:1.0
athos.rutgers.edu:1.0
dleonar:1.0
andy.bgsu.edu:1.0
pixie:1.0
writes:1.0
words:1.0
question:1.6931471805599454
authority:1.6931471805599454
mean:1.0
anything:1.0
defy:1.0
theist:1.0
reply:1.0
people:1.0
insist:1.0
another:1.0
example:1.0
biting:1.0
raw-edged:1.0
humor:1.0
neither:1.0
appreciated:1.0
understood:1.0
everyone:1.0
8:1.0
messy:1.0
hair:1.0
glasses:1.0
winking:1.0
smiling:1.0
big:1.0
chin:1.0
