sliew:1.6931471805599454
ee.mu.oz.au:1.0
selbyn:1.6931471805599454
liew:1.6931471805599454
subject:1.6931471805599454
agnostics:1.0
question:1.6931471805599454
article:1.0
apr.17.01.11.16.1993.2265:1.0
geneva.rutgers.edu:1.0
jdt:1.0
voodoo.ca.boeing.com:1.0
jim:1.0
tomlinson:1.0
jimt:1.0
ii:1.0
writes:1.0
goodness:1.0
within:1.0
power:1.0
us:1.0
complication:1.0
one:2.09861228866811
best:1.6931471805599454
friends:1.6931471805599454
become:1.0
fundamentalist:2.09861228866811
would:1.6931471805599454
normally:1.0
non-issue:1.0
hello:1.0
firstly:1.0
exactly:1.0
mean:2.09861228866811
time:1.6931471805599454
assume:1.0
friend:2.09861228866811
believes:1.0
bible:1.6931471805599454
gods:1.0
word:1.0
mankind:1.0
suspect:1.0
happened:1.0
hell:1.6931471805599454
call:1.6931471805599454
born:1.0
anyway:1.0
recent:1.0
answer:1.0
yes:1.0
questions:1.0
quite:2.09861228866811
understandable:1.0
however:2.386294361119891
imo:1.0
ild:1.0
rather:1.0
give:1.6931471805599454
advice:2.09861228866811
think:1.6931471805599454
ive:2.09861228866811
something:1.6931471805599454
similar:1.0
thing:2.09861228866811
say:1.6931471805599454
basic:1.0
problem:1.0
trying:2.09861228866811
communicate:1.0
different:1.0
worldviews:1.0
talks:1.0
things:2.386294361119891
obvious:2.09861228866811
secondly:1.0
may:2.386294361119891
persuasive:1.0
point:1.6931471805599454
view:1.6931471805599454
sides:1.6931471805599454
fence:1.0
turned:1.6931471805599454
two:1.0
agreeable:1.0
see:1.6931471805599454
side:1.6931471805599454
suddenly:1.6931471805599454
new:2.09861228866811
world:1.0
reality:1.6931471805599454
opened:1.0
like:2.09861228866811
discovery:1.0
lets:1.0
continent:1.0
planet:1.0
hes:2.386294361119891
got:1.6931471805599454
tell:2.09861228866811
seen:1.0
much:1.6931471805599454
wonderful:1.0
thinks:1.6931471805599454
better:1.6931471805599454
realise:1.6931471805599454
means:1.0
well:2.09861228866811
eventhough:1.0
end:1.0
offending:1.0
worth:1.0
risk:1.0
nevertheless:1.0
really:2.6094379124341005
respect:1.0
stand:1.6931471805599454
listen:1.0
moment:1.0
difficult:1.6931471805599454
either:1.0
excited:1.6931471805599454
feel:1.6931471805599454
urgent:1.0
keep:1.6931471805599454
quiet:1.0
putting:1.0
convince:2.386294361119891
left:1.0
undiscussed:1.0
preserve:1.0
areas:1.0
religious:2.09861228866811
beliefs:1.0
great:1.0
friendship:1.0
beyond:2.09861228866811
saving:1.6931471805599454
wont:1.0
try:1.0
thanks:1.0
far:1.0
explain:1.0
understand:1.0
wasnt:1.0
christian:2.09861228866811
good:1.6931471805599454
part:2.09861228866811
life:1.0
christians:1.0
fundamentalists:1.0
enthusiastic:1.0
faith:1.0
scared:1.0
truth:1.0
unfortunately:1.0
belief:1.6931471805599454
personal:2.09861228866811
agnosticism:1.0
also:1.6931471805599454
since:1.6931471805599454
inevitably:1.0
odds:1.0
anything:1.0
non-christian:1.0
otherwise:1.0
touchy:1.0
matter:1.6931471805599454
friendships:1.0
take:1.0
make:1.0
work:1.0
maybe:1.0
telling:1.0
nicely:1.0
able:1.0
dig:1.0
concern:1.0
dont:1.6931471805599454
nonsense:1.0
real:2.6094379124341005
insult:1.6931471805599454
careful:1.0
said:1.0
wish:1.6931471805599454
could:1.6931471805599454
ill:1.0
admit:1.0
similarly:1.0
became:1.0
ways:1.0
done:1.0
little:1.0
differently:1.0
blabbered:1.0
away:1.0
found:1.0
know:1.6931471805599454
crazy:1.6931471805599454
didnt:1.0
care:1.0
thought:1.0
probably:1.0
god:2.09861228866811
mind:1.0
doesnt:1.0
cant:1.0
helpful:1.0
anyhow:1.0
challenge:1.0
face:1.0
way:1.0
conviction:1.0
nobody:1.0
except:1.0
devil:1.0
hosts:1.0
regards:1.0
dept:1.0
ee:1.0
engineering:1.0
university:1.0
melbourne:1.0
victoria:1.0
3052:1.0
australia:1.0
email:1.0
mullian.ee.mu.oz.au:1.0
ph:1.0
61-3-3447976:1.0
fax:1.0
61-3-3446678:1.0
