belville:2.09861228866811
athena.mit.edu:1.0
sharon:1.6931471805599454
subject:1.0
god-shaped:2.09861228866811
hole:2.09861228866811
accepting:1.0
jeesus:1.0
heart:1.0
article:1.0
apr.14.03.07.38.1993.5420:1.0
athos.rutgers.edu:1.0
johnsd2:1.0
rpi.edu:1.0
dan:1.0
johnson:1.0
writes:1.0
empty:1.0
spot:1.0
hearts:1.6931471805599454
must:1.0
something:1.0
ease:1.0
pain:1.0
heard:1.0
claim:1.0
quite:1.0
times:1.0
anybody:1.0
know:1.0
first:1.0
came:1.0
business:1.0
ive:1.0
seen:1.0
verse:1.0
used:1.0
back:1.0
idea:1.0
also:1.0
set:1.0
eternity:1.0
men:1.0
ecclesiastes:1.0
3:11:1.0
