david-s:1.6931471805599454
hsr.no:1.6931471805599454
david:1.6931471805599454
sjoen:1.6931471805599454
subject:1.0
moody:2.6094379124341005
monthly:2.09861228866811
magazine:1.0
name:1.0
change:1.0
recent:1.0
years:1.0
could:1.0
someone:1.0
post:1.0
address:1.0
avid:1.0
sheep:1.0
hear:1.0
voice:1.0
know:1.0
gulaksveien:1.0
4:1.0
follow:1.0
give:1.0
life:1.0
eternal:1.0
n-4017:1.0
stavanger:1.0
shall:1.6931471805599454
never:1.0
perish:1.0
one:1.0
seize:1.0
norway:1.6931471805599454
hand:1.0
john:1.0
10:27-29:1.0
e-mail:1.0
rogaland:1.0
university:1.0
centre:1.0
