tom_milligan:1.0
rainbow.mentorg.com:1.0
subject:1.0
anyone:1.6931471805599454
labri:2.09861228866811
experiences:1.6931471805599454
curious:1.0
net-land:1.0
spent:1.0
time:1.0
houses:1.0
throughout:1.0
world:1.0
experience:1.0
like:1.0
affected:1.0
etc:1.0
especially:1.0
interesting:1.0
would:1.0
original:1.0
switzerland:1.0
personal:1.0
interactions:1.0
francis:1.0
and/or:1.0
edith:1.0
schaeffer:1.0
tom:1.0
milligan:1.0
