caralv:2.09861228866811
caralv.auto-trol.com:1.6931471805599454
carol:2.386294361119891
alvin:2.386294361119891
subject:1.0
arrogance:1.6931471805599454
christians:1.6931471805599454
vbv:1.0
r2d2.eeap.cwru.edu:1.0
virgilio:1.6931471805599454
dean:1.6931471805599454
b:1.6931471805599454
velasco:1.6931471805599454
jr:1.6931471805599454
writes:2.386294361119891
article:1.0
apr.13.00.08.35.1993.28412:1.0
athos.rutgers.edu:1.0
truths:2.9459101490553135
also:1.0
absolutes:2.09861228866811
scripture:2.791759469228055
therefore:1.6931471805599454
answer:1.0
questions:1.0
yes:2.09861228866811
absolute:3.302585092994046
something:1.6931471805599454
constant:1.6931471805599454
across:1.6931471805599454
time:2.386294361119891
culture:1.6931471805599454
situations:1.0
etc:1.6931471805599454
true:1.6931471805599454
every:1.6931471805599454
instance:1.6931471805599454
possible:1.0
agree:2.09861228866811
definition:1.6931471805599454
example:1.0
women:2.09861228866811
covering:1.0
heads:1.6931471805599454
speaking:1.6931471805599454
hold:1.0
said:1.6931471805599454
however:2.386294361119891
discerning:1.0
exactly:2.09861228866811
jesus:1.0
paul:1.6931471805599454
company:1.0
trying:2.386294361119891
say:2.09861228866811
always:1.0
easy:1.0
dont:1.6931471805599454
believe:2.09861228866811
behave:1.0
way:1.0
rather:1.0
circumstances:1.0
would:1.6931471805599454
best:1.0
avoid:1.0
volubility:1.0
cover:1.0
maintaining:1.0
proper:1.0
witness:1.0
toward:1.0
others:1.0
remember:1.0
number:1.0
relativistic:1.0
statements:1.0
derived:1.0
absolutely:1.0
right:2.386294361119891
strive:1.0
peace:1.6931471805599454
rule:1.0
maintain:1.0
world:1.6931471805599454
resorting:1.0
violence:1.0
occasion:1.0
opinion:1.0
truth:3.0794415416798357
principles:2.6094379124341005
learned:1.0
claiming:2.09861228866811
though:1.0
seems:1.0
imply:1.0
literal:1.0
reading:1.0
bible:2.386294361119891
interpretation:2.6094379124341005
necessary:1.0
may:2.09861228866811
lessons:1.0
gleaned:1.0
various:1.0
passages:1.0
different:1.6931471805599454
person:2.386294361119891
doesnt:1.0
mean:1.0
one:1.6931471805599454
wrong:2.09861228866811
god:2.386294361119891
transcends:1.0
simple:1.0
minds:1.0
well:1.0
crafted:1.0
intent:1.0
knows:1.6931471805599454
needs:1.0
anyone:1.0
elses:1.0
least:2.09861228866811
disputed:1.0
must:1.0
rigid:1.0
evangelicals:2.09861228866811
clearly:1.0
taking:1.0
particular:1.0
part:1.0
plenty:1.0
examples:1.0
reconcile:1.0
sure:1.0
preaches:1.0
sometimes:1.6931471805599454
matter:1.6931471805599454
confusion:1.0
preach:1.0
fundamental:2.09861228866811
crystal:2.386294361119891
clear:2.386294361119891
comes:1.6931471805599454
play:1.0
since:1.0
maybe:2.09861228866811
rest:1.0
us:1.0
take:1.0
word:1.6931471805599454
isnt:1.0
either:1.0
think:2.09861228866811
weve:1.0
established:1.0
figuring:1.0
biblical:1.0
human:1.0
error-prone:1.0
yet:1.0
still:1.0
claim:1.6931471805599454
certain:1.0
segment:1.0
christianity:1.0
difficult:1.0
see:1.0
based:1.0
revealed:1.0
utterly:1.0
unavoidable:1.0
people:1.0
whill:1.0
come:1.0
alternate:1.0
interpretations:1.0
practically:1.0
anything:1.0
misinterpreted:1.0
especially:1.0
matters:1.0
care:1.0
deny:1.0
supports:1.0
position:1.6931471805599454
much:1.0
effectively:1.0
prone:1.0
error:1.0
reliably:1.0
determine:1.0
figured:1.0
get:1.0
whats:1.0
point:1.0
spending:1.0
defending:1.0
never:1.6931471805599454
know:1.0
shouldnt:1.0
act:1.0
upon:1.0
practical:1.0
difference:1.0
make:1.0
auto-trol.com:1.0
