jcj:2.09861228866811
tellabs.com:1.6931471805599454
subject:1.0
two:1.6931471805599454
people:1.6931471805599454
married:2.09861228866811
jek:1.0
cu.nih.gov:1.0
writes:1.0
essential:1.0
ingredient:1.0
marriage:1.6931471805599454
mutual:1.6931471805599454
commitment:1.0
persons:1.0
considered:1.0
bound:1.0
promises:1.0
live:1.0
together:1.0
husband:1.0
wife:1.0
forsaking:1.0
others:1.0
till:1.0
death:1.0
part:1.0
imply:1.0
take:1.0
vows:1.0
arent:1.0
sincere:1.0
jeff:1.0
johnson:1.0
