mussack:2.09861228866811
austin.ibm.com:1.0
christopher:1.0
subject:1.0
sex:1.0
education:1.0
article:1.0
apr.19.05.13.02.1993.29198:1.0
athos.rutgers.edu:1.0
jkellett:1.0
netcom.com:1.0
joe:1.0
kellett:1.0
writes:1.0
question:1.0
discussion:1.0
say:1.0
textbooks:1.0
dont:1.6931471805599454
teach:1.0
safe:1.6931471805599454
drug:1.6931471805599454
use:1.0
kids:1.0
instead:1.0
abstinence:1.0
come:1.0
pass:1.0
bullet-proof:1.0
vests:1.0
school:1.0
promote:1.0
gun:1.0
usage:1.0
chris:1.0
