norris:1.6931471805599454
athena.mit.edu:1.0
richard:1.6931471805599454
chonak:1.6931471805599454
subject:1.0
interfaith:1.0
weddings:1.0
bill:1.0
burns:1.0
looking:1.0
description:1.0
differnces:1.0
catholic:1.6931471805599454
lutheran:1.0
churches:1.0
id:1.0
recommend:1.0
prof:1.0
william:1.0
whalens:1.0
book:1.0
separated:1.0
brethren:1.0
overview:1.0
common:1.0
us:1.0
denominations:1.0
intended:1.0
audience:1.0
aquinas:1.0
mit.edu:1.0
seeking:1.0
job:1.0
change:1.0
sys-mgr:1.0
vax:1.0
sis:1.0
cobol:1.0
programmer:1.0
unix:1.0
c:1.6931471805599454
x:1.0
