jek:1.0
cu.nih.gov:1.0
subject:1.0
paul:1.6931471805599454
weekly:1.6931471805599454
collections:1.0
mark:1.0
gregory:1.0
foster:1.0
writes:1.0
concerning:1.0
1:1.0
corinthians:1.6931471805599454
16:2:1.0
idea:1.0
introduced:1.0
reason:1.0
wanted:1.0
lay:1.0
aside:1.0
money:1.0
collection:1.0
first:1.6931471805599454
day:1.6931471805599454
week:2.09861228866811
received:1.0
wages:1.6931471805599454
ancient:1.0
romans:1.0
observe:1.0
seven-day:1.6931471805599454
unless:1.0
man:1.0
working:1.0
jewish:1.6931471805599454
employer:1.6931471805599454
unlikely:1.0
paid:1.0
would:1.0
kept:1.0
week-end:1.0
see:1.0
lev:1.0
19:13:1.0
dt:1.0
24:15:1.0
james:1.0
kiefer:1.0
