drt:1.6931471805599454
athena.mit.edu:1.6931471805599454
david:1.6931471805599454
r:1.6931471805599454
tucker:1.0
subject:1.0
question:1.0
jesus:3.70805020110221
alone:1.0
oneness:1.0
regarding:1.6931471805599454
believers:1.0
moderator:1.0
writes:1.0
may:2.386294361119891
misunderstanding:1.6931471805599454
terms:1.0
agree:1.0
quite:1.0
likely:1.6931471805599454
actually:1.6931471805599454
believe:2.09861228866811
originally:1.0
context:1.6931471805599454
baptism:3.3978952727983707
folks:1.6931471805599454
done:2.09861228866811
formula:2.9459101490553135
mentioning:1.0
rather:1.6931471805599454
father:2.9459101490553135
son:2.791759469228055
holy:2.791759469228055
spirit:2.791759469228055
doctrinal:1.0
implications:1.0
far:1.0
know:1.0
mean:2.09861228866811
deny:1.0
existence:1.0
divinity:1.0
im:2.09861228866811
right:1.6931471805599454
one:2.9459101490553135
describe:1.0
theology:2.09861228866811
fact:1.6931471805599454
think:2.09861228866811
several:1.0
including:1.0
would:2.09861228866811
classically:1.0
called:1.0
monophysite:1.0
arian:1.0
two:1.0
different:1.0
views:1.6931471805599454
well:2.386294361119891
beliefs:1.0
probably:1.0
consistent:2.09861228866811
trinitarian:2.791759469228055
standards:1.0
wont:1.0
use:2.386294361119891
language:1.6931471805599454
misunderstand:1.6931471805599454
simply:2.6094379124341005
biblical:2.09861228866811
clh:1.6931471805599454
make:1.6931471805599454
end:1.6931471805599454
matthew:1.0
28:18:2.09861228866811
came:1.0
said:1.6931471805599454
authority:1.6931471805599454
heaven:1.0
earth:1.0
given:1.0
19:1.0
go:1.6931471805599454
therefore:1.0
disciples:1.0
nations:1.0
baptizing:1.6931471805599454
name:3.3978952727983707
20:1.0
teaching:1.0
obey:1.0
everything:1.0
commanded:1.6931471805599454
remember:1.0
always:1.0
age:1.0
ancient:1.0
authorities:1.0
add:1.0
amen:1.0
nrsv:1.0
notes:1.0
give:1.0
sense:1.0
emended:1.0
texts:1.0
contradict:1.0
trinity:2.386294361119891
explanation:1.6931471805599454
maybe:1.0
anyone:1.0
else:1.0
forced:1.0
read:1.0
group:1.0
good:1.0
bible:1.0
unabridged:1.0
dictionary:1.0
christianity:1.0
really:1.0
education:1.0
tuckerkg2s:1.0
arrgggghhhh:1.0
talked:1.0
people:1.0
rejected:1.0
unbiblical:1.0
speaking:1.0
things:1.6931471805599454
like:1.0
essense:1.0
three:1.0
persons:1.0
obviously:1.0
three-fold:2.6094379124341005
baptismal:2.386294361119891
point:1.0
normally:1.0
term:1.0
referring:1.0
mat:2.6094379124341005
certainly:1.0
belief:1.0
doctrine:2.386294361119891
whose:1.0
full:1.0
formulation:1.0
occurred:1.0
4th:1.0
5th:1.0
cents:1.0
unlikely:1.0
mind:1.6931471805599454
fully-developed:1.0
indeed:1.0
used:2.09861228866811
groups:2.386294361119891
disagreement:1.0
formulae:1.6931471805599454
occurs:1.0
passages:2.386294361119891
acts:2.09861228866811
2:38:1.0
command:1.0
couple:1.0
leaves:1.0
us:1.0
sort:1.0
problem:1.0
baptize:2.386294361119891
consider:1.6931471805599454
say:2.6094379124341005
ask:1.0
explain:1.6931471805599454
means:1.0
appear:1.0
normal:1.0
also:1.0
odd:1.0
way:1.0
dealing:1.0
idiomatic:1.0
phrase:1.0
dont:1.0
seem:1.6931471805599454
standard:1.0
answer:1.0
talking:1.0
suspect:1.6931471805599454
common:1.0
need:1.0
verbal:1.0
1st:1.0
cent:1.0
contrasts:1.0
christian:1.6931471805599454
john:1.0
jewish:1.0
course:1.0
theres:1.0
certain:1.0
parallelism:1.0
suggests:1.0
could:1.0
doesnt:1.0
require:1.0
specific:1.0
characterizes:1.0
follow:1.0
might:1.0
early:1.0
church:1.0
long:1.0
following:1.6931471805599454
great:1.0
damage:1.0
difference:1.6931471805599454
back:1.0
using:1.0
almost:1.0
recognize:1.0
mutually:1.0
something:1.0
upset:1.0
interests:1.0
gospel:1.0
reinforced:1.0
ive:1.0
