dotsonm:1.6931471805599454
dmapub.dma.org:1.6931471805599454
mark:1.6931471805599454
dotson:1.0
subject:1.0
hell_2:1.0
black:2.386294361119891
sabbath:2.386294361119891
may:1.6931471805599454
wrong:1.6931471805599454
wasnt:1.6931471805599454
jeff:1.6931471805599454
fenholt:1.0
part:1.0
hes:1.0
major:1.0
brother:1.0
christ:1.6931471805599454
totally:1.0
changed:1.0
life:1.0
around:1.0
wife:1.0
go:1.0
tours:1.0
singing:1.0
witnessing:1.0
spreading:1.0
gospel:1.0
know:1.6931471805599454
similar:1.0
band:1.0
particular:1.0
group:1.0
yes:1.0
also:1.0
speaks:1.0
listening:1.0
bands:1.0
like:1.0
says:1.0
theyre:1.0
sorts:1.0
satanic:1.0
stuff:1.0
dont:1.0
