gchin:1.6931471805599454
ssf.eng.sun.com:1.0
gary:1.6931471805599454
chin:1.6931471805599454
subject:1.0
christians:1.6931471805599454
church:2.09861228866811
members:1.6931471805599454
years:1.0
met:1.0
associated:1.0
local:1.6931471805599454
issue:1.6931471805599454
may:1.0
personal:1.0
important:1.0
bible:1.0
say:1.0
encourage:1.0
friends:1.0
regard:1.0
staff:1.0
engineer:1.0
sun:1.0
microsystems:1.0
mt:1.0
view:1.0
ca:1.0
eng.sun.com:1.0
