cs89mcd:1.6931471805599454
brunel.ac.uk:1.6931471805599454
michael:1.6931471805599454
c:1.0
davis:1.6931471805599454
subject:1.0
love:1.6931471805599454
europe:1.6931471805599454
readers:1.0
s.r.c:1.0
going:1.0
congress:1.0
germany:1.0
july:1.0
