petch:1.6931471805599454
gvg47.gvg.tek.com:1.0
chuck:1.0
subject:1.0
daily:1.0
verse:1.0
love:1.6931471805599454
deeply:1.0
covers:1.0
multitude:1.0
sins:1.0
ipeter:1.0
4:8:1.0
