hayesstw:1.6931471805599454
risc1.unisa.ac.za:1.6931471805599454
steve:1.6931471805599454
hayes:1.6931471805599454
subject:1.0
arrogance:2.09861228866811
christians:2.6094379124341005
article:1.0
apr.16.23.18.07.1993.1879:1.0
geneva.rutgers.edu:1.0
phs431d:1.0
vaxc.cc.monash.edu.au:1.0
writes:1.0
geologists:1.0
wrong:1.0
people:1.0
warning:1.0
non-existent:1.0
danger:1.0
analogies:1.6931471805599454
push:1.0
argument:1.0
far:1.0
sides:1.6931471805599454
melindas:1.0
assume:1.0
premises:1.0
used:1.0
set:1.0
respective:1.0
true:2.09861228866811
thus:1.6931471805599454
correct:1.0
conclusion:1.0
arise:1.0
important:1.0
point:1.0
note:1.0
different:1.0
directions:1.0
come:1.0
believe:2.386294361119891
know:1.6931471805599454
truth:2.9459101490553135
right:1.0
duty:1.0
tell:1.0
get:1.6931471805599454
offended:1.6931471805599454
others:1.0
self-evidently:1.0
non-christians:1.0
claim:1.0
analogy:1.6931471805599454
depend:1.0
premisses:1.0
question:1.0
discussion:1.0
similar:1.0
might:1.0
medical:1.0
doctor:1.6931471805599454
believes:1.6931471805599454
blood:2.386294361119891
transfusion:2.386294361119891
necessary:1.6931471805599454
save:1.6931471805599454
life:1.6931471805599454
child:1.6931471805599454
whose:1.0
parents:1.6931471805599454
jehovahs:1.0
witnesses:1.0
conscientious:1.0
objections:1.0
doctors:1.0
efforts:1.0
persuade:1.0
agree:1.0
could:2.386294361119891
perceived:2.09861228866811
arrogant:1.6931471805599454
precisely:1.0
way:1.0
otherwise:1.0
belief:1.0
irrelevant:1.0
matters:1.0
seen:1.0
trying:1.0
foce:1.0
beliefs:1.0
well:1.0
department:1.6931471805599454
missiology:1.6931471805599454
editorial:1.0
univ:1.0
south:1.6931471805599454
africa:1.6931471805599454
p.o:1.0
box:1.0
392:1.0
pretoria:1.0
0001:1.0
internet:1.0
fidonet:1.0
5:7101/20:1.0
steve.hayes:1.0
p5.f22.n7101.z5.fidonet.org:1.0
faq:1.0
study:1.0
christian:1.0
mission:1.0
part:1.0
faculty:1.0
theology:1.0
unisa:1.0
