petch:1.6931471805599454
gvg47.gvg.tek.com:1.0
chuck:1.0
subject:1.0
daily:1.0
verse:1.0
someone:1.0
say:1.0
faith:2.09861228866811
deeds:1.6931471805599454
show:1.6931471805599454
without:1.0
james:1.0
2:18:1.0
