jono:1.0
mac-ak-24.rtsg.mot.com:1.0
jon:1.6931471805599454
ogden:1.0
subject:1.0
help:2.09861228866811
im:1.0
commited:1.0
christian:1.6931471805599454
battling:1.0
problem:1.0
know:1.0
romans:1.6931471805599454
talks:1.0
saved:2.6094379124341005
faith:3.70805020110221
deeds:1.6931471805599454
yet:1.0
hebrews:1.0
james:1.6931471805599454
say:1.6931471805599454
without:1.0
useless:1.6931471805599454
saying:1.0
fools:1.0
still:1.0
think:1.0
believing:1.0
enough:1.0
stuff:1.0
deleted:1.0
opinion:1.0
alone:1.6931471805599454
taught:1.0
square:1.0
mind:1.0
teachings:1.0
conjunction:1.0
lukewarm:1.0
spat-out:1.0
anyone:1.0
really:2.09861228866811
bothers:1.0
lot:1.0
discussion:1.0
going:1.0
s.r.c.b-s:1.0
make:1.0
case:1.0
though:1.6931471805599454
try:1.6931471805599454
8:1.6931471805599454
grace:1.6931471805599454
ye:2.6094379124341005
gift:1.0
god:1.0
9:1.6931471805599454
works:2.09861228866811
lest:1.0
man:1.6931471805599454
boast:1.0
ephesians:1.0
2:8-9:1.0
yes:1.0
gods:1.0
however:1.0
15:1.0
love:2.09861228866811
keep:1.0
commandments:1.6931471805599454
john:1.6931471805599454
14:15:1.0
keeping:1.0
christs:1.6931471805599454
work:1.0
per:1.0
se:1.0
demonstration:1.0
also:2.09861228866811
6:1.0
spake:1.0
parable:1.6931471805599454
certain:1.0
fig:1.6931471805599454
tree:2.09861228866811
planted:1.0
vineyard:1.6931471805599454
came:1.0
sought:1.0
fruit:3.302585092994046
thereon:1.0
found:1.0
none:1.6931471805599454
7:1.0
said:1.6931471805599454
unto:1.6931471805599454
dresser:1.0
behold:1.0
three:1.0
years:1.0
come:1.6931471805599454
seeking:1.0
find:1.0
cut:1.6931471805599454
cumbereth:1.0
ground:1.6931471805599454
answering:1.0
lord:1.0
let:1.0
year:1.0
till:1.0
shall:2.09861228866811
dig:1.0
dung:1.0
bear:1.6931471805599454
well:1.6931471805599454
thou:1.0
shalt:1.0
luke:1.0
13:6-9:1.0
16:1.0
chosen:1.6931471805599454
ordained:1.0
go:1.6931471805599454
bring:1.6931471805599454
forth:1.6931471805599454
remain:1.0
whatsoever:1.0
ask:1.0
father:1.0
name:1.0
may:1.0
give:1.6931471805599454
15:16:1.0
clear:1.0
verses:1.0
called:1.0
paul:1.0
speaks:1.6931471805599454
spirit:1.0
joy:1.0
peace:1.0
patience:1.0
etc:1.0
things:1.6931471805599454
manifest:1.0
actions:2.386294361119891
carry:1.0
person:1.6931471805599454
claims:1.0
believe:1.0
jesus:1.0
christ:2.09861228866811
commanded:1.0
dare:1.0
dont:2.09861228866811
asking:2.09861228866811
important:2.09861228866811
like:2.09861228866811
blade:1.0
pair:1.0
scissors:1.0
leg:1.0
pants:1.0
good:1.0
result:1.0
true:1.0
requires:1.0
commands:1.6931471805599454
allegorically:1.0
produce:1.0
uprooted:1.0
dead:1.0
action:1.0
behind:1.0
prove:1.0
show:1.0
genuineness:1.0
sit:1.6931471805599454
talk:1.6931471805599454
days:1.0
fact:1.0
much:1.0
ability:1.6931471805599454
jump:1.6931471805599454
building:1.0
hit:1.0
words:1.6931471805599454
tell:1.0
day:1.0
long:1.0
fly:1.0
unless:1.0
willing:1.0
roof:1.0
take:1.0
test:1.0
mean:1.0
nothing:1.0
could:1.0
scriptures:1.0
people:1.0
want:1.0
sufficient:1.0
hope:1.0
helped:1.0
sig:1.0
file:1.0
broken:1.0
please:1.0
later:1.0
