pharvey:1.0
quack.kfu.com:1.0
paul:2.386294361119891
harvey:1.0
subject:1.6931471805599454
sabbath:2.6094379124341005
admissions:1.0
5of5:1.0
article:1.0
apr.20.03.02.26.1993.3803:1.0
geneva.rutgers.edu:1.0
clh:1.6931471805599454
writes:1.0
christian:2.09861228866811
pauline:1.6931471805599454
sure:1.6931471805599454
using:1.0
correct:1.0
words:1.6931471805599454
jesus:3.3978952727983707
doubt:1.0
mind:1.0
sin:1.6931471805599454
least:1.6931471805599454
case:1.0
deal:1.0
explicitly:1.0
question:1.6931471805599454
whether:1.0
law:1.6931471805599454
binding:1.0
gentiles:2.09861228866811
anyone:2.386294361119891
dissolves:1.0
even:1.6931471805599454
one:2.9459101490553135
smallest:1.0
commands:1.6931471805599454
teaches:1.6931471805599454
others:1.0
way:1.6931471805599454
known:1.6931471805599454
lowest:1.0
kingdom:1.6931471805599454
skies:1.6931471805599454
whereas:1.0
keeps:1.0
someone:1.0
great:1.0
mat5:19:1.0
gaus:1.6931471805599454
assume:1.6931471805599454
since:1.0
didnt:2.09861228866811
say:2.6094379124341005
apply:1.6931471805599454
jews:2.09861228866811
human:1.0
beings:1.0
irregardless:1.0
race:1.0
sex:1.0
though:1.0
mention:1.0
name:1.6931471805599454
still:2.09861228866811
talking:1.0
directly:2.09861228866811
thats:1.0
cite:1.0
evidence:1.0
dealt:2.09861228866811
centurion:1.0
general:1.0
jewish:2.09861228866811
views:1.0
dependent:1.0
largely:1.0
studies:1.0
theology:1.0
h.j:1.0
schoeps:1.0
whose:1.0
author:1.0
cant:1.0
come:1.0
moment:1.0
authors:1.0
also:1.0
various:1.0
non-christian:1.0
discussed:1.0
issue:1.6931471805599454
newsgroups:1.0
mat:1.0
5:19:1.0
clear:1.0
valid:1.0
applies:1.6931471805599454
yes:1.0
specific:2.09861228866811
requirement:1.6931471805599454
worship:1.6931471805599454
ten:1.0
commandments:1.0
ceremonial:1.6931471805599454
detail:1.6931471805599454
youre:1.0
looking:1.0
obligations:1.0
ex20:8-11:1.0
jps:1.0
remember:1.0
day:2.386294361119891
keep:1.6931471805599454
holy:1.0
six:1.6931471805599454
days:1.6931471805599454
shall:1.6931471805599454
labor:1.0
work:2.09861228866811
seventh:1.6931471805599454
lord:2.09861228866811
god:2.09861228866811
son:1.0
daughter:1.0
male:1.0
female:1.0
slave:1.0
cattle:1.0
stranger:1.0
within:1.0
settlements:1.0
made:1.0
heaven:1.0
earth:1.0
sea:1.0
rested:1.0
therefore:1.0
blessed:1.0
hollowed:1.0
note:1.0
however:1.6931471805599454
would:1.0
bold:1.0
call:1.0
verses:1.0
similarly:1.0
circumcision:2.09861228866811
dont:2.386294361119891
many:1.0
christians:1.6931471805599454
practice:1.6931471805599454
im:1.6931471805599454
quite:1.0
else:1.6931471805599454
unfortunate:1.6931471805599454
answer:1.0
use:1.0
maybe:1.6931471805599454
somebody:1.0
nobody:1.0
know:1.6931471805599454
1:1.0
1st:1.0
cent:1.0
approach:1.0
2:1.0
gentile:1.0
3:1.0
disciples:1.0
became:1.0
acute:1.0
referring:1.0
acts:1.0
15:1.0
given:1.0
agreement:1.0
see:1.6931471805599454
theres:1.0
big:1.0
problem:1.6931471805599454
perhaps:1.0
none:1.0
closes:1.0
romans:1.0
14:1.0
short:1.0
pursue:1.0
ends:1.0
peace:1.0
building:1.0
let:1.0
dietary:1.0
considerations:1.0
undo:1.0
everything:1.0
may:1.0
clean:1.0
evil:1.0
person:2.09861228866811
eats:1.6931471805599454
offensive:1.0
spirit:1.0
better:1.0
eat:1.0
meat:1.0
drink:1.0
wine:1.0
whatever:1.0
brother:1.0
offended:1.0
faith:2.09861228866811
luck:1.0
doesnt:1.0
condemn:1.0
samples:1.0
hand:1.0
doubts:1.0
something:1.0
anyway:1.0
guilty:1.0
isnt:1.0
acting:1.0
failure:1.0
act:1.0
far:1.0
except:1.0
groups:1.6931471805599454
sabbatarians:1.0
small:1.0
religious:1.0
grounds:1.0
countries:1.0
done:1.6931471805599454
supposed:1.0
health:1.0
reasons:1.0
ive:1.0
heard:1.0
argued:1.0
biblical:1.0
commandment:1.0
