jodfishe:1.0
silver.ucs.indiana.edu:1.0
joseph:1.0
dale:1.0
fisher:1.6931471805599454
subject:1.0
cell:2.09861228866811
church:1.6931471805599454
discussion:1.6931471805599454
group:1.6931471805599454
article:1.0
apr.21.03.25.58.1993.1337:1.0
geneva.rutgers.edu:1.0
reid:1.6931471805599454
cs.uiuc.edu:1.0
jon:1.0
writes:1.0
beginning:1.0
e-mail:1.0
churches:1.0
please:1.0
define:1.0
missed:1.0
somewhere:1.0
past:1.0
brought:1.0
joe:1.0
