jodfishe:1.0
silver.ucs.indiana.edu:1.0
joseph:1.0
dale:1.0
fisher:1.6931471805599454
subject:1.6931471805599454
arrogance:1.0
christians:1.0
ive:1.6931471805599454
read:1.0
carols:1.0
response:1.0
get:1.0
got:1.0
verses:1.0
interpretation:1.6931471805599454
say:1.6931471805599454
2:1.6931471805599454
peter:1.0
1:20-21:1.0
timothy:1.0
3:16-17:1.0
galatians:1.0
1:11-12:1.0
also:1.0
based:1.6931471805599454
fact:1.0
jesus:2.09861228866811
word:1.6931471805599454
incarnate:1.0
judges:1.0
people:1.0
follow:1.0
see:1.6931471805599454
acts:1.0
17:29-31:1.0
john:1.6931471805599454
5:21-27:1.0
reject:1.0
teachings:1.0
judged:1.0
words:1.6931471805599454
spoke:1.0
12:47-50:1.0
true:1.0
need:1.0
would:1.0
god:1.0
judge:1.0
interpreted:1.0
joe:1.0
