caralv:1.6931471805599454
caralv.auto-trol.com:1.0
carol:1.6931471805599454
alvin:1.6931471805599454
subject:2.09861228866811
arrogance:1.0
christians:1.6931471805599454
ive:1.6931471805599454
read:2.386294361119891
carols:1.0
response:1.0
get:1.0
got:1.0
verses:1.0
interpretation:2.9459101490553135
say:2.386294361119891
joe:1.0
cause:1.0
arent:1.0
doesnt:1.0
necesarily:1.0
make:1.0
thats:1.0
texts:1.0
2:2.386294361119891
peter:1.6931471805599454
1:20-21:1.6931471805599454
timothy:1.6931471805599454
3:16-17:1.6931471805599454
galatians:1.0
1:11-12:1.6931471805599454
know:1.6931471805599454
first:1.0
prophecy:1.6931471805599454
scripture:2.386294361119891
matter:1.0
ones:1.0
ever:1.0
made:1.0
act:1.0
human:1.0
men:1.0
moved:1.0
holy:1.0
spirit:1.0
spoke:1.6931471805599454
god:2.386294361119891
study:1.0
notes:1.0
bible:1.0
offer:1.0
three:1.0
possible:1.6931471805599454
meanings:1.0
verse:1.0
20:1.0
apparantly:1.0
clear:1.6931471805599454
charles:1.0
ryrie:1.0
inspired:1.0
profitable:1.0
teaching:1.0
reproof:1.0
correction:1.0
training:1.0
righteousness:1.0
man:2.09861228866811
may:1.6931471805599454
adequate:1.0
equipped:1.0
every:1.6931471805599454
good:1.0
work:1.0
galations:1.0
would:1.6931471805599454
brethren:1.0
gospel:1.0
preached:1.0
according:1.0
neither:1.0
received:1.0
taught:1.0
receieved:1.0
revelation:1.0
jesus:2.386294361119891
christ:1.0
passages:1.0
immediately:1.0
phrase:1.0
meant:1.0
stop:1.0
think:2.09861228866811
connotations:1.0
words:2.09861228866811
intent:1.0
author:1.0
wonder:1.0
translator:1.0
used:1.0
correct:1.0
english:1.0
word:2.09861228866811
convey:1.0
meaning:1.0
interpret:1.0
want:1.0
believe:1.0
interpreting:1.6931471805599454
theres:1.0
probably:1.0
nothing:1.0
change:1.0
mind:1.0
naive:1.0
culture:1.0
experiences:1.0
education:1.0
affect:1.0
everything:1.0
also:1.0
based:1.6931471805599454
fact:1.0
incarnate:1.0
judges:1.0
people:1.0
follow:1.0
see:1.6931471805599454
acts:1.0
17:29-31:1.0
john:1.6931471805599454
5:21-27:1.0
reject:1.0
teachings:1.0
judged:1.0
12:47-50:1.0
true:1.0
need:1.0
judge:1.0
interpreted:1.0
college:1.0
took:1.0
entire:1.0
course:1.0
biblical:1.0
go:1.0
christian:1.0
bookstore:1.0
scores:1.0
books:1.0
understanding:1.0
unnecessary:1.0
awful:1.0
lot:1.6931471805599454
misguided:1.0
wasting:1.0
time:1.0
energy:1.0
auto-trol.com:1.0
