jodfishe:1.0
silver.ucs.indiana.edu:1.0
joseph:1.0
dale:1.0
fisher:1.6931471805599454
subject:1.0
christians:1.0
church:3.8903717578961645
members:1.6931471805599454
notes:1.0
like:1.0
helpful:1.6931471805599454
ideas:1.0
choose:1.0
colossians:1.0
1:15-18:1.0
jesus:2.09861228866811
head:1.0
body:1.0
b:2.386294361119891
say:1.0
yes:1.0
ephesians:1.6931471805599454
2:19-22:1.0
family:1.0
god:1.6931471805599454
based:1.0
word:2.09861228866811
cornerstone=christ:1.0
foundation:1.0
apostles=new:1.0
testament:1.6931471805599454
prophets=old:1.0
see:1.0
revelation:1.0
21:9-14:1.0
1:2.386294361119891
corinthians:2.09861228866811
12:12-13:1.6931471805599454
baptism:1.0
become:1.0
member:1.0
question:1.0
denominations:1.0
bible:1.0
teaches:1.6931471805599454
one:1.0
4:4-6:1.0
romans:1.0
12:4-5:1.0
1:10-13:1.0
says:1.6931471805599454
divisions:1.0
following:1.0
personalities:1.0
time:1.0
writings:1.0
c:1.6931471805599454
many:1.0
churches:1.0
today:1.0
problem:1.0
2:1.0
timothy:1.6931471805599454
4:1-4:1.0
people:1.6931471805599454
turn:1.0
away:1.0
truth:1.0
try:1.0
find:1.0
doctrine:1.0
suits:1.0
lifestyle:1.0
hebrews:1.6931471805599454
10:24-25:1.0
miss:1.0
purpose:1.0
encourage:1.0
remain:1.0
faithful:1.0
involved:1.0
relationship:1.0
level:1.0
must:1.0
come:1.6931471805599454
services:1.0
another:1.0
verse:1.0
3:12-15:1.0
encouraging:1.0
daily:1.0
duty:1.0
course:1.0
standards:1.0
apply:1.0
4:16:1.0
watching:1.0
lives:1.0
doctrines:1.0
make:1.0
sure:1.0
live:1.0
entirely:1.0
ie:1.0
disciples:1.0
acts:1.0
17:10-12:1.0
pastor:1.0
close:1.0
apostle:1.6931471805599454
paul:2.09861228866811
natural:1.0
conclusion:1.0
since:1.0
talked:1.0
directly:1.0
face:1.6931471805599454
bereans:1.0
considered:1.0
noble:1.0
didnt:1.0
take:1.0
checked:1.0
said:1.0
scripture:1.0
verify:1.6931471805599454
statements:1.6931471805599454
pastors:1.0
verifiable:1.0
valid:1.0
light:1.6931471805599454
verses:1.0
group:1.6931471805599454
avoided:1.0
wouldve:1.0
made:1.0
wonderful:1.0
suggestion:1.0
waco:1.0
especially:1.0
matthew:1.0
24:1.0
joe:1.0
