jodfishe:1.0
silver.ucs.indiana.edu:1.0
joseph:1.0
dale:1.0
fisher:1.6931471805599454
subject:1.0
cell:1.6931471805599454
church:1.6931471805599454
discussion:1.0
group:1.6931471805599454
definition:1.0
would:1.0
iu:1.0
whole:1.0
gets:1.0
together:1.0
indianapolis:1.0
950:1.0
every:1.0
week:1.0
attendance:1.0
joe:1.0
