reedr:1.0
cgsvax.claremont.edu:1.0
subject:1.0
q:1.6931471805599454
lost:1.6931471805599454
gospel:1.6931471805599454
finished:1.0
reading:1.0
burton:1.0
macks:1.0
new:1.0
book:1.0
christian:1.0
origins:1.0
thought:1.0
totally:1.0
cool:1.0
anyone:1.0
else:1.0
read:1.0
want:1.0
talk:1.0
randy:1.0
