fostma:1.0
saturn.wwc.edu:1.0
mark:1.6931471805599454
gregory:1.0
foster:1.0
subject:1.0
sabbath:1.0
admissions:1.0
5of5:1.0
article:1.0
apr.15.00.58.33.1993.28906:1.0
athos.rutgers.edu:1.0
dlecoint:1.0
garnet.acns.fsu.edu:1.0
darius_lecointe:1.0
writes:1.0
faq:1.6931471805599454
darius:2.386294361119891
response:1.0
deleted:1.0
clear:2.09861228866811
much:1.0
needs:1.6931471805599454
said:1.6931471805599454
think:2.386294361119891
pauls:1.6931471805599454
comments:1.0
esteeming:1.6931471805599454
one:1.0
day:3.302585092994046
another:1.0
rom:1.0
14:1.0
probably:1.0
accept:2.09861228866811
honor:2.6094379124341005
lord:2.386294361119891
wish:1.0
might:1.0
equally:1.0
esteem:1.0
days:2.09861228866811
alike:1.6931471805599454
similarly:1.6931471805599454
best:1.0
sda:1.6931471805599454
total:1.0
agreement:1.0
say:1.0
also:1.0
worship:2.791759469228055
saturday:2.386294361119891
mention:1.6931471805599454
imo:1.0
fast:1.0
observed:1.0
jews:1.0
matter:1.0
interpret:1.0
passage:1.0
sunday:1.0
done:1.0
contrast:1.0
many:1.0
fellow:1.0
believers:1.0
may:1.0
believe:1.6931471805599454
though:1.6931471805599454
bible:1.0
overwhelmingly:1.0
points:1.0
kept:1.0
creation:1.0
gods:1.6931471805599454
deliverance:1.0
israelites:1.0
egyptian:1.0
bondage:1.0
would:2.791759469228055
attempt:1.0
point:1.0
observance:1.0
legalistic:1.0
simply:1.6931471805599454
case:1.0
rather:1.0
keeping:1.0
allows:1.0
full:1.0
rest:1.0
contemplate:1.0
goodness:1.0
grace:1.0
however:1.0
id:1.0
like:1.0
theres:1.0
unambiguous:1.0
proof:1.6931471805599454
regular:1.0
christian:1.6931471805599454
first:2.791759469228055
indicated:1.0
responses:1.0
passages:1.0
cited:1.0
1:1.0
cor:1.0
16:2:1.0
says:1.0
set:1.0
aside:2.386294361119891
money:2.6094379124341005
collection:2.09861228866811
want:1.0
gathered:1.0
specially:1.0
homes:2.09861228866811
cant:1.0
disprove:1.0
obvious:1.6931471805599454
time:1.6931471805599454
congregation:1.0
take:1.0
offering:1.0
normally:1.0
gather:1.6931471805599454
expected:1.0
reason:2.09861228866811
specific:1.0
idea:1.0
introduced:1.0
paul:1.6931471805599454
wanted:1.6931471805599454
corinthians:1.0
lay:2.09861228866811
week:1.6931471805599454
received:1.0
weekly:1.0
wages:1.0
priority:1.0
spending:1.0
things:1.0
front:1.0
although:1.0
explain:1.0
instead:1.0
meeting:1.0
reading:1.0
every:1.6931471805599454
means:1.0
implications:1.6931471805599454
statements:1.0
nt:2.09861228866811
authors:1.6931471805599454
assumed:1.0
readers:1.0
knew:1.6931471805599454
seem:1.0
assume:2.09861228866811
christians:1.6931471805599454
regularly:1.6931471805599454
worshipped:1.6931471805599454
seventh:1.0
agree:1.0
reader:1.0
worhip:1.0
