whitsebd:1.0
nextwork.rose-hulman.edu:1.0
bryan:1.6931471805599454
whitsell:1.6931471805599454
subject:1.0
accepting:1.0
jesus:1.0
heart:1.0
told:1.0
seem:1.0
smug:1.0
post:1.0
appoligize:1.0
anyone:1.0
felt:1.0
way:1.6931471805599454
desire:1.0
come:1.0
across:1.0
trying:1.0
express:1.0
didnt:1.0
understand:1.0
logic:1.0
wished:1.0
best:1.0
life:1.0
christs:1.0
love:1.0
