oser:2.09861228866811
fermi.wustl.edu:1.0
scott:1.6931471805599454
subject:1.0
really:1.0
rise:1.0
frank:1.0
got:1.0
mailing:1.0
early:1.0
historical:1.0
references:1.0
christianity:1.0
id:1.0
like:1.0
respond:1.0
lost:1.0
address:1.0
please:1.0
mail:1.0
