ide:1.0
twelker:2.386294361119891
uunet.uu.net:1.0
steve:1.0
subject:1.0
esotericism:1.6931471805599454
im:1.6931471805599454
compiling:1.0
bibliography:1.0
religious:1.0
perspectives:1.0
hermeticism:1.0
gnosticism:1.0
mysticism:1.0
occultism:1.0
alchemy:1.0
magic:1.0
interested:1.6931471805599454
sources:1.0
others:1.0
found:1.0
particularly:1.0
interesting:1.0
insightful:1.0
especially:1.0
medieval:1.0
works:1.0
chemical:1.0
wedding:1.0
christian:1.0
rosenkreutz:1.0
arthurian:1.0
legends:1.0
please:1.0
feel:1.0
free:1.0
send:1.0
personal:1.0
opinions:1.0
pro:1.0
con:1.0
anywhere:1.0
thanks:1.0
much:1.0
stephen:1.0
ide.com:1.0
