news:1.0
cbnewsk.att.com:1.0
subject:1.6931471805599454
bible:1.0
unsuitable:1.0
new:1.0
christians:1.0
true:1.0
also:1.0
read:1.0
2:1.0
peter:1.6931471805599454
3:16:1.0
warns:1.0
scriptures:1.0
often:1.0
hard:1.0
understand:1.0
learned:1.0
joe:1.0
moore:1.0
