tbrent:1.0
ecn.purdue.edu:1.0
timothy:1.0
j:1.0
brent:1.0
subject:1.0
going:1.0
hell:2.09861228866811
stated:1.0
consider:1.0
atheist:1.0
definitely:1.0
believe:2.09861228866811
christian:1.0
god:2.09861228866811
recent:1.0
discussion:1.0
atheists:1.6931471805599454
combined:1.0
post:1.0
another:1.0
group:1.0
effect:1.0
go:1.6931471805599454
interested:1.0
consensus:1.0
might:1.6931471805599454
judge:1.6931471805599454
men:1.0
catholic:1.0
told:1.0
jew:1.0
buddhist:1.0
etc:1.0
heaven:1.0
obviously:1.0
people:1.0
even:1.0
see:1.0
pagans:1.0
assume:1.0
would:1.0
lumped:1.0
category:1.0
hellbound:1.0
know:1.0
ask:1.0
opinions:1.0
thanks:1.0
tim:1.0
