jcj:2.09861228866811
tellabs.com:1.6931471805599454
subject:1.0
losing:1.0
temper:1.0
christian:1.0
trait:1.0
sheila:1.0
patterson:1.0
writes:1.0
always:1.0
suspected:1.0
human:1.6931471805599454
desire:1.0
like:1.6931471805599454
christ:1.6931471805599454
often:1.0
causes:1.0
christians:1.6931471805599454
critical:1.0
id:1.0
remind:1.0
people:1.0
withering:1.0
fig:1.0
tree:1.0
jesus:1.0
driving:1.0
money:1.0
changers:1.0
et:1.0
al:1.0
temple:1.0
think:1.0
two:1.0
instances:1.0
showing:1.0
anger:1.0
part:1.0
side:1.0
jeff:1.0
johnson:1.0
