jsledd:1.0
ssdc.sas.upenn.edu:1.0
james:1.6931471805599454
sledd:1.6931471805599454
subject:1.0
serbian:1.0
genocide:1.0
work:1.6931471805599454
god:2.09861228866811
serbs:1.6931471805599454
hmm:1.0
ive:1.0
wondering:1.0
anyone:1.0
would:1.0
ever:1.0
ask:1.0
question:1.0
governments:1.0
united:1.0
states:1.0
europe:1.0
moving:1.0
end:1.0
ethnic:1.0
cleansing:1.0
targets:1.0
muslims:1.0
can/does:1.0
use:1.0
following:1.0
accomplish:1.0
tasks:1.6931471805599454
esp:1.0
punative:1.0
cute:1.0
sig:1.0
im:1.0
working:1.0
