eugene.bigelow:1.0
ebay.sun.com:1.0
geno:1.0
subject:1.0
two:1.0
people:1.0
married:1.6931471805599454
gods:1.6931471805599454
e:1.0
article:1.0
apr.14.03.07.21.1993.5402:1.0
athos.rutgers.edu:1.0
randerso:1.0
acad1.sahs.uth.tmc.edu:1.0
robert:1.0
anderson:1.0
writes:1.0
would:1.0
like:1.0
get:1.0
opinions:1.0
exactly:1.0
engaged:1.0
couple:1.0
become:1.0
eyes:1.0
unwilling:1.0
go:1.0
public:1.0
marriage:1.0
ceremony:1.0
say:1.0
willing:1.0
actually:1.0
done:1.0
know:1.0
