reid:2.386294361119891
cs.uiuc.edu:1.6931471805599454
jon:1.6931471805599454
subject:1.0
cell:2.386294361119891
church:2.386294361119891
discussion:1.0
group:2.09861228866811
jodfishe:1.0
silver.ucs.indiana.edu:1.0
joseph:1.0
dale:1.0
fisher:1.0
writes:1.0
please:1.0
define:1.0
missed:1.0
somewhere:1.0
past:1.0
brought:1.0
fundamental:1.0
building:1.0
block:1.0
small:1.6931471805599454
15:1.0
believers:1.0
groups:1.0
responsible:1.0
ministry:1.0
evangelism:1.6931471805599454
discipleship:1.0
emphasis:1.0
relationships:1.0
programs:1.0
discipling:1.0
relationship-based:1.0
probably:1.0
raise:1.0
questions:1.0
answered:1.0
thats:1.0
nutshell:1.0
fool:1.0
gives:1.0
keep:1.0
gain:1.0
lose:1.0
jim:1.0
elliot:1.0
