lmh:1.6931471805599454
juliet.caltech.edu:1.0
henling:1.6931471805599454
lawrence:1.0
subject:1.0
catholic:1.6931471805599454
church:2.09861228866811
poland:1.6931471805599454
article:1.6931471805599454
apr.20.03.01.44.1993.3772:1.0
geneva.rutgers.edu:1.0
s0612596:1.0
let.rug.nl:1.0
m.m:1.0
zwart:1.0
writes:1.0
im:1.0
writing:1.0
paper:1.0
role:1.0
1989:1.0
concerning:1.0
abortion-law:1.0
religious:1.6931471805599454
education:1.0
schools:1.6931471805599454
clari.news.religion:1.0
last:1.0
days:1.0
polish:1.0
tribunal:1.0
decision:1.0
said:1.0
crucifixes:1.0
classes:1.0
public:1.0
okay:1.0
children:1.0
want:1.0
take:1.6931471805599454
religion:1.0
class:1.6931471805599454
could:1.0
forced:1.0
ethics:1.0
substitute:1.0
larry:1.0
shakes.caltech.edu:1.0
