shredder:2.09861228866811
telerama.pgh.pa.us:1.6931471805599454
ed:2.09861228866811
sayre:1.6931471805599454
subject:1.0
orthodox:1.6931471805599454
list:1.6931471805599454
recently:1.0
move:1.0
forgot:1.0
update:1.0
address:2.09861228866811
mailing:1.0
anyone:1.0
e-mail:1.0
changes:1.0
exactly:1.0
put:1.0
caps:1.0
etc:1.0
please:1.0
send:1.0
original:1.0
subscription:1.0
also:1.0
thanks:1.0
ahead:1.0
time:1.0
internet:1.0
unemployment:1.0
studies:1.0
major:1.0
