mwhaefne:1.0
infonode.ingr.com:1.0
mark:1.6931471805599454
w:1.0
haefner:1.0
subject:1.0
accepting:1.0
jesus:1.0
heart:1.0
religion:1.0
especially:1.6931471805599454
christianity:1.6931471805599454
nothing:1.0
drug:1.0
people:1.0
use:1.0
drugs:1.0
escape:1.0
reality:1.0
christians:1.0
inject:1.0
jeezus:1.0
live:1.0
high:1.0
would:1.0
say:1.0
