rolfe:2.6094379124341005
junior.dsu.edu:1.6931471805599454
tim:1.6931471805599454
subject:1.0
divine:1.0
providence:1.0
vs:1.0
murphys:2.09861228866811
law:2.09861228866811
romans:1.6931471805599454
8:28:1.6931471805599454
rsv:1.0
know:1.0
everything:1.0
god:1.0
works:1.0
good:1.0
love:1.0
called:1.0
according:1.0
purpose:1.0
anything:1.0
go:1.0
wrong:1.0
quite:1.0
familiar:1.0
amplifications:1.0
commentary:1.0
harmonize:1.0
matter:1.0
appropriate:1.0
humor:1.0
contradicted:1.0
scripture:1.0
dsuvax.dsu.edu:1.0
