s0612596:1.6931471805599454
let.rug.nl:1.6931471805599454
m.m:1.0
zwart:1.0
subject:1.0
catholic:1.6931471805599454
church:2.09861228866811
poland:1.6931471805599454
hello:1.0
im:1.0
writing:1.0
paper:1.0
role:1.6931471805599454
1989:1.0
anyone:1.0
tell:1.0
fill:1.0
recent:1.0
books/articles:1.0
english:1.0
german:1.0
french:1.0
important:1.0
concerning:1.0
abortion-law:1.0
religious:1.0
education:1.0
schools:1.0
birth-control:1.0
relation:1.0
church-state:1.0
government:1.0
thanx:1.0
masja:1.0
m.m.zwart:1.0
