johnsd2:1.6931471805599454
rpi.edu:1.6931471805599454
dan:1.6931471805599454
johnson:1.6931471805599454
subject:1.0
accepting:1.0
jeesus:1.0
heart:1.0
article:2.09861228866811
29201:1.0
athos.rutgers.edu:2.09861228866811
seanna:1.6931471805599454
bnr.ca:1.0
s.m:1.0
watson:1.0
writes:2.09861228866811
apr.14.03.07.38.1993.5420:1.0
28388:1.0
jayne:1.6931471805599454
mmalt.guild.org:1.0
kulikauskas:1.0
effective:2.09861228866811
substance-abuse:1.0
recovery:2.09861228866811
programs:2.386294361119891
involve:2.09861228866811
meeting:1.0
peoples:2.09861228866811
spiritual:2.386294361119891
needs:2.6094379124341005
might:2.09861228866811
want:1.0
provide:1.0
evidence:1.0
next:1.0
time:1.0
make:1.0
claim:1.0
like:1.6931471805599454
12-step:1.6931471805599454
alcoholics:1.0
anonymous:1.0
one:1.6931471805599454
steps:1.0
involves:1.0
acknowleding:1.0
higher:1.6931471805599454
power:1.6931471805599454
aa:1.0
abuse:1.0
acknowledged:1.0
among:1.0
deletia:1.0
seem:1.0
rather:2.09861228866811
unclear:1.0
asking:1.0
please:1.0
show:2.09861228866811
substance-absure:1.0
meetinsg:1.0
merely:1.0
attempting:1.0
fill:1.0
percieved:1.0
people:1.0
a.a:1.0
s.r.c:1.0
regulars:1.0
snoopy:1.0
probably:1.6931471805599454
defining:1.0
spritual:1.0
clear:1.0
showing:1.0
things:1.0
exist:1.0
filled:1.0
annother:1.6931471805599454
tack:1.0
take:1.0
say:1.0
fulfilling:1.0
means:1.0
acknowledging:1.0
sort:1.0
systems:1.6931471805599454
require:1.0
work:1.0
better:1.6931471805599454
otherwise:1.0
identical:1.0
correlation:1.0
would:1.0
help:1.0
point:1.0
demonstrating:1.0
swapping:1.0
crutch:1.6931471805599454
however:1.0
feel:1.0
religion:1.0
usually:1.6931471805599454
alchohol:1.0
poisonous:1.0
hope:1.0
clarification:1.0
question:1.6931471805599454
answerable:1.0
actually:1.0
know:1.6931471805599454
12:1.0
step:1.0
program:1.0
tries:1.0
makes:1.0
difference:1.0
god:1.0
said:1.0
jeeze:1.0
dull:1.6931471805599454
genesis:1.0
0:0:1.0
opinions:1.0
