mussack:2.09861228866811
austin.ibm.com:1.0
christopher:1.0
subject:1.0
sabbath:1.0
admissions:1.0
5of5:1.0
general:1.0
question:1.0
since:1.0
world:1.0
discovered:1.0
round:1.0
definition:1.0
saturday:1.0
ambiguous:1.0
least:1.0
arbitrary:1.0
would:1.0
someone:1.0
answer:1.0
also:1.0
calendar:1.0
changed:1.6931471805599454
gregorian:1.0
julian:1.0
day:1.0
week:1.0
date:1.0
points:1.0
arbitrariness:1.0
days:1.0
chris:1.0
calendars:1.0
change:1.6931471805599454
7-day:1.0
weekly:1.0
cycle:1.0
months:1.0
dates:1.0
clh:1.0
