fernandeza:1.0
merrimack.edu:1.0
subject:1.0
arrogance:1.0
christians:1.0
article:1.0
apr.19.05.11.41.1993.29112:1.0
athos.rutgers.edu:1.0
aa888:1.0
freenet.carleton.ca:1.0
mark:1.0
baker:1.0
writes:1.0
asking:1.0
believe:1.6931471805599454
things:1.0
visible:1.0
dont:1.0
know:1.0
believeing:1.0
blindly:1.0
decide:1.0
advance:1.0
reason:1.6931471805599454
act:1.0
evidence:1.0
five:1.0
physical:1.6931471805599454
senses:1.0
cut:1.0
possibility:1.0
reaching:1.0
conclusion:1.0
outside:1.0
sphere:1.0
someone:1.6931471805599454
said:1.6931471805599454
thinking:1.0
could:1.0
see:1.0
would:1.0
believeand:1.0
youwillsee:1.0
