conditt:1.6931471805599454
tsd.arlut.utexas.edu:1.0
paul:1.6931471805599454
subject:1.0
right:1.0
messiahs:1.0
following:1.0
comment:1.0
article:1.0
desiree:1.0
bradley:1.0
clh:1.0
way:1.0
koreshs:1.0
public:1.0
statement:1.0
clear:1.0
claiming:1.0
christ:1.6931471805599454
koresh:1.0
originally:1.0
claim:1.0
backed:1.0
said:1.0
prophet:1.0
latest:1.0
news:1.6931471805599454
8:00:1.0
cdt:1.0
waco:1.0
feds:1.0
broke:1.0
wall:1.0
compound:1.0
tank:1.0
besides:1.0
time:1.0
