db7n:1.0
andrew.cmu.edu:1.0
andrew:1.0
byler:1.6931471805599454
subject:1.0
immaculate:2.09861228866811
conception:2.6094379124341005
biblical:1.0
basis:1.0
1:2.386294361119891
put:1.0
enmity:2.9459101490553135
serpent:1.6931471805599454
woman:2.09861228866811
seed:2.386294361119891
also:2.386294361119891
read:1.0
shall:1.6931471805599454
crush:1.0
head:1.0
bruise:1.0
heel:1.0
genesis:1.6931471805599454
3.15:1.6931471805599454
2:1.6931471805599454
commits:1.0
sin:1.6931471805599454
devil:1.6931471805599454
john:2.386294361119891
3.8:1.6931471805599454
3:1.0
hail:1.6931471805599454
full:2.386294361119891
grace:2.9459101490553135
greek:1.6931471805599454
kecharitomene:1.6931471805599454
lord:1.0
thee:1.0
luke:1.0
1.28:1.0
prove:1.0
doctrine:1.6931471805599454
first:1.6931471805599454
god:2.6094379124341005
given:1.0
proto-evangel:1.6931471805599454
promise:1.0
savior:1.0
redeem:1.0
mankind:1.0
wiles:1.0
satan:2.791759469228055
murderer:1.0
beginning:1.0
stood:1.0
truth:1.6931471805599454
8.44:1.0
promises:1.0
several:1.0
things:1.0
eve:1.6931471805599454
immediate:1.0
point:1.0
reference:1.0
mary:2.791759469228055
second:1.6931471805599454
jesus:1.6931471805599454
christ:1.6931471805599454
way:1.0
said:1.0
thus:1.0
knowing:1.0
sinless:1.6931471805599454
hebrews:1.0
7.26:1.0
conclude:1.0
wasnt:1.0
would:2.386294361119891
tells:1.0
us:1.0
relation:1.0
sinlessness:1.6931471805599454
christs:1.0
called:1.6931471805599454
question:1.0
gods:1.0
veracity:1.0
promised:1.0
possible:1.6931471805599454
lie:1.0
decieved:1.0
angelic:1.0
greeting:1.0
archangle:1.0
gabriel:1.0
pointed:1.0
word:1.0
means:1.0
plenitude:1.0
perfection:1.0
sense:1.0
best:1.0
grasped:1.0
footnote:1.0
jerusalem:1.0
bible:1.6931471805599454
reamin:1.0
filled:1.6931471805599454
little:1.0
long:1.0
say:1.0
reduced:1.0
says:1.6931471805599454
always:1.0
moment:1.6931471805599454
salvation:1.0
death:1.0
years:1.0
later:1.0
must:1.0
admitted:1.0
could:1.6931471805599454
done:1.0
immaclute:1.0
keep:1.0
free:1.0
contact:1.0
mother:1.0
records:1.0
fact:1.0
fathers:1.0
church:1.0
st:2.09861228866811
damascus:1.0
augustine:1.0
hippo:1.0
ambrose:1.0
others:1.0
complete:1.0
agreement:1.0
christian:1.0
tradition:1.0
infallible:1.0
declaration:1.0
pope:1.0
matter:1.0
ineffibilus:1.0
deus:1.0
andy:1.0
