e_p:1.0
unl.edu:1.0
edgar:1.0
pearlstein:1.0
subject:1.0
legal:2.09861228866811
definition:2.09861228866811
religion:2.386294361119891
understanding:1.0
u.s:1.0
supreme:1.0
court:1.6931471805599454
never:1.0
given:1.0
despite:1.0
many:1.0
cases:1.0
involving:1.0
come:1.0
anyone:1.0
verify:1.0
falsify:1.0
state:1.0
government:1.0
tried:1.0
give:1.0
