jodfishe:1.0
silver.ucs.indiana.edu:1.0
joseph:1.0
dale:1.0
fisher:1.6931471805599454
subject:1.0
going:1.0
permanent:1.0
no-mail:1.0
well:1.0
time:1.0
year:1.0
iu:1.0
graduation:1.0
unfortunately:1.0
means:1.0
likely:1.0
good:1.0
say:1.0
ill:1.6931471805599454
another:1.6931471805599454
username:1.0
even:1.0
ever:1.0
get:1.0
back:1.0
leaving:1.0
part:1.0
ministry:1.0
brother:1.0
john:1.0
right:1.0
fun:1.0
remember:1.0
flaming:1.0
considered:1.0
slander:1.0
joe:1.0
