jhpb:1.0
sarto.budd-lake.nj.us:1.0
joseph:1.0
h:1.0
buehler:1.0
subject:1.0
immaculate:1.0
conception:1.0
marida:1.0
ignacio:1.0
writes:1.0
still:1.0
angel:1.6931471805599454
gabriels:1.0
greetings:1.0
hail:1.0
mary:1.6931471805599454
full:1.0
grace:1.0
lord:1.0
blessed:1.0
art:1.0
thou:1.0
amongst:1.0
women:1.0
even:1.0
confused:1.0
greeting:1.6931471805599454
various:1.0
explanations:1.0
reaction:1.0
angels:1.0
one:1.0
grasped:1.0
getting:1.0
mother:1.0
messiah:1.0
knew:1.0
entailed:1.0
suffering:1.0
gave:1.0
moments:1.0
pause:1.0
