lieuwen:1.6931471805599454
allegra.att.com:1.0
dan:1.6931471805599454
subject:1.0
obvious:1.0
isnt:1.0
politically:1.0
correct:1.0
last:1.0
state:1.0
church:1.0
massachusetts:1.0
sam:1.0
adams:1.0
patriot-brewmaster:1.0
tenure:1.0
governor:1.0
revolutionary:1.0
war:1.0
got:1.0
passed:1.0
believe:1.0
eliminated:1.0
around:1.0
1820:1.0
