whitsebd:1.0
nextwork.rose-hulman.edu:1.0
bryan:1.6931471805599454
whitsell:1.0
subject:1.0
homosexuality:1.0
issues:1.0
christiani:1.0
article:1.0
may.9.05.41.18.1993.27552:1.0
athos.rutgers.edu:1.0
todd:1.0
nickel.laurentian.ca:1.0
writes:1.0
question:1.0
interpret:1.0
verses:1.6931471805599454
must:1.0
establish:1.0
reasons:1.0
believing:1.0
true:1.0
based:1.0
interpretation:1.0
scriptures:1.0
given:1.0
someone:1.0
come:1.0
grips:1.0
see:1.0
way:1.6931471805599454
interpreting:1.0
homosexuyality:1.0
wrong:1.0
please:1.0
tell:1.0
interpreted:1.0
read:1.0
surrounding:1.0
text:1.0
christs:1.0
love:1.0
