gt7122b:1.6931471805599454
prism.gatech.edu:1.6931471805599454
randal:1.6931471805599454
lee:1.6931471805599454
nicholas:1.6931471805599454
mandock:1.6931471805599454
subject:1.0
question:1.0
virgin:1.0
mary:1.0
article:1.0
may.6.00.34.46.1993.15415:1.0
geneva.rutgers.edu:1.0
news:1.0
cbnewsk.att.com:1.0
writes:1.0
basically:1.0
teaching:2.09861228866811
infallibility:1.6931471805599454
holds:1.0
pope:1.0
infallible:1.6931471805599454
matters:1.6931471805599454
faith:1.6931471805599454
doctrine:2.09861228866811
college:1.0
bishops:1.0
likewise:1.0
laity:1.0
well:1.0
exactly:1.0
correct:1.0
nice:1.0
try:1.0
catholic:1.0
refers:1.0
freedom:1.0
error:1.0
universal:1.0
church:1.0
morals:1.0
taken:1.0
catechist:1.0
