wytten:1.0
umn-cs.cs.umn.edu:1.0
dale:1.6931471805599454
wyttenbach:1.6931471805599454
subject:1.0
question:1.0
hell:2.09861228866811
basis:1.0
idea:1.0
place:1.0
eternal:1.0
suffering:1.0
biblical:1.0
please:1.0
reference:1.0
heres:1.0
train:1.0
thought:1.0
god:1.0
using:1.0
earth:1.0
manufacture:1.0
heavenly:1.0
beings:1.0
logical:1.0
would:1.0
certain:1.6931471805599454
yield:1.6931471805599454
amount:1.0
waste:2.09861228866811
goes:1.0
heaven:1.0
burned:1.0
destroyed:1.0
necessary:1.0
punish:1.0
rather:1.0
destroy:1.0
peace:1.0
joy:1.0
