biz:1.0
soil.princeton.edu:1.0
dave:1.6931471805599454
bisignano:1.0
subject:1.0
people:1.0
become:1.0
atheists:1.0
ken:1.0
happens:1.0
die:1.0
purpose:1.0
life:1.6931471805599454
think:2.09861228866811
chance:1.0
youre:1.0
family:1.0
friends:1.0
searching:1.0
fill:1.6931471805599454
void:1.6931471805599454
exists:1.0
