todd:1.6931471805599454
nickel.laurentian.ca:1.0
subject:1.0
homosexuality:1.0
issues:1.0
christiani:1.0
whitsebd:1.0
nextwork.rose-hulman.edu:1.0
bryan:1.0
whitsell:1.0
writes:1.0
see:1.0
way:1.6931471805599454
interpreting:1.0
homosexuyality:1.0
wrong:1.0
please:1.0
tell:1.0
verses:1.6931471805599454
interpreted:1.0
read:1.0
surrounding:1.0
text:1.0
exactly:1.0
asking:1.0
homosexual:2.09861228866811
community:1.0
proper:1.0
term:1.0
decided:1.0
christianity:1.0
behaviour:1.0
rather:1.0
condones:1.0
interpret:1.0
guess:1.0
really:1.0
looking:1.0
response:1.0
