biz:1.0
soil.princeton.edu:1.0
dave:1.0
bisignano:1.0
subject:1.0
people:1.0
become:1.0
atheists:2.09861228866811
article:1.0
may.9.05.41.56.1993.27583:1.0
athos.rutgers.edu:1.0
gt7122b:1.0
prism.gatech.edu:1.0
randal:1.0
lee:1.0
nicholas:1.0
mandock:1.0
writes:1.0
bob:1.0
reminds:1.0
roommate:1.0
order:1.0
disbelieve:1.0
atheism:1.0
says:1.0
need:1.0
proven:1.0
wrong:1.0
well:1.0
dont:1.0
even:1.0
waste:1.0
time:1.0
trying:1.0
tell:1.0
hell:1.0
take:1.0
word:1.0
response:1.0
tells:1.0
say:1.0
prayer:1.6931471805599454
said:1.0
