revdak:1.6931471805599454
netcom.com:1.6931471805599454
andrew:1.0
kille:1.0
subject:1.0
god:2.386294361119891
morality:1.0
massacres:1.0
without:1.0
quoting:1.0
length:1.0
preceeding:1.0
post:1.0
id:1.0
like:1.6931471805599454
say:1.0
find:1.0
much:1.0
appropriate:1.0
way:1.0
dealing:1.0
issues:1.0
holocaust:1.0
bosnia:1.0
asserting:1.0
punishing:1.0
activity:1.0
always:1.0
redemptive:1.0
means:1.0
restoring:1.0
lost:1.0
broken:1.0
distorted:1.0
brokenness:1.0
lostness:1.0
distortion:1.0
genocide:1.0
poverty:1.0
etc:1.0
nonetheless:1.0
capable:1.0
willing:1.0
active:1.0
restore:1.0
heal:1.0
mend:1.0
redeeem:1.0
