creps:2.386294361119891
lateran.ucs.indiana.edu:1.6931471805599454
stephen:1.0
subject:1.0
question:1.0
virgin:1.0
mary:2.09861228866811
article:1.0
may.5.02.53.08.1993.28877:1.0
athos.rutgers.edu:1.0
ddavis:1.0
cass.ma02.bull.com:1.0
dave:1.0
davis:1.0
writes:1.0
since:1.0
free:1.6931471805599454
original:1.0
sin:1.0
exactly:1.0
die:1.0
end:1.0
life:1.0
dogmatic:1.0
prounouncement:1.0
says:1.0
assumed:1.0
heaven:1.6931471805599454
dogma:1.0
assumption:1.0
state:1.0
whether:1.6931471805599454
died:1.6931471805599454
physical:1.0
death:1.0
taken:1.6931471805599454
catholics:1.0
believe:1.0
wish:1.0
still:1.0
alive:1.0
lean:1.0
somewhat:1.0
toward:1.0
latter:1.0
steve:1.0
indiana:1.0
university:1.0
