carlson:2.09861228866811
ab24.larc.nasa.gov:1.0
ann:1.6931471805599454
subject:1.0
homosexuality:2.09861228866811
issues:1.0
christianity:2.09861228866811
article:1.0
may.7.01.08.16.1993.14381:1.0
athos.rutgers.edu:1.0
whitsebd:1.0
nextwork.rose-hulman.edu:1.0
bryan:1.0
whitsell:1.0
writes:1.0
one:1.0
thinks:1.6931471805599454
compatible:1.6931471805599454
check:1.6931471805599454
romans:1.0
1:27:1.0
corinthians:1.0
6:9:1.0
timothy:1.0
1:10:1.0
jude:1.0
1:7:1.0
ii:1.0
peter:1.0
2:6-9:1.0
gen:1.0
19:1.0
lev:1.0
18:22:1.0
name:1.0
verses:1.0
pertain:1.0
anyone:1.0
gay:1.6931471805599454
dignity:1.0
integrity:1.0
light:1.0
presbyterian:1.0
churches:1.6931471805599454
affirmation:1.0
mcc:1.0
etc:1.0
meet:1.0
christians:1.0
find:1.0
pray:1.0
discuss:1.0
scripture:1.0
form:1.0
opinion:1.0
dr:1.0
b:1.0
a.b.carlson:1.0
larc.nasa.gov:1.0
ms:1.0
366:1.0
nasa:1.0
langley:1.0
research:1.0
center:1.0
hampton:1.0
va:1.0
23681-0001:1.0
