eugene.bigelow:1.0
ebay.sun.com:1.0
geno:1.0
subject:1.0
doctrine:1.0
original:1.0
sin:1.0
joseph:1.0
h:1.0
buehler:1.0
writes:1.0
obviously:1.0
applies:1.0
equally:1.0
well:1.0
infants:1.6931471805599454
adults:1.0
since:1.0
souls:1.0
must:1.6931471805599454
baptized:1.0
therefore:1.0
enter:2.09861228866811
heaven:2.09861228866811
need:1.0
form:1.0
life:1.0
saying:1.0
baptism:1.0
nothing:1.0
asking:1.0
jesus:1.0
come:1.0
heart:1.0
accepting:1.0
savior:1.0
ritual:1.0
go:1.0
enable:1.0
us:1.0
