m.reimer:1.6931471805599454
uts.edu.au:1.6931471805599454
matthew:1.0
r:1.0
subject:1.0
urbana:1.6931471805599454
93:1.6931471805599454
mission:1.0
conference:1.6931471805599454
would:1.6931471805599454
like:1.6931471805599454
hear:2.09861228866811
people:2.09861228866811
thinking:1.6931471805599454
going:2.09861228866811
december:1.0
year:1.0
recently:1.0
received:1.0
info:1.0
ifes:1.6931471805599454
international:1.0
fellowship:1.6931471805599454
evangelical:1.0
students:1.0
attending:1.0
although:1.0
still:1.0
sure:1.0
whether:1.0
afford:1.0
also:1.0
involved:1.6931471805599454
ivf:1.0
groups:2.09861228866811
things:1.0
campus:1.0
news:1.0
already:1.0
christian:1.0
university:1.0
technology:1.0
sydney:1.0
australia:1.0
interested:1.0
find:1.6931471805599454
mail:1.0
matt:1.0
reimer:1.0
email:1.0
