gilham:2.386294361119891
csl.sri.com:1.6931471805599454
fred:1.6931471805599454
subject:1.0
ontological:1.6931471805599454
argument:1.6931471805599454
read:1.0
somewhere:1.0
kurt:1.0
goedel:1.0
argued:1.0
gods:1.0
existence:1.0
logically:1.0
reasonable:1.0
something:1.0
effect:1.0
anyone:1.0
know:1.0
true:1.0
citation:1.0
thanks:1.0
peace:1.0
better:1.0
war:1.6931471805599454
hell:1.6931471805599454
makes:1.0
sense:1.0
walker:1.0
percy:1.0
second:1.0
coming:1.0
