lisa:2.09861228866811
ux1.lbl.gov:1.6931471805599454
stewart:1.0
subject:1.0
christian:1.6931471805599454
embassy:1.6931471805599454
dc:1.6931471805599454
anyone:1.0
know:1.0
washington:1.0
exactly:1.0
please:1.0
respond:1.0
thanks:1.0
