whitsebd:1.0
nextwork.rose-hulman.edu:1.0
bryan:1.6931471805599454
whitsell:1.0
subject:1.0
satan:1.0
tv:1.0
article:1.0
may.9.05.41.06.1993.27543:1.0
athos.rutgers.edu:1.0
salaris:1.6931471805599454
niblick.ecn.purdue.edu:1.0
rrrrrrrrrrrrrrrabbits:1.0
writes:1.0
mtv:1.0
controls:1.0
bands:1.0
popular:1.0
matter:1.0
bad:1.0
fact:1.0
better:1.0
politically:1.6931471805599454
correct:1.6931471805599454
like:1.0
u2:1.0
madonna:1.0
musical:1.0
talent:1.0
steven:1.0
c:1.0
interesting:1.0
idea:1.0
regular:1.0
televeision:1.0
seems:1.0
sort:1.0
thing:1.0
shows:1.0
christs:1.0
love:1.0
