af664:1.0
yfn.ysu.edu:1.0
frank:1.6931471805599454
decenso:1.0
jr:1.0
subject:1.0
christianity:1.0
crisis:1.0
hank:1.0
hanegraaff:1.0
anyone:1.0
read:1.0
important:1.0
book:1.0
feelings:1.0
one:1.6931471805599454
wished:1.0
contend:1.0
could:1.0
answer:1.0
time:1.0
thousand:1.0
job:1.0
9:3:1.0
