petch:1.0
gvg47.gvg.tek.com:1.0
chuck:1.0
subject:1.0
daily:1.0
verse:1.0
lord:1.6931471805599454
almighty:1.6931471805599454
says:1.0
hear:1.0
words:1.0
spoken:1.0
prophets:1.0
foundation:1.0
laid:1.0
house:1.0
let:1.0
hands:1.0
strong:1.0
temple:1.0
may:1.0
built:1.0
zechariah:1.0
8:9:1.0
