gt7122b:1.6931471805599454
prism.gatech.edu:1.6931471805599454
randal:1.6931471805599454
lee:1.6931471805599454
nicholas:1.6931471805599454
mandock:1.6931471805599454
subject:1.0
people:1.0
become:1.0
atheists:1.6931471805599454
article:1.0
may.11.02.36.27.1993.28065:1.0
athos.rutgers.edu:1.0
biz:1.0
soil.princeton.edu:1.0
writes:1.0
prayer:1.0
said:1.0
roommate:1.0
atheist:1.0
says:1.0
anyone:1.0
might:1.0
listening:1.0
catechist:1.0
