jek:1.0
cu.nih.gov:1.0
subject:1.0
bernadette:2.09861228866811
dates:1.0
joe:1.0
moore:1.0
writes:1.0
mary:1.0
time:1.0
appeared:1.0
girl:1.0
named:1.0
lourdes:1.0
referred:1.0
immaculate:1.0
conception:1.0
since:1.0
nine:1.0
year:1.0
old:1.6931471805599454
would:1.0
way:1.0
knowing:1.0
doctrine:1.6931471805599454
apparition:1.0
deemed:1.0
true:1.0
sealed:1.0
case:1.0
14:1.0
years:1.6931471805599454
visions:1.0
1858:1.0
four:1.0
dogma:1.0
officially:1.0
proclaimed:1.0
pope:1.0
james:1.0
kiefer:1.0
