e_p:1.0
unl.edu:1.0
edgar:1.0
pearlstein:1.0
subject:1.6931471805599454
bastards:1.6931471805599454
mormon:1.0
beliefs:1.0
relevance:1.0
posts:1.0
might:1.0
deut.23:2:1.0
bastard:1.0
shall:1.6931471805599454
enter:1.6931471805599454
congregation:1.6931471805599454
lord:1.6931471805599454
even:1.0
tenth:1.0
generation:1.0
