hall:1.0
vice.ico.tek.com:1.0
hal:1.0
f:1.0
lillywhite:1.0
subject:1.0
eternal:2.09861228866811
marriage:3.4849066497880004
mormon:1.0
temples:1.0
article:1.0
may.11.02.39.09.1993.28334:1.0
athos.rutgers.edu:1.0
dhammers:1.0
pacific:1.0
david:1.0
hammerslag:1.0
writes:1.0
paragraph:1.0
brought:1.0
mind:1.0
question:1.6931471805599454
mormons:1.0
reconcile:1.0
idea:1.6931471805599454
christs:1.0
statement:1.6931471805599454
ressurection:1.0
people:1.0
neither:2.386294361119891
marry:2.791759469228055
given:2.09861228866811
luke:2.09861228866811
chapt:1.0
20:1.0
well:1.0
something:1.0
wrote:1.0
time:1.0
ago:1.0
response:1.0
similar:1.0
hope:1.0
helps:1.0
begin:1.0
repeat:1.0
previous:1.0
post:1.0
scripture:1.0
mentioned:1.0
agree:1.0
seem:1.6931471805599454
problem:1.0
general:1.0
lukes:1.6931471805599454
version:1.0
jesus:2.791759469228055
saying:1.6931471805599454
children:2.9459101490553135
world:2.09861228866811
attain:1.0
kingdom:1.0
heaven:2.09861228866811
almost:1.0
sounds:1.0
like:1.6931471805599454
disqualifies:1.0
one:1.0
salvation:1.0
matthew:1.0
mark:2.386294361119891
omit:1.0
think:1.6931471805599454
accounts:2.09861228866811
clear:1.0
might:1.0
lets:1.0
look:1.0
incident:1.0
see:1.0
come:1.0
reasonable:1.0
ideas:1.0
means:1.0
scriptures:1.6931471805599454
involved:1.0
mat:2.6094379124341005
22:23-30:1.0
12:18-25:1.0
20:27-36:1.0
happened:1.0
sadducees:2.09861228866811
believe:2.09861228866811
resurrection:2.6094379124341005
thought:1.0
could:1.0
trap:1.0
made:1.0
reference:1.0
leverite:1.6931471805599454
required:1.0
brother:1.6931471805599454
man:1.6931471805599454
died:1.0
without:1.0
take:1.0
widow:1.6931471805599454
wife:2.6094379124341005
raise:1.0
would:1.6931471805599454
considered:1.6931471805599454
deceased:1.6931471805599454
though:1.0
womans:1.0
first:2.6094379124341005
husband:2.09861228866811
fathered:1.0
seems:1.6931471805599454
obvious:1.6931471805599454
woman:1.0
still:1.0
way:1.0
however:1.6931471805599454
concocted:1.0
scene:1.0
6:1.0
brothers:1.0
turn:1.0
failed:1.0
father:1.6931471805599454
imply:1.0
equal:1.0
ask:1.6931471805599454
whose:1.6931471805599454
shall:1.0
point:1.0
anybodys:1.0
borne:1.0
credited:1.0
regardless:1.0
biological:1.0
possible:1.0
refering:1.0
says:1.0
ye:1.0
err:1.0
knowing:1.0
power:1.0
god:2.386294361119891
22:29:1.0
compare:1.0
12:24:1.0
phrase:1.0
account:1.0
anyway:1.0
seeing:1.0
7:1.0
answer:1.0
22:30:1.0
rise:1.0
dead:1.0
12:25:1.0
accounted:1.0
worthy:1.0
obtain:1.0
20:35:1.0
3:1.0
go:1.0
say:1.0
angels:1.6931471805599454
equivalent:1.0
find:1.6931471805599454
last:1.0
helpful:1.0
since:1.0
bible:1.0
define:1.0
give:1.0
life:1.0
ministers:1.0
claim:1.0
sexless:1.0
different:1.0
humans:1.0
etc:1.0
biblical:1.0
support:1.0
clearest:1.0
matthews:1.0
marks:1.0
marriages:1.6931471805599454
performed:2.386294361119891
goes:1.0
along:1.0
belief:1.0
person:1.0
must:1.0
done:1.0
earth:1.6931471805599454
authority:1.6931471805599454
binding:1.0
eternity:1.0
fact:1.0
appears:1.0
death:1.0
entered:1.0
garden:1.0
eden:1.0
therefore:1.0
hath:1.0
joined:1.0
together:1.0
let:1.0
put:1.0
asunder:1.0
19:6:1.0
also:1.6931471805599454
told:1.0
peter:1.0
apostles:1.0
whatsoever:1.0
bind:1.0
bound:1.0
16:19:1.0
18:18:1.0
refers:1.0
proper:1.0
