easteee:1.6931471805599454
wkuvx1.bitnet:1.6931471805599454
subject:1.6931471805599454
prays/speaks:1.0
tongues:2.09861228866811
pray:1.0
appropriate:1.0
pray/speak:1.0
would:1.0
like:1.0
gain:1.0
knowledge:1.0
western:1.0
kentucky:1.0
university:1.0
