david.bernard:1.0
central.sun.com:1.0
dave:1.0
bernard:1.0
subject:1.0
marys:1.0
assumption:1.0
also:1.0
dont:1.0
see:1.0
necessity:1.0
saying:1.0
holy:1.0
parents:1.0
sanctified:1.0
beyond:1.6931471805599454
normal:1.6931471805599454
humanity:1.6931471805599454
sounds:1.0
like:1.0
inability:1.0
grasp:1.0
immensity:1.0
gods:1.0
grace:1.0
incarnated:1.0
dinary:1.0
human:1.0
elizabeth:1.6931471805599454
greeted:1.0
mary:2.09861228866811
said:1.0
something:1.0
effect:1.0
women:1.0
blessed:1.0
appears:1.0
exactly:1.0
places:1.0
sanctification:1.0
