pwhite:1.0
empros.com:1.0
peter:1.6931471805599454
white:1.6931471805599454
subject:1.0
question:1.6931471805599454
hell:3.6390573296152584
article:1.0
may.11.02.36.38.1993.28081:1.0
athos.rutgers.edu:1.0
wytten:1.0
umn-cs.cs.umn.edu:1.0
dale:1.0
wyttenbach:1.0
writes:1.0
basis:1.0
idea:1.6931471805599454
place:2.09861228866811
eternal:2.09861228866811
suffering:1.0
biblical:1.0
please:1.0
reference:1.6931471805599454
heres:1.0
train:1.0
thought:1.6931471805599454
god:2.6094379124341005
using:1.0
earth:1.6931471805599454
manufacture:1.0
heavenly:1.0
beings:1.0
logical:1.0
would:1.0
certain:1.6931471805599454
yield:1.6931471805599454
amount:1.0
waste:2.09861228866811
goes:1.6931471805599454
heaven:1.0
burned:1.6931471805599454
destroyed:1.6931471805599454
necessary:1.6931471805599454
punish:1.0
rather:1.0
destroy:1.0
luke:1.0
16:1.0
talks:2.09861228866811
rich:1.6931471805599454
man:2.09861228866811
lazarus:1.0
matthew:2.09861228866811
25:1.6931471805599454
fire:2.9459101490553135
prepared:1.0
devil:1.6931471805599454
angels:1.6931471805599454
revelations:1.6931471805599454
20:1.0
21:1.0
unbelievers:2.09861228866811
thrown:1.6931471805599454
18:1.0
seems:2.09861228866811
quite:1.0
clear:2.386294361119891
burns:1.0
forever:2.386294361119891
passages:1.0
tormented:1.0
passage:1.0
doesnt:1.0
seem:2.386294361119891
abundantly:1.0
whether:1.6931471805599454
punishment:2.09861228866811
everlasting:1.0
sense:1.6931471805599454
final:1.0
continual:1.6931471805599454
dales:1.6931471805599454
come:1.0
away:1.0
suggestion:1.0
short:1.0
might:1.0
acceptable:1.0
alternative:1.0
living:1.0
source:1.0
life:1.0
peace:1.0
joy:1.0
i.e:1.6931471805599454
unbeliever:1.0
ceases:1.0
exist:1.0
whereas:1.0
continually:2.09861228866811
one:2.09861228866811
greater:1.0
motivation:1.0
avoid:2.09861228866811
definately:1.0
something:1.6931471805599454
want:1.6931471805599454
regardless:1.0
exact:1.0
nature:2.09861228866811
two:1.0
main:2.09861228866811
questions:1.0
gods:1.6931471805599454
plan:1.6931471805599454
part:1.0
opposed:1.0
simply:1.0
destroying:1.0
completely:1.0
refuse:1.0
believe:1.0
genuine:1.0
relationship:1.0
people:1.6931471805599454
reasons:1.0
lot:1.0
difficult:1.0
ascertain:1.0
minimum:1.0
state:1.0
nothing:1.0
bible:1.0
aware:1.0
discussion:1.0
specifics:1.0
beyond:1.0
general:1.0
hot:1.0
unpleasant:1.0
torment:1.0
instance:1.0
discussed:1.0
stay:1.0
still:1.0
feel:1.6931471805599454
discomfort:1.0
pain:2.386294361119891
point:2.386294361119891
sensing:1.0
ability:1.0
forgive:1.0
graphicalness:1.0
throw:1.0
physical:2.386294361119891
body:1.6931471805599454
assuming:1.0
person:1.0
starts:1.0
alive:1.0
fairly:1.0
quick:1.0
nerves:1.0
longer:1.6931471805599454
sensed:1.6931471805599454
stated:1.0
occurs:1.0
judgement:1.0
already:1.0
physically:1.0
dead:1.6931471805599454
cast:1.0
cant:1.0
could:1.0
without:1.0
lazarus/rich:1.0
parable:2.09861228866811
told:1.0
listener:1.0
think:1.0
terms:1.0
order:1.0
get:1.0
wont:1.0
listen:1.0
even:1.6931471805599454
rises:1.0
reach:1.0
hard-hearted:1.0
listening:1.0
fact:1.0
resurrection:1.6931471805599454
gospel:1.0
jesus:1.0
christ:1.6931471805599454
reasonable:1.0
also:1.0
draw:1.0
remotely:1.0
pleasant:1.0
disclaimer:1.0
none:1.0
written:1.0
necessarily:1.0
reflects:1.0
view:1.0
company:1.0
phil:1.0
know:1.0
power:1.0
3:10:1.0
fellowship:1.0
sharing:1.0
nivhis:1.0
sufferings:1.0
becoming:1.0
like:1.0
death:1.0
