klrklr:1.0
iastate.edu:1.0
kevin:1.0
l:1.0
rens:1.0
subject:1.0
christian:1.6931471805599454
reformed:2.386294361119891
anyone:1.0
belong:1.0
know:1.0
facts:1.0
church:1.6931471805599454
one:1.0
two:1.0
major:1.0
heirs:1.0
dutch:1.0
tradition:1.0
u.s:1.0
america:1.0
crc:1.0
less:1.0
spinoff:1.0
rca:1.0
unclear:1.0
reference:1.0
exactly:1.0
differences:1.0
clh:1.0
