agr00:1.0
ccc.amdahl.com:1.0
anthony:1.0
g:1.0
rose:1.0
subject:1.0
satan:1.6931471805599454
kicked:1.0
heaven:1.0
biblical:1.6931471805599454
response:1.0
request:1.0
reference:1.0
fallen:1.0
angel:1.0
clh:1.6931471805599454
isaiah:1.0
14:12:1.0
common:1.0
reading:1.0
passage:1.0
referring:1.0
king:1.0
babylon:1.0
using:1.0
mythological:1.0
language:1.0
ironically:1.0
claims:1.0
