tony:1.6931471805599454
scotty.dccs.upenn.edu:1.0
anthony:1.0
olejnik:1.0
subject:1.0
dispose:1.6931471805599454
old:1.6931471805599454
blessed:1.6931471805599454
palms:1.6931471805599454
proper:1.0
way:1.0
bunch:1.0
holding:1.0
onto:1.0
addition:1.0
mom:1.0
giving:1.0
used:1.0
give:1.0
uncle:1.0
would:1.0
burn:1.0
leave:1.0
ashes:1.0
seep:1.0
ground:1.0
could:1.6931471805599454
bury:1.0
add:1.0
compost:1.0
bin:1.0
thanks:1.0
advance:1.0
