swf:1.0
elsegundoca.ncr.com:1.6931471805599454
stan:1.0
friesen:1.0
subject:1.6931471805599454
definition:2.791759469228055
christianity:2.09861228866811
article:1.0
may.12.04.28.31.1993.9972:1.0
athos.rutgers.edu:1.0
autry:1.6931471805599454
magellan.stlouis.sgi.com:1.0
larry:1.0
writes:1.0
tied:1.0
directly:1.0
trinity:1.0
catholic:1.0
churchs:1.0
belief:2.09861228866811
jesus:2.386294361119891
christ:1.0
sufficient:1.0
call:1.0
ones:1.0
self:1.0
christian:1.6931471805599454
common:1.0
basic:1.0
use:1.0
god:1.0
incarnate:1.0
crucified:1.0
raised:1.0
dead:1.0
salvation:1.0
acceptance:1.0
personal:1.0
lord:1.0
savior:1.0
would:1.0
include:1.0
denominations:1.0
exclude:1.0
unitarians:1.0
sarima:1.6931471805599454
teradata.com:1.0
formerly:1.0
tdatirv:1.0
stanley.friesen:1.0
