idqm400:1.6931471805599454
indyvax.iupui.edu:1.6931471805599454
subject:1.0
knights:1.6931471805599454
columbus:1.0
initiations:1.0
ceremony:1.0
ous:1.0
almost:1.0
secretive:1.0
mafia:1.0
phases:1.0
initation:1.0
secretiveness:1.0
dale:1.0
