duncans:1.0
phoenix.princeton.edu:1.0
duncan:1.0
eric:1.0
smith:1.0
subject:1.0
verse:1.6931471805599454
divisions:1.0
im:1.0
wondering:1.0
anyone:1.0
knows:1.0
answer:1.0
rather:1.6931471805599454
trivial:1.0
question:1.0
ive:1.6931471805599454
thinking:1.0
process:1.0
used:1.0
divide:1.0
bible:1.0
verses:1.0
believe:1.0
jerome:1.0
divided:1.0
new:1.0
testament:1.0
never:1.0
seen:1.0
discussion:1.0
seems:1.0
arbitrary:1.0
opposed:1.0
example:1.0
making:1.0
sentence:1.0
