balsamo:2.6094379124341005
stargl.enet.dec.com:1.6931471805599454
antonio:1.6931471805599454
l:1.6931471805599454
save:1.6931471805599454
wails:1.0
subject:1.6931471805599454
hate:3.8903717578961645
sin:3.9444389791664403
scott:1.6931471805599454
prism.gatech.edu:1.0
holt:1.0
date:1.0
12:1.0
may:1.6931471805599454
93:1.0
08:27:08:1.0
gmt:1.0
love:3.4849066497880004
sinner:3.302585092994046
ive:1.6931471805599454
heard:1.0
quite:1.0
bit:1.0
recently:1.0
question:1.0
whether:1.6931471805599454
statement:1.0
consistent:1.6931471805599454
christianity:1.6931471805599454
would:2.386294361119891
think:2.09861228866811
begets:1.0
never:1.0
questioning:1.0
hating:2.386294361119891
ask:1.0
consider:1.6931471805599454
following:1.0
scripture:1.0
romans:1.0
12:9:1.0
let:1.0
without:1.0
hypocrisy:1.0
evil:1.0
cling:1.0
good:1.6931471805599454
paul:1.0
inspiration:1.0
holy:1.0
spirit:1.0
calling:2.386294361119891
us:3.302585092994046
god:2.09861228866811
call:1.6931471805599454
something:1.0
eventually:2.09861228866811
lead:1.0
fellow:1.6931471805599454
man:1.6931471805599454
especially:1.0
commands:2.09861228866811
opposite:1.0
lets:1.0
apply:1.0
philosophy:1.0
see:1.6931471805599454
happens:1.0
truly:1.0
stronger:1.0
hatred:1.6931471805599454
become:1.6931471805599454
becomes:1.0
strong:1.0
disgusted:1.0
come:1.0
experience:1.0
found:1.0
anybody:1.0
result:1.0
life:1.6931471805599454
find:1.0
compassion:2.09861228866811
person:1.6931471805599454
jesus:2.386294361119891
since:1.0
bible:1.0
teaches:1.0
tempted:1.6931471805599454
every:1.0
way:1.6931471805599454
able:1.0
fall:1.0
example:1.0
account:1.0
woman:1.6931471805599454
caught:1.0
adultery:1.0
john:1.6931471805599454
8:1.6931471805599454
also:1.0
called:1.0
leave:1.6931471805599454
means:1.6931471805599454
sinners:1.6931471805599454
loving:1.6931471805599454
unconditionally:1.0
time:1.0
addition:1.0
often:1.6931471805599454
causes:1.0
say:1.6931471805599454
things:1.0
taken:1.0
personally:1.0
even:1.0
believe:1.6931471805599454
blame:1.6931471805599454
always:1.0
laid:1.0
feet:1.6931471805599454
christian:2.09861228866811
seen:1.0
guilty:1.0
taking:1.0
offense:1.0
someone:1.0
merely:1.0
pointing:1.0
repent:1.6931471805599454
unloving:1.0
fact:1.6931471805599454
thing:1.0
could:1.0
done:1.6931471805599454
loved:2.09861228866811
enough:1.6931471805599454
want:1.0
spare:1.0
consequence:1.0
remaining:1.0
begins:1.0
certainly:1.6931471805599454
dont:1.6931471805599454
constant:1.0
criticism:1.6931471805599454
behavior:1.0
builds:1.0
drives:1.0
people:1.0
away:1.0
build:1.0
lay:1.0
exemplified:1.0
hates:1.0
best:1.0
extended:1.0
perfect:1.0
expression:1.0
rejected:1.0
forget:1.0
indeed:1.0
summary:1.0
law:1.0
christ:1.6931471805599454
neighbors:1.0
doesnt:1.0
anything:1.6931471805599454
like:1.0
encourage:1.0
word:1.0
study:1.0
new:1.0
testament:1.0
really:1.0
surprised:1.0
criticisms:1.0
different:1.0
hope:1.0
helps:1.0
tony:1.0
name:1.0
company:1.0
digital:1.0
equipment:1.0
corp:1.0
shrewsbury:1.0
mass:1.0
work:1.0
508:1.0
841-2039:1.0
e-mail:1.0
