plastic:1.6931471805599454
ecr.mu.oz.au:1.0
jason_brinsley:1.0
lee:1.0
subject:1.0
25:1.0
words:1.6931471805599454
less:1.6931471805599454
everywhere:1.0
see:1.0
hear:1.0
christianity:1.0
due:1.0
evangalistic:1.0
nature:1.0
witnessing:1.0
spreading:1.0
gospel:1.0
etc:1.0
want:1.0
know:1.0
anyone:1.0
else:1.0
become:1.0
christian:1.0
twenty:1.0
five:1.0
zeros:1.0
ones:1.0
take:1.0
us:1.0
peace:1.0
1993:1.0
weve:1.0
enough:1.0
discussions:1.0
evidence:1.0
recently:1.0
would:1.0
probably:1.0
best:1.0
respond:1.0
via:1.0
email:1.0
clh:1.0
