fortmann:2.6094379124341005
superbowl.und.ac.za:1.6931471805599454
paul:1.6931471805599454
pg:1.0
subject:1.0
word:2.09861228866811
perfect:1.6931471805599454
exe:1.6931471805599454
file:2.09861228866811
needed:1.0
friend:1.0
mine:1.0
managed:1.0
get:1.6931471805599454
copy:1.0
computerised:1.0
greek:1.0
hebrew:1.0
lexicon:1.0
called:1.0
processing:1.0
package:1.6931471805599454
wordperfect:1.0
however:1.0
one:1.6931471805599454
wiped:1.0
able:1.0
restore:1.0
distributors:1.0
south:1.0
africa:1.0
would:1.0
appreciate:1.0
could:1.6931471805599454
email:1.6931471805599454
least:1.0
tell:1.0
address:1.0
shrike.und.ac.za:1.0
many:1.0
thanks:1.0
