whitsebd:1.0
nextwork.rose-hulman.edu:1.0
bryan:1.6931471805599454
whitsell:1.0
subject:1.0
homosexuality:1.6931471805599454
going:1.0
stop:1.0
reading:1.0
posts:1.0
least:1.0
repeated:1.0
seemingly:1.0
personal:1.0
attacks:1.0
via:2.09861228866811
post/e-mail:1.0
mainly:1.0
e-mail:1.6931471805599454
anyone:1.0
specific:1.0
comment:1.0
suggestion:1.0
and/or:1.0
note:1.0
contain:1.0
name:1.0
calling:1.0
etc:1.0
would:1.6931471805599454
like:1.6931471805599454
read:1.0
send:1.0
copy:1.0
file:1.0
mentioned:1.0
moderator:1.0
ragarding:1.0
exergetical:1.0
issue:1.0
attempted:1.0
get:1.0
ftp:1.0
unable:1.0
christs:1.0
love:1.0
