petch:1.6931471805599454
gvg47.gvg.tek.com:1.0
chuck:1.6931471805599454
subject:1.0
daily:1.0
verse:1.6931471805599454
let:1.0
word:1.0
christ:1.0
dwell:1.0
richly:1.0
teach:1.0
admonish:1.0
one:1.0
another:1.6931471805599454
wisdom:1.0
sing:1.0
psalms:1.0
hymns:1.0
spiritual:1.0
songs:1.0
gratitude:1.0
hearts:1.0
god:1.6931471805599454
colossians:1.0
3:16:1.0
reminder:1.0
verses:1.0
new:1.0
international:1.0
version:1.0
translation:1.6931471805599454
faithfulness:1.0
original:1.6931471805599454
hebrew:1.0
greek:1.0
may:1.0
vary:1.0
time:1.6931471805599454
sounds:1.0
little:1.0
occasionally:1.0
compare:1.0
texts:1.0
able:1.0
bless:1.0
