jek:1.0
cu.nih.gov:1.0
subject:1.0
tongues:2.09861228866811
read:1.0
persons:1.0
interested:1.0
question:1.0
invited:1.0
peruse:1.0
essay:1.0
mine:1.0
obtainable:1.0
sending:1.0
message:1.0
get:1.0
notrans:1.0
listserv:1.6931471805599454
asuacad.bitnet:1.0
asuvm.inre.asu.edu:1.0
james:1.0
kiefer:1.0
