joe:2.09861228866811
erix.ericsson.se:1.0
armstrong:1.6931471805599454
subject:1.0
angels:1.6931471805599454
needles:1.0
recall:1.0
reading:1.0
somewhere:1.0
number:1.0
bishops:1.0
spent:1.0
great:1.0
deal:1.0
time:1.0
debating:1.0
topic:1.0
many:1.0
could:1.0
fit:1.0
tip:1.0
needle:1.0
anybody:1.0
reference:1.0
thanks:1.0
