eugene.bigelow:1.0
ebay.sun.com:1.0
geno:1.0
subject:1.0
doctrine:1.0
original:1.0
sin:1.0
creps:1.6931471805599454
lateran.ucs.indiana.edu:1.0
stephen:1.0
writes:1.0
anyway:1.0
argument:1.6931471805599454
seems:1.0
saying:1.0
god:1.6931471805599454
certainly:1.0
wouldnt:1.0
things:1.6931471805599454
way:1.6931471805599454
therefore:1.0
doesnt:1.0
would:1.0
never:1.0
audacity:1.0
say:1.0
thing:1.0
says:1.0
understand:1.0
