revdak:1.6931471805599454
netcom.com:1.6931471805599454
andrew:1.0
kille:1.0
subject:1.0
marys:1.0
assumption:1.0
dave:1.0
bernard:1.0
david.bernard:1.0
central.sun.com:1.0
wrote:1.0
elizabeth:1.6931471805599454
greeted:1.0
mary:2.6094379124341005
said:1.0
something:1.0
effect:1.0
women:1.6931471805599454
blessed:2.09861228866811
appears:1.0
exactly:1.0
places:1.0
beyond:1.0
sanctification:1.0
normal:1.0
humanity:1.0
phrase:1.0
eulogemene:1.0
su:1.0
en:1.0
gunaixin:1.0
among:1.0
nothing:1.0
indicate:1.0
exceptional:1.0
unique:1.0
status:1.0
woman:1.0
adding:1.0
word:1.0
fair:1.0
reading:1.0
text:1.0
good:1.0
reasons:1.0
churchs:1.0
veneration:1.0
depend:1.0
verse:1.0
