creps:2.386294361119891
lateran.ucs.indiana.edu:1.6931471805599454
stephen:1.0
subject:1.6931471805599454
immaculate:1.0
conception:1.0
article:1.0
may.14.02.11.19.1993.25177:1.0
athos.rutgers.edu:1.0
seanna:1.6931471805599454
bnr.ca:1.0
s.m:1.0
watson:1.0
wrote:1.0
quite:1.0
problem:1.0
idea:1.0
mary:2.6094379124341005
never:1.0
committed:1.0
sin:2.9459101490553135
fully:2.09861228866811
human:2.09861228866811
possible:1.0
god:2.6094379124341005
miraculously:1.0
make:1.6931471805599454
person:1.6931471805599454
free:2.09861228866811
original:2.386294361119891
committing:1.0
whole:1.0
life:1.0
purpose:1.6931471805599454
incarnation:1.0
jesus:1.0
cant:1.0
repeat:1.6931471805599454
miracle:1.6931471805599454
done:1.0
rest:1.6931471805599454
us:1.6931471805599454
sinless:1.0
without:1.0
need:1.0
repentance:1.0
salvation:2.386294361119891
yes:1.0
however:1.6931471805599454
imply:1.0
catholic:1.0
doctrine:1.0
says:1.0
mans:1.0
nature:1.0
good:1.0
gen:1.0
1:31:1.0
damaged:1.0
rom:1.0
5:12-16:1.0
case:1.0
undamaged:1.0
ask:1.0
marys:2.386294361119891
preservation:1.0
better:1.0
way:1.6931471805599454
phrase:1.0
would:1.0
misunderstand:1.0
obtained:1.6931471805599454
like:1.0
blessed:1.0
virgin:1.0
merits:1.0
sacrifice:1.6931471805599454
christ:1.6931471805599454
cross:1.0
bound:1.0
time:1.6931471805599454
creation:1.0
apply:1.0
anyone:1.0
even:1.6931471805599454
lived:1.0
came:1.0
earth:1.0
time-bound:1.0
perspective:1.0
therefore:1.0
christs:1.0
death:1.0
resurrection:1.0
still:1.0
served:1.0
necessary:1.6931471805599454
steve:1.0
indiana:1.0
university:1.0
