miner:1.6931471805599454
kuhub.cc.ukans.edu:1.6931471805599454
subject:1.0
david:1.6931471805599454
rapiers:1.6931471805599454
hebrew:2.09861228866811
quiz:1.6931471805599454
software:1.6931471805599454
anybody:1.0
using:1.0
tell:1.0
space:1.6931471805599454
typing:1.0
bar:1.0
doesnt:1.0
work:1.0
anyway:1.0
email:1.0
please:1.0
thanks:1.0
ken:1.0
opinions:1.0
