eugene.bigelow:1.0
ebay.sun.com:1.0
geno:1.0
subject:1.0
marys:1.0
assumption:1.0
elizabeth:2.09861228866811
greeted:1.0
mary:2.386294361119891
said:1.6931471805599454
something:1.0
effect:1.0
women:1.0
blessed:2.09861228866811
appears:1.0
exactly:1.0
places:1.0
beyond:1.0
sanctification:1.0
normal:1.0
humanity:1.0
remember:1.0
couple:1.0
times:1.6931471805599454
ex-girlfriend:1.0
thought:1.0
son:1.0
loved:1.0
dearly:1.0
fact:1.0
ive:1.0
heard:1.0
people:1.0
refer:1.0
someone:1.0
quite:1.0
common:1.0
figure:1.0
speech:1.0
considering:1.0
another:1.0
human:1.0
think:1.0
passage:1.0
offers:1.0
nothing:1.0
towards:1.0
justifying:1.0
blessedness:1.0
