jek:1.0
cu.nih.gov:1.0
subject:2.6094379124341005
relevant:1.0
lines:1.6931471805599454
recent:1.0
post:2.09861228866811
bears:1.0
line:1.6931471805599454
serbian:1.0
genocide:1.0
work:1.0
god:1.0
text:1.0
contains:1.0
80:1.0
devoted:1.0
defence:1.0
doctrine:1.0
predestination:1.0
applied:1.0
salvation:1.0
individuals:1.0
five-line:1.0
post-script:1.0
balkans:1.0
natural:1.0
easy:1.0
keep:1.0
one:1.0
replying:1.0
focus:1.0
shifts:1.0
keeping:1.0
cause:1.0
confusion:1.0
intended:1.0
general:1.0
request:1.0
mentioned:1.0
handiest:1.0
example:1.0
james:1.0
kiefer:1.0
