i25lg:1.0
cunyvm.bitnet:1.0
subject:1.0
harold:1.6931471805599454
camping:1.0
read:1.6931471805599454
campings:1.0
book:1.6931471805599454
1994:1.6931471805599454
biblical:1.0
evidenc:1.0
points:1.0
september:1.0
probable:1.0
time:1.0
christs:1.0
second:1.0
coming:1.0
informative:1.0
must:1.0
christians:1.0
get:1.0
local:1.0
bookstore:1.0
14.95:1.0
peace:1.0
clh:1.0
