jek:1.0
cu.nih.gov:1.0
subject:1.0
imprecatory:1.6931471805599454
psalms:2.386294361119891
paul:1.0
fortmann:1.0
submitted:1.0
sermon:1.0
peter:1.0
hammond:1.0
praying:1.0
justice:1.0
spoke:1.0
positive:1.0
value:1.0
cursing:1.6931471805599454
connection:1.0
recommend:1.0
membership:1.0
book:1.0
reflections:1.0
c:1.0
lewis:1.0
special:1.0
reference:1.0
chapter:1.0
james:1.0
kiefer:1.0
