jsledd:1.0
ssdc.sas.upenn.edu:1.0
james:1.0
sledd:1.0
subject:1.0
dreams:1.0
body:1.0
incidents:1.0
article:1.0
may.14.02.10.02.1993.25119:1.0
athos.rutgers.edu:1.0
alisonjw:1.6931471805599454
spider.co.uk:1.6931471805599454
alison:1.6931471805599454
j:1.6931471805599454
wyld:1.6931471805599454
writes:1.0
ps:1.0
make:1.0
clear:1.0
dont:1.0
never:1.0
tried:1.0
oobes:1.0
tend:1.0
think:1.0
limits:1.0
christians:1.0
