u2i02:1.0
seq1.cc.keele.ac.uk:1.0
rj:1.0
pomeroy:1.0
subject:1.0
satan:1.6931471805599454
kicked:1.0
heaven:1.6931471805599454
biblical:1.0
article:1.0
may.14.02.11.36.1993.25219:1.0
athos.rutgers.edu:1.0
tas:1.0
pegasus.com:1.0
len:1.6931471805599454
howard:1.6931471805599454
hi:1.0
eddie:1.0
many:1.0
people:1.0
believe:1.6931471805599454
battle:1.0
described:1.0
rev:1.0
12:7-12:1.0
describes:1.0
casting:1.0
fall:1.0
earth:1.0
shalom:1.0
also:1.0
check:1.6931471805599454
jude:1.0
plus:1.0
concordance:1.0
handy:1.0
references:1.0
stars:1.0
generally:1.0
taken:1.0
mean:1.0
angels:1.0
