petch:1.0
gvg47.gvg.tek.com:1.0
chuck:1.0
subject:1.0
daily:1.0
verse:1.0
dishonest:1.0
money:1.6931471805599454
dwindles:1.0
away:1.0
gathers:1.0
little:1.6931471805599454
makes:1.0
grow:1.0
proverbs:1.0
13:11:1.0
