hudson:2.09861228866811
athena.cs.uga.edu:1.0
paul:1.0
jr:1.0
subject:1.0
contradiction:2.09861228866811
mormonism:1.0
related:1.0
moral:1.0
issue:1.6931471805599454
polygamy:1.6931471805599454
mormon:1.6931471805599454
writings:1.0
book:2.09861228866811
called:1.0
jacob:1.0
joseph:1.6931471805599454
smith:1.6931471805599454
wrote:2.09861228866811
abomination:1.6931471805599454
god:1.0
david:1.6931471805599454
solomon:1.0
many:1.6931471805599454
wives:1.6931471805599454
later:1.0
doctrines:1.0
covenants:1.0
possibly:1.0
becoming:1.0
personal:1.0
life:1.0
mormons:1.0
answer:1.0
link:1.0
