ccjim:1.6931471805599454
vax.cns.muskingum.edu:1.6931471805599454
jimmy:1.6931471805599454
buddenberg:1.6931471805599454
subject:1.0
resume:1.6931471805599454
im:1.6931471805599454
revise:1.0
wondering:1.0
put:1.0
fact:1.0
christian:1.0
give:1.0
input:1.0
think:1.0
student:1.0
systems:1.0
analyst:1.0
muskingum:1.0
college:1.0
