liz.broadwell:1.0
netnews.upenn.edu:1.0
ebroadwe:1.6931471805599454
mail.sas.upenn.edu:1.6931471805599454
subject:1.0
acta:1.6931471805599454
sanctorum:1.6931471805599454
english:2.09861228866811
anyone:1.0
know:1.0
whether:1.0
huge:1.0
multi-volume:1.0
collection:1.0
roman:1.0
catholic:1.0
hagiography:1.0
produced:1.0
bollandists:1.0
ever:1.0
translated:1.0
im:1.0
working:1.0
vita:1.0
dympnae:1.0
would:1.0
love:1.0
able:1.0
check:1.0
translation:1.0
somebody:1.0
elses:1.0
email:1.0
replies:1.0
preferred:1.0
unless:1.0
query:1.0
turns:1.0
general:1.0
interest:1.0
liz:1.0
broadwell:1.0
department:1.0
ad:1.0
majorem:1.0
dei:1.0
gloriam:1.0
university:1.0
pennsylvania:1.0
