conan:1.0
durban.berkeley.edu:1.0
david:1.6931471805599454
cruz-uribe:1.6931471805599454
subject:1.0
st:1.6931471805599454
maria:1.6931471805599454
goretti:1.6931471805599454
reading:1.6931471805599454
story:1.0
posted:1.0
two:1.0
weeks:1.0
ago:1.0
bit:1.0
confused:1.0
clear:1.0
daily:1.0
life:1.6931471805599454
one:2.09861228866811
probity:1.0
sanctity:1.0
afraid:1.6931471805599454
dont:1.0
quite:1.0
understand:1.0
final:1.0
episode:1.0
correctly:1.0
church:1.0
apparently:1.0
felt:1.0
raped:1.0
sin:1.0
part:1.0
perfidious:1.0
would:1.0
rather:1.6931471805599454
die:1.0
commit:1.0
case:1.0
im:1.0
disagree:1.0
strongly:1.0
anyone:1.0
explain:1.0
christ:1.0
sfo:1.0
