wagner:2.09861228866811
grace.math.uh.edu:1.0
david:1.6931471805599454
subject:1.0
doctrine:1.6931471805599454
original:2.386294361119891
sin:2.6094379124341005
alan:3.1972245773362196
e:1.0
idler:1.0
aidler:1.0
sol.uvic.ca:1.0
writes:1.0
2:1.0
also:2.09861228866811
analyze:1.0
lord:2.09861228866811
addressing:1.0
marvel:1.0
said:1.0
unto:1.0
thee:1.0
ye:1.0
must:1.0
born:2.791759469228055
john:1.6931471805599454
3:7:1.0
jesus:1.6931471805599454
clearly:1.6931471805599454
directing:1.0
remarks:1.0
nicodemus:1.0
ruler:1.0
jews:1.0
child:1.0
yes:1.0
made:1.0
general:1.0
doctrinal:1.0
statement:1.0
conversation:1.0
flesh:2.09861228866811
gives:1.6931471805599454
birth:2.9459101490553135
spirit:2.386294361119891
3:6:1.0
infants:1.0
thus:1.0
without:1.0
baptism:2.9459101490553135
unspiritual:1.0
image:1.6931471805599454
god:1.0
adams:1.0
fallen:1.0
cf:1.0
gen:1.0
5:3:1.0
righteousness:2.386294361119891
adults:1.0
imputed:1.6931471805599454
christ:2.09861228866811
believers:1.0
receive:1.0
faith:1.0
3:1.0
ask:1.0
would:1.0
even:1.0
introduce:1.0
concept:1.6931471805599454
spiritual:2.791759469228055
re-birth:2.386294361119891
newborn:1.6931471805599454
babies:1.0
werent:1.0
free:1.0
point:1.0
little:1.0
obscure:1.0
think:1.0
saying:1.0
used:1.6931471805599454
innocence:1.6931471805599454
babes:1.0
metaphor:1.0
look:1.0
text:1.0
speak:1.0
twice:1.0
several:1.0
times:1.0
makes:1.0
clear:1.0
separate:1.0
different:1.0
events:1.0
true:1.0
scriptures:1.0
refer:1.0
second:1.6931471805599454
example:1.0
titus:1.6931471805599454
3:5:1.6931471805599454
thing:1.0
two:1.0
births:1.0
common:1.0
symbol:1.0
new:2.09861228866811
life:2.09861228866811
infant:1.6931471805599454
conceived:1.0
begun:1.0
neither:1.0
innocent:1.0
righteous:1.0
similarly:1.0
individual:1.0
baptized:1.6931471805599454
perhaps:1.0
believe:1.0
prior:1.0
begin:1.0
romans:1.0
6:3:1.0
colossians:1.0
2:12:1.0
ephesians:1.0
2:5:1.0
believer:1.0
gods:1.6931471805599454
assurance:1.0
forgiveness:1.0
sins:1.0
christs:1.0
references:1.0
see:1.6931471805599454
augsburg:1.6931471805599454
confession:1.6931471805599454
article:2.09861228866811
ii:1.6931471805599454
apology:1.0
formula:1.0
concord:1.0
luthers:1.0
large:1.6931471805599454
catechism:1.6931471805599454
part:1.6931471805599454
4:1.6931471805599454
something:1.0
recent:1.0
family:1.0
andrew:1.6931471805599454
das:1.0
available:1.0
northwestern:1.0
publishing:1.0
house:1.0
graduate:1.0
concordia:1.0
lutheran:1.0
seminary:1.0
st:1.0
louis:1.0
pursuing:1.0
doctoral:1.0
studies:1.0
yale:1.0
divinity:1.0
school:1.0
mad:1.0
reason:1.0
rushes:1.0
forth:1.0
confessional:1.0
lutheranand:1.0
dazzling:1.0
like:1.0
works:1.0
regards:1.0
worthless:1.0
martin:1.0
luther:1.0
