lieuwen:1.6931471805599454
allegra.att.com:1.0
dan:1.6931471805599454
subject:1.0
christian:1.6931471805599454
reformed:2.09861228866811
church:1.6931471805599454
allow:1.0
people:1.0
belong:1.0
lodges:1.0
america:1.0
conservatives:1.0
churches:1.6931471805599454
similar:1.0
progressives:1.0
rca:1.0
currently:1.0
ordains:1.0
women:1.0
crc:1.6931471805599454
fighting:1.0
issue:1.0
significant:1.0
fraction:1.0
live:1.0
western:1.0
michigan:1.0
fyi:1.0
went:1.0
school:1.0
calvin:1.0
college:1.0
