crackle:1.0
dabbott:1.0
munnari.oz.au:1.0
name:1.6931471805599454
subject:1.0
bertrand:1.6931471805599454
russell:1.6931471805599454
2nd:1.0
request:1.0
could:1.0
guy:1.0
wrote:1.0
article:1.0
resend:1.0
copy:1.6931471805599454
sorry:1.0
accidently:1.0
deleted:1.0
forgot:1.0
