mayo:2.386294361119891
cs.utk.edu:1.6931471805599454
wallace:1.6931471805599454
subject:1.0
consecration:1.0
russia:1.0
remind:1.0
list:1.0
booklet:1.0
fatima:1.6931471805599454
send:1.0
one:1.6931471805599454
wants:1.0
lady:1.0
fatimas:1.0
peace:1.0
plan:1.0
heaven:1.0
30:1.0
pages:1.0
length:1.0
includes:1.0
story:1.0
want:1.0
let:1.0
know:1.0
