mmiller1:1.0
attmail.com:1.0
mike:1.6931471805599454
miller:1.0
subject:1.6931471805599454
consecration:1.0
anniversary:1.0
change:1.0
fr:1.0
gobbi:1.0
allowed:1.6931471805599454
notre:2.09861228866811
dame:2.09861228866811
anti:1.0
catholic:1.0
university:1.0
show:1.0
crackpots:1.0
believe:1.0
freedom:1.0
speech:1.0
glad:1.0
allow:1.0
speak:1.0
