moroney:1.6931471805599454
world.std.com:1.0
michael:1.0
subject:1.0
vulcan:2.09861228866811
guy:1.6931471805599454
ears:1.6931471805599454
victor:1.6931471805599454
inqmind.bison.mb.ca:1.0
laking:1.0
writes:1.0
anyone:1.6931471805599454
info:1.6931471805599454
apparent:1.0
sightings:1.6931471805599454
know:1.6931471805599454
apparently:1.6931471805599454
two:1.0
drastically:1.0
different:1.0
times:1.0
small:1.0
planet:1.6931471805599454
inside:2.09861228866811
mercurys:2.386294361119891
orbit:2.09861228866811
beyond:1.0
anything:1.0
specific:1.0
yes:1.6931471805599454
happened:1.0
long:1.6931471805599454
star:1.6931471805599454
trek:1.6931471805599454
got:1.0
reference:1.0
einstein:1.0
fact:1.0
mercury:1.0
hypothesized:1.0
explain:1.0
perturbation:1.0
could:1.0
explained:1.6931471805599454
known:1.0
planets:1.6931471805599454
einsteins:1.0
theory:1.0
relativity:1.0
motion:1.6931471805599454
analysis:1.0
shows:1.0
mike:1.0
