dchien:1.0
hougen.seas.ucla.edu:1.0
david:1.0
h:1.0
chien:1.0
subject:1.0
orbit:1.6931471805599454
data:1.0
help:1.0
needed:1.0
osculating:1.0
elements:1.0
perigee:1.0
need:1.0
convert:1.6931471805599454
something:1.6931471805599454
useful:1.0
preferably:1.0
distance:1.0
earth:1.0
evenly:1.0
spaced:1.0
time:1.0
intervals:1.0
gsm:1.0
coordinate:1.0
system:1.0
preferable:1.0
systems:1.0
c:1.0
pascal:1.0
fortran:1.0
code:1.0
point:1.0
book:1.0
thatd:1.0
great:1.0
heres:1.0
first:1.0
lines:1.0
file:1.0
0:1.0
1:3.302585092994046
2x:2.386294361119891
a3:2.09861228866811
7x:1.6931471805599454
a30:1.0
2:2.09861228866811
i5:1.0
e24.18:1.6931471805599454
3:3.8903717578961645
4x:1.0
sma:2.09861228866811
semi-major:1.0
axis:1.0
ecc:2.09861228866811
eccentricity:1.0
inc:2.09861228866811
inclination:1.0
omg:2.09861228866811
ra:1.0
ascending:1.0
node:1.0
pom:2.09861228866811
argument:1.0
pericentre:1.6931471805599454
tra:2.09861228866811
true:1.0
anomaly:1.0
hap:2.09861228866811
apocentre:1.0
height:1.6931471805599454
hpe:2.09861228866811
beg:1.0
0.167290000000000000e+05:1.0
0.829159999999995925e+05:1.0
0.692307999999998591e+00:1.0
0.899999999999999858e+02:1.0
0.184369999999999994e+03:1.0
0.336549999999999955e+03:1.0
0.359999999999999943e+03:1.0
0.133941270127999174e+06:1.0
0.191344498719999910e+05:1.0
ref:1.0
0.167317532658774153e+05:1.0
0.829125167527418671e+05:1.0
0.691472268118590319e+00:1.0
0.899596754214342091e+02:1.0
0.184377521828175002e+03:1.0
0.336683788851850579e+03:1.0
0.153847166458030088e-05:1.0
0.133866082767180880e+06:1.0
0.192026707383028306e+05:1.0
thanks:1.0
advance:1.0
larry:1.0
kepko:1.0
lkepko:1.0
igpp.ucla.edu:1.0
