shread:1.6931471805599454
ll.mit.edu:1.0
peter:1.0
subject:1.0
el:1.0
sets:1.6931471805599454
looking:1.0
source:1.0
orbital:1.0
element:1.0
uaf/space:1.0
command:1.0
believe:1.0
one:1.0
compuserve:1.0
please:1.0
let:1.0
know:1.0
possible:1.0
sources:1.0
reach:1.0
thanks:1.0
much:1.0
