dkelo:1.6931471805599454
msmail.pepperdine.edu:1.0
dan:1.6931471805599454
kelo:1.6931471805599454
subject:1.0
m-81:1.6931471805599454
supernova:1.6931471805599454
bout:1.0
info:1.0
alleged:1.0
might:1.0
break:1.0
scope:1.0
one:1.0
sir:1.0
dont:1.0
like:1.0
mr:1.0
horse:1.0
pepvax.pepperdine.edu:1.0
