gallas2:1.6931471805599454
marcus.its.rpi.edu:1.0
sean:1.6931471805599454
michael:1.0
gallagher:1.6931471805599454
subject:1.0
funding:2.386294361119891
nasa:1.6931471805599454
political:1.0
science:1.0
paper:1.0
pork-barrel:1.0
politics:1.0
would:1.6931471805599454
interested:1.0
information:1.0
practices:1.0
histories:1.0
major:1.0
programs:1.0
apollo:1.0
sts:1.0
ssf:1.0
etc:1.0
ssto:1.0
contrast:1.0
could:1.0
someone:1.0
please:1.0
recommend:1.0
sources:1.0
useful:1.0
thank:1.0
rpi.edu:1.0
