dietz:2.386294361119891
cs.rochester.edu:1.6931471805599454
paul:1.6931471805599454
subject:1.0
terraforming:1.6931471805599454
venus:1.0
done:1.0
cheaply:1.0
would:1.0
someone:1.6931471805599454
please:1.0
send:1.6931471805599454
james:1.0
obergs:1.0
email:1.0
address:1.0
one:1.0
reading:1.0
list:1.0
knows:1.0
wanted:1.0
comment:1.0
something:1.0
book:1.0
f:1.0
potential:1.0
explosive:1.0
yield:1.0
annual:1.0
global:1.0
production:1.0
borax:1.0
5:1.0
million:1.0
megatons:1.0
