nsmca:1.6931471805599454
aurora.alaska.edu:1.0
subject:1.0
mach:2.09861228866811
25:1.6931471805599454
landing:1.6931471805599454
site:1.0
bases:1.0
supersonic:1.0
booms:1.0
hear:1.0
months:1.0
ago:1.0
belive:1.0
san:1.0
fran:1.0
heading:1.0
east:1.0
heard:1.0
new:1.0
super:1.0
speed:1.0
aircraft:1.0
military:1.0
based:1.0
int:1.0
direction:1.0
flight:1.0
could:1.0
handle:1.0
25aircraft:1.0
decent:1.0
odd:1.0
question:1.0
michael:1.0
adams:1.0
acad3.alaska.edu:1.0
im:1.0
high:1.0
jacked:1.0
