flb:1.0
flb.optiplan.fi:1.0
f.baube:1.0
tm:1.6931471805599454
subject:1.0
area:1.6931471805599454
rule:1.6931471805599454
read:1.0
refered:1.0
parabolic:1.0
cross-section:1.0
idea:1.0
plot:1.6931471805599454
fuselage:1.6931471805599454
cross:1.0
section:1.0
function:1.0
point:1.0
fore-and-aft:1.0
along:1.0
paraboloid:1.0
minimizes:1.0
somethin:1.0
nother:1.0
technical:1.0
fred:1.0
baube:1.6931471805599454
times:1.0
intellectual:1.0
ferment:1.0
optiplan.fi:1.0
advantage:1.0
intellect:1.0
include:1.0
disclaimer.h:1.0
fermented:1.0
may:1.0
68:1.0
paris:1.0
retrospective:1.0
time:1.0
