roland:2.386294361119891
sics.se:1.6931471805599454
karlsson:1.6931471805599454
subject:1.0
magellan:1.0
venus:1.0
maps:2.09861228866811
thanks:2.09861228866811
ron:1.0
peter:1.0
nice:1.0
advice:1.0
though:1.0
wrote:1.0
reduced:1.0
256:1.0
colors:1.0
far:1.0
ad:1.0
understand:1.0
jpeg:1.6931471805599454
pictures:1.0
gets:1.0
much:1.0
better:1.0
compressed:1.0
files:1.0
smaller:1.0
use:1.0
original:1.0
3:1.0
color:1.0
24:1.0
bit:1.0
data:1.0
converting:1.0
sics:1.6931471805599454
po:1.0
box:1.0
1263:1.0
s-164:1.0
28:1.0
kista:1.0
sweden:1.0
internet:1.0
tel:1.0
46:1.6931471805599454
8:1.6931471805599454
752:1.0
15:1.0
40:1.0
fax:1.0
751:1.0
72:1.0
30:1.0
telex:1.0
812:1.0
6154:1.6931471805599454
7011:1.0
ttx:1.0
2401-812:1.0
7011=sics:1.0
