drickel:1.6931471805599454
bounce.mentorg.com:1.0
dave:1.0
rickel:1.6931471805599454
subject:1.0
quaint:1.0
us:1.0
archaisms:1.0
article:1.0
c512wc.b0m.1:1.0
cs.cmu.edu:1.6931471805599454
nickh:1.0
nick:1.0
haines:1.0
writes:1.0
oh:1.0
advantage:1.0
dont:1.0
shit:1.0
constants:1.0
like:1.6931471805599454
32:1.0
hanging:1.0
around:1.0
instead:1.0
stupid:1.0
things:1.0
3600:1.0
86400:1.0
31556925.9747:1.0
299792.458:1.0
9.80665:1.0
many:1.6931471805599454
ccs:1.0
ml:1.0
anyway:1.0
metric:1.0
system:1.0
problems:1.0
david:1.0
sjc.mentorg.com:1.0
