seale:1.6931471805599454
possum.den.mmc.com:1.0
eric:1.0
h:1.0
subject:1.0
comet:2.6094379124341005
temporary:1.0
orbit:1.6931471805599454
around:1.6931471805599454
jupiter:2.09861228866811
baalke:1.6931471805599454
kelvin.jpl.nasa.gov:1.0
ron:1.0
writes:1.0
according:1.0
iau:1.0
circular:1.0
5744:1.0
shoemaker-levy:1.0
1993e:1.0
may:1.0
temporarily:1.0
apparently:1.0
made:1.0
close:1.0
flyby:1.0
sometime:1.0
1992:1.0
resulting:1.0
breakup:1.0
ooooh:1.0
would:1.6931471805599454
thought:1.0
galileo:1.0
get:1.0
chance:1.0
check:1.0
