mccall:2.386294361119891
mksol.dseg.ti.com:2.09861228866811
fred:2.09861228866811
j:1.6931471805599454
575-3539:1.6931471805599454
subject:1.0
nuclear:1.0
waste:1.6931471805599454
1993apr2.150038.2521:1.0
cs.rochester.edu:1.6931471805599454
dietz:1.6931471805599454
paul:1.6931471805599454
writes:1.6931471805599454
article:1.0
1993apr1.204657.29451:1.0
system:1.0
would:2.791759469228055
produce:1.0
enough:1.0
energy:2.791759469228055
drive:1.0
accelerator:2.386294361119891
perhaps:1.6931471805599454
left:1.0
high:1.6931471805599454
power:2.09861228866811
100s:1.0
mw:1.0
cw:1.6931471805599454
quasi:1.0
sharp:1.0
proton:1.0
beam:1.0
required:1.0
appears:1.0
achievable:1.0
using:1.6931471805599454
linear:1.0
biggest:1.0
question:1.0
mark:1.0
lead:1.0
target:1.0
chemistry:1.0
on-line:1.0
processing:1.0
elements:1.0
incinerated:1.0
quite:1.0
frankly:1.0
ill:1.0
believe:2.09861228866811
really:2.09861228866811
going:1.0
work:1.0
typical:1.0
trash:1.6931471805599454
one:2.6094379124341005
needs:1.0
process:2.09861228866811
see:2.09861228866811
put:1.6931471805599454
couple:1.0
tons:2.386294361119891
end:2.09861228866811
get:1.6931471805599454
relatively:1.6931471805599454
clean:1.6931471805599454
material:2.09861228866811
plus:1.0
able:1.0
run:2.09861228866811
residual:1.0
sounds:1.6931471805599454
almost:1.6931471805599454
like:2.6094379124341005
perpetual:2.6094379124341005
motion:2.6094379124341005
doesnt:1.0
honest:1.0
thing:1.0
admit:1.0
criticism:1.0
scientific:1.0
grounds:1.0
invalid:1.0
rather:1.6931471805599454
pretend:1.0
actually:1.6931471805599454
talking:2.386294361119891
engineering:1.0
feasibility:2.09861228866811
given:1.6931471805599454
postings:1.0
cant:1.0
say:1.6931471805599454
surprised:1.6931471805599454
though:1.6931471805599454
well:2.09861228866811
pardon:1.6931471805599454
trying:2.09861228866811
continue:1.0
discussion:1.0
tugging:1.0
forelock:1.0
dismay:1.0
considered:1.0
recover:1.6931471805599454
least:1.6931471805599454
go:1.0
right:1.0
way:1.0
curve:1.0
sackcloth:1.0
ashes:1.0
pretending:1.0
anything:1.0
pleased:1.0
nothing:1.0
note:1.0
didnt:1.0
even:1.6931471805599454
sounded:1.0
phrase:1.0
consider:1.0
somewhat:1.0
different:1.6931471805599454
propposition:1.0
elect:1.0
criticize:1.0
beg:1.0
precise:1.0
use:1.6931471805599454
language:1.0
physics:1.6931471805599454
understood:1.6931471805599454
comes:1.6931471805599454
fission:1.0
actinides:1.6931471805599454
subcritical:1.0
assemblies:1.0
folks:1.0
talked:1.0
spallation:1.6931471805599454
reactors:1.0
since:1.0
1950s:1.0
pulsed:1.0
neutron:1.0
sources:1.0
today:1.0
research:1.0
tools:1.0
design:1.0
improving:1.0
particularly:1.0
superconducting:1.0
accelerating:1.0
cavities:1.0
helps:1.0
los:1.0
alamos:1.0
expertise:1.0
current:1.0
accelerators:1.0
lampf:1.0
know:1.0
close:1.0
approaching:1.0
technological:1.6931471805599454
economic:1.0
mixed:1.0
nature:1.0
opposed:2.09861228866811
costs:1.6931471805599454
separating:1.0
things:1.0
first:1.0
actinide:1.0
dump:1.0
pull:1.0
risks:1.0
etc:1.0
taken:1.0
account:1.0
still:2.386294361119891
class:1.0
idea:1.0
throwing:1.0
sun:1.0
sure:1.0
possible:1.0
reasonable:1.6931471805599454
approach:1.0
wonder:1.0
sort:1.0
burning:1.0
rate:1.0
could:1.0
something:1.0
kind:1.0
cost:1.0
build:1.0
without:1.0
recovery:1.0
ounces:1.0
pounds:1.0
grams:1.0
kilograms:1.0
metric:1.0
si:1.6931471805599454
fans:1.6931471805599454
days:1.6931471805599454
weeks:1.6931471805599454
months:1.6931471805599454
years:1.6931471805599454
hmmm:1.0
non-decimated:1.0
time:1.0
scale:1.0
real:1.6931471805599454
reason:1.6931471805599454
breeders:1.0
incinerators:1.0
built:1.0
isnt:1.0
natural:1.0
uranium:1.0
cheap:1.0
geological:1.0
disposal:1.0
looks:1.0
technically:1.0
insisting:1.0
perfect:1.0
safety:1.0
people:1.0
dont:2.09861228866811
balls:1.0
live:1.0
world:1.0
mary:1.0
shafer:1.0
nasa:1.0
ames:1.0
dryden:1.0
fred.mccall:1.0
dseg.ti.com:1.0
speak:1.6931471805599454
others:1.0
