baalke:2.791759469228055
kelvin.jpl.nasa.gov:2.09861228866811
ron:2.09861228866811
subject:1.0
comet:3.0794415416798357
temporary:1.6931471805599454
orbit:2.386294361119891
around:2.09861228866811
jupiter:2.386294361119891
article:1.0
1993apr6.061329.25582:1.0
den.mmc.com:1.0
seale:1.6931471805599454
possum.den.mmc.com:1.0
eric:1.0
h:1.0
writes:1.6931471805599454
according:1.0
iau:1.0
circular:1.0
5744:1.0
shoemaker-levy:2.09861228866811
1993e:1.6931471805599454
may:1.6931471805599454
temporarily:1.0
apparently:1.0
made:1.0
close:1.0
flyby:1.0
sometime:1.0
1992:1.0
resulting:1.0
breakup:1.0
ooooh:1.0
would:1.6931471805599454
thought:1.0
galileo:1.6931471805599454
get:1.0
chance:1.0
check:1.0
gehrels:1.0
3:1.0
discovered:1.0
1977:1.0
determined:1.6931471805599454
jovian:1.0
1970:1.0
1973:1.0
remain:1.0
long:1.0
enough:1.0
allow:1.0
make:1.0
closeup:1.0
observations:1.0
orbital:1.0
trajectory:1.0
still:1.0
jet:1.0
propulsion:1.0
lab:1.0
m/s:1.0
525-3684:1.0
telos:1.0
cynical:1.0
never:1.0
helps:1.0
pasadena:1.0
ca:1.0
91109:1.0
correct:1.0
situation:1.0
causes:1.0
aggravation:1.0
instead:1.0
