ml:1.6931471805599454
chiron.astro.uu.se:1.0
mats:1.6931471805599454
lindgren:2.09861228866811
subject:1.0
comet:1.6931471805599454
temporary:1.6931471805599454
orbit:1.0
around:1.0
jupiter:1.6931471805599454
p/helin-roman-crockett:1.0
also:1.0
spent:1.0
time:1.0
satellite:1.0
years:1.0
ago:1.0
believe:1.0
calculations:1.0
tancredi:1.0
g:1.0
rickman:1.0
h:1.0
astron:1.0
astrophys:1.0
239:1.0
pp:1.0
375-380:1.0
1990:1.0
mats.lindgren:1.0
astro.uu.se:1.0
astronomical:1.0
observatory:1.0
21619:1.0
laban:1.0
box:1.0
515:1.0
751:1.0
20:1.0
uppsala:1.0
phone:1.0
46:1.0
0:1.0
18:1.0
51:1.0
35:1.0
22:1.0
sweden:1.0
fax:1.0
52:1.0
75:1.0
83:1.0
