rins.ryukoku.ac.jp:1.0
william:1.0
reiken:1.0
subject:1.0
nuclear:1.0
waste:1.0
article:1.0
1pp6reinnonl:1.0
phantom.gatech.edu:1.6931471805599454
matthew:1.6931471805599454
deluca:1.0
writes:1.0
greedy:1.0
little:1.0
oil:2.09861228866811
companies:1.6931471805599454
dont:1.0
blame:1.0
supply:1.0
demand:1.0
created:1.0
everyone:1.0
else:1.0
planet:1.0
run:1.0
faults:1.0
ok:1.0
creation:1.0
producing:1.0
bacteria:1.0
figure:1.0
make:1.6931471805599454
eat:1.0
shit:1.0
comments:1.0
