msmilor:1.6931471805599454
skat.usc.edu:1.6931471805599454
mark:1.6931471805599454
smilor:2.09861228866811
subject:1.0
summer:1.6931471805599454
internships:1.0
hi:1.0
folks:1.0
exactly:1.0
certain:1.0
best:1.0
place:1.0
ask:1.0
searching:1.0
internship:1.0
engineering:1.6931471805599454
graduating:1.0
early:1.0
may:1.0
b.s:1.0
aerospace:1.0
pursuing:1.0
masters:1.0
fall:1.0
anyone:1.0
know:1.0
anything:1.6931471805599454
available:1.0
process:1.0
applyi:1.0
ng:1.0
larger:1.0
companies:1.0
ie:1.0
macdac:1.0
martin:1.0
marietta:1.0
lockheed:1.0
nyone:1.0
knows:1.0
would:1.0
appreciate:1.0
could:1.0
mail:1.0
thanks:1.0
advance:1.0
aludra.usc.edu:1.0
