thomsonal:1.0
cpva.saic.com:1.0
subject:1.0
cosmos:2.386294361119891
2238:2.386294361119891
eorsat:1.0
date:1.6931471805599454
tue:1.0
6:1.0
apr:1.0
1993:2.6094379124341005
15:40:47:1.0
gmt:2.09861228866811
need:1.0
much:1.0
information:1.0
rocket:1.6931471805599454
fragment:1.0
018b:1.0
possible:1.0
purpose:1.0
launch:2.09861228866811
location:1.0
short:1.0
everything:1.0
help:1.0
tony:1.0
ryan:1.0
astronomy:1.0
space:2.09861228866811
new:1.0
international:1.0
magazine:1.0
available:1.0
ocean:1.6931471805599454
reconnaissance:1.6931471805599454
surprises:1.0
west:1.0
news:1.6931471805599454
april:1.0
5-11:1.0
p.2:1.0
excerpts:1.0
russia:1.0
launched:2.9459101490553135
first:1.0
satellite:3.302585092994046
26:1.0
months:1.0
march:2.791759469228055
30:2.386294361119891
confounding:1.0
western:2.09861228866811
analysts:1.0
proclaimed:1.0
program:1.0
dead:1.0
itar-tass:2.6094379124341005
agency:1.0
announced:1.0
plesetsk:1.0
cosmodrome:1.6931471805599454
provided:1.0
little:1.0
description:1.0
payloads:1.0
mission:1.0
however:1.0
based:1.0
satellites:1.0
trajectory:1.0
observers:1.6931471805599454
identified:1.0
military:1.0
spacecraft:1.0
designed:1.0
monitor:1.0
electronic:1.0
emissions:1.0
foreign:1.0
naval:1.0
ships:1.0
order:1.0
track:1.0
movement:1.0
geoff:1.0
perry:1.0
kettering:1.0
group:1.0
england:1.0
said:1.0
concluded:1.0
would:1.0
days:1.0
last:1.0
re-entered:1.0
earths:1.0
atmosphere:1.0
cosmos-2238:2.09861228866811
defense:1.6931471805599454
ministry:1.6931471805599454
moscow:2.6094379124341005
world:1.6931471805599454
service:1.6931471805599454
russian:2.09861228866811
1238:1.0
translated:1.6931471805599454
fbis-sov-93-060:1.6931471805599454
p.27:1.6931471805599454
correspondent:1.6931471805599454
veronika:1.0
romanenkova:1.0
1600:1.0
time:1.0
today:1.0
baykonur:1.6931471805599454
tsiklon-m:1.0
carrier:1.0
told:1.0
press:1.0
center:1.0
russias:1.0
space-military:1.0
forces:1.0
interests:1.0
parameters:1.6931471805599454
given:1.0
0930:1.0
31:1.6931471805599454
another:1.0
artificial:1.0
earth:1.6931471805599454
carries:1.6931471805599454
scientific:2.09861228866811
apparatus:2.386294361119891
continuing:1.0
research:1.0
placed:1.0
orbit:1.0
following:1.0
initial:1.0
period:1.0
revolution:1.0
92.8:1.0
minutes:1.0
apogee:1.0
443:1.0
km:1.6931471805599454
perigee:1.0
413:1.0
orbital:1.6931471805599454
inclination:1.0
65:1.0
degrees:1.0
besides:1.0
radio:1.0
system:1.6931471805599454
precise:1.0
measurement:1.0
elements:1.0
radiotelemetry:1.0
transmitting:1.0
data:1.0
work:1.0
instruments:1.0
aboard:1.0
working:1.0
normally:1.0
