prb:1.0
access.digex.com:1.0
pat:1.6931471805599454
subject:1.0
space:1.6931471805599454
food:2.09861228866811
sticks:1.6931471805599454
dillon:1.0
comments:1.0
may:1.0
bad:1.6931471805599454
digestive:1.0
properties:1.0
dont:1.0
think:1.6931471805599454
nasa:1.0
products:1.6931471805599454
designed:1.0
low:1.0
fiber:1.0
zero-residue:1.0
minimize:1.0
difficulties:1.0
waste:1.0
disposal:1.0
id:1.0
doubt:1.0
theyd:1.0
deploy:1.0
anything:1.0
caused:1.0
whole:1.0
sale:1.0
gi:1.6931471805599454
distress:1.0
arent:1.0
enough:1.0
plastic:1.0
baggies:1.0
world:1.0
case:1.0
disease:1.0
