mccall:2.386294361119891
mksol.dseg.ti.com:2.09861228866811
fred:2.09861228866811
j:1.6931471805599454
575-3539:1.6931471805599454
subject:1.0
alaska:1.0
pipeline:1.0
space:1.6931471805599454
station:1.6931471805599454
1pq7rj:1.0
q2u:1.0
access.digex.net:1.0
prb:1.0
access.digex.com:1.0
pat:2.09861228866811
writes:1.6931471805599454
article:1.0
1993apr5.160550.7592:1.0
think:2.09861228866811
would:2.386294361119891
great:1.0
way:1.6931471805599454
build:1.0
unfortunately:1.0
current:1.0
spending:2.09861228866811
rules:1.6931471805599454
dont:2.791759469228055
permit:1.0
workable:1.0
work:1.6931471805599454
necessary:1.0
government:2.6094379124341005
guarantee:1.6931471805599454
certain:1.0
minimum:1.0
amount:1.0
business:1.0
order:1.0
sufficiently:1.0
reduce:1.0
risk:1.6931471805599454
enough:1.6931471805599454
make:1.6931471805599454
attractive:1.0
private:1.6931471805599454
firm:1.0
since:1.0
generally:1.0
cant:1.6931471805599454
allocate:1.0
money:1.0
except:1.0
one:1.6931471805599454
year:2.386294361119891
time:1.6931471805599454
provide:1.0
tenant:1.0
try:1.6931471805599454
reading:1.6931471805599454
bit:2.09861228866811
lots:1.0
multi:2.09861228866811
contracts:2.09861228866811
penalty:1.0
cancellation:1.6931471805599454
clauses:1.0
like:2.791759469228055
damn:1.0
sure:1.0
know:1.6931471805599454
sign:1.6931471805599454
contract:1.6931471805599454
reason:1.6931471805599454
arent:2.09861228866811
cutting:1.6931471805599454
defense:1.6931471805599454
much:2.09861228866811
reagan:1.0
administration:1.0
signed:1.0
cheaper:1.0
finish:1.0
contractor:1.0
yes:1.0
damned:1.0
everyone:1.0
always:1.0
go:1.0
washington:1.0
see:1.0
next:1.0
weeks:1.0
funding:1.0
multi-year:1.6931471805599454
also:1.0
willing:1.0
include:1.0
sufficient:1.0
penalties:1.0
decide:1.0
cut:1.0
pay:1.0
happen:1.0
arbitrarily:1.0
matter:1.0
previous:1.0
plans:1.0
acceptable:1.0
something:1.0
putting:1.0
expected:1.0
prime:1.0
occupant:1.0
id:1.0
source:1.0
statement:1.0
buy:1.0
thing:1.0
find:1.0
funny:1.0
posting:1.0
several:1.0
people:1.6931471805599454
answered:1.0
question:1.0
pretty:1.0
mine:1.0
comment:1.0
incorrectly:1.0
says:1.0
lot:1.0
tommy:1.0
move:1.0
together:1.0
insisting:1.0
perfect:1.0
safety:1.0
balls:1.0
live:1.0
real:1.0
world:1.0
mary:1.0
shafer:1.0
nasa:1.0
ames:1.0
dryden:1.0
fred.mccall:1.0
dseg.ti.com:1.0
speak:1.6931471805599454
others:1.0
