dietz:2.386294361119891
cs.rochester.edu:1.6931471805599454
paul:1.6931471805599454
subject:1.0
nuclear:1.0
waste:1.0
article:1.0
844:1.0
rins.ryukoku.ac.jp:1.6931471805599454
william:1.0
reiken:1.0
writes:1.0
ok:1.0
creation:1.0
oil:1.0
producing:1.0
bacteria:1.0
figure:1.0
make:1.6931471805599454
eat:1.0
shit:1.0
comments:1.0
exist:1.0
even:1.0
photosynthetic:1.0
varieties:1.0
economical:1.0
time:1.0
though:1.0
f:1.0
