18084tm:1.6931471805599454
msu.edu:1.0
tom:1.6931471805599454
subject:1.0
economics:1.0
ecomomists:1.0
world:1.0
laid:1.0
end:1.6931471805599454
punchline:2.09861228866811
1:1.0
would:1.6931471805599454
point:1.0
different:1.0
directions:1.0
2:1.0
wouldnt:1.0
reach:1.0
conclusion:1.0
3:1.0
good:1.0
idea:1.0
leave:1.0
tommy:1.0
mac:1.0
mcwilliams:1.0
517-355-2178:1.0
wk:1.0
radius:1.0
vision:1.0
increases:1.0
ibm.cl.msu.edu:1.0
336-9591:1.0
hm:1.0
circumference:1.0
mystery:1.0
grows:1.0
