freed:2.6094379124341005
nss.org:1.6931471805599454
bev:1.6931471805599454
subject:1.0
faqs:1.0
wondering:1.0
faq:1.0
files:1.0
could:1.0
posted:1.0
quarterly:1.0
rather:1.0
monthly:1.0
every:1.0
28-30:1.0
days:1.0
get:1.0
bloated:1.0
feeling:1.0
via:1.0
fidonet:1.0
node:1.0
1:129/104:1.0
uucp:1.0
pitt:1.0
nss:1.0
internet:1.0
