sysmgr:1.6931471805599454
king.eng.umd.edu:1.0
doug:1.0
mohney:1.0
subject:1.0
faqs:1.0
article:1.0
10505.2bbcb8c3:1.0
nss.org:1.6931471805599454
freed:1.6931471805599454
bev:1.0
writes:1.0
wondering:1.0
faq:1.0
files:1.0
could:1.0
posted:1.0
quarterly:1.0
rather:1.0
monthly:1.0
every:1.6931471805599454
28-30:1.6931471805599454
days:1.6931471805599454
get:1.0
bloated:1.0
feeling:1.0
stick:1.0
em:1.0
sci.space.news:1.0
software:1.0
engineering:1.0
thats:1.0
like:1.0
military:1.0
intelligence:1.0
isnt:1.0
cadlab.eng.umd.edu:1.0
