c.o.egalon:1.6931471805599454
larc.nasa.gov:1.6931471805599454
claudio:1.0
oliveira:1.0
egalon:1.0
subject:1.0
pushing:1.0
envelope:1.0
flight:1.6931471805599454
tests:1.6931471805599454
generally:1.0
carefully:1.0
coreographed:1.0
going:1.0
pushed:1.0
far:1.0
precisely:1.0
planned:1.0
despite:1.0
occasional:1.0
deviations:1.0
plans:1.0
early:1.0
first:1.0
f-16:1.0
high-speed:1.0
taxi:1.0
chuck:1.0
yeager:1.0
earlier:1.0
flights:1.0
x-1:1.0
