bobc:1.0
sed.stel.com:1.0
bob:1.0
combs:1.0
subject:1.0
blow:1.0
space:2.09861228866811
station:1.6931471805599454
easy:1.0
way:1.0
article:1.0
1993apr5.184527.1:1.0
aurora.alaska.edu:1.6931471805599454
nsmca:1.0
writes:1.0
might:1.0
real:1.0
wierd:1.0
idea:1.0
maybe:1.0
musta:1.0
difficult:1.0
must:1.0
girders:1.0
confined:1.0
earth:2.09861228866811
based:1.6931471805599454
ideas:2.09861228866811
lets:1.0
think:1.0
new:1.0
limited:1.0
choose:1.0
following:1.0
answer:1.0
1:1.0
politics:1.0
2:1.0
traditions:1.0
3:1.0
congress:1.0
4:1.0
beauracrats:1.0
