abdkw:1.0
stdvax:1.0
david:1.6931471805599454
ward:1.0
subject:1.0
questions:1.0
titan:1.6931471805599454
iv:1.0
ariane:1.6931471805599454
5:1.0
article:1.0
c50orq.7g0:1.0
news.cso.uiuc.edu:1.0
gwg33762:1.0
uxa.cso.uiuc.edu:1.0
garret:1.6931471805599454
w:1.6931471805599454
gengler:1.0
writes:1.0
sci.space:1.0
write:1.0
try:1.6931471805599454
environet:2.09861228866811
database:1.0
gsfc:1.6931471805599454
ftp:1.6931471805599454
envnet.gsfc.nasa.gov:1.0
128.183.104.16:1.0
call:1.6931471805599454
310:1.0
286-5690:1.6931471805599454
data:1.6931471805599454
sts:1.0
atlas:1.0
delta:1.0
scout:1.0
launch:1.0
environments:1.0
howdy:1.0
thanks:1.6931471805599454
info:1.6931471805599454
tried:1.6931471805599454
anonymous:1.0
didnt:1.0
work:1.0
also:1.0
telnetting:1.0
address:1.0
asked:1.0
login:1.6931471805599454
password:1.6931471805599454
although:1.0
note:1.6931471805599454
saying:1.0
new:1.0
username:1.0
envnet:1.0
anyways:1.0
idea:1.0
else:1.0
home:1.0
office:1.0
number:1.0
301:1.0
area:1.0
code:1.0
change:1.0
friend:1.0
mine:1.0
used:1.0
use:1.0
get:1.6931471805599454
ldef:1.0
apply:1.0
name:1.0
hope:1.0
morning:1.0
