almo:1.0
packmind.ebay.sun.com:1.0
alan:1.0
monday-wwcs:1.0
business:1.0
mgt:1.0
group:1.0
subject:1.6931471805599454
solar:2.09861228866811
sail:1.6931471805599454
data:1.0
hey:1.0
happened:1.0
race:1.0
supposed:1.0
columbus+500:1.0
article:1.0
29848:1.0
news.duc.auburn.edu:1.0
snydefj:1.0
eng.auburn.edu:1.0
frank:1.0
j:1.0
snyder:1.0
writes:1.0
looking:1.0
information:1.6931471805599454
concerning:1.0
projects:1.0
involving:1.0
sails:1.0
understand:1.0
jpl:1.0
extensive:1.0
study:1.0
back:1.0
late:1.0
70s:1.0
trouble:1.0
gathering:1.0
groups:1.0
currently:1.0
involved:1.0
project:1.0
