c.o.egalon:2.09861228866811
larc.nasa.gov:2.09861228866811
claudio:1.6931471805599454
oliveira:1.6931471805599454
egalon:1.6931471805599454
subject:1.0
vulcan:1.6931471805599454
spock:1.0
haphaestus:1.0
another:1.0
legend:1.0
name:1.6931471805599454
planet:2.09861228866811
much:1.0
like:2.09861228866811
earth:2.386294361119891
orbit:1.6931471805599454
science:1.0
fiction:1.0
movie:1.0
sometime:1.0
ago:1.0
remember:1.0
hidden:1.0
behind:1.0
sun:1.0
could:1.0
never:1.0
visible:1.0
turns:1.0
exact:1.0
mirror:1.0
image:1.0
inhabitants:1.0
looked:1.0
earthings:1.0
difference:1.0
organs:1.0
opposite:1.0
side:1.6931471805599454
heart:1.0
right:1.0
instead:1.0
left:1.6931471805599454
would:1.0
shake:1.0
hands:1.0
hand:1.0
