baalke:2.386294361119891
kelvin.jpl.nasa.gov:1.6931471805599454
ron:1.6931471805599454
subject:1.0
ozone:3.1972245773362196
gifs:1.0
available:2.09861228866811
gif:1.6931471805599454
images:3.1972245773362196
april:2.09861228866811
15:1.6931471805599454
1993:2.6094379124341005
two:1.6931471805599454
maps:2.791759469228055
northern:2.09861228866811
southern:1.6931471805599454
hemispheres:1.0
jpl:1.6931471805599454
info:1.0
public:2.386294361119891
access:1.0
site:1.0
produced:2.09861228866811
microwave:2.6094379124341005
limb:2.6094379124341005
sounder:2.6094379124341005
aboard:2.09861228866811
upper:2.6094379124341005
atmosphere:2.6094379124341005
research:2.6094379124341005
satellite:2.6094379124341005
uars:1.0
courtesy:1.0
information:2.09861228866811
office:2.09861228866811
note:1.0
gif89a:1.0
format:2.09861228866811
make:1.0
sure:1.0
display:1.0
software:1.0
supports:1.0
opposed:1.0
older:1.0
gif87a:1.0
caption:1.6931471805599454
files:1.6931471805599454
accompanying:1.0
appended:1.0
end:1.0
message:1.0
well:1.0
embedded:1.0
dialup:1.0
modem:1.0
1:1.0
818:2.09861228866811
354-1333:1.0
9600:1.0
bps:1.0
parameters:1.0
n-8-1:1.0
using:1.0
anonymous:1.6931471805599454
ftp:1.6931471805599454
pubinfo.jpl.nasa.gov:1.0
128.149.6.2:1.0
user:1.0
cd:1.0
news:1.0
moved:1.0
directory:1.0
30:1.0
days:1.0
ozone93a.gif:1.6931471805599454
hemisphere:2.09861228866811
ozone93b.gif:1.6931471805599454
also:1.0
photographic:1.0
prints:1.0
ordered:1.0
newell:1.6931471805599454
color:1.6931471805599454
lab:2.09861228866811
listed:1.0
refer:1.0
p:1.0
number:1.0
associated:1.0
ordering:1.0
221:1.0
n:1.0
westmoreland:1.0
avenue:1.0
los:1.0
angeles:1.0
ca:1.6931471805599454
90064:1.0
telephone:2.09861228866811
213:1.6931471805599454
380-2980:1.0
fax:1.0
739-6984:1.0
jet:2.6094379124341005
propulsion:2.6094379124341005
laboratory:2.386294361119891
california:1.6931471805599454
institute:1.6931471805599454
technology:1.6931471805599454
national:1.6931471805599454
aeronautics:1.6931471805599454
space:2.386294361119891
administration:1.6931471805599454
pasadena:2.09861228866811
calif:1.6931471805599454
91109:2.09861228866811
354-5011:1.6931471805599454
photo:1.6931471805599454
p-42210:1.0
14:1.6931471805599454
graphic:1.6931471805599454
depicts:1.6931471805599454
chlorine:2.791759469228055
monoxide:2.6094379124341005
earths:1.6931471805599454
february:2.09861228866811
1992:2.09861228866811
clo:1.6931471805599454
left:1.6931471805599454
layer:1.0
20:2.09861228866811
kilometers:2.09861228866811
66,000:1.6931471805599454
feet:2.09861228866811
surface:1.0
17:1.0
show:1.6931471805599454
total:1.0
amount:1.6931471805599454
altitude:1.0
12:1.6931471805599454
41,000:1.0
averaged:1.0
period:1.0
march:1.0
6:1.0
years:1.0
developed:1.6931471805599454
operated:1.6931471805599454
team:1.6931471805599454
nasas:1.6931471805599454
one:1.6931471805599454
several:1.6931471805599454
instruments:1.6931471805599454
goddard:1.6931471805599454
flight:1.6931471805599454
centers:1.6931471805599454
launched:1.6931471805599454
september:2.386294361119891
1991:2.09861228866811
p-42211:1.0
antarctic:1.0
hole:1.0
right:1.0
stratosphere:1.0
altitudes:1.0
small:1.0
abundances:1.6931471805599454
appear:1.0
large:1.0
dominant:1.0
form:1.0
destroys:1.0
data:1.0
21:1.0
top:1.0
compared:1.0
bottom:1.0
m/s:1.0
525-3684:1.0
telos:1.0
cynical:1.0
never:1.0
helps:1.0
correct:1.0
situation:1.0
causes:1.0
aggravation:1.0
instead:1.0
