henry:2.6094379124341005
zoo.toronto.edu:1.6931471805599454
spencer:1.6931471805599454
subject:1.0
solar:1.6931471805599454
sail:1.6931471805599454
data:1.0
article:1.0
1qk4qf:1.0
mf8:1.0
male.ebay.sun.com:1.0
almo:1.0
packmind.ebay.sun.com:1.0
writes:1.0
hey:1.0
happened:1.0
race:1.6931471805599454
supposed:1.6931471805599454
columbus+500:1.0
recession:1.0
none:1.0
potential:1.0
entrants:1.0
could:1.0
raise:1.0
money:1.0
organizers:1.0
actually:1.0
handling:1.0
part:1.0
fundraising:1.0
less:1.0
said:1.0
better:1.0
work:1.6931471805599454
one:1.0
mans:1.0
u:1.0
toronto:1.0
zoology:1.0
kipling:1.0
utzoo:1.0
