8725157m:1.0
levels.unisa.edu.au:1.0
subject:1.0
cold:1.6931471805599454
gas:1.6931471805599454
roll:1.6931471805599454
control:1.6931471805599454
thruster:1.6931471805599454
tanks:1.6931471805599454
anyone:1.0
know:1.0
size:1.0
sounding:1.0
rockets:1.0
thanks:1.0
advance:1.0
jim:1.0
