rdl1:1.0
ukc.ac.uk:1.0
r.d.lorenz:1.0
subject:1.0
cold:2.386294361119891
gas:2.386294361119891
tanks:2.09861228866811
sounding:1.6931471805599454
rockets:1.6931471805599454
anyone:1.0
know:1.0
size:1.0
roll:1.0
control:1.0
thruster:1.6931471805599454
well:1.0
first:1.0
work:1.0
much:1.6931471805599454
need:1.0
make:1.0
big:1.0
enough:1.0
working:1.0
another:1.0
problem:1.0
depending:1.0
vehicle:1.0
configuration:1.0
flight:1.0
duration:1.0
isp:1.0
couples:1.0
storage:1.0
pressure:1.0
may:1.0
factor:1.0
selecting:1.0
tank:1.0
wall:1.0
thickness:1.0
etc:1.0
ralph:1.0
lorenz:1.0
unit:1.0
space:1.0
sciences:1.0
university:1.0
kent:1.0
uk:1.0
