tnedderh:1.6931471805599454
esoc.bitnet:1.6931471805599454
subject:1.0
apollo:1.6931471805599454
training:1.0
iceland:1.0
astronauts:1.0
also:1.0
trained:1.0
meteor:1.0
crater:1.0
flagstaff:1.0
area:1.0
arizona:1.0
museum:1.0
space:1.0
shop:1.0
caution:1.0
ease:1.0
6:1.0
compared:1.0
ksc:1.0
visit:1.0
worth:1.0
thorsten:1.0
nedderhut:1.0
disclaimer:1.0
mbp:1.6931471805599454
software:1.0
systems:1.0
gmbh:1.0
c/o:1.0
esa/esoc/fcsd/oad/stb:1.0
neither:1.0
esa:1.0
responsible:1.0
darmstadt:1.0
germany:1.0
postings:1.0
