munizb:1.6931471805599454
rwtms2.decnet:1.0
rockwell.com:1.0
rwtms2:1.0
subject:1.0
space:3.0794415416798357
event:1.0
near:1.0
los:2.09861228866811
angeles:2.09861228866811
ca:2.6094379124341005
apologies:1.0
gets:1.0
posted:1.0
twice:1.0
dont:1.0
think:1.0
first:1.6931471805599454
one:1.0
made:1.0
immediate:1.0
release:1.0
contact:1.0
oasis:2.09861228866811
310:1.0
364-2290:1.0
15:1.6931471805599454
april:1.6931471805599454
1993:1.0
local:1.0
national:2.09861228866811
society:2.09861228866811
chapters:1.6931471805599454
sponsor:1.6931471805599454
talk:1.6931471805599454
l.a:1.0
advocate:1.0
lunar:2.6094379124341005
power:3.0794415416798357
system:2.6094379124341005
energy:2.09861228866811
source:2.09861228866811
world:1.6931471805599454
21:1.0
ventura:2.09861228866811
county:1.6931471805599454
lps:2.386294361119891
co:1.0
inventor:1.0
vice-president:1.0
coalition:2.09861228866811
dr:2.09861228866811
robert:1.0
waldron:2.09861228866811
held:1.0
7:30:1.0
p.m:1.0
rockwell:2.386294361119891
science:1.6931471805599454
center:1.6931471805599454
thousand:2.09861228866811
oaks:2.09861228866811
currently:1.0
technical:1.0
specialist:1.0
materials:2.09861228866811
processing:1.6931471805599454
systems:1.0
division:1.0
international:1.6931471805599454
downey:1.0
california:1.6931471805599454
recognized:1.0
authority:1.0
refinement:1.0
written:1.0
coauthored:1.0
articles:1.0
reports:1.0
nonterrestrial:1.0
utilization:1.0
along:1.0
david:1.0
criswell:1.0
invented:1.0
lunar/solar:1.0
concept:2.09861228866811
momentum:1.0
building:1.0
entrepreneurs:1.0
legal:1.0
experts:1.0
soviet:1.0
u.s:1.0
scientists:1.0
engineers:1.0
build:1.0
pollution-free:1.0
potential:1.0
globe:1.0
past:1.0
three:1.0
years:1.0
members:1.0
nearly:1.0
half:1.0
rejuvenated:1.0
commercial:1.0
scientific:1.0
solar:1.6931471805599454
based:1.6931471805599454
moon:1.0
entails:1.0
collecting:1.0
surface:1.0
beaming:1.0
earth:1.0
microwaves:1.0
transmitted:1.0
orbiting:1.0
antennae:1.0
mature:1.0
offers:1.0
enormous:1.0
clean:1.0
sustainable:1.0
meet:1.0
earths:1.0
ever:1.0
increasing:1.0
demand:1.0
using:1.0
proven:1.0
basic:1.0
technology:1.0
organization:1.6931471805599454
advancement:1.0
industrialization:1.0
greater:1.0
chapter:1.6931471805599454
non-profit:1.0
promotes:1.0
development:1.0
frontier:1.0
oxnard:1.0
auditorium:1.0
1049:1.0
camino:2.09861228866811
dos:1.6931471805599454
rios:1.6931471805599454
directions:1.0
freeway:1.0
101:2.09861228866811
exit:1.0
onto:1.0
lynn:1.0
road:1.0
heading:1.0
north:1.6931471805599454
right:1.6931471805599454
turn:2.09861228866811
left:2.09861228866811
south:1.0
1/2:1.6931471805599454
mile:1.6931471805599454
make:1.0
colindo:1.0
parking:1.0
top:1.0
hill:1.0
