prb:1.0
access.digex.com:1.0
pat:1.6931471805599454
subject:1.0
shuttle:1.0
oxygen:1.0
budget:1.0
astronaut:1.0
thought:1.0
emergency:1.0
conditions:1.0
sts:1.0
put:1.0
good:1.0
size:1.0
airport:1.0
could:1.0
take:1.6931471805599454
c-5:1.0
747:1.0
orbiter:1.0
need:1.6931471805599454
vor/tac:1.0
dont:1.0
know:1.6931471805599454
ils:1.0
anyone:1.0
sure:1.0
