c.o.egalon:2.09861228866811
larc.nasa.gov:2.09861228866811
claudio:1.6931471805599454
oliveira:1.6931471805599454
egalon:1.6931471805599454
subject:1.0
portuguese:2.6094379124341005
launch:2.09861228866811
complex:2.09861228866811
doppelganger:1.0
portugese:1.0
wonderful:1.0
gosh:1.0
polish:1.0
american:1.0
way:1.0
brazilians:1.0
brazil:1.0
joke:1.0
space:1.0
agency:1.0
wanted:1.0
send:1.0
astronaut:1.0
surface:1.6931471805599454
sun:1.6931471805599454
thing:1.0
solve:1.0
problems:1.0
sending:1.0
man:1.0
simple:1.0
astronauts:1.0
travelled:1.0
night:1.0
