schumach:1.0
convex.com:1.0
richard:1.0
schumacher:1.0
subject:1.0
space:1.0
news:1.0
feb:1.0
1:1.0
aw:1.0
st:1.0
marshall:1.0
investigating:1.0
small:1.0
odd:1.0
pressure:1.0
rise:1.0
one:1.6931471805599454
srb:1.6931471805599454
jan:1.0
12:1.0
endeavour:1.0
launch:1.0
lasted:1.0
three:1.0
seconds:1.0
thrust:1.0
difference:1.0
two:1.0
srbs:1.0
enough:1.0
cause:1.0
nozzle:1.0
gimballing:1.0
casing:1.0
shows:1.0
abnormalities:1.0
wrench|pliers:1.0
found:1.0
inside:1.0
recovery:1.0
