c.o.egalon:2.09861228866811
larc.nasa.gov:2.09861228866811
claudio:1.6931471805599454
oliveira:1.6931471805599454
egalon:1.6931471805599454
subject:1.0
japanese:1.0
moon:2.386294361119891
landing:1.0
thing:1.0
stable:1.6931471805599454
lunar:1.0
orbit:2.09861228866811
right:1.0
new:1.0
stuff:1.0
means:1.0
put:1.0
sattellite:1.0
around:2.09861228866811
long:1.0
unstable:1.0
reason:1.0
combined:1.0
gravitacional:1.0
atraction:1.0
sun:1.0
earth:1.0
provide:1.0
