wallacen:1.6931471805599454
cs.colostate.edu:1.6931471805599454
nathan:1.6931471805599454
wallace:1.6931471805599454
subject:1.0
orion:1.6931471805599454
space:1.0
drive:1.0
excellent:1.0
reference:1.0
non-technical:1.0
readers:1.0
system:1.0
starflight:1.0
handbook:1.0
eugene:1.0
mallove:1.0
gregory:1.0
matloff:1.0
isbn:1.0
0-471-61912-4:1.0
relevant:1.0
chapter:1.0
4:1.0
nuclear:1.0
pulse:1.0
propulsion:1.0
book:1.0
also:1.0
contains:1.0
lots:1.0
technical:1.0
references:1.0
academically:1.0
inclined:1.0
enjoy:1.0
c/c/c/c/c/c/c/c/c/c/c/c/c/c/c/c/c/c/c/c/c/c/c/c/c/c/c/c/c/c/c/c/c/c/c/c/c/c/c/c:1.6931471805599454
c:2.386294361119891
f:1.0
c/c:1.6931471805599454
reality:1.0
e-mail:1.0
ancient:1.0
alphaean:1.0
proverb:1.0
