subject:1.0
quotation:1.6931471805599454
lowest:1.6931471805599454
bidder:1.6931471805599454
bioccnt:1.0
otago.ac.nz:1.0
someone:1.0
please:1.0
remind:1.0
said:1.6931471805599454
well:1.0
known:1.0
sitting:1.0
atop:1.0
rocket:1.0
awaiting:1.0
liftoff:1.0
afterwards:1.0
answer:1.0
question:1.0
thinking:1.0
approximately:1.0
half:1.0
million:1.0
components:1.0
work:1.0
perfectly:1.0
supplied:1.0
attribution:1.0
correction:1.0
quote:1.0
would:1.0
much:1.0
appreciated:1.0
clive:1.0
trotman:1.0
