nsmca:1.6931471805599454
aurora.alaska.edu:1.0
subject:1.0
russian:2.09861228866811
email:1.6931471805599454
contacts:2.6094379124341005
anyone:1.0
space:1.0
old:1.0
ussr/su:1.0
eastern:1.0
europe:1.0
post:1.0
talk:1.0
ask:1.0
questions:1.0
think:1.0
cost:1.0
high:1.6931471805599454
would:1.0
keep:1.0
content:1.0
specific:1.0
topics:1.0
basically:1.0
want:1.0
save:1.0
russia:1.0
need:1.0
make:1.0
form:1.0
info:1.0
lets:1.0
get:1.0
informing:1.0
michael:1.0
adams:1.0
acad3.alaska.edu:1.0
im:1.0
jacked:1.0
alive:1.0
nome:1.0
alaska:1.0
called:1.0
america:1.0
