eder:2.09861228866811
hsvaic.boeing.com:1.0
dani:2.09861228866811
subject:1.0
elevator:1.0
top:2.386294361119891
floor:1.0
reading:1.0
amoco:1.0
performance:1.0
products:1.0
data:1.0
sheet:1.0
erl-1906:1.0
resin:1.0
t40:1.0
carbon:1.0
fiber:1.0
reinforcement:1.0
compressive:1.0
strength:2.09861228866811
280,000:1.6931471805599454
psi:1.0
density:1.0
0.058:1.0
lb/cu:1.0
therefore:1.0
theoretical:2.09861228866811
height:2.386294361119891
constant:2.09861228866811
section:2.6094379124341005
column:2.386294361119891
support:2.9459101490553135
4.8:1.0
million:1.0
inches:1.6931471805599454
400,000:1.0
ft:1.0
75:1.0
statute:1.0
miles:2.386294361119891
real:1.0
structure:2.6094379124341005
horizontal:1.6931471805599454
bracing:1.0
either:1.0
truss:1.0
type:1.0
guy:1.0
wires:1.0
used:1.0
crush:1.0
let:2.09861228866811
us:2.09861228866811
assume:1.0
operate:1.0
40:1.0
gives:1.0
working:1.0
30:1.0
limit:2.09861228866811
high:1.0
build:1.0
something:1.0
allow:1.0
tapering:1.0
cross:2.09861228866811
go:1.0
example:1.0
say:1.0
pound:1.0
load:2.09861228866811
tower:2.386294361119891
simplicity:1.0
calculation:1.0
requires:1.0
2.5:1.0
square:1.0
sectional:1.0
area:2.09861228866811
weight:1.0
mile:2.791759469228055
payload:2.09861228866811
weigh:1.0
9,200:1.0
lb:2.09861228866811
1:1.6931471805599454
total:1.0
289,200:1.0
3.3:2.09861228866811
increase:1.6931471805599454
next:1.0
must:1.6931471805599454
thicker:1.0
plus:1.0
ratio:2.09861228866811
way:1.0
bottom:1.0
see:1.0
although:1.0
practical:1.0
limits:1.0
based:1.0
much:1.6931471805599454
composites:1.6931471805599454
afford:1.6931471805599454
40/lb:1.6931471805599454
need:1.6931471805599454
ground:1.6931471805599454
foundation:1.0
bedrock:1.0
arbitrarily:1.0
choose:1.0
billion:1.0
costruction:1.0
cost:1.6931471805599454
perhaps:1.0
10,000,000:1.0
assuming:1.0
finished:1.0
costs:1.0
100/lb:1.0
figure:1.0
materials:1.0
tower/payload:1.0
mass:1.6931471805599454
35.7:1:1.0
per:1.0
becomes:1.0
111:1.0
clearly:1.0
significant:1.0
atmosphere:1.0
rocket:1.6931471805599454
launched:1.0
still:1.0
provide:1.0
orbital:1.6931471805599454
velocity:2.09861228866811
atmospheric:1.0
drag:1.6931471805599454
g-losses:1.6931471805599454
almost:1.0
eliminated:1.0
component:1.0
thrust:1.6931471805599454
vertical:1.0
direction:1.0
counter:1.0
gravity:1.0
contribute:1.0
thus:1.0
represent:1.0
wasted:1.0
together:1.0
rockets:1.0
starting:1.0
15:1.6931471805599454
penalty:1.0
contend:1.0
analysis:1.0
simplified:1.0
consider:1.0
wind:1.0
loads:1.0
require:1.0
structural:1.0
first:1.0
air:1.0
pressure:1.0
drops:1.0
low:1.0
enough:1.0
value:1.0
big:1.0
factor:1.0
eder/meridian:1.0
investment:1.0
company:1.0
205:1.0
464-2697:1.0
w:1.6931471805599454
232-7467:1.0
h:1.0
rt.1:1.0
box:1.0
188-2:1.0
athens:1.0
al:1.0
35611/location:1.0
34deg:1.0
37:1.0
n:1.0
86deg:1.0
43:1.0
100m:1.0
alt:1.0
