u1452:1.0
penelope.sdsc.edu:1.0
jeff:1.6931471805599454
bytof:1.6931471805599454
sio:1.0
subject:1.0
end:2.09861228866811
space:2.6094379124341005
age:1.6931471805599454
beginning:1.0
exploration:1.6931471805599454
longer:1.0
driver:1.0
technical:2.09861228866811
innovation:1.0
focus:1.0
american:1.0
cultural:1.0
attention:1.0
certainly:1.0
debatable:1.0
however:1.0
developments:1.0
quarters:1.0
always:1.0
examined:1.0
possible:1.0
applications:1.0
area:1.0
look:1.0
forward:1.0
many:1.0
innovations:1.0
might:1.0
enhance:1.0
capabilities:1.0
lower:1.0
cost:1.0
future:1.0
operations:1.0
dream:1.0
alive:1.0
well:1.0
member:1.0
staff:1.0
institute:1.0
remote:1.0
