prb:1.0
access.digex.com:1.0
pat:1.0
subject:1.0
army:2.09861228866811
space:1.6931471805599454
ballistic:1.0
missile:1.0
defense:2.09861228866811
organization:1.0
precursors:1.0
sdio:1.0
still:1.0
exist:1.0
umbrella:1.0
signal:1.0
corps:1.0
dca:1.0
comm:1.6931471805599454
agency:1.0
oops:1.0
disa:1.0
changed:1.0
names:1.0
work:1.0
thats:1.0
point:1.0
sats:1.0
dont:1.0
worry:1.0
lots:1.0
jobs:1.0
need:1.0
ditch:1.0
digging:1.0
somehow:1.0
youll:1.0
end:1.0
