nether:1.6931471805599454
bigwpi.wpi.edu:1.0
joel:1.6931471805599454
c:1.0
belog:1.6931471805599454
subject:1.0
space:1.0
shuttle:2.09861228866811
information:1.6931471805599454
wanted:1.0
hello:1.0
everyone:1.0
hoping:1.0
someone:1.0
could:1.0
help:1.0
im:1.0
writing:1.0
program:1.0
astronautics:1.0
class:1.0
assent:1.0
low:1.0
orbit:1.0
two:1.0
things:1.0
id:1.0
like:1.0
know:1.0
first:1.0
much:1.0
time:1.0
elapses:1.0
launch:1.0
pitch:1.0
second:1.0
cross-sectional:1.0
area:1.0
srbs:1.0
ext:1.0
tank:1.0
thanks:1.0
post:1.0
e-mail:1.0
wpi.wpi.edu:1.0
