aa429:1.6931471805599454
freenet.carleton.ca:1.6931471805599454
terry:1.6931471805599454
ford:1.6931471805599454
subject:1.0
flawed:1.0
propulsion:2.09861228866811
system:1.6931471805599454
space:2.09861228866811
shuttle:2.09861228866811
essay:1.0
writing:1.0
need:1.0
better:1.0
research:1.0
found:1.0
rather:1.0
clumsy:1.0
i.e:1.0
checks/tests:1.0
launch:1.0
safety:1.0
hazards:1.0
sitting:1.0
hydrogen:1.0
bomb:1.0
etc:1.0
beefs:1.0
current:1.0
program:1.0
please:1.0
send:1.0
ideas:1.0
thanks:1.0
lot:1.0
nepean:1.0
ontario:1.0
canada:1.0
