c.o.egalon:1.6931471805599454
larc.nasa.gov:1.6931471805599454
claudio:1.6931471805599454
oliveira:1.6931471805599454
egalon:1.6931471805599454
subject:1.0
space:1.6931471805599454
debris:1.0
guy:1.0
nasa:1.0
johnson:1.0
center:1.0
might:1.0
answer:1.0
question:1.0
name:1.0
right:1.0
follow:1.0
dig:1.0
