john:1.6931471805599454
lussmyer:1.6931471805599454
dragon:1.6931471805599454
angus.mi.org:1.6931471805599454
subject:1.0
dc-x:1.6931471805599454
update:1.0
henry:1.6931471805599454
zoo.toronto.edu:1.0
spencer:1.0
writes:1.0
first:1.0
flight:1.0
low:1.0
hover:1.6931471805599454
demonstrate:1.0
vertical:1.0
landing:1.0
payload:1.0
never:1.0
carry:1.6931471805599454
kind:1.0
exactly:1.0
test:1.0
done:1.0
tv:1.0
networks:1.0
really:1.0
want:1.0
see:1.0
mystery:1.0
spot:1.0
bbs:1.0
royal:1.0
oak:1.0
mi:1.0
