leigh:1.6931471805599454
palmer:1.6931471805599454
sfu.ca:1.0
subject:1.0
orion:1.0
drive:1.0
vacuum:1.0
article:1.0
c5ngxq.663:1.0
zoo.toronto.edu:1.6931471805599454
henry:1.6931471805599454
spencer:1.0
writes:1.0
national:1.6931471805599454
air:1.6931471805599454
space:1.6931471805599454
museum:1.6931471805599454
prototype:1.6931471805599454
film:1.6931471805599454
years:1.0
ago:1.0
display:1.0
continuously:1.0
repeating:1.0
great:1.0
ill:1.0
visit:1.0
end:1.0
month:1.0
wife:1.0
also:1.0
working:1.0
general:1.0
atomic:1.0
time:1.0
netnews:1.0
enriched:1.0
life:1.0
