wallacen:1.6931471805599454
cs.colostate.edu:1.6931471805599454
nathan:1.6931471805599454
wallace:1.6931471805599454
subject:1.0
orion:1.0
test:2.09861228866811
film:1.6931471805599454
putt-putt:1.0
vehicle:1.0
used:1.0
conventional:1.0
explosives:1.0
proof-of-concept:1.0
another:1.0
one:1.0
c/c/c/c/c/c/c/c/c/c/c/c/c/c/c/c/c/c/c/c/c/c/c/c/c/c/c/c/c/c/c/c/c/c/c/c/c/c/c/c:1.6931471805599454
c:2.386294361119891
f:1.0
c/c:1.6931471805599454
reality:1.0
e-mail:1.0
ancient:1.0
alphaean:1.0
proverb:1.0
