degroff:1.0
netcom.com:1.0
21012d:1.0
subject:1.0
atlas:1.6931471805599454
revisited:1.0
found:1.0
interesting:1.0
depended:1.0
pressure:1.0
maintain:1.0
tank:1.6931471805599454
geometry:1.0
leads:1.0
question:1.0
ssto:1.6931471805599454
concepts:1.0
explored:1.0
pressurized:1.0
tankage:1.0
launch:1.0
configuration:1.0
would:1.0
significantly:1.0
different:1.0
reentry:1.0
one:1.0
long:1.0
facinated:1.0
pnumatic:1.0
structures:1.0
conceived:1.0
built:1.0
frei:1.0
otto:1.0
others:1.0
ballon:1.0
sounds:1.0
clever:1.0
