eder:1.6931471805599454
hsvaic.boeing.com:1.0
dani:2.09861228866811
subject:1.0
nasp:2.09861228866811
pertinent:1.0
report:2.09861228866811
united:1.0
states:1.0
general:1.0
accounting:1.0
office:1.0
national:1.0
aero-space:1.0
plane:2.09861228866811
restructuring:1.0
future:1.0
research:1.6931471805599454
development:2.09861228866811
efforts:2.386294361119891
december:1.0
1992:1.0
number:1.0
gao/nsiad-93-71:1.0
back:1.6931471805599454
lists:1.0
following:1.0
related:1.0
reports:1.0
key:1.0
issues:1.0
facing:1.0
program:1.6931471805599454
31:1.0
mar:1.0
92:1.0
gao/t-nsiad-92-26:1.0
aerospace:2.386294361119891
technology:2.386294361119891
r:1.6931471805599454
japan:1.0
australia:1.0
4:1.0
oct:1.0
91:1.6931471805599454
gao/nsiad-92-5:1.0
europe:1.0
25:1.0
july:1.0
gao/nsiad-91-194:1.0
technical:1.0
data:1.0
information:1.6931471805599454
foreign:1.6931471805599454
test:1.0
facilities:1.0
22:1.0
jun:1.0
90:1.0
gao/nsiad-90-71fs:1.0
investment:1.6931471805599454
vehicle:1.0
technological:1.0
2:1.0
aug:1.0
89:1.0
gao/t-nsiad-89-43:1.0
demonstration:1.0
build:1.0
x-30:1.0
27:1.0
apr:1.0
88:1.0
gao/nsiad-88-122:1.0
inside:1.0
cover:1.0
ordering:1.0
says:1.0
first:1.0
copy:1.0
gao:1.0
free:1.0
orders:1.0
may:1.0
also:1.0
placed:1.0
calling:1.0
202:1.0
275-6241:1.0
eder/meridian:1.0
company:1.0
205:1.0
464-2697:1.0
w:1.6931471805599454
232-7467:1.0
h:1.0
rt.1:1.0
box:1.0
188-2:1.0
athens:1.0
al:1.0
35611/location:1.0
34deg:1.0
37:1.0
n:1.0
86deg:1.0
43:1.0
100m:1.0
alt:1.0
