uck:1.0
netcom.com:1.0
tom:1.6931471805599454
chamberlain:1.0
subject:1.0
buzz:1.6931471805599454
aldrins:1.6931471805599454
race:1.6931471805599454
space:1.6931471805599454
anyone:1.6931471805599454
heard:1.0
played:1.0
know:1.0
expected:1.0
released:1.0
thanx:1.0
