msb:2.09861228866811
sq.sq.com:1.0
mark:1.6931471805599454
brader:1.6931471805599454
subject:1.0
comet:2.09861228866811
temporary:1.6931471805599454
orbit:1.6931471805599454
around:1.0
jupiter:2.791759469228055
questions:1.0
answered:1.0
previous:1.0
instance:1.0
gehrels:1.0
3:1.6931471805599454
mentioned:1.0
earlier:1.0
posting:1.0
orbital:1.0
elements:1.0
1977vii:1.0
dance:1.0
files:1.0
p:2.386294361119891
au:2.6094379124341005
3.424346:1.0
e:1.6931471805599454
0.151899:1.0
1.0988:1.0
cap_omega:1.0
0:1.6931471805599454
243.5652:1.0
w:1.0
231.1607:1.0
epoch:1.0
1977.04110:1.0
thanks:1.0
information:1.0
assume:1.0
semi-major:1.0
axis:1.0
eccentricity:1.0
peri:1.0
helion:1.0
aphelion:1.0
given:1.0
1-e:1.0
1+e:1.0
i.e:1.0
2.90:1.0
3.95:1.0
respectively:1.0
4.95:1.0
5.45:1.0
1977:1.0
capture:1.0
means:1.0
ended:1.0
comes:1.0
closer:1.0
1:1.6931471805599454
jupiters:1.6931471805599454
take:1.0
rough:1.0
indication:1.0
far:1.0
could:1.0
get:1.0
influence:1.0
also:1.0
perihelions:1.0
gehrels3:1.0
april:1.0
1973:1.6931471805599454
83:1.0
radii:1.6931471805599454
august:1.0
1970:1.6931471805599454
radius:1.0
71,000:1.0
km:1.0
44,000:1.0
mi:1.0
0.0005:1.0
figure:1.6931471805599454
seems:1.0
unlikely:1.0
actually:1.0
anything:1.0
perijove:1.0
case:1.0
well:1.0
softquad:1.0
inc:1.0
toronto:1.0
remember:1.0
golgafrinchans:1.0
utzoo:1.0
sq:1.0
sq.com:1.0
pete:1.0
granger:1.0
article:1.0
public:1.0
domain:1.0
