pvtmakela:1.0
hylkn1.helsinki.fi:1.0
kel:1.0
veikko:1.6931471805599454
subject:1.0
astronomy:1.6931471805599454
program:1.0
article:1.0
28641:1.0
galaxy.ucr.edu:1.0
datadec:1.0
ucrengr.ucr.edu:1.0
kevin:1.0
marcus:1.0
writes:1.0
public:1.0
domain:1.0
shareware:1.0
programs:1.6931471805599454
map:1.6931471805599454
sky:1.0
given:1.0
time:1.0
allow:1.0
locate:1.0
planets:1.0
nebulae:1.0
forth:1.0
ftp:1.0
site:1.0
get:1.0
one:1.0
several:1.0
star:1.0
available:1.0
job:1.0
choose:1.0
like:1.0
try:1.0
anonymous-ftp:1.0
ftp.funet.fi:1.0
pub/astro/pc/stars:1.0
pc/solar:1.0
mac:1.0
amiga:1.0
atari:1.0
regards:1.0
