nicho:2.09861228866811
vnet.ibm.com:1.6931471805599454
greg:1.6931471805599454
stewart-nicholls:1.0
subject:1.0
biosphere:1.0
ii:1.0
1q77ku:1.0
av6:1.0
access.digex.net:1.0
pat:1.0
writes:1.0
work:1.0
privately:1.0
funded:1.0
data:1.6931471805599454
belongs:1.0
sbv:1.0
dont:1.0
see:1.0
either:1.0
george:1.0
fred:1.0
scoriating:1.0
ibm:1.0
research:1.0
division:1.0
releasing:1.0
publish:1.0
plenty:1.0
kiddo:1.0
look:1.0
sig:1.0
files:1.0
like:1.0
strings:1.0
every:1.0
yo-yos:1.0
got:1.0
one:1.0
nicholls:1.0
business:1.0
olympus.demon.co.uk:1.0
private:1.0
