prb:1.0
access.digex.com:1.0
pat:1.6931471805599454
subject:1.0
conference:1.0
manned:1.6931471805599454
lunar:1.6931471805599454
exploration:1.6931471805599454
may:1.6931471805599454
7:1.0
crystal:1.6931471805599454
city:1.6931471805599454
aw:1.0
st:1.0
brief:1.0
blurb:1.0
confernce:1.0
7th:1.0
virginia:1.0
auspices:1.0
aiaa:1.0
anyone:1.6931471805599454
know:1.0
much:1.0
attend:1.0
want:1.0
go:1.0
