18084tm:1.6931471805599454
msu.edu:1.0
tom:1.6931471805599454
subject:1.0
space:1.6931471805599454
clippers:1.6931471805599454
launched:1.6931471805599454
successfully:1.0
first:1.0
saw:1.0
thought:1.0
second:1.0
headline:1.0
star:1.0
pliers:1.0
found:1.0
srb:1.0
recently:1.0
yknow:1.0
sometimes:1.0
wire-cutters:1.0
built:1.0
tommy:1.0
mac:1.0
mcwilliams:1.0
517-355-2178:1.0
wk:1.0
radius:1.0
vision:1.0
increases:1.0
ibm.cl.msu.edu:1.0
336-9591:1.0
hm:1.0
circumference:1.0
mystery:1.0
grows:1.0
