ghasting:1.0
vdoe386.vak12ed.edu:1.6931471805599454
george:1.6931471805599454
hastings:1.0
subject:1.0
soviet:1.6931471805599454
space:2.386294361119891
book:1.0
received:1.0
copies:1.0
cosmonautics:1.6931471805599454
1990:1.6931471805599454
1991:1.0
well:1.0
station:1.0
mir:1.0
handbook:1.0
aerospace:1.0
ambassadors:1.0
problem:1.0
im:1.0
getting:1.0
ready:1.0
fax:1.0
material:1.0
huntsville:1.0
ill:1.0
include:1.0
printout:1.0
inquiry:1.0
hastingsghasting:1.0
science:2.09861228866811
teacher72407.22:1.0
compuserve.com:1.0
mathematics:1.0
center:1.0
stareach:1.0
bbs:1.0
804-343-6533:1.0
fun:1.0
2304:1.0
hartman:1.0
streetoffice:1.0
804-343-6525:1.0
probably:1.0
richmond:1.0
va:1.0
23223fax:1.0
804-343-6529:1.0
