brody:1.6931471805599454
eos.arc.nasa.gov:1.0
adam:1.0
r:1.0
subject:1.0
conference:1.0
manned:1.6931471805599454
lunar:1.6931471805599454
exploration:1.6931471805599454
may:1.6931471805599454
7:1.0
crystal:1.6931471805599454
city:1.6931471805599454
prb:1.0
access.digex.com:1.0
pat:1.6931471805599454
writes:1.0
aw:1.0
st:1.0
brief:1.0
blurb:1.0
confernce:1.0
7th:1.0
virginia:1.0
auspices:1.0
aiaa:1.6931471805599454
anyone:1.6931471805599454
know:1.0
much:1.0
attend:1.0
want:1.0
go:1.0
got:1.0
something:1.0
mail:1.0
cost:1.0
75:1.0
speakers:1.0
include:1.0
john:1.0
pike:1.0
hohn:1.0
young:1.0
ian:1.0
pryke:1.0
