xrcjd:1.0
resolve.gsfc.nasa.gov:1.0
charles:1.0
j:1.0
divine:1.6931471805599454
subject:1.0
science:1.6931471805599454
news:1.6931471805599454
article:2.09861228866811
federal:1.6931471805599454
r:2.09861228866811
pointer:1.0
current:1.6931471805599454
funding:1.0
briefly:1.0
shifted:1.0
gaining:1.0
competitive:1.0
advantage:1.0
things:1.0
like:1.0
military:1.0
work:1.0
much:1.0
commercial:1.0
utility:1.0
chuck:1.0
