c.o.egalon:1.6931471805599454
larc.nasa.gov:1.6931471805599454
claudio:1.6931471805599454
oliveira:1.6931471805599454
egalon:1.6931471805599454
subject:1.6931471805599454
space:1.6931471805599454
debris:1.6931471805599454
keesler:2.09861228866811
loftus:1.0
potter:1.0
stansbery:1.0
kubriek:1.0
gues:1.0
others:1.0
ring:1.0
bell:1.0
might:1.0
involved:1.0
well:1.0
sometime:1.0
ago:1.0
langley:1.0
teaching:1.0
course:1.0
memory:1.0
fai:1.0
l:1.0
think:1.0
even:1.0
reference:1.0
book:1.0
