arthurc:1.0
sfsuvax1.sfsu.edu:1.0
arthur:1.0
chandler:1.0
subject:1.0
stereo:1.6931471805599454
pix:1.0
planets:1.0
anyone:1.0
tell:1.0
might:1.0
find:1.0
images:1.0
planetary:1.6931471805599454
satellite:1.0
surfaces:1.6931471805599454
gifs:1.0
preferred:1.0
im:1.0
especially:1.0
interested:1.0
stereos:1.0
phobos:1.0
deimos:1.0
mars:1.0
moon:1.0
order:1.0
thanks:1.0
