mailrp:1.0
esa.bitnet:1.0
vm.gmd.de:1.0
subject:1.0
message:1.0
space:2.09861228866811
digest:1.0
joint:1.6931471805599454
press:1.0
release:1.0
esa/un:1.0
18-93:1.0
paris:1.0
19:2.09861228866811
april:2.09861228866811
1993:1.0
un/esa:1.0
training:3.302585092994046
course:3.302585092994046
satellite:2.791759469228055
applications:2.9459101490553135
held:1.6931471805599454
italy:2.09861228866811
19-30:1.0
united:2.09861228866811
nations:2.09861228866811
european:2.6094379124341005
agency:1.6931471805599454
esa:2.09861228866811
jointly:1.6931471805599454
organising:1.0
data:2.791759469228055
gathered:1.0
remote:2.9459101490553135
sensing:2.9459101490553135
ers-1:2.09861228866811
frascati:1.6931471805599454
30:1.0
discuss:1.0
concerning:1.0
natural:1.6931471805599454
resources:1.6931471805599454
renewable:2.09861228866811
energy:2.09861228866811
environment:1.6931471805599454
organised:1.0
benefit:1.0
francophone:1.6931471805599454
african:2.09861228866811
experts:2.6094379124341005
hosted:1.0
esrin:1.0
agencys:1.0
establishment:1.0
responsible:1.0
coordination:1.0
users:1.0
esas:1.0
twenty-four:1.0
field:1.0
selected:1.0
countries:1.0
northern:1.0
western:1.0
central:1.0
africa:1.0
three:1.0
regional:1.0
centres:1.0
attend:1.0
two-week:1.0
session:1.0
focus:1.0
techniques:1.0
particularly:1.0
developed:1.6931471805599454
launched:1.0
1991:1.0
ariane:1.0
launcher:1.0
carries:1.0
advanced:1.0
radar:2.09861228866811
instrument:1.0
first:1.0
series:1.0
missions:1.0
ensure:1.0
availability:1.0
beyond:1.0
year:1.0
2000:1.0
aim:1.0
increase:1.0
potential:1.0
using:1.0
practical:1.6931471805599454
systems:1.0
particular:1.0
emphasis:1.0
geology:1.0
mineral:1.0
prospecting:1.0
oceanography:1.0
near:1.0
coastal:1.0
areas:1.0
agriculture:1.0
forestry:1.0
meteorology:1.0
education:1.0
programme:1.0
facilities:1.0
technical:1.0
support:1.0
well:1.0
lecturers:1.6931471805599454
information:1.0
documents:1.0
provided:1.6931471805599454
include:1.0
high-level:1.0
organisations:1.0
active:1.0
funds:1.0
trust:1.0
fund:1.6931471805599454
new:1.0
sources:1.0
primary:1.0
contributor:1.0
government:1.0
similar:1.0
planned:1.0
latin:1.0
american:1.0
