loss:2.09861228866811
fs7.ece.cmu.edu:1.0
doug:1.6931471805599454
subject:1.0
jemison:1.6931471805599454
star:1.6931471805599454
trek:1.6931471805599454
saw:1.0
newspaper:1.0
last:1.6931471805599454
night:1.0
dr:1.0
mae:1.0
first:1.0
black:1.0
woman:1.0
space:1.6931471805599454
shes:1.0
physician:1.0
chemical:1.0
engineer:1.0
flew:1.0
endeavour:1.0
year:1.0
appear:1.0
transporter:1.0
operator:1.0
next:1.0
generation:1.0
episode:1.0
airs:1.0
week:1.0
may:1.0
31:1.0
hardly:1.0
science:1.0
know:1.0
interesting:1.0
