aws:1.0
iti.org:1.0
allen:1.0
w:2.9459101490553135
sherzer:1.0
subject:1.0
dc-x:1.0
update:1.0
article:1.0
ugo62b8w165w:1.0
angus.mi.org:1.6931471805599454
dragon:1.0
writes:1.0
exactly:1.0
hover:1.0
test:1.0
done:1.0
early:1.0
mid:1.0
june:1.0
tv:1.6931471805599454
networks:1.0
carry:1.6931471805599454
really:1.0
want:1.0
see:1.6931471805599454
think:1.0
public:1.6931471805599454
wants:1.0
write:1.0
ask:1.0
reach:1.0
f:1.0
national:2.09861228866811
news:3.302585092994046
media:1.0
abc:2.6094379124341005
world:1.6931471805599454
tonight:1.0
face:1.0
nation:1.0
7:1.0
west:1.0
66th:1.6931471805599454
street:3.70805020110221
cbs:2.09861228866811
new:3.5649493574615367
york:3.5649493574615367
ny:3.3978952727983707
10023:2.09861228866811
2020:1.0
nw:3.4849066497880004
212/887-4040:1.0
washington:3.9444389791664403
dc:3.6390573296152584
20036:2.6094379124341005
202/457-4321:1.0
associated:1.0
press:1.6931471805599454
good:1.0
morning:2.09861228866811
america:1.0
50:1.0
rockefeller:1.6931471805599454
plaza:1.0
10020:1.6931471805599454
1965:1.0
broadway:1.0
desk:1.6931471805599454
212/621-1600:1.0
foreign:1.0
212/621-1663:1.0
212/496-4800:1.0
bureau:2.09861228866811
202/828-6400:1.0
larry:1.6931471805599454
king:1.6931471805599454
live:1.0
evening:1.0
cnn:2.6094379124341005
524:1.6931471805599454
57th:1.6931471805599454
111:2.09861228866811
massachusetts:2.09861228866811
avenue:2.6094379124341005
10019:2.09861228866811
20001:2.09861228866811
212/975-3693:1.0
202/898-7900:1.6931471805599454
show:1.0
radio:1.6931471805599454
mutual:1.0
broadcasting:1.0
1755:1.0
jefferson:1.0
davis:1.0
highway:1.0
212/975-2824:1.0
arlington:1.6931471805599454
va:1.6931471805599454
22202:1.0
703/685-2175:1.0
christian:1.0
science:1.0
monitor:1.0
csm:1.0
publishing:1.0
society:1.0
los:1.6931471805599454
angeles:1.6931471805599454
times:2.09861228866811
one:1.6931471805599454
norway:1.0
times-mirror:1.0
square:1.0
boston:1.0
02115:1.0
ca:1.0
90053:1.0
800/225-7090:1.0
800/528-4637:1.0
macneil/lehrer:1.6931471805599454
newshour:1.6931471805599454
center:1.6931471805599454
p.o:1.6931471805599454
box:2.09861228866811
2626:1.6931471805599454
105366:1.0
20013:1.6931471805599454
atlanta:1.0
ga:1.0
30348:1.0
703/998-2870:1.0
404/827-1500:1.0
wnet-tv:1.0
356:1.0
58th:1.0
212/560-3113:1.0
crossfire:1.0
nbc:1.0
4001:1.0
nebraska:1.0
202/885-4200:1.0
202/898-7951:1.0
202/362-2009:1.0
fax:1.0
edition/all:1.0
things:1.0
considered:1.0
2025:1.0
202/822-2000:1.0
united:1.0
international:1.0
1400:1.0
eye:1.6931471805599454
20006:1.6931471805599454
202/898-8000:1.0
u.s:1.0
report:1.0
229:1.0
43rd:1.0
2400:1.0
n:1.0
10036:1.0
20037:1.0
212/556-1234:1.0
202/955-2000:1.0
212/556-7415:1.0
usa:1.0
today:1.0
1000:1.0
wilson:1.0
boulevard:1.0
1627:1.0
7th:1.0
floor:1.0
22229:1.0
703/276-3400:1.0
202/862-0300:1.0
newsweek:1.0
wall:1.0
journal:1.0
444:1.0
madison:1.0
200:1.0
liberty:1.0
10022:1.0
10281:1.0
212/350-4000:1.0
212/416-2000:1.0
nightline:1.6931471805599454
post:1.0
1150:1.0
15th:1.0
47:1.0
20071:1.0
202/344-6000:1.0
212/887-4995:1.0
week:1.6931471805599454
review:1.0
ted:1.0
koppel:1.0
weta-tv:1.0
1717:1.6931471805599454
desales:1.6931471805599454
703/998-2626:1.0
202/887-7364:1.0
david:1.0
brinkley:1.0
202/887-7777:1.0
time:2.09861228866811
magazine:1.0
warner:1.0
inc:1.0
life:1.0
building:1.0
212/522-1212:1.0
lady:1.0
astor:1.0
sir:1.0
husband:1.0
would:1.6931471805599454
poison:1.0
coffee:1.0
churchill:1.0
madam:1.0
wife:1.0
drink:1.0
57:1.0
days:1.0
first:1.0
flight:1.0
dcx:1.0
