jgreen:1.6931471805599454
trumpet.calpoly.edu:1.0
james:1.6931471805599454
thomas:1.0
green:1.6931471805599454
subject:1.0
proton/centaur:1.6931471805599454
anyone:1.0
looked:1.0
possiblity:1.0
combo:1.6931471805599454
would:1.0
benefits:1.0
problems:1.0
obvious:1.0
instability:1.0
xssr:1.0
oboe.calpoly.edu:1.0
know:1.0
believe:1.0
understand:1.0
think:1.0
said:1.6931471805599454
sure:1.0
realize:1.0
meant:1.0
