prb:1.0
access.digex.com:1.0
pat:1.6931471805599454
subject:1.0
keeping:1.0
spacecraft:1.0
funding:1.0
cuts:1.0
birds:1.0
require:1.0
constant:1.0
management:1.0
survival:1.0
pointing:1.6931471805599454
sensor:1.0
sun:1.0
even:1.6931471805599454
powered:1.0
may:2.09861228866811
burn:1.0
parabolic:1.0
antenna:1.0
sol:1.0
venus:1.0
orbit:1.0
trash:1.0
foci:1.0
elements:1.0
let:1.0
teh:1.0
bird:1.0
drift:1.0
get:1.0
hosed:1.0
cosmic:1.0
phenomena:1.0
