prb:1.0
access.digex.com:1.0
pat:1.6931471805599454
subject:1.0
proton/centaur:1.6931471805599454
article:1.0
1993apr20.211638.168730:1.0
zeus.calpoly.edu:1.0
jgreen:1.0
trumpet.calpoly.edu:1.0
james:1.0
thomas:1.0
green:1.0
writes:1.0
anyone:1.0
looked:1.0
possiblity:1.0
combo:1.0
dont:1.0
know:1.6931471805599454
whole:1.0
lot:1.0
proton:1.6931471805599454
given:1.0
multi:1.0
stage:1.0
rocket:1.0
4:1.0
stages:1.0
may:2.09861228866811
really:1.0
need:1.0
centaur:2.386294361119891
plus:1.0
end:1.0
seriously:1.0
beating:1.0
said:1.0
also:1.0
small:1.0
unless:1.0
oversize:1.0
shroud:1.0
able:1.0
get:1.0
dennis:1.0
much:1.0
