nsmca:1.6931471805599454
aurora.alaska.edu:1.0
subject:1.0
old:1.6931471805599454
spacecraft:1.0
navigation:1.6931471805599454
beacons:1.6931471805599454
idea:1.0
space:1.6931471805599454
crafts:1.0
put:1.0
safe:1.0
pause:1.0
mode:1.0
activated:1.0
signal:1.0
craft:1.0
manned:1.0
act:1.0
naviagtion:1.0
beacon:1.0
take:1.0
directional:1.0
plot:1.0
wierd:1.0
michael:1.0
adams:1.0
acad3.alaska.edu:1.0
im:1.0
high:1.0
jacked:1.0
