jpw:1.6931471805599454
cbis.ece.drexel.edu:1.0
joseph:1.0
wetstein:1.6931471805599454
subject:1.0
sunrise:1.6931471805599454
sunset:1.6931471805599454
times:1.6931471805599454
hello:1.0
looking:1.0
program:1.0
algorithm:1.0
used:1.0
compute:1.0
would:1.0
appreciate:1.0
advice:1.0
joe:1.0
coe.drexel.edu:1.0
