jennise:1.6931471805599454
opus.dgi.com:1.0
milady:1.0
printcap:1.0
goddess:1.0
peripherals:1.0
subject:1.0
looking:1.0
little:1.0
research:1.0
help:1.6931471805599454
found:1.0
thanks:1.6931471805599454
got:1.0
several:1.0
offers:1.0
appreciate:1.0
contacting:1.0
people:1.0
via:1.0
e-mail:1.0
