dante:1.6931471805599454
shakala.com:1.6931471805599454
charlie:1.6931471805599454
prael:1.6931471805599454
subject:1.0
commercial:1.0
mining:1.0
activities:1.0
moon:1.0
dietz:1.6931471805599454
cs.rochester.edu:1.0
paul:1.6931471805599454
writes:1.0
merely:1.0
evades:1.0
issue:1.0
lunatics:1.0
children:1.0
would:1.0
want:1.0
stay:1.0
reason:1.0
many:1.0
colonies:1.0
founded:1.0
shakala:1.0
bbs:1.0
clanzen:1.0
radio:1.0
network:1.0
sunnyvale:1.0
ca:1.0
1-408-734-2289:1.0
