subject:1.0
life:2.09861228866811
mars:2.09861228866811
schiewer:2.6094379124341005
pa881a.inland.com:1.6931471805599454
deal:1.0
save:1.0
face:1.6931471805599454
heard:1.0
associated:1.0
theories:1.6931471805599454
sound:1.0
thin:1.0
going:1.0
back:1.0
look:1.0
agian:1.0
anyone:1.0
buy:1.0
internet:1.0
onward:1.0
great:1.0
inland:1.0
steel:1.0
uucp:1.6931471805599454
pa881a.inland:1.0
stream:1.0
