andrew:1.0
rogers:1.6931471805599454
ial3.jsc.nasa.gov:1.0
subject:1.0
life:2.09861228866811
mars:2.09861228866811
article:1.0
1993apr20.120311.1:1.0
pa881a.inland.com:1.6931471805599454
schiewer:1.6931471805599454
writes:1.0
deal:1.0
save:1.0
face:1.6931471805599454
heard:1.0
associated:1.0
theories:1.6931471805599454
sound:1.0
thin:1.0
going:1.0
back:1.0
look:1.0
agian:1.0
anyone:1.0
buy:1.0
try:1.0
alt.alien.visitors:1.0
