dennisn:1.6931471805599454
ecs.comm.mot.com:1.6931471805599454
dennis:1.6931471805599454
newkirk:1.6931471805599454
subject:1.0
first:1.6931471805599454
spacewalk:2.09861228866811
article:1.0
c5sumg.2rf.1:1.0
cs.cmu.edu:1.0
flb:1.0
flb.optiplan.fi:1.0
f.baube:1.0
tm:1.0
writes:1.0
one:1.0
time:1.0
speculation:1.0
alexei:1.0
leonov:1.0
staged:1.0
fake:1.0
evidence:1.0
support:1.0
contradict:1.0
claim:2.09861228866811
emerged:1.0
perhaps:1.0
another:1.0
fevered:1.0
cold:1.0
war:1.0
hallucination:1.0
made:1.0
someone:1.0
spotted:1.0
training:1.0
film:1.0
footage:1.6931471805599454
spliced:1.0
actual:1.0
motorola:1.0
land:1.0
mobile:1.0
products:1.0
sector:1.0
schaumburg:1.0
il:1.0
