prb:1.0
access.digex.com:1.0
pat:1.6931471805599454
subject:1.0
navstar:1.0
positions:1.0
c-3s:1.0
bird:1.0
may:2.386294361119891
flaking:1.0
expecting:1.0
die:1.0
soon:1.0
c-3:1.0
orbit:1.6931471805599454
major:1.0
users:1.0
areas:1.0
needed:1.0
provide:1.0
redundancy:1.0
plane:1.0
b-4:1.0
hicksville:1.0
muc:1.0
user:1.0
community:1.0
