baalke:2.386294361119891
kelvin.jpl.nasa.gov:1.6931471805599454
ron:1.6931471805599454
subject:1.0
iapetus/saturn:1.0
eclipse:2.09861228866811
forwarded:1.0
john:1.6931471805599454
spencer:2.09861228866811
lowell.edu:1.0
two:1.0
eclipses:1.0
iapetus:2.9459101490553135
saturn:2.6094379124341005
rings:2.386294361119891
may:1.6931471805599454
july:2.09861228866811
please:1.6931471805599454
spread:1.0
word:1.0
heres:1.0
information:1.0
events:1.6931471805599454
couple:1.0
messages:1.0
jay:2.386294361119891
goguen:1.6931471805599454
jpl:1.0
appealing:1.0
thermal:2.791759469228055
observations:2.386294361119891
learn:1.6931471805599454
properties:1.0
might:1.0
also:1.0
money:1.0
available:1.6931471805599454
1993/04/21:1.0
eclipsed:1.0
shadows:1.0
saturns:1.0
1993/05/01-02:1.0
18:27-13:43:1.0
ut:2.386294361119891
1993/07/20-21:1.0
21:16-09:38:1.0
timing:1.0
follows:1.0
1993:1.6931471805599454
1-2:1.0
a-ring:2.09861228866811
ingress:2.9459101490553135
18:27:1.0
egress:3.0794415416798357
19:30:1.0
b-ring:1.6931471805599454
19:51:1.0
21:42:1.0
c-ring:1.0
23:00:1.6931471805599454
23:59:1.0
10:02:1.0
10:28:1.0
12:19:1.0
12:40:1.0
13:43:1.0
20-21:1.0
21:16:1.0
05:08:1.0
05:13:1.0
grazing:1.0
09:38:1.0
times:1.0
could:1.0
30:1.0
minutes:1.0
later:1.0
according:1.0
alternate:1.0
ephemeris:1.0
photometric:1.0
important:1.0
refining:1.0
orbit:1.0
suns:1.0
size:1.0
projected:1.0
seen:1.0
3100:1.0
km:1.0
unlikely:1.0
anything:1.0
new:1.6931471805599454
see:1.0
soma:1.0
1992:1.0
astronomy:1.0
astrophysics:1.0
265:1.0
l21-l24:1.0
details:1.0
thanks:1.0
andy:1.0
odell:1.0
northern:1.0
arizona:1.0
university:1.0
bringing:1.0
attention:1.0
jdg:1.0
scn5.jpl.nasa.gov:1.0
writes:1.0
interesting:1.0
thing:1.0
would:2.09861228866811
ir:2.09861228866811
20:1.6931471805599454
disappearance:1.6931471805599454
shadow:1.0
planet:1.6931471805599454
measure:1.0
inertia:1.0
etc:1.0
unfortunately:1.0
21:30:1.0
event:1.0
renders:1.0
inaccessible:1.0
except:1.0
russia:1.6931471805599454
even:1.0
calar:1.0
alto:1.0
rising:1.0
3:1.0
airmasses:1.0
know:1.0
anyone:1.6931471805599454
ukraine:1.0
big:1.6931471805599454
telescope:2.386294361119891
10:1.6931471805599454
um:1.6931471805599454
instrumentation:1.6931471805599454
thats:1.6931471805599454
looking:1.0
something:1.0
id:1.0
willing:1.0
make:1.0
personal:1.0
grant:1.0
100:1.0
data:1.0
try:1.0
encourage:1.0
observe:1.0
wavelengths:1.0
impression:1.0
easy:1.0
observation:1.6931471805599454
faint:1.0
getting:1.0
fainter:1.0
youll:1.0
need:1.6931471805599454
good:1.0
reasonable:1.0
dont:1.0
think:1.0
combination:1.0
widely:1.0
longitudes:1.0
well:1.0
placed:1.0
sofia:1.0
one:1.6931471805599454
possibility:1.0
india:1.0
1.2:1.0
jet:1.0
propulsion:1.0
lab:1.0
m/s:1.0
525-3684:1.0
telos:1.0
aweto:1.0
zealand:1.0
pasadena:1.0
ca:1.0
91109:1.0
part:1.6931471805599454
caterpillar:1.0
vegetable:1.0
