wallacen:1.6931471805599454
cs.colostate.edu:1.6931471805599454
nathan:1.6931471805599454
wallace:1.6931471805599454
subject:1.0
level:2.386294361119891
5:1.6931471805599454
according:1.0
software:2.09861228866811
engineering:1.0
professor:1.0
actually:1.0
rated:1.0
five:1.0
ibm:1.6931471805599454
unit:1.0
produced:1.0
part:1.0
shuttle:1.6931471805599454
means:1.0
interesting:1.0
note:1.0
90:1.0
development:1.0
groups:1.6931471805599454
surveyed:1.0
1:1.0
one:1.0
c/c/c/c/c/c/c/c/c/c/c/c/c/c/c/c/c/c/c/c/c/c/c/c/c/c/c/c/c/c/c/c/c/c/c/c/c/c/c/c:1.6931471805599454
c:2.386294361119891
f:1.0
c/c:1.6931471805599454
reality:1.0
e-mail:1.0
ancient:1.0
alphaean:1.0
proverb:1.0
