n4hy:1.6931471805599454
harder.ccr-p.ida.org:1.0
bob:1.6931471805599454
mcgwier:1.6931471805599454
subject:1.0
navstar:1.0
positions:1.6931471805599454
missed:1.0
something:1.0
big:1.0
difference:1.0
plane:1.0
exactly:1.0
state:1.0
velocities:1.0
equal:1.0
addition:1.0
always:1.0
redundancies:1.0
proposed:1.0
robert:1.0
w:1.0
ccr-p.ida.org:1.0
center:1.0
communications:1.0
research:1.0
interests:1.0
amateur:1.0
radio:1.0
astronomy:1.0
golf:1.0
princeton:1.0
n.j:1.0
08520:1.0
asst:1.0
scoutmaster:1.0
troop:1.0
5700:1.0
hightstown:1.0
