wats:1.6931471805599454
scicom.alphacdc.com:1.6931471805599454
bruce:1.6931471805599454
watson:1.6931471805599454
subject:1.0
first:1.6931471805599454
spacewalk:1.6931471805599454
article:1.0
c5sumg.2rf.1:1.0
cs.cmu.edu:1.0
flb:1.0
flb.optiplan.fi:1.0
f.baube:1.0
tm:1.0
writes:1.0
one:1.6931471805599454
time:1.0
speculation:1.0
alexei:1.0
leonov:1.0
staged:1.0
fake:1.0
evidence:1.0
support:1.0
contradict:1.0
claim:1.6931471805599454
emerged:1.0
perhaps:1.0
another:1.0
fevered:1.0
cold:1.0
war:1.0
hallucination:1.0
would:1.0
avid:1.0
reader:1.0
sci.space.ussr.what.really:1.0
happened:1.0
bulletin:1.0
629-49:1.0
item:1.0
6700:1.0
extract:1.0
75,131:1.0
