prb:1.0
access.digex.com:1.0
pat:1.0
subject:1.0
commercial:1.0
mining:1.0
activities:1.0
moon:1.0
article:1.6931471805599454
1r46j3inn14j:1.0
mojo.eng.umd.edu:1.0
sysmgr:1.0
king.eng.umd.edu:1.0
writes:1.6931471805599454
steinly.93apr20160116:1.0
topaz.ucsc.edu:1.6931471805599454
steinly:1.0
steinn:1.0
sigurdsson:1.0
cost:1.0
effective:1.0
use:1.0
right:1.0
accounting:1.0
method:1.0
sherzer:1.0
methodology:1.0
let:1.0
never:1.0
said:1.0
opportunity:1.0
missed:1.0
put:1.0
someone:1.0
