gene:2.386294361119891
theporch.raider.net:2.09861228866811
wright:1.6931471805599454
subject:1.0
give:1.0
1:1.0
billion:1.0
first:1.0
year-long:1.0
moon:1.0
residents:1.0
forget:1.0
apollo:1.0
government:1.0
program:1.0
start:1.0
relatively:1.0
scratch:1.0
people:1.0
nasa:1.0
think:1.0
could:1.0
work:1.0
one:1.0
replied:1.0
personally:1.0
posted:1.0
original:1.0
message:1.0
several:1.0
days:1.0
ago:1.0
heard:1.0
jerry:1.0
pournelle:1.0
suggest:1.0
idea:1.0
615/297-7951:1.0
macinteresteds:1.0
nashville:1.0
