prb:1.0
access.digex.com:1.0
pat:1.6931471805599454
subject:1.0
proton/centaur:1.0
well:1.0
thank:1.0
dennis:1.0
usual:1.0
highly:1.0
detailed:1.0
informative:1.0
posting:1.0
question:1.0
proton:1.6931471805599454
could:1.6931471805599454
handled:1.6931471805599454
one:1.0
kscs:1.0
spare:1.0
pads:1.0
without:1.0
major:1.0
malfunction:1.0
kourou:1.0
vandenberg:1.0
uses:1.0
storables:1.0
long:1.0
would:1.6931471805599454
take:1.0
russians:1.0
equip:1.0
something:1.0
cape:1.0
york:1.0
launched:1.0
western:1.0
site:1.0
compare:1.0
t4/centaur:1.0
see:1.0
lift:1.0
close:1.0
t4:1.0
