cain:2.386294361119891
geomag.gly.fsu.edu:1.6931471805599454
joe:1.0
subject:1.0
keeping:1.0
spacecraft:1.0
funding:1.0
cuts:1.0
discussion:1.0
better:1.0
followed:1.0
talk.politics.space:1.0
joseph:1.0
caincain:1.0
fsu.bitnetscri:1.0
904:1.6931471805599454
644-4014fax:1.0
644-4214:1.0
0098:1.0
