prb:1.0
access.digex.com:1.0
pat:1.6931471805599454
subject:1.0
eco-freaks:1.0
forcing:1.0
space:1.0
mining:2.09861228866811
besides:1.0
line:1.0
horse:1.0
puckey:1.0
companies:1.0
claimed:1.0
told:1.0
pay:1.0
restoring:1.0
land:1.0
strip:1.0
still:1.0
mine:1.0
coal:1.0
midwest:1.0
doesnt:1.0
look:1.0
like:1.0
moon:1.0
theyare:1.0
done:1.0
