rouben:2.791759469228055
math9.math.umbc.edu:1.0
rostamian:2.6094379124341005
subject:1.0
sunrise:2.09861228866811
sunset:2.09861228866811
times:2.09861228866811
article:1.0
1993apr21.141824.23536:1.0
cbis.ece.drexel.edu:1.6931471805599454
jpw:1.0
joseph:1.0
wetstein:1.0
writes:1.0
hello:1.0
looking:1.0
program:1.0
algorithm:1.0
used:1.0
compute:1.0
computation:1.6931471805599454
long:1.0
time:2.09861228866811
ago:1.0
computes:1.0
length:2.09861228866811
daylight:2.386294361119891
able:1.0
convert:1.0
information:1.0
telephone:1.6931471805599454
410-455-2458:1.6931471805599454
department:1.6931471805599454
mathematics:1.6931471805599454
statistics:1.6931471805599454
e-mail:1.6931471805599454
university:1.6931471805599454
maryland:1.6931471805599454
baltimore:2.386294361119891
county:1.6931471805599454
bitnet:1.6931471805599454
umbc.bitnet:1.6931471805599454
md:1.6931471805599454
21228:1.6931471805599454
usa:1.6931471805599454
internet:1.6931471805599454
math.umbc.edu:1.6931471805599454
definitions:1.0
z:2.386294361119891
tilt:1.6931471805599454
axis:1.0
planet:2.09861228866811
away:1.0
normal:1.0
orbital:1.0
plane:1.0
case:1.6931471805599454
earth:1.0
23.5:1.0
degrees:2.9459101490553135
think:1.0
recall:1.0
exact:1.0
value:1.0
uranus:1.0
almost:1.0
90:1.6931471805599454
u:1.6931471805599454
latitude:1.0
location:1.0
day:1.6931471805599454
measured:2.09861228866811
paris:1.0
45:1.0
north:1.6931471805599454
pole:1.6931471805599454
angular:1.0
position:1.0
around:1.6931471805599454
sun:1.6931471805599454
goes:1.0
0:1.6931471805599454
360:1.0
makes:1.0
full:1.6931471805599454
circle:1.6931471805599454
spring:1.0
equinox:1.0
occurs:1.0
a=0:1.0
l:2.791759469228055
fraction:1.0
duration:1.6931471805599454
equator:1.0
u=0:1.0
always:1.0
1/2:1.0
near:1.0
u=90:1.0
sometimes:1.6931471805599454
one:1.0
zero:1.0
depending:1.0
year:1.6931471805599454
define:1.0
auxiliary:1.0
angles:1.6931471805599454
p:2.09861228866811
q:2.9459101490553135
sin:2.09861228866811
cos:1.0
h:2.386294361119891
tan:1.6931471805599454
180:1.6931471805599454
conclusion:1.0
pi:1.0
radians:1.0
wait:1.0
cutoff:1.0
function:1.6931471805599454
defined:1.0
follows:1.0
1:2.6094379124341005
interesting:1.0
exercise:1.0
plot:1.0
versus:1.0
graph:1.0
shows:1.0
varies:1.0
experiment:1.0
various:1.0
choices:1.0
latitudes:1.0
compare:1.0
behavior:1.0
locations:1.0
arctic:1.0
