jdnicoll:1.0
prism.ccs.uwo.ca:1.0
james:1.6931471805599454
davis:1.0
nicoll:1.6931471805599454
subject:1.0
dc-1:1.0
way:1.0
future:1.0
hmmm:1.0
seem:1.0
recall:1.0
attraction:1.0
solid:1.0
state:1.0
record:1.0
players:1.0
radios:1.0
1960s:1.0
wasnt:1.0
better:1.0
performance:1.0
lower:1.0
per-unit:1.0
cost:1.0
vacuum-tube:1.6931471805599454
systems:1.0
mind:1.0
father:1.0
fan:1.0
60s:1.0
switched:1.0
solid-state:1.0
mid-seventies:1.0
abruptly:1.0
died:1.0
doubt:1.0
theres:1.0
lesson:1.0
account:1.0
could:1.0
biased:1.0
