ajjb:2.09861228866811
adam4.bnsc.rl.ac.uk:1.6931471805599454
andrew:1.0
broderick:1.6931471805599454
subject:1.0
dc-x:1.6931471805599454
dc-y:1.6931471805599454
hi:1.0
guys:1.0
ive:1.0
hearing:1.0
lots:1.0
talk:1.0
net:1.0
none:1.0
many:1.0
posts:1.0
actually:1.0
explain:1.6931471805599454
sorry:1.0
faq:1.0
would:1.0
somebody:1.0
please:1.6931471805599454
reply:1.0
email:1.0
thanks:1.0
andy:1.6931471805599454
jonathan:1.0
j:1.0
come:1.0
might:1.0
rutherford:1.0
lab:1.0
uk:1.0
life:1.0
full:1.0
mail:1.0
adam2.bnsc.rl.ac.uk:1.0
jesus:1.0
christ:1.0
