pearson:2.386294361119891
tsd.arlut.utexas.edu:1.0
n:1.6931471805599454
shirlene:1.6931471805599454
subject:1.0
sunrise:1.6931471805599454
sunset:1.6931471805599454
times:1.6931471805599454
jpw:1.0
cbis.ece.drexel.edu:1.0
joseph:1.0
wetstein:1.0
writes:1.0
hello:1.0
looking:1.0
program:1.0
algorithm:1.0
used:1.0
compute:1.0
would:1.0
mind:1.0
posting:1.0
responses:1.0
get:1.0
also:1.0
interested:1.0
may:1.0
others:1.0
thanks:1.0
titan.tsd.arlut.utexas.edu:1.0
