pgf:1.6931471805599454
srl02.cacs.usl.edu:1.0
phil:1.6931471805599454
g:1.0
fraering:1.6931471805599454
subject:1.0
planets:1.0
still:1.0
images:1.0
orbit:1.0
ether:1.6931471805599454
twist:1.0
see:1.0
stuff:1.6931471805599454
must:1.0
breathing:1.0
posted:1.0
seems:1.0
like:1.0
every:1.0
day:1.0
find:1.0
sorts:1.0
srl02.cacs.usl.edu|like:1.0
ancient:1.0
mayans:1.0
televison:1.0
repo:1.0
man:1.0
