wingert:2.791759469228055
vnet.ibm.com:1.6931471805599454
bret:2.386294361119891
subject:1.0
level:3.0794415416798357
5:2.791759469228055
c5ubn5.tz:2.09861228866811
zoo.toronto.edu:2.386294361119891
henry:2.6094379124341005
spencer:2.386294361119891
writes:2.386294361119891
article:1.6931471805599454
1993apr21.134436.26140:2.09861228866811
mksol.dseg.ti.com:2.6094379124341005
mccall:2.386294361119891
fred:2.791759469228055
j:1.6931471805599454
575-3539:1.6931471805599454
given:1.6931471805599454
ive:1.6931471805599454
heard:1.6931471805599454
shuttle:2.09861228866811
software:3.5649493574615367
rated:2.09861228866811
many:1.6931471805599454
also:2.6094379124341005
keep:1.6931471805599454
mind:1.6931471805599454
achieved:1.6931471805599454
use:1.6931471805599454
sophisticated:2.6094379124341005
tools:2.9459101490553135
rather:1.6931471805599454
brute:1.6931471805599454
force:1.6931471805599454
ignorance:1.6931471805599454
attack:1.6931471805599454
problem:1.6931471805599454
challenger:2.791759469228055
standdown:2.386294361119891
simply:1.6931471805599454
threw:1.6931471805599454
hundreds:1.6931471805599454
people:3.1972245773362196
whole:1.6931471805599454
process:2.9459101490553135
hand:2.09861228866811
think:1.6931471805599454
little:1.6931471805599454
inaccurate:1.6931471805599454
based:1.6931471805599454
feynmans:1.6931471805599454
account:1.6931471805599454
software-development:1.6931471805599454
basically:1.6931471805599454
correct:1.6931471805599454
lot:1.6931471805599454
effort:1.6931471805599454
painstaking:1.6931471805599454
care:2.386294361119891
got:1.6931471805599454
one:2.386294361119891
right:2.09861228866811
feynman:1.6931471805599454
cited:1.6931471805599454
exemplary:1.6931471805599454
compared:1.6931471805599454
engine:1.6931471805599454
noted:1.6931471805599454
starting:1.6931471805599454
feel:2.09861228866811
management:1.6931471805599454
pressure:1.6931471805599454
cut:1.6931471805599454
corners:1.6931471805599454
hadnt:1.6931471805599454
give:1.6931471805599454
much:1.6931471805599454
yet:1.6931471805599454
among:1.0
things:1.6931471805599454
worked:1.0
hard:1.0
get:1.0
major:1.0
pre-flight:1.0
simulations:1.6931471805599454
considered:1.0
failure:1.6931471805599454
nearly:1.0
bad:1.6931471805599454
in-flight:1.6931471805599454
result:1.0
number:1.6931471805599454
major-simulation:1.0
failures:1.6931471805599454
could:1.6931471805599454
counted:1.0
zero:1.0
mentioned:1.6931471805599454
elsewhere:1.6931471805599454
applies:1.6931471805599454
flight:2.09861228866811
runs:1.6931471805599454
experiments:1.6931471805599454
typically:1.6931471805599454
mostly:1.6931471805599454
put:1.6931471805599454
together:1.6931471805599454
experimenters:2.09861228866811
gets:1.6931471805599454
nowhere:1.6931471805599454
near:1.6931471805599454
tender:1.6931471805599454
loving:1.6931471805599454
none:1.0
afford:1.0
work:1.6931471805599454
mans:1.0
u:1.0
toronto:1.0
zoology:1.0
kipling:1.0
utzoo:1.0
news-software:1.0
ureply:1.0
3.1:1.0
x-x-from:1.0
references:1.0
c5sy4s.4x2.1:1.0
cs.cmu.edu:1.0
couple:1.0
points:1.0
thread:1.0
1:1.0
using:1.0
processes:1.0
since:1.0
way:1.0
self:1.0
uncover:1.0
flaws:1.0
2:1.0
mr:1.0
says:1.0
large:1.0
true:1.0
dependent:1.0
case:1.0
however:1.0
fix:1.0
tool:1.0
support:1.0
hal/s:1.0
language:1.0
somewhat:1.0
limited:1.0
3:1.0
onboard:1.0
project:1.0
nasa:1.6931471805599454
team:1.0
group:1.0
generates:1.0
20-40:1.0
kslocs:1.0
verified:1.0
code:1.0
per:1.0
year:1.0
4:1.0
free:1.0
call:1.0
organization:1.0
interested:1.0
info:1.0
development:1.0
713:2.386294361119891
282-7534:1.6931471805599454
fax:1.6931471805599454
282-8077:1.6931471805599454
