prb:1.0
access.digex.com:1.0
pat:1.6931471805599454
subject:1.0
dc-1:1.0
way:1.0
future:1.0
article:1.0
1993apr22.164801.7530:1.0
julian.uwo.ca:1.0
jdnicoll:1.0
prism.ccs.uwo.ca:1.0
james:1.0
davis:1.0
nicoll:1.0
writes:1.0
hmmm:1.0
seem:1.0
recall:1.0
attraction:1.0
solid:1.6931471805599454
state:1.6931471805599454
record:1.0
players:1.0
radios:1.0
1960s:1.0
wasnt:1.0
better:1.6931471805599454
performance:1.0
lower:1.6931471805599454
per-unit:1.0
cost:1.0
vacuum-tube:1.0
systems:1.0
dont:1.0
think:1.0
first:1.0
offered:1.0
reliabity:1.0
id:1.0
bet:1.0
costs:1.0
would:1.0
processes:1.0
really:1.0
scaled:1.0
