baalke:2.386294361119891
kelvin.jpl.nasa.gov:1.6931471805599454
ron:1.6931471805599454
subject:1.0
galileo:2.6094379124341005
update:1.0
04/22/93:1.0
forwarded:1.0
neal:1.0
ausman:1.0
mission:2.09861228866811
director:1.6931471805599454
status:2.09861228866811
report:1.0
post-launch:1.0
april:3.0794415416798357
16:1.0
22:2.386294361119891
1993:2.386294361119891
spacecraft:2.6094379124341005
1:2.09861228866811
19:2.09861228866811
cruise:1.0
science:1.6931471805599454
memory:1.0
readouts:1.0
mros:1.0
performed:2.386294361119891
extreme:1.0
ultraviolet:1.0
spectrometer:1.0
euv:1.6931471805599454
dust:1.0
detector:1.6931471805599454
dds:1.6931471805599454
magnetometer:1.0
mag:1.6931471805599454
instruments:1.6931471805599454
preliminary:1.0
analysis:1.6931471805599454
indicates:1.0
data:1.6931471805599454
received:1.0
properly:1.0
2:1.0
command:3.302585092994046
unit:1.0
signal-to-noise:1.0
ratio:1.0
cdusnr:1.0
test:1.6931471805599454
radio:1.0
frequency:1.0
subsystem:1.0
automatic:1.0
gain:1.6931471805599454
control:1.6931471805599454
rfsagc:1.0
using:1.0
lga-1:1.6931471805599454
low:1.0
antenna:2.386294361119891
dss-63:1.0
madrid:1.6931471805599454
70:1.6931471805599454
meter:2.09861228866811
dss-61:1.0
34:1.0
respectively:1.0
process:2.6094379124341005
tests:1.6931471805599454
periodically:1.0
provide:1.0
detailed:1.0
information:1.0
relative:1.0
telecom:1.0
hardware:1.0
integrity:1.0
3:1.0
no-op:1.0
sent:1.0
reset:1.6931471805599454
loss:2.09861228866811
timer:2.09861228866811
264:1.6931471805599454
hours:2.09861228866811
planned:1.0
value:1.0
phase:1.0
4:1.0
21:1.6931471805599454
first:1.0
two:1.0
suppressed:1.0
carrier/dsn:1.0
deep:1.0
space:1.0
network:1.0
advanced:1.0
receiver:1.6931471805599454
characterization:1.0
dss-14:1.0
goldstone:1.0
modulation:1.0
index:1.0
varied:1.0
43:1.6931471805599454
degrees:2.386294361119891
90:1.0
range:2.386294361119891
ground:1.0
bandwidth:1.0
settings:1.0
5:1.6931471805599454
ac:1.6931471805599454
bus:1.6931471805599454
imbalance:1.6931471805599454
measurement:2.386294361119891
exhibited:1.0
significant:1.0
change:1.0
greater:1.0
25:1.0
dn:2.6094379124341005
throughout:1.0
period:1.0
dc:1.6931471805599454
reads:1.6931471805599454
20:1.0
4.5:1.0
volts:2.386294361119891
ranged:1.0
4.6:1.0
138:1.6931471805599454
16.2:1.6931471805599454
currently:1.0
measurements:1.0
consistent:1.0
model:1.0
developed:1.0
ac/dc:1.0
special:1.6931471805599454
anomaly:1.0
team:1.0
6:1.0
follows:1.6931471805599454
system:1.0
power:1.0
margin:1.0
68:1.0
watts:1.0
b:1.0
spin:1.6931471805599454
configuration:1.0
dual-spin:1.0
c:1.0
rate/sensor:1.0
3.15rpm/star:1.0
scanner:1.0
attitude:1.0
approximately:1.0
off-sun:1.0
lagging:1.0
off-earth:1.0
leading:1.0
e:1.0
downlink:1.0
telemetry:1.0
rate/antenna:1.0
40bps:1.0
coded:1.0
f:1.0
general:1.0
thermal:1.0
temperatures:1.6931471805599454
within:2.09861228866811
acceptable:2.09861228866811
g:1.0
rpm:1.0
tank:1.0
pressures:1.0
h:1.0
orbiter:1.0
powered:1.6931471805599454
pws:1.0
uvs:1.0
epd:1.0
hic:1.0
probe/rrh:1.0
j:1.0
cmd:1.0
setting:1.0
time:2.386294361119891
initiation:1.0
184:1.0
trajectory:1.6931471805599454
noon:1.0
thursday:1.0
distance:2.09861228866811
earth:1.0
169,747,800:1.0
km:2.386294361119891
1.14:1.0
au:1.6931471805599454
sun:1.0
286,967,900:1.0
1.92:1.0
heliocentric:1.0
speed:1.0
91,200:1.0
per:1.0
hour:1.0
jupiter:1.0
532,735,900:1.0
round:1.0
trip:1.0
light:1.0
18:1.0
minutes:1.0
58:1.0
seconds:1.0
topic:1.0
total:1.0
70185:1.0
real-time:1.6931471805599454
commands:1.0
transmitted:1.6931471805599454
since:1.0
launch:1.0
65077:1.0
initiated:2.386294361119891
sequence:1.6931471805599454
design:1.6931471805599454
5108:1.0
past:1.0
week:1.0
one:1.6931471805599454
real:1.6931471805599454
none:1.0
activity:1.0
jet:1.0
propulsion:1.0
lab:1.0
m/s:1.0
525-3684:1.0
telos:1.0
aweto:1.0
new:1.0
zealand:1.0
pasadena:1.0
ca:1.0
91109:1.0
part:1.6931471805599454
caterpillar:1.0
vegetable:1.0
