howard:1.6931471805599454
sharps.astro.wisc.edu:1.0
greg:1.6931471805599454
subject:1.0
planets:1.0
still:1.0
images:1.0
orbit:1.0
ether:2.09861228866811
twist:1.0
actually:1.0
stuff:1.0
sounded:1.0
fair:1.0
bit:1.0
like:1.0
bizzare:1.0
qualitative:1.0
corruption:1.0
general:1.0
relativity:1.0
nothing:1.0
old-fashioned:1.0
though:1.0
maybe:1.0
somebody:1.0
could:1.0
loan:1.0
gr:1.0
text:1.0
low:1.0
level:1.0
didnt:1.0
get:1.0
much:1.0
tho:1.0
whew:1.0
