henry:1.6931471805599454
zoo.toronto.edu:1.0
spencer:1.0
subject:1.0
sunrise:2.791759469228055
sunset:2.791759469228055
times:2.6094379124341005
article:1.0
1r6f3a:1.0
2ai:1.0
news.umbc.edu:1.0
rouben:1.6931471805599454
math9.math.umbc.edu:1.0
rostamian:1.0
writes:1.0
hello:1.0
looking:1.0
program:1.0
algorithm:1.0
used:1.0
compute:1.0
computation:1.0
long:1.0
time:1.0
ago:1.0
computes:1.0
length:1.6931471805599454
daylight:1.0
able:1.0
convert:1.0
information:1.0
sorry:1.0
changes:1.0
quite:1.0
synchronized:1.0
example:1.0
neither:1.0
earliest:1.0
latest:1.0
comes:1.0
longest:1.0
day:1.6931471805599454
year:1.0
derive:1.0
vice-versa:1.0
