flb:1.0
flb.optiplan.fi:1.0
f.baube:1.0
tm:1.6931471805599454
subject:1.0
vandalizing:1.0
sky:1.0
phil:1.0
g:1.0
fraering:1.0
pgf:1.0
srl03.cacs.usl.edu:1.0
finally:1.0
isnt:1.0
bronze:1.0
age:1.0
please:1.0
try:1.0
remember:1.0
human:1.0
activities:1.0
practiced:1.0
warrior:1.0
caste:2.09861228866811
farming:1.0
priesthood:1.0
right:1.0
profiting:1.0
blessed:1.0
god:1.0
may:1.0
freely:1.0
blare:1.0
presence:1.0
evening:1.0
twilight:1.0
fred:1.0
baube:1.0
