baalke:2.791759469228055
kelvin.jpl.nasa.gov:2.386294361119891
ron:2.09861228866811
subject:1.0
command:2.9459101490553135
loss:2.791759469228055
timer:2.791759469228055
galileo:1.0
update:1.0
04/22/93:1.0
article:1.6931471805599454
1993apr23.103038.27467:1.0
bnr.ca:1.0
agc:1.0
bmdhh286.bnr.ca:1.0
alan:1.0
carter:1.0
writes:1.6931471805599454
22apr199323003578:1.0
3:1.0
april:1.0
19:1.0
no-op:1.0
sent:1.0
reset:1.6931471805599454
264:1.6931471805599454
hours:1.6931471805599454
planned:1.0
value:1.6931471805599454
mission:1.0
phase:2.09861228866811
activity:1.0
regularly:1.0
reported:1.0
rons:1.0
interesting:1.0
posts:1.0
could:1.0
someone:1.0
explain:1.0
part:2.09861228866811
fault:1.0
protection:1.0
scheme:1.0
spacecraft:1.6931471805599454
ever:1.0
countdowns:1.0
zero:1.0
assumes:1.0
lost:1.0
communications:1.0
earth:1.0
go:1.0
set:2.09861228866811
predetermined:1.0
steps:1.0
try:1.0
regain:1.0
contact:1.0
week:1.0
cruise:1.0
lower:1.0
encounter:1.0
jet:1.0
propulsion:1.0
lab:1.0
m/s:1.0
525-3684:1.0
telos:1.0
aweto:1.0
new:1.0
zealand:1.0
pasadena:1.0
ca:1.0
91109:1.0
caterpillar:1.0
vegetable:1.0
