prb:1.0
access.digex.com:1.0
pat:1.6931471805599454
subject:1.0
command:1.0
loss:1.0
timer:1.0
galileo:2.09861228866811
update:1.0
04/22/93:1.0
interesting:1.0
question:1.6931471805599454
galileos:1.6931471805599454
hga:2.6094379124341005
stuck:1.0
left:1.0
closed:1.0
venus:1.6931471805599454
flyby:1.0
pointed:1.0
att:1.0
sun:2.09861228866811
near:1.0
would:2.09861228866811
cook:1.0
foci:1.0
elements:1.0
couldnt:1.0
course:1.0
manuevers:1.0
designed:1.0
ever:1.0
point:1.6931471805599454
normally:1.0
aimed:1.0
earth:1.0
anyway:1.0
emergency:1.0
situation:1.0
i.e:1.0
spacecraft:1.0
safing:1.0
seek:1.0
might:1.0
caused:1.0
