jdnicoll:1.0
prism.ccs.uwo.ca:1.0
james:1.6931471805599454
davis:1.0
nicoll:1.6931471805599454
subject:1.0
new:1.6931471805599454
planet/kuiper:1.0
object:1.6931471805599454
found:1.0
kuiper:1.0
belt:1.0
called:1.6931471805599454
karla:1.0
next:1.0
one:1.0
smiley:1.0
