nanderso:1.6931471805599454
endor.sim.es.com:1.6931471805599454
norman:1.6931471805599454
anderson:1.6931471805599454
subject:1.0
comet:1.6931471805599454
did/will:1.0
launch:2.386294361119891
commercial:1.0
experiment:1.0
transport:1.0
wallops:1.0
island:1.0
virginia:1.0
orbit:1.0
earth:1.0
30:1.0
days:1.0
scheduled:1.6931471805599454
come:1.6931471805599454
utah:1.6931471805599454
test:1.0
training:1.0
range:1.0
west:1.0
salt:1.0
lake:1.0
city:1.0
saw:1.0
message:1.0
group:1.0
toward:1.0
end:1.0
march:1.6931471805599454
27:1.0
anyone:1.0
know:1.0
launched:1.0
day:1.0
and/or:1.0
would:1.0
also:1.0
interested:1.0
kind:1.0
payload:1.0
onboard:1.0
thanks:1.0
help:1.0
