prb:1.0
access.digex.com:1.0
pat:1.6931471805599454
subject:1.0
moonbase:1.0
race:1.0
nasa:1.0
resources:1.0
henry:1.0
didnt:1.0
little:1.6931471805599454
joe:2.386294361119891
big:1.6931471805599454
get:1.0
built:1.0
year:1.0
6:1.0
months:1.6931471805599454
12:1.0
thought:1.0
saw:1.0
something:1.0
old:1.0
mercury:1.0
film:1.0
