leech:1.6931471805599454
cs.unc.edu:1.0
jon:1.0
subject:1.0
weekly:1.6931471805599454
reminder:1.0
frequently:1.6931471805599454
asked:1.6931471805599454
questions:2.386294361119891
list:1.6931471805599454
notice:1.0
posted:2.386294361119891
sci.space:2.09861228866811
sci.astro:1.6931471805599454
sci.space.shuttle:2.09861228866811
faq:2.09861228866811
approximately:1.0
monthly:1.0
also:1.0
covers:1.0
many:1.0
come:1.0
shuttle:1.6931471805599454
launch:1.6931471805599454
dates:1.6931471805599454
see:1.0
long:1.0
expiration:1.0
date:1.0
copy:2.09861228866811
may:1.6931471805599454
news:1.0
spool:1.0
directory:2.09861228866811
look:1.0
old:1.0
articles:1.0
two:1.0
ways:1.0
get:2.09861228866811
without:1.0
waiting:1.0
next:1.0
posting:1.6931471805599454
1:1.0
machine:1.0
internet:1.0
obtained:1.0
anonymous:1.0
ftp:1.0
space:2.386294361119891
archive:2.09861228866811
ames.arc.nasa.gov:1.6931471805599454
128.102.18.3:1.0
pub/space/faq:1.0
2:1.0
otherwise:1.0
send:2.6094379124341005
email:2.09861228866811
archive-server:1.6931471805599454
containing:1.6931471805599454
single:1.0
line:1.0
help:1.0
server:1.0
return:1.0
directions:1.0
use:1.6931471805599454
index:1.0
files:2.09861228866811
lines:1.0
faq/index:1.0
faq/faq1:1.0
guide:1.0
retrieve:1.0
answer:1.0
ken:1.0
hollis:1.0
periodically:1.0
manifest:1.0
available:1.0
ames:1.0
pub/space/faq/manifest:1.0
requested:1.0
faq/manifest:1.0
please:1.0
document:1.0
instead:1.0
requests:1.0
information:1.0
launches:1.0
landings:1.0
post:1.0
followups:1.0
article:1.0
respond:1.0
author:1.0
