edm:1.6931471805599454
twisto.compaq.com:1.6931471805599454
ed:1.6931471805599454
mccreary:1.6931471805599454
subject:1.0
keeping:1.0
spacecraft:1.0
funding:1.0
cuts:1.0
fri:1.0
23:1.0
apr:1.0
93:1.0
09:06:09:1.0
bst:1.0
nicho:1.0
vnet.ibm.com:1.0
greg:1.0
stewart-nicholls:1.0
said:1.0
gs:1.6931471805599454
transferring:1.0
control:1.0
non-profit:1.0
organisation:1.0
able:1.0
accept:1.0
donations:1.0
keep:1.0
craft:1.0
operational:1.0
seem:1.0
remember:1.0
nasa:1.0
considering:1.0
apollo:1.0
equipment:1.0
left:1.0
moon:1.0
decided:1.0
maybe:1.0
laughter:1.0
would:1.0
tao:1.0
