kjenks:1.6931471805599454
gothamcity.jsc.nasa.gov:1.6931471805599454
subject:1.0
russian:1.0
email:1.0
contacts:1.0
coordinating:1.0
space:1.6931471805599454
shuttle:1.6931471805599454
program:1.6931471805599454
offices:1.0
e-mail:1.6931471805599454
traffic:1.0
npo:1.6931471805599454
energia:1.6931471805599454
on-going:1.0
joint:1.0
missions:1.0
several:1.0
addresses:1.0
folks:1.0
wont:1.0
post:1.0
net:1.0
obvious:1.0
reasons:1.0
need:1.0
know:1.0
give:1.0
yell:1.0
ken:1.0
jenks:1.0
nasa/jsc/gm2:1.0
office:1.0
713:1.0
483-4368:1.0
earth:1.0
cradle:1.6931471805599454
humanity:1.0
mankind:1.0
stay:1.0
forever:1.0
konstantin:1.0
tsiolkvosky:1.0
