jdnicoll:1.6931471805599454
prism.ccs.uwo.ca:1.6931471805599454
james:2.09861228866811
davis:1.6931471805599454
nicoll:2.09861228866811
subject:1.6931471805599454
new:1.6931471805599454
planet/kuiper:1.0
object:2.09861228866811
found:1.0
article:2.09861228866811
steinly.93apr23130246:1.0
topaz.ucsc.edu:1.6931471805599454
steinly:1.0
steinn:1.0
sigurdsson:1.0
writes:2.09861228866811
1r9de3innjkv:1.0
gap.caltech.edu:1.0
jafoust:1.0
cco.caltech.edu:1.0
jeff:1.0
foust:1.0
recent:1.0
kuiper:1.6931471805599454
belt:1.6931471805599454
called:1.6931471805599454
karla:1.6931471805599454
next:1.0
one:2.386294361119891
smiley:2.09861228866811
unless:1.0
im:1.0
imaging:1.0
things:1.0
always:1.0
possibility:1.0
1992:1.0
qb1:1.0
discovered:1.0
last:1.0
year:1.0
known:1.0
happens:1.0
second:1.0
first:1.0
vagaries:1.0
iau:1.0
course:1.0
think:1.0
might:1.0
let:1.0
slide:1.0
gee:1.0
feel:1.0
ignorant:1.0
research:1.0
post:1.0
