pgf:1.6931471805599454
srl02.cacs.usl.edu:1.0
phil:1.6931471805599454
g:1.0
fraering:1.6931471805599454
subject:1.0
vandalizing:1.0
sky:1.6931471805599454
jeff.cook:1.6931471805599454
ftcollinsco.ncr.com:1.6931471805599454
jeff:1.6931471805599454
cook:1.6931471805599454
writes:1.0
people:1.0
primitive:1.0
tribes:1.0
middle:1.0
nowhere:1.0
look:1.0
see:1.0
budweiser:1.0
flying:1.0
across:1.0
seen:1.0
movie:1.0
already:1.0
one:1.0
like:1.6931471805599454
come:1.0
think:1.0
might:1.0
send:1.0
someone:1.0
quest:1.0
get:1.0
rid:1.0
dang:1.0
thing:1.0
seems:1.0
every:1.0
day:1.0
find:1.0
sorts:1.0
stuff:1.0
srl02.cacs.usl.edu|like:1.0
ancient:1.0
mayans:1.0
televison:1.0
repo:1.0
man:1.0
