subject:1.0
vandalizing:1.0
sky:1.0
thacker:1.0
rhea.arc.ab.ca:1.0
article:1.0
c5t05k.db6:1.0
research.canon.oz.au:1.6931471805599454
enzo:2.09861228866811
liguori:1.0
writes:1.0
message:1.0
deleted:1.0
light:1.6931471805599454
pollution:1.6931471805599454
observations:1.0
read:1.0
somewhere:1.0
else:1.0
might:1.0
even:1.0
visible:1.0
day:1.6931471805599454
leave:1.0
alone:1.0
night:1.0
really:1.6931471805599454
depressed:1.6931471805599454
need:1.0
one:1.0
lights:1.0
arent:1.0
shouldnt:1.0
daytime:1.0
