nsmca:1.6931471805599454
aurora.alaska.edu:1.0
subject:1.0
space:2.386294361119891
design:1.6931471805599454
movies:1.0
grasp:1.6931471805599454
pictures:1.0
related:1.0
items:1.0
namely:1.0
station:1.0
designs:1.0
see:2.386294361119891
finished:1.0
revolt:1.6931471805599454
around:1.6931471805599454
dont:1.0
know:1.0
prograsm:1.0
check:1.0
adult:1.0
entertainment:1.0
files:1.6931471805599454
mean:1.0
maybe:1.0
geta:1.0
gif:1.0
create:1.0
slide:1.0
shows:1.0
think:1.0
cshow:1.0
liek:1.0
able:1.0
shuttle:1.0
autocad:1.0
program:1.0
look:1.0
michael:1.0
adams:1.0
acad3.alaska.edu:1.0
im:1.0
high:1.0
jacked:1.0
