prb:1.0
access.digex.com:1.0
pat:1.6931471805599454
subject:1.0
gamma:1.6931471805599454
ray:1.6931471805599454
bursters:1.6931471805599454
evidence:1.0
indicates:1.0
far:1.0
away:1.0
given:1.0
enormous:1.0
power:1.0
wondering:1.0
quantum:1.0
black:1.6931471805599454
holes:1.6931471805599454
something:1.0
like:1.0
fairly:1.0
close:1.0
would:1.0
galactic:1.0
ranges:1.0
pet:1.0
theory:1.0
flying:1.0
saucers:1.0
entering:1.0
hyperspace:1.0
reason:1.0
asking:1.0
everyone:1.0
assumes:1.0
colliding:1.0
nuetron:1.0
stars:1.0
spinning:1.0
wondered:1.0
mechanism:1.0
could:1.0
exist:1.0
place:1.0
closer:1.0
