landis:2.09861228866811
stsci.edu:1.0
robert:1.0
s202:1.0
subject:1.0
space:1.0
debris:1.0
another:1.0
fish:1.0
check:1.0
richard:1.0
rast:1.0
works:1.0
lockheed:1.0
missiles:1.0
on-site:1.0
nasa:1.0
johnson:1.6931471805599454
nick:1.0
kaman:1.6931471805599454
sciences:1.0
colo:1.0
spgs:1.0
friend:1.0
darren:1.0
mcknight:1.0
alexandria:1.0
va:1.0
good:1.0
luck:1.0
r:1.0
behind:1.6931471805599454
every:1.6931471805599454
general:1.0
wife:1.0
hillary:1.0
bill:1.0
