pat.hoage:1.0
f6507.n124.z1.fidonet.org:1.0
pat:1.0
hoage:1.0
subject:1.0
army:1.6931471805599454
space:1.6931471805599454
got:1.0
go:1.6931471805599454
signal:1.0
corps:1.0
intelligence:1.0
photointelligence:1.0
interpretation:1.0
ada:1.0
might:1.0
get:1.0
play:1.0
rockets:1.0
look:1.0
pretty:1.0
far:1.0
away:1.0
dug:1.0
mud:1.0
next:1.0
grunt:1.0
protecting:1.0
foward:1.0
troops:1.0
low:1.0
flying:1.0
objects:1.0
good:1.0
luck:1.0
origin:1.0
americomm:1.0
214/373-7314:1.0
dallasinfo:1.0
source:1.0
1:124/6507:1.0
