arthurc:1.0
sfsuvax1.sfsu.edu:1.0
arthur:1.0
chandler:1.0
subject:1.0
russian:1.6931471805599454
phobos:1.6931471805599454
mission:1.6931471805599454
spacecraft:1.0
ill-fated:1.0
years:1.0
ago:1.0
send:1.0
back:1.0
images:1.0
martian:1.0
moon:1.0
anyone:1.0
know:1.0
theyre:1.0
housed:1.0
ftp:1.0
site:1.0
thanks:1.0
