prb:1.0
access.digex.com:1.0
pat:1.6931471805599454
subject:1.6931471805599454
level:1.0
5:1.0
shuttle:1.6931471805599454
software:2.09861228866811
ever:1.0
happened:1.0
hypothesis:1.0
flight:1.6931471805599454
major:1.0
factor:1.0
loss:1.0
51-l:1.0
wit:1.0
wind:1.0
shear:1.0
event:1.0
control:1.0
indicated:1.0
series:1.0
violent:1.0
engine:1.0
movements:1.0
shocked:1.0
set:1.0
upa:1.0
harmonic:1.0
resonance:1.0
leading:1.0
overstress:1.0
struts:1.0
