maverick:1.6931471805599454
wpi.wpi.edu:1.6931471805599454
giaquinto:1.6931471805599454
subject:1.0
general:1.0
information:1.6931471805599454
request:1.0
looking:1.0
space:1.6931471805599454
program:1.6931471805599454
includes:1.0
nasa:1.0
shuttles:1.0
history:1.0
anything:1.0
would:1.0
like:1.0
know:1.0
anyone:1.0
could:1.0
suggest:1.0
books:1.0
periodicals:1.0
even:1.0
ftp:1.0
sites:1.0
novice:1.0
interested:1.0
todd:1.0
