bill:2.6094379124341005
xpresso.uucp:1.6931471805599454
vance:1.6931471805599454
subject:1.0
true:1.0
globe:1.6931471805599454
makes:1.0
known:1.0
quite:1.0
earth:1.0
actually:1.0
pear:1.0
shaped:1.0
globular/spherical:1.0
anyone:1.0
make:1.0
accurate:1.0
actual:1.0
shape:1.0
landmass:1.0
configuration/long/lat:1.0
lines:1.0
etc:1.0
thanks:1.0
advance:1.0
bothell:1.0
wa:1.0
rwing:1.0
xpresso:1.6931471805599454
listen:1.6931471805599454
uuxpresso:1.0
