prb:1.0
access.digex.com:1.0
pat:1.6931471805599454
subject:1.0
many:1.0
read:1.0
sci.space:1.0
article:1.0
1993apr22.184650.4833:1.0
mksol.dseg.ti.com:1.6931471805599454
mccall:1.6931471805599454
fred:1.0
j:1.0
575-3539:1.0
writes:1.0
isnt:1.0
real:1.0
name:1.0
either:1.0
im:1.0
actually:1.0
elvis:1.6931471805599454
maybe:1.0
lemur:1.6931471805599454
sometimes:1.0
difficulty:1.0
telling:1.0
definitely:1.0
couldnt:1.0
spell:1.0
listen:1.0
songs:1.0
