prb:1.0
access.digex.com:1.0
pat:1.0
subject:1.0
jemison:1.6931471805599454
star:1.0
trek:1.0
better:1.6931471805599454
ideas:1.0
article:1.0
1993apr25.154449.1:1.0
aurora.alaska.edu:1.6931471805599454
nsmca:1.0
writes:1.0
idea:1.0
use:1.0
nasa:1.0
shuttle:1.6931471805599454
astronauts:1.0
crew:1.0
found:1.0
lost:1.6931471805599454
space:1.0
accident:1.0
worm:1.0
hole:1.0
space/time:1.0
glitch:1.0
maybe:1.0
age:1.0
years:1.0
makeup:1.0
survivour:1.0
failed:1.0
mission:1.6931471805599454
got:1.0
course:1.0
asumes:1.0
able:1.0
launch:1.0
