apryan:1.0
vax1.tcd.ie:1.0
subject:1.0
order:2.09861228866811
moores:1.0
book:2.386294361119891
restore:2.09861228866811
great:1.6931471805599454
telescope:2.386294361119891
several:1.0
people:1.0
enquired:1.0
availability:1.0
72:1.0
reflector:1.0
built:1.0
birr:2.09861228866811
castle:2.09861228866811
ireland:2.791759469228055
1845:1.0
remained:1.0
largest:1.6931471805599454
world:2.09861228866811
start:1.0
20th:1.0
century:1.0
astronomy:2.9459101490553135
written:1.0
patrick:2.09861228866811
moore:2.09861228866811
sits:1.0
committee:1.0
going:1.0
remains:1.0
public:1.0
display:1.0
year:1.6931471805599454
round:1.0
massive:1.0
support:1.0
walls:1.0
60:1.0
foot:1.0
long:1.0
tube:1.0
bits:1.0
pieces:1.0
definitivie:1.0
history:1.6931471805599454
one:1.6931471805599454
man:1.0
third:1.0
earl:1.0
rosse:1.0
pulled:1.0
impressive:1.0
technical:1.0
achievement:1.0
perhaps:1.0
ever:1.0
discoveries:1.0
made:1.0
instrument:1.0
donating:1.0
proceeds:1.0
books:1.0
sale:1.0
help:1.0
making:1.0
available:1.6931471805599454
wide:1.0
mail:1.6931471805599454
fascinating:1.0
read:1.0
ordering:1.6931471805599454
copy:1.0
bring:1.0
day:1.0
look:1.0
little:1.0
bit:1.0
nearer:1.0
information:1.0
dr:1.0
xii:1.0
90pp:1.0
208mm:1.0
x:1.0
145mm:1.0
price:1.0
u.s:1.6931471805599454
us:2.6094379124341005
4.95:1.0
2.95:1.0
post:2.09861228866811
packing:2.09861228866811
add:1.6931471805599454
3.50:2.09861228866811
airmail:1.6931471805599454
u.k:1.0
pounds:2.09861228866811
sterling:1.6931471805599454
1.50:1.0
europe:1.0
2.00:1.0
rest:1.0
per:2.09861228866811
funds:1.0
payable:1.0
payment:1.0
make:1.0
payments:1.6931471805599454
credit:1.0
card:1.6931471805599454
mastercard/visa/eurocard/access:1.0
accepted:1.6931471805599454
email:1.0
snail:1.0
give:1.6931471805599454
number:1.6931471805599454
name:1.6931471805599454
address:2.09861228866811
expiration:1.6931471805599454
date:1.6931471805599454
total:1.0
amount:1.0
otherwise:1.0
must:1.0
money:1.0
bank:1.0
draft:1.0
send:1.0
permanent:1.0
p.o.box:1.6931471805599454
2888:1.6931471805599454
dublin:1.6931471805599454
1:1.6931471805599454
also:1.0
subscribe:1.0
space:1.6931471805599454
time:1.0
see:1.0
tony:1.0
ryan:1.0
new:1.0
international:1.0
magazine:1.0
6:1.0
issues:1.0
sub:1.0
uk:1.0
10.00:1.0
20:1.0
surface:1.0
8:1.0
access/visa/mastercard:1.0
worlds:1.0
astro:1.0
soc:1.0
capita:1.0
unless:1.0
know:1.0
better:1.0
0.033:1.0
tel:1.0
0891-88-1950:1.0
uk/n.ireland:1.0
1550-111-442:1.0
eire:1.0
cost:1.0
48p:1.0
min:1.0
