graydon:1.6931471805599454
saundrsg:1.0
qucdn.queensu.ca:1.0
subject:1.0
gamma:1.0
ray:1.0
bursters:1.0
things:1.6931471805599454
detected:1.0
space:1.0
anyone:1.0
looked:1.0
possible:1.0
problems:1.0
detectors:1.0
mechanism:1.0
cosmic:1.0
rays:1.0
whatever:1.0
could:1.0
cause:1.0
dector:1.0
think:1.0
seeing:1.0
one:1.0
