bon:1.6931471805599454
lte.e-technik.uni-erlangen.de:1.6931471805599454
uwe:1.6931471805599454
bonnes:1.6931471805599454
subject:1.0
sunrise:1.6931471805599454
sunset:1.6931471805599454
times:1.6931471805599454
article:1.0
1993apr21.141824.23536:1.0
cbis.ece.drexel.edu:1.6931471805599454
jpw:1.6931471805599454
joseph:1.0
wetstein:1.6931471805599454
asked:1.0
hello:1.0
looking:1.0
program:1.0
algorithm:1.0
used:1.0
compute:1.6931471805599454
would:1.0
appreciate:1.0
advice:1.0
joe:1.0
coe.drexel.edu:1.0
many:1.0
astronomical:1.0
things:1.0
go:1.0
get:1.0
x:1.0
ephem:1.0
written:1.0
elwood:1.0
c:1.0
downey:1.0
e.g:1.0
export.lcs.mit.edu:1.0
