nicho:2.09861228866811
vnet.ibm.com:1.6931471805599454
greg:1.6931471805599454
stewart-nicholls:1.0
subject:1.0
vandalizing:1.0
sky:1.0
c5y4t7.9w3:1.0
news.cso.uiuc.edu:1.0
george:1.0
f:1.0
krumins:1.0
writes:1.0
typical:1.0
rights:1.6931471805599454
minority:1.0
extinguished:1.0
wants:1.6931471805599454
majority:1.0
matter:1.0
ridiculous:1.0
might:1.0
umm:1.0
perhaps:1.0
could:1.0
explain:1.0
talking:1.0
nicholls:1.0
vidi:1.0
vici:1.0
olympus.demon.co.uk:1.0
veni:1.0
