jfc:1.6931471805599454
athena.mit.edu:1.6931471805599454
john:1.6931471805599454
f:1.0
carr:1.6931471805599454
subject:1.0
gamma:2.09861228866811
ray:1.6931471805599454
bursters:1.6931471805599454
extragalactic:1.0
would:1.0
absorption:1.0
galaxy:1.0
expected:1.0
transparent:1.0
galactic:1.0
core:1.0
rays:1.0
much:1.0
energy:1.6931471805599454
burster:1.0
put:1.0
know:1.0
depends:1.0
distance:1.0
unknown:1.0
answer:1.0
form:1.0
x:1.0
ergs:1.0
per:1.0
megaparsec^2:1.0
ok:1.0
