vandenbe:1.0
crayxmp.lmsc.lockheed.com:1.0
j.a:1.0
vanden:1.0
beukel:1.0
subject:1.0
drag:2.386294361119891
free:2.386294361119891
satellites:1.6931471805599454
regarding:1.0
joe:1.0
cain:1.0
gives:1.0
good:1.0
description:1.0
concept:1.6931471805599454
however:1.0
navys:1.0
triad:1.0
satellite:1.6931471805599454
succesfully:1.0
used:1.0
control:1.6931471805599454
integral:1.0
part:1.6931471805599454
stanford:1.0
gravity:1.0
probe-b:1.0
spacecraft:1.0
due:1.0
fly:1.0
1999:1.0
also:1.0
european:1.0
step:1.0
jeff:1.0
v:1.0
