jcobban:2.09861228866811
bnr.ca:1.6931471805599454
jim:1.6931471805599454
cobban:1.6931471805599454
subject:1.0
command:2.6094379124341005
loss:1.6931471805599454
timer:1.6931471805599454
galileo:1.0
update:1.0
04/22/93:1.0
read:1.0
past:1.0
fail-safe:1.0
mechanisms:1.0
spacecraft:1.6931471805599454
assumed:1.0
sort:1.0
function:1.0
however:1.0
always:1.0
find:1.0
disturbing:1.0
oxymoron:1.0
no-op:1.6931471805599454
something:1.0
changes:1.0
behavior:1.0
status:1.0
course:1.0
terminology:1.0
comes:1.0
jet:1.6931471805599454
propulsion:1.6931471805599454
laboratory:1.0
nothing:1.0
phone:1.0
613:1.6931471805599454
763-8013:1.0
bnr:1.0
ltd:1.0
bnrgate.bnr.ca:1.0
bcars5:1.0
fax:1.0
763-2626:1.0
