vamwendt:1.6931471805599454
atlas.cs.upei.ca:1.0
michael:1.0
wendt:1.0
subject:1.0
historic:1.6931471805599454
shuttle:1.6931471805599454
flights:2.386294361119891
would:1.0
someone:1.0
please:1.0
send:1.0
list:2.09861228866811
space:1.0
looking:1.0
ones:1.0
something:1.0
monumental:1.0
happened:1.0
better:1.0
yet:1.0
ftp:1.0
site:1.0
thanks:1.0
helped:1.0
upei.ca:1.0
