baez:1.6931471805599454
ucrmath.ucr.edu:1.0
john:1.0
subject:1.0
gamma:1.6931471805599454
ray:1.6931471805599454
bursters:1.6931471805599454
article:1.6931471805599454
steinly.93apr25180118:1.0
topaz.ucsc.edu:1.6931471805599454
steinly:1.0
steinn:1.0
sigurdsson:1.0
writes:1.6931471805599454
1radsr:1.0
att:1.0
access.digex.net:1.0
prb:1.0
access.digex.com:1.0
pat:1.0
evidence:1.0
indicates:1.6931471805599454
far:1.0
away:1.0
distribution:2.9459101490553135
isotropic:1.0
intensity:2.386294361119891
crudely:1.0
speaking:1.0
seeing:1.0
edge:1.6931471805599454
tell:1.0
difference:1.0
due:1.6931471805599454
spatial:1.0
sharp:1.0
dropoff:1.0
intrinsic:1.0
luminosities:1.0
certain:1.0
threshold:1.0
could:1.0
describe:1.0
roughly:1.0
like:1.0
