subject:1.0
rocket:2.791759469228055
launch:1.0
observed:2.6094379124341005
leo.wikholm:1.6931471805599454
compart.fi:1.6931471805599454
leo:1.6931471805599454
wikholm:1.6931471805599454
bright:2.6094379124341005
light:1.6931471805599454
phenomenon:2.6094379124341005
eastern:1.6931471805599454
finland:2.09861228866811
april:1.0
21:1.0
00.25:1.0
ut:2.09861228866811
two:1.0
people:1.0
saw:1.6931471805599454
luminous:2.386294361119891
pillar-shaped:1.0
low:2.09861228866811
horizont:2.386294361119891
near:1.6931471805599454
mikkeli:1.0
head:1.6931471805599454
pillar:1.6931471805599454
circular:1.0
lower:1.0
part:1.0
little:1.6931471805599454
winding:1.0
like:2.09861228866811
monster:1.0
told:1.0
frightened:1.0
soon:1.6931471805599454
yellowish:1.6931471805599454
became:1.6931471805599454
enlarged:1.6931471805599454
spot:2.791759469228055
sun:1.0
appeared:2.09861228866811
middle:1.6931471805599454
last:1.0
landed:1.0
behind:1.0
nearby:1.0
forest:1.0
trails:2.09861228866811
sky:1.6931471805599454
visible:2.386294361119891
till:1.0
morning:1.6931471805599454
sunrise:1.0
also:1.0
jaakko:1.0
kokkonen:1.0
lappeenranta:1.0
00.26:1.0
trail:2.6094379124341005
northeastern:1.0
altitude:1.6931471805599454
3-4:1.0
degrees:1.0
began:1.0
grow:1.0
taller:1.0
loop:2.386294361119891
spoon:1.0
lasted:1.0
10:1.0
seconds:1.0
five:1.0
degress:1.0
noted:1.0
upper:1.0
stage:1.0
magnitude:1.0
2:1.0
cartwheel-shaped:1.0
round:1.0
minute:1.0
disappeared:1.0
fuzzy:1.0
still:1.0
01.45:1.0
caused:1.0
russian:1.0
dont:1.0
know:1.0
satellite:2.09861228866811
launches:1.6931471805599454
plesetsk:1.0
cosmodrome:1.0
arkhangelsk:1.0
may:1.0
experiment:1.0
since:1.0
1969:1.0
80:1.0
phenomena:1.6931471805599454
experiments:1.6931471805599454
military:1.0
missile:1.0
tests:1.0
barium:1.0
chemical:1.0
releases:1.0
years:1.0
17:1.0
ursa:1.0
astronomical:1.0
association:1.0
phone:1.0
358-0-174048:1.0
sect:1.0
fax:1.0
358-0-657728:1.0
laivanvarustajankatu:1.0
9:1.0
c:1.0
54:1.0
bbs:1.0
358-0-174341:1.0
fin-00140:1.0
helsinki:1.0
inter:1.0
