tholen:1.6931471805599454
galileo.ifa.hawaii.edu:1.0
dave:1.0
subject:1.0
new:1.6931471805599454
planet/kuiper:1.0
object:1.6931471805599454
found:1.0
james:1.0
nicoll:1.0
writes:1.0
kuiper:1.0
belt:1.0
called:2.09861228866811
karla:1.6931471805599454
next:1.0
one:1.6931471805599454
smiley:2.386294361119891
previous:1.0
1992:1.6931471805599454
qb1:1.6931471805599454
1993:1.0
fw:1.0
note:1.0
neither:1.0
name:1.0
official:1.0
seems:1.0
discoverers:1.0
aversion:1.0
designation:1.0
scheme:1.0
way:1.0
never:1.0
known:1.0
officially:1.0
moniker:1.0
already:1.0
assigned:1.0
asteroid:1.0
number:1.0
1613:1.0
