subject:1.0
gamma:2.09861228866811
ray:1.6931471805599454
bursters:1.6931471805599454
energetic:2.09861228866811
could:1.6931471805599454
belgarath:1.0
vax1.mankato.msus.edu:1.0
article:1.0
1rgvjsinnbhq:1.0
senator-bedfellow.mit.edu:1.0
jfc:1.6931471805599454
athena.mit.edu:1.6931471805599454
john:1.6931471805599454
f:1.0
carr:1.6931471805599454
writes:1.0
extragalactic:1.0
would:1.0
absorption:1.0
galaxy:1.6931471805599454
expected:1.0
transparent:1.0
galactic:1.6931471805599454
core:1.0
rays:1.0
much:1.6931471805599454
energy:2.09861228866811
burster:1.0
put:1.6931471805599454
know:1.0
depends:1.0
distance:1.0
unknown:1.0
answer:1.0
form:1.0
x:1.0
ergs:1.6931471805599454
per:1.0
megaparsec^2:1.0
ok:1.0
turn:1.0
one:1.6931471805599454
problem:2.386294361119891
sets:1.0
class:1.0
little:1.0
dont:1.0
calculator:1.0
set:1.0
long:1.0
ago:1.0
ill:1.0
use:1.6931471805599454
hope:1.0
wanted:1.0
highly:1.0
simplified:1.0
simple:1.0
burst:2.386294361119891
bursts:1.0
usually:1.0
complex:1.0
example:1.0
peak:2.09861228866811
flux:2.9459101490553135
5.43e-6:1.0
cm^-2:1.6931471805599454
sec^-1:1.6931471805599454
duration:1.0
8.95:1.0
seconds:1.6931471805599454
frst:1.0
second:1.6931471805599454
last:1.0
4:1.0
half:1.0
rest:1.0
time:1.6931471805599454
assume:1.0
background:1.0
10e-7:1.0
erg:1.0
find:1.6931471805599454
integrated:1.6931471805599454
luminosity:1.0
several:1.0
different:1.0
spheres:1.0
r=.25pc:1.0
oort:1.0
cloud:1.0
radius:1.6931471805599454
r=22.5pc:1.0
edge:1.6931471805599454
r=183.5pc:1.0
corona:1.0
lastly:1.6931471805599454
r=8800mpc:1.0
fluence:1.0
used:1.0
old:1.0
standby:1.0
formula:1.0
luminosity=4:1.0
pi:1.0
r^2:1.0
fpeak:1.0
25:1.0
pc:1.0
found:1.6931471805599454
l:1.0
around:1.6931471805599454
10^32:1.0
erg/sec:1.6931471805599454
pretty:1.0
close:1.0
coronal:1.0
model:1.6931471805599454
10^43:1.0
cosmological:1.0
l=10^53:1.0
thats:1.0
youd:1.0
call:1.0
moderately:1.0
id:1.0
say:1.0
suggestions:1.0
jeremy:1.0
