jbh55289:1.6931471805599454
uxa.cso.uiuc.edu:1.6931471805599454
josh:1.6931471805599454
hopkins:1.6931471805599454
subject:1.0
new:1.6931471805599454
planet/kuiper:1.0
object:1.6931471805599454
found:1.0
tholen:1.6931471805599454
galileo.ifa.hawaii.edu:1.0
dave:1.0
writes:1.6931471805599454
james:1.0
nicoll:1.0
kuiper:1.0
belt:1.0
called:2.09861228866811
karla:1.6931471805599454
next:1.0
one:2.09861228866811
smiley:2.6094379124341005
previous:1.0
1992:1.6931471805599454
qb1:1.6931471805599454
1993:1.0
fw:1.0
way:1.6931471805599454
never:1.0
known:1.0
officially:1.0
moniker:1.0
already:1.0
assigned:1.0
asteroid:1.0
number:1.0
1613:1.0
could:1.0
someone:1.0
explain:1.0
names:1.0
come:1.0
im:1.6931471805599454
sure:1.6931471805599454
theres:1.0
perfectly:1.0
good:1.0
reason:1.6931471805599454
name:1.0
planetoid:1.0
equally:1.0
dont:1.0
know:1.0
find:1.0
make:1.0
attributed:1.0
hannibal:1.0
