nicho:2.09861228866811
vnet.ibm.com:1.6931471805599454
greg:1.6931471805599454
stewart-nicholls:1.0
subject:1.0
death:1.0
taxes:1.0
give:1.0
1:1.0
billion:1.0
1993apr27.072512.439:1.0
bby.com.au:1.0
gregory:1.0
n:1.0
bond:1.0
writes:1.0
wouldnt:1.0
even:1.0
begin:1.0
expect:1.0
australia:1.0
dont:1.0
institutionalised:1.0
corruption:1.6931471805599454
like:1.0
wan:1.0
na:1.0
bet:1.0
must:1.0
young:1.0
remember:1.0
bob:1.0
askin:1.0
read:1.0
costigan:1.0
commision:1.0
report:1.0
want:1.0
know:1.0
oz:1.0
nicholls:1.0
vidi:1.0
vici:1.0
olympus.demon.co.uk:1.0
veni:1.0
