jan:2.09861228866811
vesta.neuroinformatik.ruhr-uni-bochum.de:1.0
vorbrueggen:1.0
subject:1.0
new:1.0
planet/kuiper:1.0
object:1.0
found:1.0
article:1.0
c64t8e.6hb:1.0
news.cso.uiuc.edu:1.0
jbh55289:1.0
uxa.cso.uiuc.edu:1.0
josh:1.0
hopkins:1.0
writes:1.0
could:1.0
someone:1.0
explain:1.0
names:1.0
come:1.0
im:1.6931471805599454
sure:1.6931471805599454
theres:1.0
perfectly:1.0
good:1.0
reason:1.6931471805599454
name:1.0
planetoid:1.0
smiley:1.0
equally:1.0
dont:1.0
know:1.0
read:1.0
john:1.0
le:1.0
carres:1.0
tinker:1.0
tailor:1.0
soldier:1.0
spy:1.0
honorable:1.0
schoolboy:1.0
smileys:1.0
people:1.0
