rdouglas:1.6931471805599454
stsci.edu:1.6931471805599454
rob:2.386294361119891
douglas:2.09861228866811
subject:1.0
hst:2.09861228866811
servicing:2.09861228866811
mission:1.6931471805599454
scheduled:1.0
11:1.0
days:1.0
article:1.0
1993apr27.094238.7682:1.0
samba.oit.unc.edu:1.0
bruce.scott:1.0
launchpad.unc.edu:1.0
bruce:1.6931471805599454
scott:1.6931471805599454
writes:1.0
re-boosting:1.0
carrying:1.0
shuttle:2.386294361119891
would:2.09861228866811
damage:1.0
couldnt:1.0
brought:1.0
back:2.09861228866811
earth:1.0
repair:1.0
job:1.0
done:1.0
reboost:1.6931471805599454
may:1.0
problem:1.0
enough:1.0
fuel:1.0
dont:1.0
time:1.6931471805599454
definitely:1.0
one:1.0
next:1.0
try:1.0
land:1.6931471805599454
big:1.0
huge:1.0
telescope:2.386294361119891
could:1.6931471805599454
problems:1.0
isnt:1.0
designed:1.6931471805599454
much:1.0
weight:1.0
payload:1.0
two:1.0
flights:1.0
required:1.0
adding:1.0
alredy:1.0
horrendous:1.0
expense:1.0
course:1.6931471805599454
concern:1.6931471805599454
loss:1.0
science:2.09861228866811
ground:1.0
plus:1.0
fear:1.0
comes:1.0
big-wig:1.0
might:1.0
allow:1.0
go:1.0
main:1.0
believe:1.0
danger:1.0
landing:1.0
add:1.0
another:1.0
bad:1.0
vibe:1.0
also:1.0
increase:1.0
risk:1.0
damaging:1.0
instrument:1.0
finally:1.0
chance:1.0
nasa:1.0
astronanuts:1.0
prove:1.0
build:1.0
service:1.0
space:2.09861228866811
station:1.0
hubble:1.0
flight:1.0
bringing:1.0
understanding:1.0
considered:1.0
even:1.0
recently:1.0
factors:1.0
contribute:1.0
decision:1.0
way:1.0
planned:1.0
beginning:1.0
gruss:1.0
dr:1.0
deadliest:1.0
bullshit:1.0
max-planck-institut:1.0
fuer:1.0
plasmaphysik:1.0
odorless:1.0
transparent:1.0
bds:1.0
spl6n1.aug.ipp-garching.mpg.de:1.0
w:1.0
gibson:1.0
3700:1.6931471805599454
san:1.6931471805599454
martin:1.6931471805599454
drive:1.6931471805599454
ai:1.6931471805599454
software:1.6931471805599454
engineer:1.6931471805599454
baltimore:1.6931471805599454
md:1.6931471805599454
21218:1.6931471805599454
usa:1.6931471805599454
advance:1.6931471805599454
planning:1.6931471805599454
systems:1.6931471805599454
branch:1.6931471805599454
phone:1.6931471805599454
410:2.09861228866811
338-4497:1.6931471805599454
internet:1.0
institute:1.0
fax:1.0
338-1592:1.0
disclaimer-type-thingie:1.0
opinions:1.0
mine:1.0
unless:1.0
fall:1.0
standard:1.0
intellectual:1.6931471805599454
property:1.6931471805599454
guidelines:1.0
intellect:1.0
doubt:1.0
besides:1.0
useful:1.0
think:1.0
type:1.0
