lcm:1.6931471805599454
spl1.spl.loral.com:1.6931471805599454
luciana:1.6931471805599454
c:1.6931471805599454
messina:1.6931471805599454
subject:1.0
hst:1.6931471805599454
servicing:1.0
mission:1.0
scheduled:1.0
11:1.0
days:1.0
another:1.0
factor:1.0
bringing:1.0
back:1.0
earth:1.0
risk:1.0
contamination:1.0
