rostroff:1.0
watson.princeton.edu:1.0
robert:1.0
ostroff:1.0
subject:1.0
comet:2.09861228866811
launch:1.6931471805599454
date:1.6931471805599454
hello:1.0
familiar:1.0
program:1.0
concerns:1.0
scheduled:1.0
launched:1.0
wallops:1.0
island:1.0
sometime:1.0
june:1.0
anyone:1.0
know:1.0
official:1.0
set:1.0
thanks:1.0
rob:1.0
