tkelso:1.6931471805599454
afit.af.mil:1.6931471805599454
ts:1.6931471805599454
kelso:1.6931471805599454
subject:1.0
two-line:1.6931471805599454
orbital:1.6931471805599454
element:2.09861228866811
set:1.0
space:1.6931471805599454
shuttle:2.09861228866811
current:2.09861228866811
elements:2.09861228866811
norad:1.0
sets:1.6931471805599454
carried:1.0
celestial:1.6931471805599454
bbs:1.6931471805599454
513:1.0
427-0674:1.0
updated:1.6931471805599454
daily:1.6931471805599454
possible:1.0
documentation:1.6931471805599454
tracking:1.0
software:1.6931471805599454
also:2.09861228866811
available:1.6931471805599454
system:1.0
service:1.0
satellite:1.0
user:1.0
community:1.0
mission:1.0
provided:1.0
may:1.0
accessed:1.0
24:1.0
hours/day:1.0
300:1.0
1200:1.0
2400:1.0
4800:1.0
9600:1.0
bps:1.0
using:1.0
8:1.0
data:1.0
bits:1.0
1:1.6931471805599454
stop:1.0
bit:1.0
parity:1.0
via:1.0
anonymous:1.0
ftp:1.0
archive.afit.af.mil:1.0
129.92.1.66:1.0
directory:1.0
pub/space:1.0
sts:1.0
55:1.0
22640u:1.0
93:1.0
27:1.0
93117.24999999:1.0
00043819:1.0
00000-0:1.0
13174-3:1.0
0:1.0
47:1.0
2:1.0
22640:1.0
28.4694:1.0
264.3224:1.0
0004988:1.0
261.3916:1.0
194.3250:1.0
15.90699957:1.0
104:1.0
dr:1.0
assistant:1.0
professor:1.0
operations:1.0
air:1.0
force:1.0
institute:1.0
technology:1.0
