svn:1.6931471805599454
aoibs.msk.su:1.6931471805599454
vladimir:1.6931471805599454
subject:1.0
new:1.0
inexpensive:1.6931471805599454
method:2.09861228866811
determining:1.0
ore:1.6931471805599454
oil:1.6931471805599454
locations:2.09861228866811
dear:1.0
gentlemen:1.0
firm:1.0
called:1.0
interbusiness:1.0
ltd:1.0
offers:1.0
quite:1.0
determine:1.0
world:1.6931471805599454
used:1.0
data:1.6931471805599454
got:1.0
space:1.0
satellites:1.0
office:1.0
using:1.0
theese:1.0
get:1.0
good:1.0
statis:1.0
tical:1.0
prognosis:1.6931471805599454
mentioned:1.0
could:1.0
done:1.0
part:1.0
youre:1.0
interested:1.0
details:1.0
please:1.0
send:1.0
e-mail:1.0
sushkov:1.0
moscow:1.0
russia:1.0
