stk1203:1.6931471805599454
vax003.stockton.edu:1.6931471805599454
subject:1.0
internet:2.386294361119891
resources:2.09861228866811
taking:1.0
course:1.0
entitled:1.0
exploring:1.0
science:1.0
using:1.0
final:1.0
project:1.0
find:1.0
compendium:1.0
dealing:1.0
science-related:1.0
topic:1.0
chose:1.0
astronomy:1.6931471805599454
anyway:1.0
wondering:1.0
anyone:1.0
knew:1.0
interesting:1.0
provide:1.0
information:1.0
space:1.0
nasa:1.0
anything:1.0
like:1.0
thanks:1.0
keith:1.0
malinowski:1.0
p.o:1.0
box:1.0
2472:1.0
stockton:1.0
state:1.0
college:1.0
pomona:1.0
new:1.0
jersey:1.0
08240:1.0
