u920496:1.6931471805599454
daimi.aau.dk:1.6931471805599454
hans:1.0
erik:1.6931471805599454
martino:1.0
hansen:1.6931471805599454
subject:1.0
commercials:1.0
moon:2.386294361119891
often:1.0
thought:1.0
possible:1.6931471805599454
powerfull:1.0
laser:1.0
earth:1.0
light:1.0
show:1.0
lasergraphics:1.0
surface:1.0
clearly:1.0
see:1.0
eyes:1.0
new:1.0
coca:1.0
cola:1.0
logo:1.0
easy:1.0
way:1.0
target:1.0
billions:1.0
people:1.0
know:1.0
email:1.0
fuglsangsalle:1.0
69:1.0
aarhus:1.0
university:1.0
dk-8210:1.0
erhus:1.0
v:1.0
denmark:1.0
europe:1.0
