nicho:2.09861228866811
vnet.ibm.com:1.6931471805599454
greg:1.6931471805599454
stewart-nicholls:1.0
subject:1.0
vandalizing:1.0
sky:1.0
c65fdw.e8e:1.0
news.cso.uiuc.edu:1.0
george:1.0
f:1.0
krumins:1.0
writes:1.0
according:1.0
reasoning:1.0
rights:1.0
least:1.0
none:1.0
think:1.0
youve:1.0
got:1.0
regard:1.6931471805599454
right:1.0
someone:1.0
else:1.0
privilege:1.0
followups:1.0
generic:1.0
ethics:1.0
morality:1.0
newsgroup:1.0
nicholls:1.0
vidi:1.0
vici:1.0
olympus.demon.co.uk:1.0
veni:1.0
