bday:1.6931471805599454
lambda.msfc.nasa.gov:1.6931471805599454
brian:1.6931471805599454
day:1.6931471805599454
subject:1.0
hst:1.6931471805599454
servicing:1.0
mission:1.6931471805599454
scheduled:1.0
11:1.0
days:1.0
rdouglas:1.0
stsci.edu:1.0
rob:1.0
douglas:1.0
writes:1.0
try:1.0
land:1.6931471805599454
shuttle:1.6931471805599454
big:1.0
huge:1.0
telescope:1.0
back:1.0
could:1.0
problems:1.0
isnt:1.0
designed:1.0
much:1.6931471805599454
weight:1.0
payload:1.0
really:1.0
heavier:1.0
spacelab:1.0
bd:1.0
new:1.0
technology:1.0
inc:1.0
205:1.0
461-4584:1.0
software:1.0
development:1.0
division:1.0
opinions:1.0
