cohen:1.6931471805599454
ssdgwy.mdc.com:1.0
andy:1.0
subject:1.0
dc-x:1.0
news:1.0
static:1.0
test:1.6931471805599454
firings:1.0
scheduled:1.0
saturday:1.0
many:1.0
schedule:1.0
changes:1.0
may:1.0
difficult:1.0
get:1.0
status:1.0
next:1.0
two:1.0
weeks:1.0
number:1.0
contacts:1.0
drying:1.0
go:1.6931471805599454
new:1.0
mexico:1.0
delta:1.0
clipper:1.0
