jlieb:1.6931471805599454
is.morgan.com:1.6931471805599454
jerry:1.6931471805599454
liebelson:1.6931471805599454
subject:1.0
astronauts:1.6931471805599454
weightlessness:2.09861228866811
feel:1.0
like:1.6931471805599454
understand:1.0
one:1.0
orbit:1.0
inward:1.0
force:1.6931471805599454
gravity:1.0
ones:1.0
center:1.0
mass:1.0
exactly:1.0
balanced:1.0
outward:1.0
centrifugal:1.0
orbiting:1.0
motion:1.6931471805599454
resulting:1.0
want:1.0
know:1.0
actually:1.0
feels:1.0
example:1.0
constant:1.0
sensation:1.0
falling:1.0
sickness:1.0
occasionally:1.0
experience:1.0
please:1.0
reply:1.0
either:1.0
former:1.0
current:1.0
astronaut:1.6931471805599454
someone:1.0
discussion:1.0
first-hand:1.0
thanks:1.0
73477.2740:1.0
compuserve.com:1.0
