palmer:2.09861228866811
cco.caltech.edu:1.0
david:1.6931471805599454
subject:1.6931471805599454
political:1.6931471805599454
banner:2.09861228866811
space:1.0
u1452:1.0
penelope.sdsc.edu:1.0
jeff:1.0
bytof:1.0
sio:1.0
writes:1.0
propose:1.0
pepsico:1.0
mcdonalds:1.0
companies:1.0
could:1.0
put:1.0
orbit:1.0
banners:1.0
timely:1.0
messages:1.0
stop:1.0
slaughter:1.0
bosnia:1.0
end:1.0
light:1.0
pollution:1.0
would:1.6931471805599454
effect:1.0
palmerpalmer:1.0
alumni.caltech.edu:1.0
tgrs.gsfc.nasa.gov:1.0
