rdouglas:2.09861228866811
stsci.edu:2.09861228866811
rob:2.6094379124341005
douglas:2.386294361119891
subject:1.0
hst:2.09861228866811
servicing:1.0
mission:1.0
scheduled:1.0
11:1.0
days:1.0
article:1.0
1993apr28.171915.5013:1.0
mksol.dseg.ti.com:1.6931471805599454
mccall:1.6931471805599454
fred:1.0
j:1.0
575-3539:1.0
writes:2.09861228866811
1993apr28.141606.17449:1.0
lambda.msfc.nasa.gov:1.6931471805599454
bday:1.0
brian:1.0
day:1.0
try:1.0
land:2.09861228866811
shuttle:1.6931471805599454
big:1.0
huge:1.0
telescope:2.386294361119891
back:1.6931471805599454
could:1.0
problems:1.6931471805599454
isnt:1.0
designed:1.0
much:1.6931471805599454
weight:2.09861228866811
payload:1.0
really:1.0
heavier:1.0
spacelab:1.0
cant:1.6931471805599454
speak:1.0
sheer:1.0
mass:1.6931471805599454
part:1.0
problem:1.0
wasnt:1.0
built:1.6931471805599454
ever:1.0
brought:1.0
kinds:1.0
jolt:1.0
forces:1.0
support:1.0
cradle:1.0
additional:1.0
would:1.6931471805599454
required:1.0
throw:1.0
11,600:1.0
kg:1.0
25,500:1.0
lb:1.0
know:1.0
space:2.09861228866811
lab:1.0
weighs:1.0
believe:1.0
less:1.0
anyone:1.0
verify:1.0
also:1.0
remember:1.0
concern:1.6931471805599454
many:1.0
others:1.0
noted:1.0
one:1.0
possible:1.0
responding:1.0
statement:1.0
boost:1.0
different:1.0
3700:1.6931471805599454
san:1.6931471805599454
martin:1.6931471805599454
drive:1.6931471805599454
ai:1.6931471805599454
software:1.6931471805599454
engineer:1.6931471805599454
baltimore:1.6931471805599454
md:1.6931471805599454
21218:1.6931471805599454
usa:1.6931471805599454
advance:1.6931471805599454
planning:1.6931471805599454
systems:1.6931471805599454
branch:1.6931471805599454
science:1.6931471805599454
phone:1.6931471805599454
410:2.09861228866811
338-4497:1.6931471805599454
internet:1.0
institute:1.0
fax:1.0
338-1592:1.0
disclaimer-type-thingie:1.0
opinions:1.0
mine:1.0
unless:1.0
course:1.0
fall:1.0
standard:1.0
intellectual:1.6931471805599454
property:1.6931471805599454
guidelines:1.0
intellect:1.0
doubt:1.0
besides:1.0
useful:1.0
think:1.0
type:1.0
