wingert:2.6094379124341005
vnet.ibm.com:2.09861228866811
bret:2.09861228866811
subject:2.09861228866811
level:2.09861228866811
5:2.09861228866811
harrisd:1.0
ll.mit.edu:1.6931471805599454
david:1.0
harris:1.0
message-id:1.0
9304271045.aa00468:1.0
shuttle:2.09861228866811
software:2.386294361119891
work:1.6931471805599454
familiar:1.6931471805599454
received:1.0
rating:1.6931471805599454
could:1.0
post:1.0
description:1.0
and/or:1.0
references:1.6931471805599454
think:1.0
many:1.0
people:1.0
would:1.0
interested:2.09861228866811
know:1.0
ibm:1.6931471805599454
team:1.0
effort:1.0
differently:1.0
organizations/projects:1.0
earned:1.0
project:1.6931471805599454
onboard:1.0
flight:1.0
controls:1.0
space:1.0
dynamic:1.0
phases:1.0
well:1.0
on-orbit:1.0
ultra-high:1.0
reliability:1.0
extremely:1.0
low:1.0
error:1.0
rates:1.0
several:1.0
papers:1.0
published:1.0
ill:1.0
collect:1.0
may:1.6931471805599454
article:1.0
systems:1.0
journal:1.0
late:1.0
93:1.0
early:1.0
94:1.0
magic:1.0
formula:1.0
dedicated:1.0
disciplined:1.0
folks:1.6931471805599454
worked:1.0
put:1.0
together:1.0
process:1.6931471805599454
finds:1.0
removes:1.0
errors:1.6931471805599454
corrected:1.0
based:1.0
escape:1.0
present:1.0
one:1.6931471805599454
day:1.0
overview:1.0
periodically:1.0
next:1.0
19th:1.0
washington:1.0
d.c:1.0
fax:1.6931471805599454
specifics:1.0
713:1.6931471805599454
282-7534:1.0
282-8077:1.0
