baalke:2.386294361119891
kelvin.jpl.nasa.gov:1.6931471805599454
ron:1.6931471805599454
subject:1.0
mars:2.09861228866811
observer:2.09861228866811
update:1.0
04/28/93:1.0
forwarded:1.0
project:1.0
status:1.0
report:1.6931471805599454
april:1.6931471805599454
28:1.0
1993:1.0
12:40:1.0
pm:2.386294361119891
pdt:1.0
flight:1.0
sequence:1.6931471805599454
c9:1.6931471805599454
active:1.0
00:11:1.0
tuesday:1.0
27:1.0
activities:1.0
beginning:1.6931471805599454
shortly:1.6931471805599454
5:00:1.6931471805599454
yesterday:1.0
commanded:1.6931471805599454
spacecraft:2.09861228866811
execute:1.0
series:1.0
slews:1.0
rolls:1.0
provide:1.0
mag:2.09861228866811
magnetometer:1.0
team:1.0
data:2.09861228866811
points:1.0
varying:1.0
attitudes:1.0
orientations:1.0
purpose:1.0
better:1.0
characterizing:1.0
spacecraft-generated:1.0
magnetic:1.0
field:1.0
effect:1.0
instrument:1.0
back:1.6931471805599454
sun:1.0
star:1.0
init:1.0
state:1.0
9:07:1.0
re-establish:1.0
inertial:1.0
reference:1.0
transition:1.0
array:1.0
normal:1.0
spin:1.0
began:1.0
11:17:1.0
powered:1.0
on-board:1.0
transmitter:1.0
11:18:1.0
telemetry:1.0
reacquisition:1.0
occurred:1.0
approximately:1.0
11:30:1.0
4:1.0
kbs:1.0
science:1.0
engineering:1.0
downlink:2.09861228866811
rate:1.6931471805599454
high:1.6931471805599454
gain:2.09861228866811
antenna:2.09861228866811
subsystem:1.0
engineers:1.0
systems:1.0
appear:1.0
nominal:1.0
command:1.0
terminate:1.0
using:1.0
low:1.0
uplink:1.6931471805599454
sent:1.0
12:31:1.0
currently:1.0
via:1.6931471805599454
hga:1.0
calibration:1.0
recorded:1.0
digital:1.0
tape:1.0
recorders:1.0
2:1.6931471805599454
3:1.6931471805599454
playback:2.09861228866811
dtr:2.386294361119891
scheduled:1.6931471805599454
take:1.6931471805599454
place:1.6931471805599454
tomorrow:1.6931471805599454
morning:1.6931471805599454
8:11:1.0
12:42:1.0
evening:1.0
11:57:1.0
ending:1.0
4:28:1.0
friday:1.6931471805599454
performed:1.0
42,667:1.0
bits:1.0
per:1.0
second:1.0
upon:1.0
verification:1.0
successful:1.0
playbacks:1.0
maintained:1.0
4k:1.0
e:1.0
cal:1.0
activity:1.0
timeline:1.0
ends:1.0
jet:1.0
propulsion:1.0
lab:1.0
m/s:1.0
525-3684:1.0
telos:1.0
aweto:1.0
new:1.0
zealand:1.0
pasadena:1.0
ca:1.0
91109:1.0
part:1.6931471805599454
caterpillar:1.0
vegetable:1.0
