garym:2.386294361119891
alsys.com:2.09861228866811
gary:1.6931471805599454
morris:1.6931471805599454
ignite:1.0
subject:1.0
hst:2.09861228866811
servicing:1.0
mission:1.0
scheduled:1.0
11:1.0
days:1.0
1993apr28.141606.17449:1.0
lambda.msfc.nasa.gov:1.6931471805599454
bday:1.0
brian:1.0
day:1.0
writes:1.6931471805599454
rdouglas:1.0
stsci.edu:1.0
rob:1.0
douglas:1.0
try:1.0
land:2.09861228866811
shuttle:2.09861228866811
big:1.0
huge:1.0
telescope:1.0
back:1.0
could:1.0
problems:1.0
isnt:1.0
designed:1.0
much:1.6931471805599454
weight:1.0
payload:1.0
really:1.0
heavier:1.0
spacelab:1.6931471805599454
25,500:1.0
lbs:1.6931471805599454
11,600:1.0
kg:1.0
doesnt:1.0
include:1.0
cradle:1.0
would:2.09861228866811
cargo:2.09861228866811
bay:2.09861228866811
deployed:1.0
spacelab-j:1.0
sts-47:1.0
21,861:1.0
according:1.0
press-kit:1.0
someone:1.0
else:1.0
pointed:1.0
unable:1.0
deploy:1.0
reason:1.0
still:1.6931471805599454
planned:1.0
contingency:1.0
problem:1.0
though:1.0
eliminate:1.0
ksc:1.0
landing:1.6931471805599454
site:1.0
go:1.0
edwards:1.0
something:1.0
like:1.0
internet:1.0
teleuse:1.0
development:1.0
uucp:1.0
uunet:1.0
alsys:1.0
group:1.0
telesoft:1.0
phone:1.0
1:1.6931471805599454
619-457-2700:1.0
x128:1.0
san:1.0
diego:1.0
ca:1.0
usa:1.0
fax:1.0
619-452-1334:1.0
