pgf:1.6931471805599454
srl03.cacs.usl.edu:1.0
phil:1.6931471805599454
g:1.0
fraering:1.6931471805599454
subject:1.0
gamma:1.0
ray:1.0
bursters:1.0
prb:1.0
access.digex.com:1.0
pat:1.0
writes:1.0
4:1.0
know:1.0
real:1.6931471805599454
close:1.6931471805599454
like:1.6931471805599454
slightly:1.6931471805599454
extra:1.6931471805599454
solar:1.6931471805599454
parallax:2.09861228866811
measurements:1.6931471805599454
bursts:1.6931471805599454
correct:1.0
therefore:1.0
cant:1.6931471805599454
tell:1.6931471805599454
whether:1.6931471805599454
theyre:1.0
means:1.0
us:1.0
seems:1.0
every:1.0
day:1.0
find:1.0
sorts:1.0
stuff:1.0
srl02.cacs.usl.edu|like:1.0
ancient:1.0
mayans:1.0
televison:1.0
repo:1.0
man:1.0
