oreilly:2.09861228866811
olivia.la.asu.edu:1.0
tom:1.6931471805599454
subject:1.0
commercials:1.0
moon:1.6931471805599454
u920496:1.0
daimi.aau.dk:1.0
hans:1.0
erik:1.0
martino:1.0
hansen:1.0
writes:1.0
coca:1.0
cola:1.0
logo:1.0
easy:1.0
way:1.6931471805599454
target:1.0
billions:1.0
people:1.0
arthur:1.0
c:1.0
clarke:1.0
ahead:1.0
one:1.0
wrote:1.0
short:1.0
story:1.0
title:1.0
1950s:1.0
describing:1.0
exactly:1.0
proposal:1.0
department:1.0
geology:1.0
arizona:1.0
state:1.0
university:1.0
