ralph.buttigieg:1.0
f635.n713.z3.fido.zeta.org.au:1.0
ralph:1.6931471805599454
buttigieg:1.0
subject:1.0
give:1.0
1:1.0
billion:1.6931471805599454
first:1.0
year-long:1.0
moon:1.6931471805599454
residents:1.0
original:1.0
wats:2.386294361119891
scicom.alphacdc.com:2.386294361119891
gday:1.0
20:1.0
apr:1.0
93:1.0
18:17:1.0
wrote:1.0
wac:2.386294361119891
bruce:1.0
watson:1.0
via:1.0
kralizec:1.0
3:713/602:1.0
apollo:1.0
program:1.0
cost:2.09861228866811
something:1.0
like:1.0
25:1.0
time:1.0
value:1.0
dollar:1.0
worth:1.6931471805599454
one:1.0
would:1.6931471805599454
take:1.0
offer:1.0
assume:1.0
6:1.0
inflation:1.0
since:1.0
1969:1.0
25b:1.0
100b:1.0
gd:1.0
reckon:1.0
mission:1.0
today:1.0
could:1.6931471805599454
10b:1.0
thats:1.0
factor:1.0
ten:1.0
reduction:1.0
might:1.0
possible:1.0
reduce:1.0
number:1.0
futher:1.0
using:1.0
shortcuts:1.0
russian:1.0
rockets:1.0
asuming:1.0
gets:1.0
built:1.0
think:1.0
delta:1.0
clipper:1.0
well:1.0
achive:1.0
goal:1.0
ta:1.0
golded:1.0
2.41:1.0
origin:1.0
vulcans:1.0
world:1.0
sydney:1.0
australia:1.0
02:1.0
635-1204:1.0
3:713/6:1.0
3:713/635:1.0
