u9152083:1.0
wraith.cs.uow.edu.au:1.0
glen:1.6931471805599454
justin:1.0
balmer:1.6931471805599454
subject:1.0
rocket:2.09861228866811
types:1.0
week:1.0
saw:1.0
tv:1.0
program:1.6931471805599454
american:1.0
space:1.0
industry:1.0
nasa:1.0
said:1.0
60s:1.0
developed:1.0
used:1.0
ions:1.0
nuclear:1.0
particles:1.0
propolsion:1.6931471805599454
government:1.0
however:1.0
didnt:1.0
give:1.0
1billion:1.0
developement:1.0
full:1.0
scale:1.0
anybody:1.6931471805599454
see:1.0
heard:1.0
particle:1.0
system:1.0
thanx:1.0
8:1.0
