0004244402:1.0
mcimail.com:1.0
karl:1.6931471805599454
dishaw:1.0
subject:1.0
single:1.6931471805599454
launch:2.386294361119891
space:1.0
station:2.386294361119891
andy:1.0
cohen:1.6931471805599454
ssdgwy.mdc.com:1.0
writes:1.0
core:1.0
concept:1.0
shuttle:2.09861228866811
external:1.0
tank:1.0
solid:1.0
rocket:1.0
boosters:1.0
would:1.6931471805599454
used:1.0
orbit:1.0
main:1.0
engines:1.0
mounted:1.0
tail:1.0
module:1.0
jettisoned:1.0
et:1.0
separation:1.0
jettison:1.0
ssmes:1.0
hold:1.0
bring:1.0
use:1.0
spares:1.0
sold:1.0
soul:1.0
uncle:1.0
sam:1.0
marked:1.0
resale:1.0
