nsmca:1.6931471805599454
aurora.alaska.edu:1.0
subject:1.0
satellite:1.6931471805599454
around:2.09861228866811
pluto:2.386294361119891
mission:1.6931471805599454
wierd:1.0
warned:1.0
plan:1.0
put:1.0
planet:1.0
solar:2.09861228866811
system:2.09861228866811
keep:1.0
watch:1.0
help:1.0
better:1.0
ask:1.0
questions:1.0
spout:1.0
opinion:1.0
unmanned:1.0
stay:1.0
orbit:1.0
record:1.0
things:1.0
near:1.6931471805599454
know:1.0
strange:1.0
idea:1.0
could:1.0
scanning:1.0
also:1.0
objects:1.0
aaroundpluto:1.0
well:1.0
seti:1.0
looking:1.0
galaxy:1.0
without:1.0
much:1.0
worry:1.0
michael:1.0
adams:1.0
acad3.alaska.edu:1.0
im:1.0
high:1.0
jacked:1.0
