shag:2.09861228866811
aero.org:1.0
rob:1.6931471805599454
unverzagt:2.09861228866811
subject:1.0
satellite:1.6931471805599454
around:2.09861228866811
pluto:2.386294361119891
mission:2.09861228866811
article:1.0
1993apr30.004311.1:1.0
aurora.alaska.edu:1.6931471805599454
nsmca:1.0
writes:1.0
wierd:1.0
warned:1.6931471805599454
oh:1.6931471805599454
weird:1.0
ok:1.0
im:1.0
plan:1.0
put:1.0
planet:1.0
solar:2.6094379124341005
system:2.6094379124341005
keep:1.6931471805599454
watch:1.6931471805599454
help:1.0
better:1.0
ask:1.0
questions:1.0
spout:1.0
opinion:1.0
unmanned:1.0
stay:1.0
orbit:1.0
record:1.6931471805599454
things:1.6931471805599454
near:1.6931471805599454
know:1.0
strange:1.0
idea:1.0
several:1.0
tens:1.0
hundreds:1.0
millions:1.0
dollars:1.0
would:1.0
cost:1.0
id:1.0
prefer:1.0
manned:1.0
anyway:1.0
could:1.0
scanning:1.0
also:1.0
objects:1.0
aaroundpluto:1.0
well:1.6931471805599454
seti:1.6931471805599454
looking:1.6931471805599454
galaxy:1.6931471805599454
without:1.6931471805599454
much:1.6931471805599454
worry:1.6931471805599454
weve:1.0
already:1.0
got:1.0
pretty:1.0
good:1.0
platform:1.0
scan:1.0
care:1.0
guess:1.0
aerospace.aero.org:1.0
tuesday:1.0
soylent:1.0
green:1.0
day:1.0
courier2.aero.org:1.0
