prb:1.6931471805599454
access.digex.net:1.6931471805599454
pat:2.6094379124341005
subject:1.0
gamma:1.6931471805599454
ray:1.6931471805599454
bursters:1.0
article:1.6931471805599454
29apr199311425584:1.0
judy.uh.edu:1.0
wingo:1.0
cspara.decnet:1.0
fedex.msfc.nasa.gov:1.0
writes:1.6931471805599454
1rlrpv:1.0
5ta:1.0
access.digex.com:1.0
big:1.0
enough:1.0
problem:1.0
create:1.0
new:1.0
area:1.0
physics:1.0
little:1.0
speculative:1.0
thinking:1.0
folks:1.0
well:1.0
agree:2.09861228866811
like:1.0
first:1.0
idea:1.0
probably:1.0
signature:1.0
warp:1.0
transitions:1.0
interstellar:1.0
spacecraft:1.0
dennis:1.0
lot:1.6931471805599454
dont:1.0
post:1.0
something:1.0
disagree:1.0
tends:1.0
noticeable:1.0
