turner:2.386294361119891
bigbang.astro.indiana.edu:1.6931471805599454
george:1.6931471805599454
wm:1.6931471805599454
subject:1.0
moon:2.386294361119891
image:2.386294361119891
weather:1.6931471805599454
sat:1.0
caught:1.0
satellite:1.0
images:2.6094379124341005
earth:1.6931471805599454
appears:1.0
0430-1500ut:1.0
ir:2.09861228866811
visual:2.09861228866811
gif:1.0
loaded:1.0
vmd.cso.uiuc.edu:1.0
named:1.0
ci043015.gif:1.0
cv043015.gif:1.0
respectively:1.0
pretty:1.0
cool:1.0
pictures:1.0
saturated:1.0
details:1.0
viewable:1.0
1400ut:1.0
