willner:2.6094379124341005
head-cfa.harvard.edu:1.0
steve:1.6931471805599454
subject:1.0
temperature:2.791759469228055
dark:1.0
sky:1.6931471805599454
article:1.0
1993apr28.002214.16544:1.0
princeton.edu:1.0
richmond:1.0
spiff.princeton.edu:1.0
stupendous:1.0
man:1.0
writes:1.0
thats:1.0
case:1.6931471805599454
let:1.0
point:1.0
interstellar:2.09861228866811
dust:3.1972245773362196
molecules:1.0
provide:1.0
many:1.6931471805599454
instances:1.0
things:1.0
well:1.0
not-too-far:1.0
blackbodies:1.6931471805599454
different:1.0
observations:1.6931471805599454
including:1.0
iras:2.386294361119891
cobe:1.6931471805599454
determined:1.0
grain:1.0
temperatures:2.386294361119891
range:1.0
40k:1.0
150k:1.0
grains:3.0794415416798357
close:1.0
large:1.0
sizes:1.0
order:1.6931471805599454
0.1:1.0
micron:1.0
absorb:1.0
visible:1.0
light:1.0
fair:1.0
efficiency:1.6931471805599454
however:1.0
100:1.6931471805599454
k:3.302585092994046
90:1.0
thermal:2.386294361119891
emission:2.791759469228055
beyond:1.0
22:1.0
microns:1.6931471805599454
radiating:1.6931471805599454
poor:1.0
small:2.09861228866811
antenna:1.0
easily:1.0
radiate:2.09861228866811
long:1.0
wavelengths:1.6931471805599454
thus:1.0
must:1.6931471805599454
heat:1.6931471805599454
energy:1.6931471805599454
absorbed:1.0
moreover:1.0
maximum:1.0
wavelength:1.0
colder:1.0
30:1.0
primarily:1.0
longer:1.0
would:2.09861228866811
relatively:1.0
insensitive:1.0
extreme:1.0
limit:1.0
cold:1.6931471805599454
5:1.0
almost:1.0
undetectable:1.0
conceivable:1.0
observation:1.0
worse:1.0
still:1.0
color:2.09861228866811
heavily:1.0
contaminated:1.0
population:1.6931471805599454
perhaps:1.0
50:1.0
atoms:1.0
hit:1.0
single:1.0
photon:1.0
several:1.6931471805599454
hundred:1.6931471805599454
1000:1.0
course:1.0
cool:1.0
quickly:1.0
stay:1.0
characteristic:1.0
even:1.0
dramatically:1.0
raise:1.0
observed:1.0
average:1.0
model:1.0
local:1.0
infrared:1.0
consistent:1.0
data:1.0
three:1.0
components:1.6931471805599454
represent:1.0
scattered:1.0
radiation:1.0
zodiacal:2.6094379124341005
5500:2.09861228866811
tc:1.0
280:1.6931471805599454
galactic:1.6931471805599454
tc=25:1.0
ecliptic:1.6931471805599454
poles:1.0
emissivities:1.0
dilution:2.386294361119891
factors:1.0
respectively:1.0
1.9e-13:1.0
4e-8:1.0
2e-5:1.6931471805599454
first:1.0
two:1.0
roughly:1.0
doubled:1.0
plane:1.0
find:1.6931471805599454
equilibrium:1.0
add:1.0
factor:1.6931471805599454
times:1.0
fourth:2.09861228866811
power:1.0
take:1.0
root:1.6931471805599454
table:1.0
starlight:2.386294361119891
comes:1.6931471805599454
allens:1.0
number:1.0
stellar:1.0
whole:1.0
equivalent:1.0
460:1.0
zero:1.0
mag:1.0
stars:1.0
b-v:1.0
0.75:1.0
doubt:1.0
careful:1.0
work:1.0
could:1.0
much:1.0
better:1.0
person:1.0
suggested:1.0
e-4:1.0
remembering:1.0
wrong:1.0
cooked:1.0
event:1.0
density:1.0
microwave:1.6931471805599454
background:1.6931471805599454
believe:1.0
correct:1.0
temp:1.0
dt^4:1.0
1:1.0
2.7:1.0
53:1.0
25:1.0
8:1.0
6e-8:1.0
369:1.0
scattering:1.0
3e-13:1.0
275:1.0
1e-13:1.0
92:1.0
797:1.6931471805599454
5.3:1.0
outside:1.0
solar:1.0
system:1.0
result:1.0
3.5:1.0
results:1.0
surprising:1.0
especially:1.0
importance:1.0
dont:1.0
see:1.0
serious:1.0
mistakes:1.0
phone:1.0
617-495-7123:1.0
bitnet:1.0
cfa:1.0
cambridge:1.0
02138:1.0
usa:1.0
internet:1.0
cfa.harvard.edu:1.0
member:1.0
league:1.0
programming:1.0
freedom:1.0
contact:1.0
lpf:1.0
uunet.uu.net:1.0
