david.anderman:1.0
ofa123.fidonet.org:1.0
subject:1.0
nasa:2.09861228866811
contributions:1.0
teflon:1.6931471805599454
contribution:1.0
space:1.0
program:1.0
since:1.0
french:1.0
using:1.0
household:1.0
items:1.0
early:1.0
1950s:1.0
unlikely:1.0
invented:1.0
pacemakers:1.0
calculators:1.0
anecdotally:1.0
connected:1.0
maximus:1.0
2.01wb:1.0
