wfbrown:1.0
wpi.wpi.edu:1.0
william:1.0
f:1.0
brown:1.0
subject:1.0
space:1.6931471805599454
spinn:1.0
offs:1.0
wanted:1.0
point:1.0
teflon:1.6931471805599454
wasnt:1.0
program:1.6931471805599454
wwii:1.0
nuclear:1.0
weapons:1.0
development:1.0
pipes:1.6931471805599454
system:1.0
fractioning:1.0
enriching:1.0
uranium:1.6931471805599454
lined:1.0
hexafloride:1.0
chemical:1.0
turned:1.0
pitchblend:1.0
enrichment:1.0
massively:1.0
corrosive:1.0
even:1.0
stainless:1.0
steels:1.0
hence:1.0
need:1.0
inert:1.0
substaance:1.0
line:1.0
molecular:1.0
sockets:1.0
bound:1.0
already:1.0
unreactive:1.0
2:1.0
sense:1.0
worth:1.0
bill:1.0
