baalke:2.386294361119891
kelvin.jpl.nasa.gov:1.6931471805599454
ron:1.6931471805599454
subject:1.0
mars:2.386294361119891
observer:2.386294361119891
update:1.0
04/30/93:1.0
forwarded:1.0
project:1.0
status:1.0
report:1.0
april:1.0
30:1.0
1993:1.0
11:30:1.0
pdt:1.0
dss-65:1.0
madrid:1.0
34:1.6931471805599454
meter:1.6931471805599454
antenna:2.09861228866811
acquire:1.0
expected:1.0
spacecraft:2.6094379124341005
signal:1.6931471805599454
scheduled:1.6931471805599454
beginning:1.0
track:1.0
yesterday:2.09861228866811
morning:1.0
4/29:1.0
approximately:1.6931471805599454
6:00:1.0
indications:1.6931471805599454
entered:1.0
fault:2.09861228866811
protection:2.09861228866811
mode:2.9459101490553135
sometime:1.0
time:1.0
receipt:1.0
normal:1.6931471805599454
telemetry:2.09861228866811
end:1.0
previous:1.0
station:1.0
pass:1.0
dss-15:1.0
goldstone:1.0
8:00:1.0
pm:1.0
evening:1.6931471805599454
entry:2.386294361119891
contingency:2.6094379124341005
verified:1.6931471805599454
reacquired:1.0
indicated:1.0
sun:1.6931471805599454
coning:1.0
subsystem:1.6931471805599454
engineers:1.0
reported:1.0
systems:1.0
performing:1.0
nominally:1.0
modes:1.0
reconfigured:1.0
memory:1.0
readouts:1.6931471805599454
command:1.6931471805599454
system:1.0
audit:1.0
queue:1.0
aacs:1.0
attitude:1.0
articulation:1.0
control:1.0
starex:1.0
performed:1.6931471805599454
occurred:1.0
shortly:1.0
1:30:1.0
4/29/93:1.0
preliminary:1.0
ephemeris:1.0
check:1.0
failure:1.0
triggered:1.0
however:1.0
flight:2.386294361119891
team:2.09861228866811
determining:1.0
precise:1.0
cause:1.0
next:1.6931471805599454
days:1.0
last:1.0
commanded:1.0
back:1.6931471805599454
inertial:1.0
reference:1.0
stable:1.0
planning:1.6931471805599454
array:1.0
spin:1.0
state:1.0
today:1.0
magnetometer:1.0
calibration:1.6931471805599454
activities:1.0
completed:1.6931471805599454
prior:1.0
mag:1.0
data:1.6931471805599454
recorded:1.0
digital:1.0
tape:1.0
recorders:1.0
2:1.6931471805599454
3:1.6931471805599454
playback:2.09861228866811
dtrs:1.0
postponed:1.0
halted:1.0
sequence:1.0
c9:1.6931471805599454
execution:1.0
developing:1.0
strategy:1.0
restart:1.0
complete:1.0
present:1.0
perform:1.0
playbacks:1.6931471805599454
soon:1.0
wednesday:1.0
late:1.0
friday:1.0
week:1.0
5/5:1.0
5/7:1.0
dependent:1.0
recovery:1.0
activity:1.0
dtr:1.6931471805599454
via:1.0
high:1.0
gain:1.0
42,667:1.0
bits:1.0
per:1.0
second:1.0
upon:1.0
verification:1.0
successful:1.0
downlink:1.0
maintained:1.0
4k:1.0
e:1.0
rate:1.0
jet:1.0
propulsion:1.0
lab:1.0
m/s:1.0
525-3684:1.0
telos:1.0
aweto:1.0
new:1.0
zealand:1.0
pasadena:1.0
ca:1.0
91109:1.0
part:1.6931471805599454
caterpillar:1.0
vegetable:1.0
