pgf:1.6931471805599454
srl03.cacs.usl.edu:1.0
phil:1.6931471805599454
g:1.0
fraering:1.6931471805599454
subject:1.0
gamma:1.0
ray:1.0
bursters:1.0
energetic:2.09861228866811
could:1.6931471805599454
prb:1.6931471805599454
access.digex.net:1.0
pat:2.09861228866811
writes:2.386294361119891
article:1.6931471805599454
1rou8ginn7s4:1.0
gap.caltech.edu:1.0
palmer:1.6931471805599454
cco.caltech.edu:1.0
david:1.0
access.digex.com:1.0
1993apr26.200406.1:1.0
vax1.mankato.msus.edu:1.6931471805599454
belgarath:1.0
close:1.0
coronal:1.0
model:1.6931471805599454
found:1.0
around:1.0
10^43:1.0
erg/sec:1.0
lastly:1.0
cosmological:1.0
l=10^53:1.0
thats:1.0
youd:1.6931471805599454
call:1.0
moderately:1.0
id:1.0
say:1.0
suggestions:1.0
put:1.0
much:1.0
energy:1.0
one:1.0
second:1.0
jeremy:1.0
big:2.09861228866811
capacitor:1.6931471805599454
real:1.0
suggested:1.0
specifically:1.0
lightning:1.6931471805599454
strikes:1.0
clouds:1.0
interstellar:1.0
medium:1.0
rod:1.0
would:1.6931471805599454
need:1.6931471805599454
protection:1.0
jupiter:1.0
ground:1.6931471805599454
plane:1.6931471805599454
sounds:1.0
like:1.6931471805599454
want:1.0
star:1.0
seems:1.0
every:1.0
day:1.0
find:1.0
sorts:1.0
stuff:1.0
srl02.cacs.usl.edu|like:1.0
ancient:1.0
mayans:1.0
televison:1.0
repo:1.0
man:1.0
