stk1203:1.6931471805599454
vax003.stockton.edu:1.6931471805599454
subject:1.0
big:1.0
thanks:1.0
id:1.0
like:1.0
thank:1.0
everyone:1.0
anyone:1.0
sent:1.0
information:1.0
help:1.0
project:1.0
ill:1.0
send:1.0
report:1.0
requested:1.0
copy:1.0
keith:1.0
malinowski:1.0
stockton:1.0
state:1.0
college:1.0
pomona:1.0
nj:1.0
08240:1.0
