nsmca:1.6931471805599454
aurora.alaska.edu:1.0
subject:1.0
combo:1.6931471805599454
propulsion:1.6931471805599454
system:2.386294361119891
hard:1.0
easy:1.0
would:1.0
mission:1.6931471805599454
solar:1.0
sail:1.0
way:1.0
outer:1.0
planets:1.0
near:1.0
orbit:1.0
use:1.0
normal:1.0
means:1.0
seems:1.0
everyone:1.0
talks:1.0
using:1.0
one:2.09861228866811
per:1.0
miss:1.0
something:1.0
die:1.0
committee:1.0
michael:1.0
adams:1.0
acad3.alaska.edu:1.0
im:1.0
high:1.0
jacked:1.0
