jayb:1.0
cpqhou.se.hou.compaq.com:1.0
jay:1.6931471805599454
brinkmeyer:1.6931471805599454
subject:1.0
rocket:1.0
types:1.0
article:1.0
1rpv9o:1.6931471805599454
k00:1.6931471805599454
wraith.cs.uow.edu.au:2.09861228866811
u9152083:1.0
glen:1.6931471805599454
justin:1.0
balmer:1.6931471805599454
says:1.0
message-id:1.0
anybody:1.0
heard:1.0
particle:1.0
propolsion:1.0
system:1.6931471805599454
thanx:1.0
8:1.0
believe:1.0
former:1.0
employer:1.0
hughes:1.0
aircraft:1.0
company:1.0
working:1.0
ion:1.0
propulsion:1.0
satellites:1.0
