rfm:1.0
psuvm.psu.edu:1.0
subject:1.0
moon:2.09861228866811
image:1.6931471805599454
weather:1.6931471805599454
sat:1.0
article:1.0
billoshc6bqyy.h6h:1.0
netcom.com:1.6931471805599454
billosh:1.0
william:1.0
e:1.0
oshaughnessy:1.6931471805599454
says:1.0
brighten:1.0
dark:1.0
part:1.6931471805599454
cv043015.gif:1.0
viewer:1.0
see:1.0
two:1.0
objects:1.6931471805599454
near:1.0
upper:1.0
left:1.0
one:1.0
actually:1.0
satellite:1.0
bill:1.0
ufos:1.0
