matthew:2.6094379124341005
phantom.gatech.edu:1.6931471805599454
deluca:1.6931471805599454
subject:1.0
boeing:2.09861228866811
tsto:1.0
words:1.6931471805599454
chairman:1.0
article:1.0
schumach.736269085:1.0
convex.convex.com:1.0
schumach:1.0
convex.com:1.0
richard:1.0
schumacher:1.0
writes:1.0
seriously:1.0
thinking:1.0
reliable:1.6931471805599454
less-expensive:1.0
access:1.0
orbit:1.0
like:1.0
fool:1.0
around:1.0
exotic:1.0
airplanes:1.0
presupposes:1.0
supersonic:1.0
ramjet:1.0
aircraft/spacecraft:1.0
low-cost:1.0
unproven:1.0
georgia:1.6931471805599454
institute:1.0
technology:1.0
atlanta:1.0
30332:1.0
uucp:1.0
decvax:1.0
hplabs:1.0
ncar:1.0
purdue:1.0
rutgers:1.0
gatech:1.0
prism:1.0
internet:1.0
