schumach:1.0
convex.com:1.0
richard:1.0
schumacher:1.0
subject:1.0
temperature:1.0
dark:1.0
sky:1.0
1993apr30.163959.19715:1.0
head-cfa.harvard.edu:1.6931471805599454
willner:1.6931471805599454
steve:1.0
writes:1.0
cooked:1.0
case:1.0
event:1.0
energy:1.0
density:1.0
starlight:1.0
comes:1.0
microwave:1.0
background:1.0
believe:1.0
correct:1.0
yeah:1.0
weird:1.0
coincidence:1.0
lets:1.0
see:1.0
hands:1.0
time:1.0
tvf:1.0
