prb:1.0
access.digex.net:1.0
pat:1.6931471805599454
subject:1.0
political:1.6931471805599454
banner:1.0
space:1.0
well:1.0
better:1.0
get:1.0
shuttle:1.6931471805599454
launch:1.6931471805599454
vehicle:1.0
elvs:1.0
far:1.0
backlog:1.0
messages:1.0
campaign:1.0
season:1.0
candidates:1.0
president:1.0
launched:1.0
one:1.0
right:1.0
around:1.0
wed:1.6931471805599454
getting:1.0
perot:1.0
92:1.0
used:1.0
seeing:1.0
launches:1.0
nixon:1.0
ever:1.0
