prb:1.0
access.digex.net:1.0
pat:1.6931471805599454
subject:1.0
vandalizing:1.0
sky:1.6931471805599454
article:1.0
c6bir5.inc.1:1.0
cs.cmu.edu:1.0
18084tm:1.0
msu.edu:1.0
tom:1.0
writes:1.0
hand:1.0
lived:1.6931471805599454
oakbrook:1.0
il:1.0
zoning:1.0
laws:1.0
prohibit:1.0
billboards:1.0
mention:1.0
think:1.0
fine:1.0
law:1.0
despite:1.0
contradictory:1.0
basis:1.0
nice:1.0
sleepy:1.0
farm:1.0
valley:1.0
butler:1.0
family:1.0
decided:1.0
stick:1.0
sorts:1.0
really:1.0
tacky:1.0
high:1.0
rise:1.0
office:1.0
buildings:1.0
ruin:1.0
view:1.0
guess:1.0
sued:1.0
somebody:1.0
