howard:1.6931471805599454
sharps.astro.wisc.edu:1.0
greg:1.6931471805599454
subject:1.0
gamma:1.6931471805599454
ray:1.0
bursters:1.0
energetic:2.09861228866811
could:2.09861228866811
article:1.6931471805599454
1993apr26.200406.1:1.0
vax1.mankato.msus.edu:1.6931471805599454
belgarath:1.0
writes:1.6931471805599454
1rgvjsinnbhq:1.0
senator-bedfellow.mit.edu:1.0
jfc:1.0
athena.mit.edu:1.0
john:1.0
f:1.0
carr:1.0
much:1.6931471805599454
energy:2.09861228866811
burster:1.0
put:2.386294361119891
know:1.6931471805599454
depends:1.0
distance:1.0
unknown:1.0
answer:1.0
form:1.0
x:1.0
ergs:1.0
per:1.0
megaparsec^2:1.0
ok:1.0
different:1.0
spheres:1.0
r=.25pc:1.0
oort:1.0
cloud:1.0
radius:1.6931471805599454
r=22.5pc:1.0
edge:1.6931471805599454
galaxy:1.0
r=183.5pc:1.0
galactic:1.0
corona:1.0
lastly:1.6931471805599454
r=8800mpc:1.0
25:1.0
pc:1.0
found:1.6931471805599454
l:1.0
around:2.09861228866811
10^32:1.0
erg/sec:1.6931471805599454
pretty:1.0
close:1.0
coronal:1.0
model:1.6931471805599454
10^43:1.0
cosmological:1.0
l=10^53:1.0
thats:1.6931471805599454
youd:1.6931471805599454
call:1.0
moderately:1.0
id:1.0
say:1.0
suggestions:1.0
one:1.0
second:1.0
jeremy:1.0
supernovae:1.0
10^53:1.0
10^54:1.0
forget:1.0
order:1.0
magnitude:1.0
rays:1.0
though:1.0
hafta:1.0
get:1.6931471805599454
gammas:2.386294361119891
9:1.6931471805599454
mpc:1.6931471805599454
decent:1.0
fraction:1.0
sn:1.6931471805599454
output:1.0
reasonably:1.0
extragalactic:1.0
closer:1.0
dunno:1.0
theory:1.0
well:1.0
cant:1.0
think:1.0
many:1.0
maybe:1.0
look:1.0
big:1.0
radio:1.6931471805599454
galaxies:1.0
10^46:1.0
erg/s:1.0
continually:1.0
lot:1.0
bursts:1.0
nah:1.0
neither:1.0
taken:1.0
explanations:1.0
trying:1.0
show:1.0
energies:1.0
produced:1.0
things:1.0
