gkm:1.6931471805599454
wampyr.cc.uow.edu.au:1.0
glen:1.6931471805599454
k:1.0
moore:1.6931471805599454
subject:1.0
fax/email:1.0
wanted:1.0
louis:1.0
friedman/planetary:1.0
society:1.0
available:1.0
please:1.0
send:1.0
director:1.0
science:1.0
centre:1.0
wollongong:1.0
australia:1.0
fax:1.0
61:1.0
42:1.0
213151:1.0
email:1.0
cc.uow.edu.au:1.0
