davem:1.6931471805599454
ee.ubc.ca:1.6931471805599454
dave:1.6931471805599454
michelson:1.6931471805599454
subject:1.0
mothership:1.0
flybys:1.0
cutting:1.0
costs:1.0
article:1.0
c6dtd0.hhi:1.0
zoo.toronto.edu:1.6931471805599454
henry:1.6931471805599454
spencer:1.0
writes:1.0
voyagers:1.6931471805599454
exploited:1.0
lineup:1.0
occurs:1.0
every:1.0
couple:1.0
centuries:1.0
even:1.0
voyager:1.6931471805599454
2:1.6931471805599454
took:1.0
rather:1.0
indirect:2.09861228866811
route:1.0
neptune:1.0
compared:1.0
traverse:1.0
substantially:1.0
greater:1.0
distance:1.0
say:1.0
hohmann:1.0
orbit:1.0
ive:1.0
never:1.0
heard:1.0
path:1.0
described:1.0
university:1.0
british:1.0
columbia:1.0
