prb:1.0
access.digex.net:1.0
pat:1.6931471805599454
subject:1.0
combo:1.0
propulsion:1.0
system:1.0
difficult:1.0
would:1.0
solar:1.6931471805599454
sail:1.6931471805599454
mission:1.0
say:1.6931471805599454
mercury:1.6931471805599454
much:1.0
23:1.0
km/s:1.0
delta:1.0
v:1.0
eat:1.0
could:1.0
handle:1.0
adiscovery:1.0
bus:1.0
drop:1.0
orbit:1.6931471805599454
good:1.0
enough:1.0
rockets:1.0
put:1.0
form:1.0
polar:1.0
