wohlmuth:1.6931471805599454
cehpx10:1.0
walter:1.6931471805599454
subject:1.0
large:1.0
accelerations:1.6931471805599454
revisited:1.0
cant:1.0
aircraft:1.0
designed:1.0
pilot:2.09861228866811
always:1.0
maintained:1.0
upright:1.0
position:1.0
perpendicular:1.0
plane:1.0
acceleration:1.0
visual:1.0
helmets:1.0
used:1.0
display:1.0
flight:1.0
parameters:1.0
keyboard:1.0
manuvering:1.0
equipment:1.0
moving:1.0
may:1.0
able:1.0
function:1.0
excess:1.0
12g:1.0
anyone:1.0
currently:1.0
pursuing:1.0
area:1.0
reason:1.0
impossible:1.0
present:1.0
time:1.0
wohlmuthwalter:1.0
capone.ccsm.uiuc.edu:1.0
u:1.0
illinois:1.0
urbana-champaign:1.0
