prb:1.0
access.digex.net:1.0
pat:1.6931471805599454
subject:1.0
electrical:1.0
spacecraft:1.0
via:1.0
magnetic:1.0
field:1.0
earth:1.0
article:1.0
c6df6w.bur:1.0
zoo.toronto.edu:1.6931471805599454
henry:1.6931471805599454
spencer:1.0
writes:1.0
dragless:2.386294361119891
satellite:1.0
magically:1.0
drag:2.09861228866811
burns:1.0
fuel:1.0
constantly:1.0
fight:1.0
maintaining:1.0
exact:1.0
orbit:1.0
would:1.0
quotes:1.0
around:1.0
didnt:1.0
exactly:1.0
follow:1.0
satellitte:1.0
thread:1.0
point:1.0
used:1.0
laser:1.0
geodesy:1.0
missions:1.0
triad:1.0
seemed:1.0
sort:1.0
navy:1.0
navigation:1.0
bird:1.0
update:1.0
orbital:1.0
parameters:1.0
