steve:1.6931471805599454
bcsfse.ca.boeing.com:1.0
lecompte:1.0
subject:1.0
boeing:2.791759469228055
tsto:1.0
words:1.6931471805599454
chairman:1.0
article:1.0
schumach.736269085:1.0
convex.convex.com:1.0
schumach:1.0
convex.com:1.0
richard:1.0
schumacher:1.0
writes:1.0
description:1.0
study:1.0
two-staged:1.0
spaceplane:1.0
using:1.0
supersonic:1.0
ramjets:1.0
deleted:1.0
seriously:1.0
thinking:1.0
reliable:1.0
less-expensive:1.0
access:1.0
orbit:1.0
like:1.0
fool:1.0
around:1.0
exotic:1.6931471805599454
airplanes:1.6931471805599454
means:1.0
something:1.0
called:1.0
foresight:1.0
vision:1.0
became:1.0
success:1.0
today:1.0
working:1.0
call:1.0
