perky:1.6931471805599454
acs.bu.edu:1.6931471805599454
melissa:1.6931471805599454
sherrin:1.6931471805599454
subject:1.0
moon:1.0
image:1.6931471805599454
weather:1.0
sat:1.0
im:1.0
afraid:1.0
able:1.0
find:1.0
gifs:1.0
list:1.0
updated:1.0
weekly:1.0
perhaps:1.0
missing:1.0
something:1.0
