keithley:2.386294361119891
apple.com:1.6931471805599454
craig:2.09861228866811
subject:1.0
aurora:1.6931471805599454
gif:1.6931471805599454
request:1.0
someone:1.0
scanned:1.0
artists:1.0
rendering:1.0
available:1.0
somewhere:1.0
please:1.0
reply:1.0
via:1.0
email:1.0
thanks:1.0
looks:1.0
could:1.0
kill:1.0
probably:1.0
apple:1.0
computer:1.0
inc:1.0
games:1.0
without:1.6931471805599454
frontiers:1.0
war:1.0
tears:1.0
peter:1.0
gabriel:1.0
third:1.0
album:1.0
1980:1.0
