jennifer:2.09861228866811
arts.com:1.0
witt:1.0
subject:1.0
space:2.386294361119891
camp:1.6931471805599454
im:1.0
replying:1.0
someone:1.0
asked:1.0
information:1.0
brochure:1.0
different:1.0
schedules:1.0
age:1.0
level:1.0
program:1.0
want:1.0
know:1.0
schedule:1.0
missions:1.0
5:1.0
8:1.0
days:1.0
long:1.0
address:1.0
huntsville:1.6931471805599454
alabama:1.0
science:1.0
exhibit:1.0
commission:1.0
u.s:1.0
rocket:1.0
center:1.0
one:1.0
tranquility:1.0
base:1.0
al:1.0
35807:1.0
mean:1.0
