elowitz:1.6931471805599454
noao.edu:1.0
mark:1.0
subject:1.0
need:1.0
help:1.6931471805599454
finding:1.0
address:1.6931471805599454
could:1.0
someone:1.0
please:1.0
trying:1.0
find:1.0
tdrs:1.0
receiving:1.0
station:1.0
white:1.0
sands:1.0
missile:1.0
range:1.0
interested:1.0
possible:1.0
employment:1.0
would:1.0
like:1.0
write:1.0
information:1.0
thanks:1.0
