keith.stein:1.0
f118.n109.z1.permanet.org:1.0
keith:1.0
stein:1.0
subject:1.0
gps:1.6931471805599454
launch:1.6931471805599454
next:1.0
scheduled:1.0
june:1.0
24th:1.0
origin:1.0
va:1.0
astronomy:1.0
club:1.0
703-256-4777:1.0
1:109/118:1.0
