henry:2.6094379124341005
zoo.toronto.edu:1.6931471805599454
spencer:1.6931471805599454
subject:1.0
vandenberg:2.09861228866811
launches:1.6931471805599454
article:1.0
1993may15.210927.23846:1.0
mri.com:1.6931471805599454
paulc:1.0
paul:1.0
carroll:1.0
writes:1.0
know:1.0
phone:1.0
numbers:1.0
etc:1.0
get:1.0
kennedy/canaveral:1.0
launch:1.6931471805599454
information:1.0
equivalent:1.0
way:1.0
finding:1.0
bear:1.0
mind:1.0
lot:1.0
traffic:1.0
military:1.0
least:1.0
semi-secret:1.0
arent:1.0
interested:1.0
publicizing:1.0
beforehand:1.0
svr4:1.0
resembles:1.0
high-speed:1.0
collision:1.0
u:1.0
toronto:1.0
zoology:1.0
svr3:1.0
sunos:1.0
dick:1.0
dunn:1.0
utzoo:1.0
