pgf:1.6931471805599454
srl03.cacs.usl.edu:1.0
phil:1.6931471805599454
g:1.0
fraering:1.6931471805599454
subject:1.0
henry:1.6931471805599454
spencer:1.0
anyway:1.0
someone:1.0
named:1.0
hansk:1.0
asked:1.0
pictures:1.0
well:1.0
archive:1.0
portraits:1.0
xfaces:1.0
format:1.0
ftp.uu.net:1.0
spencers:1.0
picture:1.0
somewhere:1.0
along:1.0
several:1.0
thousand:1.0
others:1.0
dont:1.0
remember:1.6931471805599454
path:1.0
though:1.6931471805599454
easy:1.0
find:1.0
seems:1.0
use:1.0
internet:1.0
uucp:1.0
addresses:1.0
number:1.0
one:1.0
good:1.0
faith:1.0
convert:1.0
srl02.cacs.usl.edu|you:1.0
tortured:1.0
demons:1.0
anon:1.0
mahen:1.0
missionary:1.0
