0004651657:1.0
mcimail.com:1.6931471805599454
artstone:1.0
collective:1.0
subject:1.0
near:1.0
miss:1.0
asteroids:1.6931471805599454
chance:1.0
answered:1.0
request:1.0
neo:1.0
last:1.0
two:1.0
days:1.0
please:1.0
send:1.0
directly:1.0
mistake:1.0
deleted:1.0
instead:1.0
read:1.0
space-request:1.0
messages:1.0
thanks:1.0
sorry:1.0
harry:1.0
g:1.0
osoff:1.0
science:1.0
technology:1.0
editor:1.0
access:1.0
news:1.0
network:1.0
jukebox:1.0
