jcm:1.0
head-cfa.harvard.edu:1.0
jonathan:1.6931471805599454
mcdowell:1.0
subject:1.0
sts-57:1.0
inclination:2.09861228866811
article:1.0
1993may14.023220.1:1.0
vax1.tcd.ie:1.6931471805599454
apryan:1.0
primary:1.0
payload:1.0
spacehab:1.0
1:1.0
eureca:1.6931471805599454
1-r:1.0
57:1.6931471805599454
degrees:2.09861228866811
seen:1.0
elsewhere:1.0
28:1.6931471805599454
correct:1.0
hmmm:1.0
atlantis:1.0
left:1.0
degree:1.0
orbit:1.0
retrieving:1.0
going:1.0
really:1.0
fun:1.0
fly:1.0
torque:1.0
canadarm:1.0
