ghelf:1.6931471805599454
violet.berkeley.edu:1.6931471805599454
rd48:1.0
subject:1.0
soyuz:1.6931471805599454
shuttle:1.6931471805599454
comparisons:1.0
guys:1.0
talking:1.0
soviet:1.6931471805599454
called:1.0
buran:1.0
means:1.0
snow:1.0
storm:1.0
least:1.0
thats:1.0
call:1.0
russian:1.0
tv:1.0
gavin:1.0
helf:1.0
uc:1.0
berkeley:1.0
political:1.0
science:1.0
berkeley-stanford:1.0
program:1.0
studies:1.0
