richard:1.6931471805599454
cs.arizona.edu:1.0
j:1.0
shank:1.0
subject:1.0
space:1.6931471805599454
marketing:1.0
would:1.0
wonderfull:1.0
see:1.0
emblazened:1.0
across:1.0
evening:1.0
sky:1.0
rent:1.0
