tony2:1.6931471805599454
prefect.cc.bellcore.com:1.0
gozdz:1.0
antoni:1.0
subject:1.0
space:1.6931471805599454
marketing:1.6931471805599454
boycott:1.0
article:1.0
c74ran.4qa:1.0
ucdavis.edu:1.0
ez012344:1.0
hamlet.ucdavis.edu:1.0
dan:1.6931471805599454
herrin:1.0
writes:1.0
ad:1.0
proposed:1.0
undoubtedly:1.0
sickest:1.0
thing:1.0
come:1.0
pipe:1.0
years:1.0
best:1.0
reason:1.0
resurrecting:1.0
star:1.0
wars:1.0
killer:1.0
satellite:1.0
system:1.0
dont:1.0
activist:1.0
guys:1.0
cut:1.0
misc.invest:1.0
thread:1.0
didnt:1.0
offer:1.0
shares:1.0
sale:1.0
yet:1.0
tony:1.0
cc.bellcore.com:1.0
