dan:1.6931471805599454
gaubatz:1.6931471805599454
dgaubat1:1.6931471805599454
cc.swarthmore.edu:1.6931471805599454
subject:1.0
space:1.6931471805599454
marketing:1.0
boycott:1.0
reasons:1.0
humans:1.0
think:1.0
place:1.0
control:1.0
everything:1.0
doubt:1.0
advertising:1.6931471805599454
worse:1.0
kind:1.0
lot:1.0
harder:1.0
escape:1.0
probably:1.0
blatant:1.0
example:1.0
yet:1.0
disregard:1.0
fact:1.6931471805599454
creaters:1.0
universe:1.0
annoying:1.0
little:1.0
species:1.0
arent:1.0
itty:1.0
bitty:1.0
programmer:1.0
guy:1.0
geometry:1.0
forum:1.0
swarthmore:1.0
college:1.0
