raptor:1.0
rlove:1.0
robert:1.0
b:1.0
love:1.0
subject:1.0
astronauts:1.0
weightlessness:1.0
feel:1.0
article:1.0
1so442:1.0
3qm:1.0
access.digex.net:1.6931471805599454
prb:1.0
pat:1.6931471805599454
writes:1.0
adaptation:1.0
trainer:1.0
dr:1.0
harm:1.0
msc:1.0
oops:1.0
mean:1.0
jsc:1.6931471805599454
aptly:1.0
named:1.6931471805599454
person:1.0
went:1.0
thru:1.0
spinning:1.0
chair:1.0
tests:1.0
phd:1.0
charge:1.0
milt:1.0
reshke:1.0
technician:1.0
strapped:1.0
occasion:1.0
inserted:1.0
probe:1.0
needle:1.0
bev:1.0
bloodworth:1.0
