holmes7000:1.0
iscsvax.uni.edu:1.0
subject:1.0
win:1.6931471805599454
3.0:1.6931471805599454
icon:1.0
help:1.6931471805599454
please:1.6931471805599454
downloaded:1.0
several:1.0
icons:1.6931471805599454
bmps:1.0
cant:1.0
figure:1.0
change:1.0
wallpaper:1.0
use:1.0
would:1.0
appreciated:1.0
thanx:1.0
brando:1.0
ps:1.0
e-mail:1.0
