kburg:1.6931471805599454
aelmg.adelaide.edu.au:1.6931471805599454
kym:2.09861228866811
burgemeister:1.6931471805599454
subject:1.0
actix:2.386294361119891
video:1.6931471805599454
card:2.09861228866811
drivers:2.791759469228055
windows:1.6931471805599454
1993apr24.114156.19354:1.0
jarvis.csri.toronto.edu:1.0
wongda:1.0
eecg.toronto.edu:1.0
daniel:1.6931471805599454
y.h:1.6931471805599454
wong:1.6931471805599454
writes:1.0
looking:1.0
latest:1.0
graphics:1.0
accelerator:1.0
driver:1.0
currently:1.0
using:2.09861228866811
version:1.0
1.21:1.0
doesnt:1.0
support:1.6931471805599454
256:1.0
colors:1.0
1024x768:1.0
mode:1.0
even:1.0
2mb:1.0
memory:1.0
bbs:1.0
unbelievable:1.0
still:1.0
2400bps:1.0
modem:1.0
take:1.0
hours:1.0
download:1.0
hurts:1.0
calling:1.0
long:1.0
distance:1.0
ftp:1.6931471805599454
site:1.6931471805599454
collection:1.0
btw:1.0
anyone:1.0
like:1.0
far:1.0
good:1.0
uoft:1.0
416:1.0
978-1659:1.0
anybody:1.0
listening:1.0
upload:1.0
dang:1.0
pleeeeeeese:1.0
cheers:1.0
department:1.0
mechanical:1.0
engineering:1.0
university:1.0
adelaide:1.0
south:1.0
australia:1.0
ph:1.0
61:1.6931471805599454
8:1.6931471805599454
228:1.0
4713:1.0
5005:1.0
facs:1.0
224:1.0
0464:1.0
e-mail:1.0
