yeoy:1.0
a.cs.okstate.edu:1.0
yeo:1.0
yek:1.6931471805599454
chong:1.6931471805599454
subject:1.0
kermit:1.6931471805599454
available:1.0
windows:1.0
3.0/3.1:1.0
article:1.0
a4fm3b1w165w:1.0
vicuna.ocunix.on.ca:1.6931471805599454
steve:1.0
frampton:1.6931471805599454
wondering:1.0
package:1.6931471805599454
actual:1.0
yes:1.0
usual:1.0
ftp:1.0
sites:1.0
