subject:1.0
win:1.6931471805599454
storm:1.6931471805599454
pc:1.6931471805599454
srini:2.09861228866811
shannon.tisl.ukans.edu:1.0
seetharam:1.0
anyone:1.0
info:1.6931471805599454
video/sound:1.0
card:1.6931471805599454
sigma:1.0
designs:1.0
called:1.6931471805599454
also:1.0
another:1.0
legend:1.0
24lx:1.0
would:1.0
appreciated:1.0
incuding:1.0
performance:1.0
pricing:1.0
availability:1.0
thanks:1.0
