ez003045:1.0
othello.ucdavis.edu:1.0
james:1.6931471805599454
e:1.6931471805599454
lee:1.6931471805599454
subject:1.0
program:1.0
manager:1.0
problem:1.0
anyone:1.0
know:1.0
configure:1.0
dos:1.0
app:1.0
progman:1.0
one:1.0
instance:1.0
running:1.0
time:1.0
id:1.0
really:1.0
appreciate:1.0
help:1.0
would:1.0
prefer:1.0
responses:1.0
email:1.6931471805599454
big:1.0
deal:1.0
least:1.0
well:1.0
posting:1.0
thank:1.0
jelee:1.0
hamlet.ucdavis.edu:1.0
swear:1.0
life:1.0
love:1.0
never:1.0
live:1.6931471805599454
sake:1.0
another:1.6931471805599454
man:1.6931471805599454
ask:1.0
mine:1.0
john:1.0
galt:1.0
atlas:1.0
shrugged:1.0
