subject:1.0
win31:1.0
doublespace:1.6931471805599454
edowdy:1.0
vax1.umkc.edu:1.0
article:1.0
4363:1.0
hpwala.wal.hp.com:1.0
chrisa:1.0
hpwarr.hp.com:1.0
chris:1.6931471805599454
almy:1.0
writes:1.0
although:1.0
trust:1.6931471805599454
hard:1.0
disks:1.0
sounds:1.0
great:1.0
floppies:1.0
thouoght:1.0
mount:1.6931471805599454
disk:1.0
anoying:1.0
something:1.0
deal:1.0
problem:1.0
arises:1.0
windows:1.6931471805599454
way:1.0
unmount:1.0
part:1.0
upgrades:1.0
soon:1.0
available:1.0
vendors:1.0
cant:1.0
see:1.0
would:1.0
safer:1.0
previous:1.0
compression:1.0
programs:1.0
integrates:1.0
kernal:1.0
makes:1.0
nearly:1.0
impossible:1.0
delete:1.0
