subject:1.0
smartdrv.exe:1.0
causing:1.6931471805599454
bad:2.09861228866811
sectors:2.386294361119891
hd:1.0
jdriver:2.09861228866811
netlink.cts.com:1.6931471805599454
john:1.6931471805599454
driver:2.09861228866811
something:1.6931471805599454
unusual:1.0
happen:1.0
first:1.0
background:1.0
system:1.6931471805599454
mitsubishi:1.0
63:1.0
meg:1.0
hard:2.6094379124341005
drive:2.6094379124341005
running:1.0
smartdrv:2.09861228866811
version:1.0
comes:1.0
windows:1.6931471805599454
3.1:1.0
rarely:1.0
use:1.6931471805599454
program:3.302585092994046
called:1.0
disk:1.6931471805599454
technician:1.6931471805599454
gold:1.6931471805599454
v1.14:1.0
diagnostics:1.0
live:1.0
time:1.6931471805599454
works:1.0
device:1.0
detect:1.6931471805599454
whenever:1.0
one:1.0
read:2.386294361119891
necessary:1.0
file:2.09861228866811
anything:1.6931471805599454
else:1.0
wrong:1.6931471805599454
minor:1.0
problems:1.0
fully:1.6931471805599454
checked:1.0
upon:1.0
rebooting:1.0
notorious:1.0
usually:1.0
end:1.0
8:1.0
new:1.6931471805599454
week:1.0
heres:1.0
happened:1.6931471805599454
ran:1.6931471805599454
dtg:2.9459101490553135
broke:1.0
emergency:1.0
warning:1.0
recommended:1.6931471805599454
reboot:1.6931471805599454
gave:1.0
message:1.6931471805599454
twice:1.0
loaded:2.386294361119891
exited:1.0
went:2.386294361119891
bootup:1.0
process:1.0
examining:1.0
errors:2.791759469228055
etc:1.0
screen:1.0
popped:1.0
said:1.0
brief:1.0
period:1.0
back:1.0
executed:1.6931471805599454
exact:1.0
error:1.6931471805599454
detected:2.386294361119891
rebooted:1.6931471805599454
tried:1.0
removed:1.6931471805599454
memory:1.0
see:1.6931471805599454
could:1.0
sure:1.0
enough:1.6931471805599454
number:1.0
attempts:1.0
reloaded:1.0
cache:2.6094379124341005
either:1.0
audible:1.0
quit:1.0
ok:1.0
detects:1.0
doesnt:1.0
fix:1.0
interfering:1.0
files:2.09861228866811
xtree:1.0
tagged:1.0
searched:1.0
random:1.0
string:1.0
words:1.0
wanted:1.0
completely:1.0
every:1.6931471805599454
got:1.0
cs:1.0
least:1.0
six:1.0
anybody:1.0
idea:1.0
misreads:1.6931471805599454
oh:1.0
exactly:1.0
two:1.0
per:1.0
1:1.0
100:1.0
affected:1.0
originally:1.0
posted:1.0
corp.s:1.0
figured:1.0
someone:1.0
netland:1.0
may:1.0
know:1.0
help:1.0
internet:1.0
uucp:1.0
ryptyde:1.0
netlink:1.6931471805599454
online:1.0
communications:1.0
public:1.0
access:1.0
san:1.0
diego:1.0
ca:1.0
619:1.0
453-1115:1.0
