paladin:1.6931471805599454
world.std.com:1.6931471805599454
thomas:1.0
g:1.0
schlatter:1.0
subject:1.0
newsgroup:1.6931471805599454
archive:1.0
archived:1.0
anywhere:1.0
beyond:1.0
normal:1.0
expiration:1.0
dates:1.0
say:1.0
last:1.0
6:1.0
months:1.0
thanks:1.0
tom:1.0
