pwb:2.09861228866811
aerg.canberra.edu.au:1.6931471805599454
paul:1.6931471805599454
blackman:1.6931471805599454
subject:1.0
workspace:2.386294361119891
managers:2.386294361119891
win:1.0
3.1:1.6931471805599454
locations:1.6931471805599454
article:1.0
1993apr27.152233.906:1.0
bert.eecs.uic.edu:1.0
write:1.0
cah:1.0
tactix.rain.com:1.0
chris:1.0
huey:1.0
writes:1.0
jamie:1.6931471805599454
scuglia:1.0
zikzak.apana.org.au:1.0
wrote:1.0
thanks:1.0
people:1.6931471805599454
recommended:1.0
windows:2.6094379124341005
found:2.09861228866811
3:1.6931471805599454
shareware:1.0
australias:1.0
ms-windows:1.0
archive:1.0
monu6.cc.monash.edu.au:1.0
mirrors:1.6931471805599454
sites:1.0
u.s:1.0
three:1.0
1:1.0
workspaces:1.0
1.10:1.0
wspace.zip:1.0
review:2.09861228866811
deleted:2.09861228866811
2:1.0
workshift:1.0
1.6:1.6931471805599454
wrksft16.zip:1.0
bigdesk:1.6931471805599454
2.30:1.0
backmenu:2.09861228866811
backdesk.zip:1.6931471805599454
really:1.0
appreciate:1.0
information:1.0
however:1.0
given:1.0
dont:1.6931471805599454
direct:1.0
internet:1.0
access:1.6931471805599454
means:1.6931471805599454
archie:1.0
must:1.0
resort:1.0
using:1.0
ftpmail:1.0
need:1.0
site:1.0
name:1.0
directory:2.09861228866811
located:1.0
cica:2.09861228866811
im:1.6931471805599454
sure:1.6931471805599454
whole:1.0
another:1.0
throw:1.0
running:1.0
topdesk:1.6931471805599454
alsow:1.0
complicated:1.0
backdesk:1.6931471805599454
ive:1.0
stable:1.0
usefull:1.6931471805599454
recomend:1.0
already:1.0
used:1.0
virtual:2.09861228866811
desktop:2.386294361119891
oh:1.0
yeh:1.0
free:1.0
copyright:1.0
microsoft:1.0
sanford:1.0
staab:1.0
carl:1.0
zmola:1.0
cicero.spc.uchicago.edu:1.0
ok:1.0
applications:1.0
wrksft16:1.0
zip:2.386294361119891
39798:1.0
920915:1.0
wokshift:1.0
graphical:1.0
ver:1.0
email:1.0
author:1.0
version:1.6931471805599454
2.0:1.6931471805599454
desk240:1.0
164690:1.0
921103:1.0
tools:1.0
3.x:1.0
2.4:1.0
later:1.0
51051:1.0
920723:1.0
finder:1.6931471805599454
930329:1.0
mac:1.0
clone:1.0
works:1.0
well:1.0
also:1.0
look:1.0
superbar:1.0
due:1.0
soon:1.0
allows:1.0
button:1.0
bars:1.0
added:1.0
almost:1.0
application:1.0
science.canberra.edu.au:1.0
water:1.0
research:1.0
centre:1.0
faculty:1.0
applied:1.0
science:1.0
university:1.0
canberra:1.0
australia:1.0
spend:1.0
little:1.0
love:1.0
get:1.0
high:1.0
lenny:1.0
kravitz:1.0
