subject:1.6931471805599454
hiragana/katakana:1.6931471805599454
tt:1.6931471805599454
fonts:2.09861228866811
kwan1:1.0
cs.aukuni.ac.nz:1.0
keith:1.0
stuart:1.0
wansbrough:1.0
newsgroups:1.0
comp.os.ms-windows.misc:1.0
keywords:1.0
hiragana:1.6931471805599454
katakana:1.6931471805599454
truetype:1.6931471805599454
japanese:1.6931471805599454
obtain:1.0
phonetic:1.0
character:1.0
note:1.0
receive:1.0
mail:1.0
address:1.0
header:1.0
send:1.0
kw:1.0
8:1.0
