subject:1.0
boot-up:1.0
sometimes:1.6931471805599454
fails:1.0
cs416530:1.0
lux.latrobe.edu.au:1.0
matthew:1.6931471805599454
gillard:1.6931471805599454
boot:1.0
windows:2.09861228866811
3.1:1.0
logo:1.0
comes:1.0
han:1.0
gs:1.0
using:1.0
dos:1.6931471805599454
6:1.6931471805599454
doublespace:1.0
5:1.0
meg:1.0
temp:1.0
swap:1.0
file:1.0
uncompressed:1.0
drive:1.0
press:1.0
reset:1.0
button:1.0
computer:1.6931471805599454
boots:1.0
fine:1.0
blessed:1.0
run:1.0
around:1.0
systems:1.0
engineering:1.0
circles:1.0
shall:1.0
la:1.0
trobe:1.0
university:1.0
known:1.0
wheels:1.0
