yuan:2.09861228866811
wiliki.eng.hawaii.edu:1.6931471805599454
maw:1.0
ying:1.0
subject:1.0
replacement:1.0
program:1.6931471805599454
manager:2.386294361119891
file:1.6931471805599454
hi:1.0
could:1.0
someone:1.0
please:1.0
suggest:1.0
one:1.0
better:1.0
shareware:1.0
replacements:1.0
win3.1s:1.0
ftp:1.0
site:1.0
located:1.0
thanks:1.0
advance:1.0
e-mail:1.0
response:1.0
