raman:2.6094379124341005
cs.cornell.edu:1.6931471805599454
v:1.6931471805599454
subject:1.0
screenreading:1.0
programs:1.6931471805599454
ms:1.0
windows:1.6931471805599454
hi:1.0
use:1.0
pc:1.0
screen:2.09861228866811
access:1.6931471805599454
program:1.0
ibm:1.0
reader:1.0
speech:1.0
synthesizer:1.0
accent:1.0
sa:1.0
would:1.6931471805599454
like:1.6931471805599454
find:1.6931471805599454
platform:1.0
heard:1.0
couple:1.0
beta:1.0
testing:1.0
addresses/prices:1.0
etc:1.0
thanks:1.0
tel:1.0
607:1.0
255-9202:1.0
r:1.0
272-3649:1.0
office:1.0
4116:1.0
upson:1.0
hall:1.0
department:1.0
computer:1.0
science:1.0
cornell:1.0
university:1.0
ithaca:1.6931471805599454
ny:1.6931471805599454
14853-6201:1.0
res:1.0
226:1.0
bryant:1.0
avenue:1.0
14850:1.0
