farley:2.386294361119891
access.digex.com:1.6931471805599454
charles:1.6931471805599454
u:1.6931471805599454
subject:1.0
get:1.0
ati:2.09861228866811
card:1.0
video:1.6931471805599454
drivers/fonts:1.0
anyone:1.6931471805599454
know:1.6931471805599454
ftp:1.0
somehow:1.0
else:1.0
acquire:1.0
latest:1.0
drivers:1.0
fonts:1.0
svga:1.0
adapter:1.0
floppy:1.0
windows:1.0
3.0:1.0
still:1.0
business:1.0
thanks:1.0
average:1.0
iq:1.0
calgary:1.0
board:1.0
ed:1.0
employee:1.0
65:1.0
