huebner:2.09861228866811
informatik.uni-stuttgart.de:1.6931471805599454
ralf:1.6931471805599454
subject:1.0
3852:1.0
driver:1.6931471805599454
wanted:1.0
hello:1.0
im:1.0
looking:1.0
ibm:1.0
3852-2:1.0
color:1.0
ink:1.0
jet:1.0
printer:1.0
pointers:1.0
welcome:1.0
thanks:1.0
advance:1.0
