e92_tbo:1.0
elixir.e.kth.se:1.0
tage:1.0
borg:1.0
subject:1.6931471805599454
need:1.6931471805599454
longer:2.386294361119891
filenames:2.6094379124341005
article:1.6931471805599454
1rfdkqinn8s2:1.6931471805599454
zephyr.grace.cri.nz:2.386294361119891
maystonr:2.09861228866811
grace.cri.nz:2.09861228866811
richard:1.6931471805599454
mayston:1.6931471805599454
writes:1.6931471805599454
path:1.0
kth.se:1.0
sunic:1.0
pipex:1.0
uunet:1.0
noc.near.net:1.0
howland.reston.ans.net:1.0
wupost:1.0
waikato.ac.nz:1.0
comp.vuw.ac.nz:1.0
usenet:1.0
newsgroups:1.0
comp.os.ms-windows.misc:1.0
message-id:1.0
date:1.0
mon:1.0
26:1.0
apr:1.0
93:1.0
03:24:42:1.0
gmt-1:00:1.0
sender:1.0
references:1.0
1993apr19.211044.28763:1.6931471805599454
guinness.idbsu.edu:1.6931471805599454
765461d518325t9:1.6931471805599454
infoserv.com:2.09861228866811
distribution:1.0
world:1.0
organization:1.0
industrial:1.0
research:1.0
ltd:1.0
new:1.0
zealand:1.0
nntp-posting-host:1.0
rmayston.grace.cri.nz:1.0
lines:1.0
10:1.0
hfeldman:1.0
howard:1.0
mitchell:1.0
feldman:1.0
lhighley:1.0
gozer.idbsu.edu:1.0
larry:1.0
paul:1.0
highley:1.0
wrote:1.0
utility:1.0
let:1.6931471805599454
use:1.6931471805599454
standard:1.0
8.3:1.0
format:1.0
yep:1.6931471805599454
called:1.0
os2:1.0
type:1.0
unix:1.0
maybe:1.6931471805599454
vms:1.0
buy:1.0
mac:1.0
something:1.0
want:1.0
documents:1.0
heard:1.0
wordprocessor:1.6931471805599454
windows:1.0
assign:1.0
long:1.6931471805599454
names:1.0
files:1.0
could:1.0
seen:1.0
programs:1.0
open/save:1.0
dialogs:1.0
though:1.0
someone:1.0
knows:1.0
