cm:1.0
cavsys.demon.co.uk:1.0
colin:1.6931471805599454
manning:1.6931471805599454
subject:1.0
truetype:2.09861228866811
oem:2.09861228866811
font:1.6931471805599454
line:1.6931471805599454
drawing:1.6931471805599454
characters:1.6931471805599454
etc:1.0
wanted:1.0
title:1.0
says:1.0
im:1.0
need:1.0
character:1.6931471805599454
set:1.6931471805599454
ie:1.0
one:1.0
contains:1.0
pc:1.0
similar:1.0
get:1.0
running:1.0
text:1.0
mode:1.0
application:1.0
anyone:1.0
could:1.0
point:1.0
thing:1.0
id:1.0
grateful:1.0
fonts:1.0
included:1.0
windows:1.0
regards:1.0
