doc:1.6931471805599454
magna.com:1.0
matthew:1.0
j:1.0
derrico:1.0
subject:1.0
looking:1.6931471805599454
text:1.6931471805599454
search:1.6931471805599454
engine:1.0
im:1.0
information:1.0
regarding:1.0
engines:1.0
specifically:1.0
id:1.0
prefer:1.0
source:1.0
binaries:1.0
run:1.0
ms-windows:1.0
and/or:1.0
unix:1.0
environment:1.0
scanning:1.0
either:1.0
flat:1.0
files:1.0
common:1.0
db:1.0
structures:1.0
references:1.0
pd:1.0
shareware:1.0
commercial:1.0
implementations:1.0
welcome:1.0
please:1.0
reply:1.0
via:1.0
email:1.0
ill:1.0
summarize:1.0
desired:1.0
thanx:1.0
