mjuric:1.6931471805599454
aisun1.ai.uga.edu:1.0
mark:1.6931471805599454
juric:1.6931471805599454
msai:1.0
subject:1.0
printer:1.0
security:1.0
anyone:1.0
know:1.0
good:1.0
software:1.0
package:1.6931471805599454
allow:1.6931471805599454
us:1.0
keep:2.09861228866811
track:1.0
printing:1.0
way:1.0
get:1.0
print:1.6931471805599454
manager:1.6931471805599454
log:1.6931471805599454
replacement:1.0
access:1.0
system:1.0
people:1.0
password:1.6931471805599454
file:1.0
looked:1.0
chastity:1.0
let:1.0
without:1.0
doesnt:1.0
tabs:1.0
got:1.0
help:1.0
greatly:1.0
appreciated:1.0
a.i:1.0
programs:1.0
ai.uga.edu:1.0
university:1.0
georgia:1.6931471805599454
athens:1.0
30602:1.0
