scr2275:1.0
hertz.njit.edu:1.0
samuel:1.0
c:1.0
ramac:1.0
subject:1.0
terminal:1.6931471805599454
setup:1.6931471805599454
new:1.0
windows:1.6931471805599454
wanted:1.0
know:1.0
program:1.0
modem:1.0
com4:1.0
try:1.0
configure:1.0
inside:1.0
get:1.0
messare:1.0
unsupported:1.0
com:1.0
anyone:1.0
help:1.0
sam:1.0
