dchung:1.0
efi.com:1.0
daniel:1.0
chung:1.0
subject:1.0
bitmap:1.6931471805599454
bmp:1.0
format:1.0
mean:1.0
iuj:1.0
el:1.6931471805599454
ie:1.6931471805599454
kiu:1.0
lando:1.0
demandis:1.0
pri:1.6931471805599454
oj:1.0
kaj:1.0
iu:1.0
fi:1.6931471805599454
finnlando:1.0
respondis:1.0
dirante:1.0
libro:1.0
en:1.0
software:1.6931471805599454
development:2.09861228866811
kit:2.09861228866811
eble:1.0
la:1.6931471805599454
demandinto:1.0
ne:1.0
havas:1.0
elvolvilo:1.0
por:1.0
malmol-varoj:1.0
esperanto:1.0
asked:1.0
bitmaps:1.0
responded:1.0
saying:1.0
book:1.0
int:1.0
possibly:1.0
asker:1.0
gxong:1.0
cxjijaux:1.0
s-ro:1.0
