stever:1.0
ces.cwru.edu:1.0
steven:1.6931471805599454
ruegsegger:1.6931471805599454
subject:1.0
mouse:1.6931471805599454
odometer:1.6931471805599454
hello:1.0
know:1.0
windows:1.0
seen:1.0
one:1.0
mac:1.0
quite:1.0
fun:1.0
records:1.0
distance:1.0
miles:1.0
travels:1.0
use:1.0
thanks:1.0
advance:1.0
steve:1.0
conservative:1.0
young:1.0
smr2:1.0
po.cwru.edu:1.0
heart:1.0
liberal:1.0
old:1.0
brain:1.0
