cpt:1.6931471805599454
tiamat.umd.umich.edu:1.6931471805599454
paul:1.6931471805599454
gubbins:1.6931471805599454
subject:1.0
win:1.0
lock:1.6931471805599454
16:1.6931471805599454
mil:1.0
dia:1.0
stelth24x:1.0
help:2.09861228866811
please:1.0
whenever:1.0
try:1.0
run:1.6931471805599454
windows:2.6094379124341005
useing:1.6931471805599454
million:1.0
color:1.0
mode:1.6931471805599454
drivers:1.6931471805599454
supplyed:1.0
diamond:1.0
stelth:1.0
24x:1.0
requireing:1.0
full:1.0
system:1.0
reset:1.0
break:1.0
v.1.00:1.0
3.1:1.0
version:1.0
setup:1.0
386dx40:1.0
128kcach:1.0
4:1.0
megs:1.0
ram:1.0
14:1.0
svga:1.0
touch:1.0
monitor:1.0
non-interlaced:1.0
ami:1.0
bios:1.0
would:1.0
apreciated:1.0
card:1.6931471805599454
seems:1.0
work:1.0
fine:1.0
modes:1.0
usually:1.0
800x600:1.0
probs:1.0
hopeing:1.0
driver:1.0
problem:1.0
