646379:1.6931471805599454
acadvm1.uottawa.ca:1.6931471805599454
william:1.6931471805599454
f:1.6931471805599454
maton:1.6931471805599454
subject:1.0
changing:1.0
system:2.09861228866811
font:2.09861228866811
hello:1.0
windows:1.6931471805599454
3.1:1.0
wondering:1.0
necessary:1.0
change:1.6931471805599454
default:1.0
something:1.0
else:1.0
obtained:1.0
msc/c:1.0
7.0:1.0
sdk:1.0
id:1.0
really:1.0
like:1.0
get:1.0
feet:1.0
wet:1.0
first:1.0
pro:1.0
gram:1.0
tx:1.0
mercedes-benz:1.0
convertible:1.0
u646379:1.0
csi.uottawa.ca:1.0
unicycle:1.0
