dmittleman:1.0
bpavms.bpa.arizona.edu:1.0
daniel:1.6931471805599454
mittleman:1.6931471805599454
subject:1.0
leaking:1.0
memory:2.386294361119891
resources:3.0794415416798357
3.1:2.386294361119891
may:1.0
faq:1.0
please:1.6931471805599454
direct:1.0
known:1.6931471805599454
answer:1.0
getting:1.6931471805599454
frustrated:1.6931471805599454
looking:1.6931471805599454
help:2.386294361119891
running:1.6931471805599454
win:2.09861228866811
ndw:2.386294361119891
2.2:1.6931471805599454
486sx:1.0
8:1.0
meg:1.6931471805599454
6:1.6931471805599454
perm:1.0
swap:1.0
file:1.0
exceedingly:1.0
applications:2.09861228866811
giving:1.0
back:1.0
system:1.6931471805599454
close:1.0
load:1.0
windows:1.0
start:1.0
83:1.0
available:1.6931471805599454
many:1.0
application:1.0
programs:1.0
run:1.6931471805599454
regularly:1.0
wpwin:1.0
5.2:1.0
vb:1.6931471805599454
2.0:1.6931471805599454
winqvt:1.0
2.8:1.0
lotus:1.0
organizer:1.0
etc:1.0
seem:1.0
return:1.0
exit:1.0
day:1.0
two:1.0
work:1.0
often:1.0
find:1.0
50:1.0
even:1.0
shell:1.0
aware:1.0
problem:1.6931471805599454
suggestions:1.6931471805599454
might:1.0
mitigate:1.0
1:1.0
software:1.6931471805599454
culprit:1.0
modes:1.0
standard:1.0
real:1.0
enhanced:1.0
better:1.6931471805599454
others:1.6931471805599454
plugging:1.0
leak:2.09861228866811
2:1.0
system.ini:1.0
switches:1.0
set:1.0
plug:1.0
3:1.0
people:1.0
know:1.6931471805599454
patches:1.0
third:1.6931471805599454
party:1.6931471805599454
seems:1.6931471805599454
like:2.09861228866811
increasing:1.0
managing:1.0
great:1.0
market:1.0
company:1.0
qemm:1.0
4:1.0
progman:1.0
instead:1.0
subside:1.0
hoping:1.0
would:1.6931471805599454
plugged:1.0
different:1.0
deals:1.0
5:1.0
writing:1.0
code:1.6931471805599454
things:1.0
make:1.0
less:1.0
likely:1.0
eat:1.0
dont:1.0
enough:1.0
ask:1.0
specifically:1.0
thanks:1.0
common:1.0
seen:1.0
little:1.0
discussion:1.0
net:1.0
probably:1.0
read:1.0
answers:1.0
publish:1.0
rather:1.0
sending:1.0
email:1.0
danny:1.6931471805599454
david:1.0
arizona.edu:1.0
602:1.0
621-2932:1.0
