ccastco:1.6931471805599454
prism.gatech.edu:1.6931471805599454
costas:1.6931471805599454
malamas:1.6931471805599454
subject:1.0
windows:2.09861228866811
zip/unzip:1.0
article:1.0
1rl9b6:1.0
h3c:1.0
sol.deakin.oz.au:1.0
russ:2.386294361119891
deakin.oz.au:1.0
sharp:1.6931471805599454
writes:1.0
using:1.6931471805599454
pkzip:2.09861228866811
v2.04:1.0
interested:1.0
hear:1.0
people:1.0
used:1.0
one:1.6931471805599454
many:1.0
programs:1.0
call:2.09861228866811
full:1.0
version:1.6931471805599454
dos:1.6931471805599454
pkzip/pkunzip:1.0
commands:1.0
deakin.edu.au:1.0
ph:1.0
052:1.6931471805599454
27:1.6931471805599454
1141:1.0
fax:1.0
2015:1.0
winzip:1.0
4.0:1.0
ftp.cica.indiana.edu:1.0
pub/pc/win3:1.0
util:1.0
shell:1.6931471805599454
good:1.0
also:1.6931471805599454
arc:1.0
arj:1.0
lzh:1.0
fully:1.0
supports:1.0
2.04:1.0
try:1.0
might:1.0
unobtrusive:1.0
means:1.0
dont:1.0
need:1.0
update:1.0
every:1.0
every-other-letter-of-the-alphabet:1.0
hope:1.0
helps:1.0
georgia:1.0
institute:1.0
technology:1.0
oit:1.6931471805599454
ua:1.0
doesnt:1.0
pay:1.0
enough:1.0
share:1.0
opinions:1.0
internet:1.0
