a-kraus:1.0
uiuc.edu:1.6931471805599454
albert:1.0
l:1.0
kraus:1.0
subject:1.0
codabar:1.6931471805599454
font:1.6931471805599454
hi:1.0
need:1.0
win:1.0
tt:1.0
thanks:1.0
