syzhang:1.6931471805599454
violet.ccit.arizona.edu:1.0
zhang:1.6931471805599454
shiyu:1.6931471805599454
subject:1.0
pcx:2.386294361119891
w4w:1.0
hi:1.0
folks:1.0
question:1.0
generate:1.6931471805599454
file:2.09861228866811
using:1.0
word:1.0
windows:1.6931471805599454
2.0:1.0
know:1.0
select:1.0
postscript:1.0
printer:1.6931471805599454
driver:1.0
get:1.0
ps:1.6931471805599454
capture:1.0
utility:1.6931471805599454
ever:1.0
exists:1.0
transfer:1.0
format:2.09861228866811
tiff:1.0
please:1.0
reply:1.0
e-mail:1.0
give:1.0
summary:1.0
thanks:1.0
ccit.arizona.edu:1.0
