mccall:1.6931471805599454
mksol.dseg.ti.com:1.0
fred:1.0
j:1.0
575-3539:1.0
subject:1.0
leaking:1.0
memory:2.6094379124341005
resources:2.9459101490553135
3.1:2.386294361119891
29apr199309371113:1.0
bpavms.bpa.arizona.edu:1.6931471805599454
dmittleman:1.0
daniel:1.0
mittleman:1.0
writes:1.0
may:1.0
faq:1.0
please:1.6931471805599454
direct:1.0
known:1.6931471805599454
answer:1.0
getting:1.6931471805599454
frustrated:1.6931471805599454
looking:1.6931471805599454
help:2.386294361119891
running:1.0
win:2.09861228866811
ndw:2.386294361119891
2.2:1.6931471805599454
486sx:1.0
8:1.0
meg:1.6931471805599454
6:1.6931471805599454
perm:1.0
swap:1.0
file:1.0
exceedingly:1.0
applications:2.6094379124341005
giving:1.0
back:1.6931471805599454
system:1.6931471805599454
close:1.0
aware:1.0
problem:2.386294361119891
suggestions:1.6931471805599454
might:1.0
mitigate:1.0
1:1.0
software:2.09861228866811
culprit:1.0
modes:1.0
standard:1.0
real:1.6931471805599454
enhanced:1.0
better:1.6931471805599454
others:2.09861228866811
plugging:1.0
leak:2.09861228866811
unfortunately:1.6931471805599454
even:1.0
applets:1.0
ship:1.0
win31:1.0
seem:1.0
ive:1.0
seen:1.6931471805599454
solitaire:1.0
example:1.0
2:1.0
system.ini:1.0
switches:1.0
set:1.0
plug:1.0
none:1.0
know:2.09861228866811
application:1.0
doesnt:1.0
give:1.0
lost:1.0
gone:1.0
forever:1.0
pending:1.0
restart:1.0
windows:1.0
3:1.0
people:1.6931471805599454
patches:1.0
third:1.6931471805599454
party:1.6931471805599454
seems:1.6931471805599454
like:2.09861228866811
increasing:1.0
managing:1.0
great:1.0
market:1.0
company:1.0
qemm:1.0
dont:2.791759469228055
free:1.6931471805599454
lot:1.0
theres:2.09861228866811
bugger:1.0
piece:1.0
4:1.0
run:1.0
progman:1.0
instead:1.0
subside:1.0
hoping:1.0
would:1.6931471805599454
plugged:1.0
different:1.0
2.0:1.0
deals:1.0
usually:1.0
5:1.0
writing:1.0
vb:1.6931471805599454
code:1.6931471805599454
things:1.0
make:1.0
less:1.0
likely:1.0
eat:1.0
books:1.0
written:1.0
one:1.0
general:1.0
sure:1.0
everything:1.0
ask:1.6931471805599454
exit:1.0
understand:1.0
internally:1.0
lose:1.0
way:1.0
avoid:1.0
entirely:1.0
enough:1.0
specifically:1.0
thanks:1.0
common:1.0
little:1.6931471805599454
discussion:1.6931471805599454
net:1.0
probably:1.0
read:1.0
answers:1.0
publish:1.0
rather:1.0
sending:1.0
email:1.0
inevitable:1.0
ms:1.0
manages:1.0
come:1.0
os:1.0
garbage:1.0
collection:1.0
something:1.0
resource:1.0
pool:1.0
insisting:1.0
perfect:1.0
safety:1.0
balls:1.0
live:1.0
world:1.0
mary:1.0
shafer:1.0
nasa:1.0
ames:1.0
dryden:1.0
fred.mccall:1.0
dseg.ti.com:1.0
speak:1.6931471805599454
