kjell:2.386294361119891
hut.fi:1.6931471805599454
ljungqvist:1.0
subject:1.0
bj10:1.0
lbp-4:1.6931471805599454
pr.drivers:1.0
needed:1.0
hello:1.0
could:1.6931471805599454
anybody:1.0
kind:1.0
tell:1.0
date:1.0
possible:1.0
ftp-location:1.0
recent:1.0
win:1.0
3.1:1.0
printer:1.0
drivers:1.0
canon:1.6931471805599454
bj-10e:1.0
would:1.0
really:1.0
appreciate:1.0
help:1.0
thanks:1.0
advance:1.0
niksula.hut.fikjell:1.0
vipunen.hut.fi:1.0
