ajayshah:1.6931471805599454
almaak.usc.edu:1.0
ajay:1.6931471805599454
shah:1.6931471805599454
subject:1.0
info:1.0
dos/msw:1.0
meltdown:1.0
progressing:1.0
nicely:1.0
preferred:1.0
applications:1.0
development:1.0
platform:1.0
according:1.0
432:1.0
fortune:1.0
1000:1.0
corporations:1.0
survey:1.6931471805599454
sentry:1.0
market:1.6931471805599454
research:1.0
percentages:1.0
1992:1.0
1993:2.386294361119891
unix:2.6094379124341005
18:1.6931471805599454
28:1.6931471805599454
mainframe:1.6931471805599454
35:1.0
22:1.0
dos:1.6931471805599454
msw:1.0
24:1.0
os/2:1.0
8:1.0
17:1.0
midrange:1.6931471805599454
14:1.6931471805599454
corporate:1.0
computing:1.0
may:1.6931471805599454
page:1.0
interesting:1.6931471805599454
see:1.0
greatest:1.0
vapour-project:1.0
world:2.09861228866811
able:1.0
make:1.0
much:1.0
difference:1.0
think:1.0
rag:1.0
incredibly:1.0
incompetent:1.0
article/opinion:1.0
piece:1.0
someone:1.0
named:1.0
robert:1.0
ziff:1.0
preposturous:1.0
statements:1.0
like:1.0
sun:1.6931471805599454
sold:1.0
around:1.6931471805599454
300:1.0
multiprocessing:1.0
servers:1.6931471805599454
case:1.0
usc:1.0
4:1.0
mp:1.0
earth:1.0
factor:1.0
50:1.0
100:1.0
thought:1.0
sending:1.0
factual:1.0
disaster:1.0
email:1.0
message:1.0
column:1.0
titled:1.0
contact:1.0
us:1.0
silly:1.0
pcheads:1.0
seem:1.0
never:1.0
heard:1.0
internet:1.0
also:1.0
interest:1.0
computer:1.0
share:1.0
broad:1.0
category:1.6931471805599454
1991:1.0
1996:1.6931471805599454
windows:1.0
netware:1.0
37.0:1.0
40.0:1.0
11.6:1.0
21.0:1.0
ibm:1.6931471805599454
17.4:1.0
14.4:1.0
vax/vms:1.0
3.7:1.0
2.6:1.0
minis:1.0
4.1:1.0
4.0:1.0
macintosh:1.0
3.6:1.0
4.6:1.0
22.6:1.0
13.4:1.0
totally:1.0
155:1.0
billion:1.6931471805599454
projections:1.0
idc:1.0
source:1.0
jan:1.0
hardware:1.0
sales:1.0
installed-base:1.0
workstations:1.0
14.1:1.0
3:1.0
million:2.09861228866811
7.4:1.0
1:1.0
large-scale:1.0
1.8:1.0
pc:1.0
0.6:1.0
2:1.0
total:1.0
23.9:1.0
213:1.0
749-8133:1.0
rcf.usc.edu:1.0
