yang:1.6931471805599454
titan.ucs.umass.edu:1.0
huayong:1.6931471805599454
subject:1.0
help:1.0
allocate:1.0
memory:2.09861228866811
disk:2.6094379124341005
copying:1.0
file:1.6931471805599454
manager:1.0
use:1.0
managers:1.0
copy:1.6931471805599454
find:1.0
windows:1.0
3.1:1.0
read:1.0
whole:1.0
1.2mb:1.0
one:1.0
time:1.0
98:1.0
1.44:1.0
looks:1.0
like:1.0
problem:1.0
however:1.0
pc:1.0
4mb:1.0
ram:1.0
way:1.0
allocat:1.0
extended:1.0
please:1.0
advise:1.0
matter:1.0
thanks:1.0
advance:1.0
