dbrown:1.6931471805599454
mach1.wlu.ca:1.6931471805599454
david:1.6931471805599454
brown:1.6931471805599454
subject:1.0
quietwriter:1.6931471805599454
ii:1.6931471805599454
driver:1.6931471805599454
im:1.0
trying:1.0
get:1.6931471805599454
hold:1.0
ibm:1.0
printer:1.0
windows:1.0
3.1:1.0
beast:1.0
exists:1.0
someone:1.0
suggest:1.0
please:1.0
mail:1.0
reply:1.0
directly:1.0
dont:1.0
normally:1.0
read:1.0
group:1.0
many:1.0
thanks:1.0
