bjorn.myrland:1.6931471805599454
sipaa.sintef.no:1.6931471805599454
bjorn:2.09861228866811
myrland:1.6931471805599454
subject:1.6931471805599454
im:1.6931471805599454
using:1.6931471805599454
dos:2.09861228866811
6:1.6931471805599454
anymore:1.6931471805599454
article:1.0
1993apr28.141743.28994:1.0
ugle.unit.no:1.0
eliza:1.6931471805599454
tigern:1.6931471805599454
elisabeth:1.6931471805599454
bull:1.6931471805599454
writes:1.0
date:1.0
wed:1.0
28:1.0
apr:1.0
93:1.0
14:17:43:1.0
gmt:1.0
mark:1.0
woodruff:1.0
cda90038:1.0
ucf1vm.bitnet:1.0
wrote:1.0
morning:1.0
4:1.0
working:1.0
research:1.6931471805599454
paper:1.0
reboot:1.0
hung:1.6931471805599454
program:1.0
disk:2.09861228866811
i/o:1.0
within:1.0
windows:1.6931471805599454
3.1:1.0
machine:1.0
finished:1.0
rebooting:1.0
found:1.0
directory:1.0
two:1.0
thirds:1.0
directories:1.6931471805599454
irreversibly:1.0
corrupted:1.6931471805599454
stuff:1.6931471805599454
deleted:1.0
sounds:1.0
like:1.0
happened:1.6931471805599454
hd:2.09861228866811
month:1.0
ago:1.0
stacked:1.0
stacker:1.6931471805599454
v.2.0:1.0
run:1.0
dos5:1.0
suddenly:1.0
everything:1.0
got:1.0
changed:1.0
unreadable:1.0
files:1.0
funny:1.0
names:1.0
words:1.0
probably:1.0
doubledisk:1.0
part:1.0
dos6:1.0
troublesome:1.0
use:1.0
v:1.0
3.0:1.0
far:1.0
trouble:1.0
need:1.0
anything:1.0
compression:1.6931471805599454
experienced:1.0
thing:1.0
couple:1.0
times:1.0
without:1.0
installed:1.0
example:1.0
guess:1.0
norton:1.0
speeddisk:1.0
crashed:1.0
defragmenting:1.0
sintef:1.6931471805599454
safety:1.0
reliability:1.0
n-7034:1.0
trondheim:1.0
norway:1.0
foundation:1.0
scientific:1.0
industrial:1.0
norwegian:1.0
institute:1.0
technology:1.0
