little:1.6931471805599454
carina.hks.com:1.0
jim:1.6931471805599454
littlefield:1.6931471805599454
subject:1.0
printer:2.09861228866811
driver:1.6931471805599454
wanted:1.0
im:1.0
looking:1.0
apple:1.0
imagewriter:1.0
ii:1.0
actually:1.0
citoh:1.0
8510:1.0
two:1.0
things:1.0
infinite:1.0
universe:1.0
hks.com:1.0
human:1.0
stupidity:1.0
sure:1.0
former:1.0
albert:1.0
einstein:1.0
