charlea:1.0
eng.clemson.edu:1.0
charles:1.0
allen:1.0
subject:1.0
question:2.09861228866811
eisa:3.6390573296152584
video:3.0794415416798357
board:2.09861228866811
performance:2.386294361119891
article:1.0
c68ubg.k2w:1.0
world.std.com:2.09861228866811
cfw:1.6931471805599454
christopher:1.6931471805599454
f:1.0
wroten:1.6931471805599454
machine:1.0
understand:1.6931471805599454
cards:2.6094379124341005
match:1.0
isa:2.791759469228055
counterparts:1.0
instance:1.0
orchid:1.0
pro:1.0
designer:1.0
iis-e:1.0
fast:2.386294361119891
diamond:2.09861228866811
speedstar:1.6931471805599454
plus:1.0
isnt:1.0
would:1.6931471805599454
call:1.0
dont:1.0
arent:1.0
group:1.0
level:1.0
local:2.6094379124341005
bus:3.3978952727983707
given:1.0
32:2.09861228866811
bit:1.0
move:2.386294361119891
data:2.386294361119891
around:1.6931471805599454
instead:1.0
isas:1.6931471805599454
8:2.386294361119891
bits:2.09861228866811
good:1.6931471805599454
answer:1.0
rather:1.0
16:1.0
still:1.6931471805599454
moves:1.0
speed:1.6931471805599454
think:1.6931471805599454
thats:1.6931471805599454
either:1.0
10:1.6931471805599454
mhz:2.6094379124341005
designs:1.0
also:1.0
like:1.0
cpu:2.09861228866811
40:1.0
33mhz:1.0
moving:1.6931471805599454
32bit:1.6931471805599454
33:1.6931471805599454
3:1.6931471805599454
4:1.0
times:1.6931471805599454
faster:1.0
two:1.0
maybe:1.0
since:1.0
anyone:1.6931471805599454
included:1.0
pay:1.0
higher:1.0
cost:1.0
card:2.09861228866811
better:1.0
often:1.0
worse:1.0
much:1.6931471805599454
cheaper:1.0
24x:1.0
pc:1.0
magazines:1.0
recent:1.0
report:1.0
know:1.0
ati:1.0
makes:1.0
pretty:1.0
500:1.6931471805599454
double:1.0
wallet:1.0
allow:1.0
spend:1.0
could:1.0
get:1.6931471805599454
viper:1.0
100:1.0
left:1.0
course:1.0
id:1.0
mother:1.0
advantages:1.0
width:1.0
example:1.0
more/better:1.0
interrupts:1.0
mastering:1.0
factors:1.0
impact:1.6931471805599454
file:1.0
servers:1.0
multiple:1.0
hard:1.0
drives:1.0
full-throttle:1.0
network:1.0
cd-roms:1.0
etc:1.0
shed:1.0
light:1.0
confusion/frustration:1.0
thanks:1.0
