ebosco:1.0
us.oracle.com:1.0
eric:1.6931471805599454
bosco:1.0
subject:1.0
put:1.6931471805599454
swap:2.386294361119891
file:2.386294361119891
ide:1.6931471805599454
scsi:2.386294361119891
486:1.0
sx:1.0
25:1.0
recently:1.0
added:1.0
drive:2.09861228866811
system:1.0
using:1.0
adaptec:1.0
1522:1.0
non:1.0
busmastering:1.0
controller:1.0
yesterday:1.0
ran:1.6931471805599454
coretest:1.0
find:1.0
performance:1.6931471805599454
values:1.6931471805599454
got:1.6931471805599454
seagate:1.0
106:1.0
meg:1.6931471805599454
875.1kb/sec14.5ms:1.0
avg:1.6931471805599454
seek:1.6931471805599454
3.7ms:1.0
track:2.386294361119891
quantum:1.0
400:1.0
991.2:1.0
kb/sec:1.0
12.7:1.0
3.6:1.0
first:1.0
good:1.0
results:1.6931471805599454
dont:1.0
know:1.0
typical:1.0
im:1.0
wondering:1.0
following:1.0
currently:1.0
could:1.0
move:1.0
13:1.0
faster:1.0
would:1.0
able:1.0
use:1.0
32-bit:1.0
access:1.0
might:1.0
actuall:1.0
make:1.0
slower:1.0
get:1.6931471805599454
best:1.0
speed:1.0
test:1.0
program:1.0
finally:1.0
also:1.0
tests:1.0
aspi2dos:1.0
driver:1.6931471805599454
loaded:1.0
difference:1.0
whatsoever:1.0
reason:1.0
load:1.0
thanks:1.0
advance:1.0
post:1.0
summary:1.0
enough:1.0
responses:1.0
