cu826:1.6931471805599454
cleveland.freenet.edu:1.6931471805599454
mahbub:1.6931471805599454
anam:1.0
subject:1.0
dos6:1.6931471805599454
novell:1.6931471805599454
netware:1.6931471805599454
friend:1.0
mine:1.0
installed:1.0
work:1.0
hooked:1.0
network:1.0
running:1.0
386:1.0
v.3.11:1.0
problem:1.0
hes:1.0
doublespace:1.0
program:1.0
using:1.0
drive:2.386294361119891
h:1.0
swap:1.6931471805599454
confliting:1.0
networks:1.0
mapped:1.0
drives:1.0
switch:1.0
place:1.0
someother:1.0
please:1.0
e-mail:1.0
thanks:1.0
bunch:1.0
