charlea:1.0
eng.clemson.edu:1.0
charles:1.0
allen:1.0
subject:1.0
im:1.0
using:1.6931471805599454
dos:1.6931471805599454
6:1.6931471805599454
anymore:1.0
regarding:1.0
horror:1.0
stories:1.0
dos6/doubledisk:1.0
stacker:1.0
2:1.0
killing:1.0
hard:1.0
drives:1.0
wondering:1.0
mirror:1.0
command:1.0
works:1.0
doubled:1.0
drive:1.0
info:1.6931471805599454
well:1.0
normal:1.0
fat:1.0
table:1.6931471805599454
partition:1.0
records:1.0
vital:1.0
doubledisk:1.0
daily:1.0
go:1.0
long:1.0
way:1.0
toward:1.0
protecting:1.0
type:1.0
catastrophic:1.0
failure:1.0
discussed:1.0
doesnt:1.0
shame:1.0
microsoft:1.0
