ebosco:1.0
us.oracle.com:1.0
eric:1.6931471805599454
bosco:1.0
subject:1.0
emm386:2.791759469228055
windows:1.6931471805599454
pc:1.0
almost:1.0
exclusively:1.0
run:1.0
dos:1.0
based:1.0
application:1.0
procommplus:1.0
config.sys:1.6931471805599454
loaded:1.6931471805599454
option:1.6931471805599454
noems:1.6931471805599454
expanded:1.6931471805599454
memory:2.09861228866811
following:1.0
thread:1.0
one:1.0
comp:1.0
newsgroups:1.0
read:1.0
necessary:1.0
indeed:1.0
manual:1.0
says:1.0
used:1.0
get:1.0
extended:1.0
since:1.0
seems:1.0
device:1.0
useless:1.0
case:1.0
use:1.0
remove:1.0
thanks:1.0
help:1.0
