jc924:1.6931471805599454
uacsc2.albany.edu:1.6931471805599454
subject:1.0
desktop:1.6931471805599454
fonts:1.6931471805599454
changing:1.0
one:1.0
users:1.0
unusual:1.0
problem:1.6931471805599454
alt/tab:1.0
full-screen:1.6931471805599454
dos:1.6931471805599454
program:1.6931471805599454
goes:2.09861228866811
back:2.386294361119891
windows:1.6931471805599454
changed:1.6931471805599454
font:2.09861228866811
default:1.0
major:1.0
everything:1.0
works:1.0
legible:1.0
annoying:1.0
anyone:1.0
idea:1.0
happens:1.0
way:1.0
dec:1.0
486d2lp:1.0
machine:1.0
jeffrey:1.0
cohen:1.0
voice:1.0
518-442-3510:1.0
office:1.0
research:1.0
ad:1.0
218:1.0
fax:1.0
518-442-3560:1.0
university:1.6931471805599454
albany:1.6931471805599454
e-mail:1.0
state:1.0
new:1.0
york:1.0
1400:1.0
washington:1.0
ave:1.0
ny:1.0
12222:1.0
