gmichael:1.6931471805599454
vmd.cso.uiuc.edu:1.6931471805599454
gary:2.09861228866811
r:1.6931471805599454
michael:2.09861228866811
subject:1.0
vesa:1.6931471805599454
driver:1.6931471805599454
ibm:1.6931471805599454
xga:1.6931471805599454
anyone:1.0
tell:1.0
find:1.0
standard:1.0
display:1.0
support:1.0
on-the-motherboard:1.0
video:1.0
486:1.0
50mz:1.0
dx2:1.0
model:1.0
95:1.0
8595-0lf:1.0
need:1.0
use:1.0
640:1.6931471805599454
x:1.6931471805599454
480:1.6931471805599454
higher:1.0
resolutions:1.0
windows:1.0
3.1:1.0
ms-dos:1.0
minimum:1.0
colors:1.6931471805599454
256:1.0
highest:1.0
resolution:1.0
64k:1.0
needed:1.0
phone:1.0
217:1.6931471805599454
244-3651:1.0
associate:1.0
director:1.0
fax:1.0
244-3118:1.0
office:1.0
information:1.0
management:1.0
e-mail:1.0
university:1.0
illinois:1.0
128.174.5.98:1.0
18:1.0
david:1.0
kinley:1.0
hall:1.0
novanet:1.0
duosoft:1.0
cerl:1.0
1407:1.0
west:1.0
gregory:1.0
drive:1.0
urbana:1.0
il:1.0
61801:1.0
