mlin:1.6931471805599454
pdx222.nosubdomain.nodomain:1.0
ming:1.6931471805599454
lin:1.6931471805599454
subject:1.0
1028x1024:1.0
video:2.09861228866811
board:1.0
hi:1.0
plan:1.0
upgrading:1.0
monitor:1.0
card:1.0
1280x1024:1.0
dx2/66:1.0
isa:1.0
local:1.0
bus:1.0
system:1.0
would:1.0
appreciate:1.0
anyone:1.0
drop:1.0
email:1.0
experience:1.0
high-resolution:1.0
board/monitor:1.0
thanks:1.0
ichips.intel.com:1.0
503:1.0
696-4806:1.0
