ee_d316:1.6931471805599454
ceres.kingston.ac.uk:1.0
steve:1.6931471805599454
warner:1.0
subject:1.0
windows:2.09861228866811
nt:2.09861228866811
upgrade:1.0
hi:1.0
thinking:1.0
upgrading:1.0
beta:1.0
version:1.0
486sx:1.0
25mhz:1.0
213mb:1.0
hard:1.0
disc:1.0
someone:1.0
please:1.0
give:1.0
opion:1.0
setup:1.0
running:1.0
operating:1.0
system:1.0
likely:1.0
better:1.0
unixs:1.0
uk.ac.king.ceres:1.0
