cosmos:1.6931471805599454
netcom.com:1.0
subject:1.0
required:1.0
file:2.6094379124341005
format:2.6094379124341005
word:2.09861228866811
ms-window:1.0
doc:2.09861228866811
hi:1.0
trying:1.0
develop:1.0
utility:1.0
view:1.0
window:1.6931471805599454
need:1.0
know:1.0
files.can:1.0
anybody:1.0
tell:1.0
direct:1.0
get:1.0
proprietory:1.0
help:1.0
greatly:1.0
appriciated:1.0
thanks:1.0
