adean:1.0
weber.ucsd.edu:1.0
anthony:1.0
v:1.0
dean:1.0
subject:1.0
winlogo:1.0
hi:1.0
id:1.0
like:1.0
substitute:1.0
exciting:1.0
win3.1:1.0
opening:1.0
logo:2.6094379124341005
company:1.6931471805599454
boot:1.0
time:1.0
matter:1.0
replacing:1.0
file:1.0
format:1.0
thanks:1.0
avdean:1.0
