pwilson:1.6931471805599454
gandalf.ca:1.6931471805599454
paul:2.09861228866811
wilson:1.6931471805599454
gandalf:1.0
toronto:1.0
sales:1.0
subject:1.0
wanted:1.0
tt:1.0
font:1.6931471805599454
creator:1.0
package:1.0
free:1.0
im:1.0
looking:1.0
way:1.6931471805599454
get:1.0
company:1.0
logo:1.0
onto:1.0
documents:1.0
figure:1.0
easiest:1.0
put:1.0
public:1.0
domain:1.0
programs:1.0
shareware:1.0
help:1.0
appreciated:1.0
416:1.0
698:1.0
3649:1.0
