toelle:2.6094379124341005
uenics.evansville.edu:1.0
chad:1.6931471805599454
subject:1.0
change:1.6931471805599454
icon:1.6931471805599454
program:1.6931471805599454
windows:1.6931471805599454
suppose:1.0
want:1.0
particular:1.0
ms-dos:1.0
one:1.0
would:1.0
someone:1.0
let:1.0
know:1.0
thanks:1.0
million:1.0
evansville.edu:1.6931471805599454
4216:1.0
st:1.0
philip:1.0
rd:1.0
mt:1.0
vernon:1.0
47620:1.0
uunet:1.0
812:1.0
985-3222:1.0
