kocks:2.386294361119891
chemistry.stanford.edu:1.6931471805599454
peter:1.6931471805599454
subject:1.0
telnet:1.0
terminal:1.6931471805599454
windows:1.6931471805599454
im:1.0
looking:1.0
good:1.0
program:1.0
connect:1.6931471805599454
tcp/ip:1.0
using:1.0
basic:1.0
ms-window:1.0
unix:1.0
host:1.0
would:1.0
great:1.0
suggestions:1.0
thanks:1.0
