greg.reinacker:1.6931471805599454
ftcollins.ncr.com:1.0
subject:1.0
windows:2.09861228866811
on-line:2.386294361119891
review:1.6931471805599454
uploaded:1.6931471805599454
shareware:1.6931471805599454
edition:1.0
ftp.cica.indiana.edu:1.0
pub/pc/win3/uploads/wolrs7.zip:1.0
magazine:1.0
contains:1.0
reviews:1.0
products:1.6931471805599454
grabbed:1.0
bbs:1.0
greg:1.0
reinacker:1.0
303:1.0
223-5100:1.0
x9289:1.0
ncr:1.0
microelectronic:1.0
division:1.0
voiceplus:1.0
464-9289:1.0
2001:1.0
danfield:1.0
court:1.0
ftcollinsco.ncr.com:1.0
fort:1.0
collins:1.0
co:1.0
80525:1.0
