mongwa:2.386294361119891
acsu.buffalo.edu:1.6931471805599454
kan:1.6931471805599454
subject:1.0
change:2.386294361119891
icon:3.5649493574615367
program:1.6931471805599454
windows:2.386294361119891
article:1.0
1993apr30.184917.16823:1.0
uenics.evansville.edu:1.6931471805599454
toelle:1.6931471805599454
chad:1.0
writes:1.0
suppose:1.0
want:1.6931471805599454
particular:1.0
ms-dos:1.0
one:2.386294361119891
would:1.0
someone:1.0
let:1.0
know:1.0
depends:1.0
wether:1.0
going:1.6931471805599454
replace:2.09861228866811
comes:1.6931471805599454
standard:1.0
manager:2.09861228866811
well:1.0
highlight:1.0
item:1.0
clicking:1.0
click:2.6094379124341005
file:1.6931471805599454
properties:1.0
see:1.0
box:1.6931471805599454
says:1.0
presented:2.09861228866811
icons:1.6931471805599454
sometimes:1.0
dont:1.0
like:1.0
browse:1.6931471805599454
look:1.0
moricons.dll:1.0
select:1.0
double:1.0
desired:1.6931471805599454
say:1.0
iconpower:1.0
instance:1.0
open:1.0
bottom:1.0
screen:1.0
block:1.0
application:1.0
wish:1.6931471805599454
found:1.0
holding:1.0
mouse:1.0
button:1.0
pull:1.0
thats:1.0
regards:1.0
state:1.0
univeristy:1.0
bitnet:1.0
v143wxkp:1.0
ubvms:1.0
humpty:1.0
dumpty:1.0
new:1.0
york:1.0
buffalo:1.0
c143wxkp:1.0
ubvm:1.0
