sthong:2.09861228866811
eniac.seas.upenn.edu:2.09861228866811
steven:1.6931471805599454
hong:1.6931471805599454
subject:1.0
looking:2.09861228866811
organizer:2.09861228866811
program:1.0
windows:1.0
currently:1.0
lotus:1.0
bad:1.0
better:1.0
calender:1.0
scheduler:1.0
list:1.0
nice:1.0
additions:1.0
address:1.6931471805599454
phone:1.0
book:1.0
diary:1.0
please:1.6931471805599454
suggestions:1.0
shareware/public/or:1.0
copyrighted:1.0
email:1.6931471805599454
university:1.0
pennsylvania:1.0
engineering:1.0
class:1.0
1996:1.0
