subject:1.0
hp:1.6931471805599454
laser:1.6931471805599454
jet:1.6931471805599454
4l:1.6931471805599454
windows:1.6931471805599454
royer:1.6931471805599454
uni2a.unige.ch:1.0
anybody:1.0
chance:1.0
find:1.0
new:1.0
behaves:1.0
daniel:1.0
