kmembry:1.6931471805599454
viamar.uucp:1.0
kirk:1.6931471805599454
membry:1.6931471805599454
subject:1.0
roman.bmp:1.0
please:1.0
dont:1.0
post:1.0
uuencoded:1.0
bitmaps:1.0
want:1.0
put:1.0
alt.binaries:1.0
areas:1.0
files:1.6931471805599454
large:1.0
may:1.0
crash:1.0
users:1.0
newsfeeds:1.0
also:1.6931471805599454
waste:1.0
band:1.0
width:1.0
know:1.0
convert:1.0
gif:1.0
bmp:1.6931471805599454
many:1.0
programs:1.0
itd:1.0
really:1.0
worth:1.0
posting:1.0
thanks:1.0
age:1.6931471805599454
industry:1.0
rutgers:1.0
viamar:1.0
alexander:1.0
rodchenko:1.0
