mike:1.6931471805599454
tancsa:1.0
mdtancsa:1.6931471805599454
watarts.uwaterloo.ca:1.6931471805599454
subject:1.0
windows:1.6931471805599454
ati:1.6931471805599454
ultra:1.6931471805599454
mach8:1.6931471805599454
chip:1.6931471805599454
sizing:1.0
question:1.0
upgraded:1.0
trident:1.6931471805599454
tvga9000:1.0
graphics:1.0
old:1.0
quite:1.0
pleased:1.0
performance:1.0
far:1.0
one:1.0
problem:1.0
using:1.6931471805599454
800x600:1.0
noticed:1.0
tile:1.0
bars:1.6931471805599454
scroll:1.0
significantly:1.0
larger:1.0
card:1.0
setting:1.0
ini:1.0
files:1.0
change:1.0
make:1.0
smaller:1.0
could:1.0
find:1.0
faq:1.0
list:1.0
