tjhendry:2.09861228866811
queen.mcs.drexel.edu:2.09861228866811
jonathan:2.386294361119891
hendry:2.386294361119891
subject:1.0
nextstep/intel:1.0
sneak:1.6931471805599454
preview:1.6931471805599454
reminder:1.0
phang:1.6931471805599454
philadelphia:2.09861228866811
area:1.6931471805599454
nextstep:3.4849066497880004
user:1.6931471805599454
group:1.6931471805599454
holding:1.0
public:1.6931471805599454
intel:2.09861228866811
processors:1.6931471805599454
david:1.0
rittenhouse:1.0
labs:1.0
room:1.0
a1:1.0
33rd:1.0
walnut:1.0
southeast:1.0
corner:1.0
pa:1.0
wednesday:1.0
may:2.386294361119891
5th:1.0
7:1.0
pm:1.6931471805599454
9:1.0
32:1.0
bit:1.0
unix:1.0
based:1.0
operating:1.6931471805599454
environment:1.0
available:1.0
motorola-based:1.0
next:1.6931471805599454
computers:1.0
11th:1.6931471805599454
issue:1.6931471805599454
pc:2.09861228866811
magazine:1.6931471805599454
called:1.0
hot:1.0
prospect:1.0
nearing:1.0
release:1.6931471805599454
version:1.6931471805599454
run:1.6931471805599454
486-based:1.0
pcs:1.0
yet:1.0
identical:1.0
68040:1.0
fact:1.0
3.1:1.6931471805599454
includes:1.0
ability:1.0
easily:1.0
compile:1.0
program:1.0
single:1.0
binary:1.0
motorola:1.0
hardware:1.0
demonstrated:1.0
epson:1.0
progression:1.0
486:1.0
computer:1.0
scheduled:1.0
25:1.0
nextworld:1.0
expo:1.0
san:1.0
francisco:1.0
demonstration:1.0
open:1.0
come:2.09861228866811
one:1.0
interested:1.0
seeing:1.0
advanced:1.0
system:1.0
around:1.0
brief:1.0
summary:1.0
offers:1.0
see:1.0
page:1.0
66:1.0
information:1.0
contact:1.0
215-653-0911:1.0
jon:1.0
afs.com:1.0
w:1.6931471805599454
drexel:1.6931471805599454
university:1.6931471805599454
college:1.6931471805599454
info:1.6931471805599454
studies:1.6931471805599454
experience:2.386294361119891
programming:2.386294361119891
windows:1.6931471805599454
vs:2.386294361119891
like:1.6931471805599454
going:2.386294361119891
dentist:2.386294361119891
root:1.6931471805599454
canal:1.6931471805599454
without:1.6931471805599454
anaesthetic:1.6931471805599454
gums:1.6931471805599454
cleaned:1.6931471805599454
w/some:1.6931471805599454
nitrous-oxide:1.6931471805599454
thrown:1.6931471805599454
entertainment:1.6931471805599454
side:1.6931471805599454
things:1.6931471805599454
bbum:1.6931471805599454
stone.co:1.6931471805599454
