gel:1.6931471805599454
cs.mcgill.ca:1.0
gilles:1.0
khouzam:1.0
subject:1.0
windows:1.6931471805599454
nt:1.6931471805599454
get:1.6931471805599454
beta:2.09861228866811
wondering:1.0
anyone:1.0
new:1.0
could:1.0
version:1.0
part:1.0
program:1.0
thanks:1.0
binkley.cs.mcgill.ca:1.0
p.s:1.0
please:1.0
reply:1.0
e-mail:1.0
