zhao:1.0
auvm.american.edu:1.0
subject:1.0
need:1.0
iconized:1.0
printer:1.6931471805599454
utility:1.6931471805599454
looking:1.0
stay:1.0
window:1.0
3.1:1.0
icon:1.0
let:1.0
drag:1.0
file:1.0
issue:1.0
printing:1.0
