sefi:1.0
merkel:1.0
f40109:1.0
vm.biu.ac.il:1.0
subject:1.0
postscript:1.6931471805599454
bmp:1.6931471805599454
conversion:1.0
hi:1.0
working:1.0
project:1.0
visual:1.6931471805599454
basic:1.6931471805599454
ver:1.0
2.0:1.0
need:1.6931471805599454
show:1.6931471805599454
postcript:1.0
files:1.0
getting:1.0
another:1.0
aplication:1.0
cant:1.0
directly:1.0
form:1.0
least:1.0
dont:1.0
know:1.0
utility:1.0
convert:1.0
wmf:1.0
help:1.0
appreshieated:1.0
kobi:1.6931471805599454
elimelech:1.0
messges:1.0
sent:1.0
asimov.hacktic.nl:1.0
