mats:2.791759469228055
gar.no:1.6931471805599454
tande:1.0
subject:1.0
coda:2.386294361119891
music:1.6931471805599454
finale:2.9459101490553135
petrucci:2.386294361119891
font:2.386294361119891
problem:1.6931471805599454
ive:1.6931471805599454
using:1.6931471805599454
final:1.0
time:1.6931471805599454
suddenly:1.0
stopped:1.0
fonts:2.6094379124341005
386:1.0
pc:1.0
lots:1.0
disk:1.0
space:1.0
memory:1.0
postscript:1.6931471805599454
laser:1.0
win3.1:1.0
2.0.1:1.6931471805599454
recently:1.0
installed:1.0
atm:2.09861228866811
2.0:1.6931471805599454
fiddling:1.0
around:1.6931471805599454
windows:1.6931471805599454
setup:1.0
needed:1.0
work:2.386294361119891
things:1.0
didnt:1.6931471805599454
print:2.09861228866811
properly:1.0
might:1.6931471805599454
anything:1.0
installation:1.0
1.something:1.0
dont:1.0
old:1.0
lying:1.0
anomore:1.0
annoying:1.0
rather:1.6931471805599454
important:1.0
managed:1.0
get:1.0
direct:1.6931471805599454
printing:1.6931471805599454
included:1.6931471805599454
ownps=0:1.6931471805599454
section:1.0
win.ini:1.0
compile:1.0
listing:1.0
still:1.0
doesnt:1.0
eps:2.09861228866811
files:1.6931471805599454
need:1.6931471805599454
look:1.0
generated:1.0
appears:1.0
courier:1.6931471805599454
found:1.0
manually:1.0
changed:1.0
24-point:1.6931471805599454
file:1.0
everything:1.0
worked:1.0
ok:1.0
id:1.6931471805599454
avoid:1.0
since:1.6931471805599454
lot:1.0
songs:1.0
yes:1.0
special/font/font:1.0
names:1.0
dialog:1.0
box:1.0
listed:1.0
correct:1.0
mapping:1.0
screen:1.0
printer:1.0
obviously:1.0
aware:1.0
score:1.0
works:1.0
well:1.6931471805599454
applications:1.0
anyone:1.0
encountered:1.0
problems:1.0
like:1.0
current:1.0
version:1.0
software:1.0
people:1.0
available:1.0
internet:1.6931471805599454
x.400:1.6931471805599454
grateful:1.0
hints:1.0
help:1.0
quikcomm:1.0
gar:1.0
genor:1.0
serverp:1.0
garp:1.0
g=mats:1.0
s=tande:1.0
o=oslo:1.0
p=gr:1.0
a=telemax:1.0
c=no:1.0
