campbers:1.6931471805599454
craft.clarkson.edu:1.6931471805599454
bob:1.6931471805599454
campbell:1.0
subject:1.0
challenge:1.0
microsoft:1.0
supporters:1.0
yamanari:1.0
hey:1.6931471805599454
isnt:1.0
funny:1.0
betas:1.0
bugs:1.0
favor:1.0
dont:1.0
put:1.0
stupid:1.0
posts:1.0
clarkson:1.0
university:1.0
potsdam:1.0
ny:1.0
