tedm:1.0
tsoft.net:1.0
ted:1.6931471805599454
matsumura:1.0
subject:1.0
need:2.09861228866811
iconized:1.0
printer:1.6931471805599454
utility:1.6931471805599454
article:1.6931471805599454
c6eval.520:1.0
unix.portal.com:1.0
claebaur:2.09861228866811
shell.portal.com:1.6931471805599454
tony:1.6931471805599454
annese:1.6931471805599454
writes:1.6931471805599454
93122.134439zhao:1.0
auvm.american.edu:1.6931471805599454
zhao:1.0
looking:1.0
stay:1.6931471805599454
window:1.0
3.1:1.0
icon:2.09861228866811
let:1.0
drag:2.6094379124341005
file:2.6094379124341005
issue:1.0
printing:1.6931471805599454
one:1.0
minimize:1.0
print:2.791759469228055
manager:2.09861228866811
associate:1.0
extensions:1.0
things:1.0
notepad:1.6931471805599454
though:1.0
cup.portal.com:1.0
may:1.0
work:1.0
wont:1.6931471805599454
involve:1.0
invoking:1.0
applications:1.0
e.g:1.0
bmp:1.6931471805599454
txt:1.6931471805599454
min:1.0
run:1.0
paintbrush:1.0
want:1.0
server:1.0
front:1.0
attributes:1.0
intelligent:1.0
drop:1.0
client:1.0
like:1.0
amish:1.0
2.0:1.0
