claebaur:2.09861228866811
shell.portal.com:1.6931471805599454
tony:1.6931471805599454
annese:1.6931471805599454
subject:1.0
need:1.6931471805599454
iconized:1.0
printer:1.6931471805599454
utility:1.6931471805599454
article:1.0
93122.134439zhao:1.0
auvm.american.edu:1.6931471805599454
zhao:1.0
writes:1.0
looking:1.0
stay:1.0
window:1.0
3.1:1.0
icon:1.0
let:1.0
drag:1.6931471805599454
file:2.09861228866811
issue:1.0
printing:1.0
one:1.0
minimize:1.0
print:1.6931471805599454
manager:1.0
associate:1.0
extensions:1.0
things:1.0
notepad:1.0
though:1.0
cup.portal.com:1.0
