subject:1.0
mouse:2.791759469228055
jumpy:1.0
ms:1.0
n51bc:1.0
cunyvm.bitnet:1.0
everyone:1.0
seems:1.0
think:1.0
mans:1.0
problem:1.6931471805599454
mechanical:1.6931471805599454
dirty:1.0
similar:1.6931471805599454
occurs:1.0
ru:1.0
nning:1.0
windows:1.6931471805599454
therefore:1.0
nature:1.0
im:1.0
running:1.0
systems:1.0
compatible:1.0
486:1.0
66:1.0
dx2:1.0
trident:1.0
1:1.0
meg:1.0
video:1.0
card:1.0
experienceing:1.0
jumpiness:1.0
well:1.0
strange:1.0
font:1.0
subsitutions:1.0
mous:1.0
e:1.0
traces:1.0
left:1.0
screen:1.0
gpf:1.0
errors:1.0
help:1.0
