subject:1.0
off-line:2.09861228866811
mail:1.6931471805599454
netnews:1.0
arhodge:1.6931471805599454
miavx1.acs.muohio.edu:1.6931471805599454
readers:1.0
net-news:1.0
qwk:1.0
format:1.0
would:1.0
really:1.0
helpfull:1.0
able:1.0
download:1.0
net:1.0
news:1.0
vax:1.0
mainframe:1.0
read:1.0
adam:1.0
hodge:1.0
