dragovic:1.6931471805599454
uxh.cso.uiuc.edu:1.0
kyle:1.0
banor:1.0
subject:1.0
nt:1.6931471805599454
ready:1.0
able:1.0
call:1.0
favorite:1.0
mail:1.0
order:1.0
software:1.0
shop:1.0
buy:1.0
jeff:1.0
dragovich:1.0
cevax.ce.uiuc.edu:1.0
