christian_wenk:1.0
ac3.maus.de:1.0
christian:1.0
wenk:1.0
subject:1.0
emm386:2.386294361119891
windows:2.09861228866811
hallo:1.0
ebosco:1.6931471805599454
us.oracle.com:1.6931471805599454
wrote:1.0
28.04.93:1.6931471805599454
e:2.09861228866811
von:1.0
mi:1.0
18:03:1.0
name:1.0
eric:1.0
bosco:1.0
use:1.0
remove:1.0
config.sys:1.6931471805599454
basically:1.0
prefers:1.0
extendend:1.0
memory:1.0
instead:1.0
expanded:1.0
work:1.0
win:1.0
application:1.0
desperatly:1.0
needs:1.0
ems:1.0
leave:1.0
rem:1.0
bye:1.0
chris:1.0
