jburke:2.09861228866811
abacus.bates.edu:1.6931471805599454
subject:1.0
text:2.09861228866811
editor:1.6931471805599454
handle:1.6931471805599454
large:1.6931471805599454
files:1.6931471805599454
title:1.0
says:1.0
anyone:1.0
know:1.0
like:1.0
notepad:1.0
thanx:1.0
help:1.0
james:1.0
burke:1.0
reading:1.0
agree:1.0
hold:1.0
writer:1.0
responsible:1.0
evil:1.0
happening:1.0
may:1.0
befall:1.0
time:1.0
