mokler:2.386294361119891
desert.in-berlin.de:1.6931471805599454
claudius:1.6931471805599454
subject:1.6931471805599454
find:1.0
diamond:1.0
speedstar:1.0
24x:1.0
drivers:1.0
says:1.0
nearly:1.0
everything:1.0
talking:1.0
accellerator:1.0
card:1.0
note:1.0
x:1.6931471805599454
et4000:1.0
product:1.0
without:1.0
please:1.0
mail:1.0
address:1.0
appropriate:1.0
ftp-server:1.0
thanx:1.0
e-mail:1.0
