hbae:1.6931471805599454
cwis.unomaha.edu:1.6931471805599454
hansang:1.6931471805599454
bae:1.6931471805599454
subject:1.0
using:1.0
mouse:2.09861228866811
dos:2.09861228866811
window:1.6931471805599454
way:1.0
use:1.0
running:1.0
app:1.0
windowed:1.0
win:1.0
3.1:1.0
apps:1.0
enhanced:1.0
mode:1.0
see:1.0
cursor:1.0
doesnt:1.0
work:1.0
help:1.0
would:1.0
greatly:1.0
appreciated:1.0
thank:1.0
