rjwjames:1.6931471805599454
waikato.ac.nz:1.6931471805599454
subject:1.0
windows:2.09861228866811
3.1:1.6931471805599454
video:1.0
driver:2.09861228866811
ive:1.6931471805599454
got:1.0
old:1.0
super:1.0
vga:1.0
card:1.0
manufactured:1.0
sampo:1.0
taiwan:1.0
im:1.0
looking:1.0
based:1.0
cirrus:1.0
logic:1.0
cl-gd510a-32pc-b:1.0
chip:1.6931471805599454
contacted:1.0
suppliers:1.0
new:1.0
zealand:1.0
say:1.0
2:1.0
divers:1.0
ever:1.0
written:1.0
manufacturer:1.0
theres:1.0
v3.1:1.0
set:1.0
id:1.0
like:1.0
know:1.0
preferably:1.0
e-mail:1.0
thanks:1.0
advance:1.0
ross:1.0
james:1.0
