yjj:1.0
rhea.ctr.columbia.edu:1.0
yuan:1.0
jiang:1.0
subject:1.0
utility:1.6931471805599454
let:1.6931471805599454
remap:1.6931471805599454
keyboard:1.6931471805599454
ms:1.6931471805599454
win:1.6931471805599454
thanks:1.0
pointer:1.0
