mkr:1.0
comtech.com:1.0
mark:1.0
k:1.0
reha:1.0
subject:1.0
15:2.09861228866811
bit:2.6094379124341005
rgb:2.09861228866811
working:1.0
24:1.6931471805599454
bmp:1.0
files:1.0
need:1.0
comvert:1.0
16:1.6931471805599454
images:2.09861228866811
convert:1.0
thanks:1.0
