mazz:2.09861228866811
pluto:1.0
richard:1.6931471805599454
mazzaferri:1.6931471805599454
subject:1.0
problem:2.386294361119891
wallpaper:2.386294361119891
display:2.09861228866811
corrupt:1.0
bitmaps:2.09861228866811
512k:1.6931471805599454
desktop:1.6931471805599454
1024x768x256:2.09861228866811
mode:2.09861228866811
bitmap:1.6931471805599454
files:1.0
bigger:1.0
slightly:1.0
less:1.0
sometimes:1.0
depending:1.0
exact:1.0
dimensions:1.0
badly:1.0
corrupted:1.0
rest:1.0
fine:1.0
smaller:1.0
friend:1.0
800k:1.0
problems:1.0
possible:1.6931471805599454
also:1.0
using:1.6931471805599454
cshow:1.0
video:1.6931471805599454
card:1.6931471805599454
fault:1.0
remedy:1.0
system:1.0
386dx40:1.0
4mb:1.0
ram:1.0
dos:1.0
6.0:1.0
windows:1.6931471805599454
3.1:1.0
oak:1.0
1mb:1.0
077:1.0
supplied:1.0
drivers:1.0
permanent:1.0
11,288kb:1.0
swap:1.0
file:1.0
please:1.0
reply:1.0
via:1.0
e-mail:1.0
use:1.0
address:1.6931471805599454
sig:1.0
post:1.0
software:1.0
always:1.0
seems:1.0
mangle:1.0
header:1.0
thanks:1.0
ph.d:1.0
student:1.0
uni:1.0
newcastle:1.0
ph:1.0
049:1.0
216254:1.0
faceng.newcastle.edu.au:1.0
australia:1.0
