h8714031:1.6931471805599454
hkuxa.hku.hk:1.6931471805599454
mok:1.0
kam:1.0
wah:1.0
subject:1.0
driver:2.386294361119891
s3801:1.6931471805599454
2mb:1.6931471805599454
card:2.386294361119891
dear:1.0
netters:1.0
friend:1.0
brought:1.0
ram:1.0
new:1.0
available:1.0
ftp:1.0
cites:1.0
newest:1.0
version:1.0
interest:1.0
1024x768:1.0
hicolor:1.0
800x600:1.0
true:1.0
color:1.0
come:1.0
k.w.mok:1.6931471805599454
e-mail:1.0
dept:1.0
chem:1.0
university:1.0
hong:1.0
kong:1.0
