d89-mad:1.0
ludd.luth.se:1.0
mattias:1.6931471805599454
slund:1.0
subject:1.0
remapping:1.6931471805599454
procomm+4windows:1.0
one:1.0
remap:1.6931471805599454
special-command:1.0
keys:2.09861228866811
procomm:1.0
seems:1.0
would:1.0
like:1.0
especially:1.0
altgr:1.0
2:1.0
combinations:1.0
anybody:1.0
know:1.0
plain:1.0
dirty:1.0
way:1.0
cause:1.0
people:1.0
settle:1.0
function:1.0
dont:1.0
see:1.0
limitation:1.0
