paller:2.386294361119891
fedunix.org:1.6931471805599454
alan:1.6931471805599454
subject:1.0
teacher:1.0
windows:1.6931471805599454
nt:1.6931471805599454
searching:1.0
one:1.0
two:1.0
instructors:1.0
tutorials:1.6931471805599454
advanced:1.0
programming:1.0
anyone:1.0
attended:1.0
course:1.0
good:1.0
would:1.0
really:1.0
appreciate:1.0
recommendations:1.0
please:1.0
email:1.0
directly:1.0
dont:1.0
get:1.0
see:1.0
newsgroups:1.0
often:1.0
enough:1.0
thanks:1.0
advance:1.0
help:1.0
director:1.0
