gurgle:1.6931471805599454
netcom.com:1.6931471805599454
pete:1.6931471805599454
gontier:1.6931471805599454
subject:1.6931471805599454
challenge:1.0
microsoft:1.0
supporters:1.0
bjgrier:1.0
bnr.ca:1.0
brian:1.0
grier:1.0
writes:1.0
gone:1.0
long:1.0
people:1.0
get:1.0
life:1.0
havent:1.0
converted:1.0
anyone:1.6931471805599454
way:1.0
thinking:1.0
yet:1.0
probably:1.0
convert:1.0
let:1.0
die:1.0
quiet:1.0
though:1.0
painfull:1.0
death:1.0
keeps:1.0
ill:1.0
start:1.0
believing:1.0
self:1.0
righteousness:1.0
capital:1.0
offense:1.0
youll:1.0
kill:1.0
half:1.0
net:1.0
maybe:1.0
isnt:1.0
bad:1.0
idea:1.0
ec:1.0
technology:1.0
