dh782:1.0
cleveland.freenet.edu:1.0
mike:1.6931471805599454
krsek:1.0
subject:1.0
ms:1.6931471805599454
mouse:1.6931471805599454
newer:1.6931471805599454
8.6:1.6931471805599454
hello:1.0
need:1.0
microsoft:1.0
driver:1.0
going:1.0
dos:1.0
window:1.0
windows:1.0
must:1.0
freeware:1.0
version:1.0
7.00:1.0
tx:1.0
