sasswb:2.09861228866811
unx.sas.com:1.6931471805599454
scott:2.09861228866811
bass:2.09861228866811
subject:1.6931471805599454
creating:1.0
batch:3.3978952727983707
file:3.0794415416798357
windows:2.9459101490553135
nt:3.4849066497880004
sasswb.737135699:1.0
k2:1.0
writes:1.0
1:1.0
alternative:2.386294361119891
archane:1.0
fairly:1.0
useless:1.0
dos:1.0
programming:1.6931471805599454
language:2.791759469228055
os/2:2.09861228866811
ibm:1.0
introduced:1.0
rexx:1.6931471805599454
bat:2.09861228866811
surely:1.0
thing:1.0
right:1.0
2:1.0
lieu:1.0
way:1.6931471805599454
escape:1.6931471805599454
cr/lf:1.6931471805599454
continue:1.0
single:1.6931471805599454
command:2.386294361119891
across:1.6931471805599454
multiple:1.6931471805599454
lines:1.6931471805599454
application:2.386294361119891
exits:1.0
system:1.6931471805599454
submits:1.0
created:1.0
fly:1.0
site-specific:1.6931471805599454
code:2.09861228866811
stored:1.6931471805599454
within:2.386294361119891
currently:1.6931471805599454
designed:1.6931471805599454
line:1.0
length:1.6931471805599454
output:1.0
80:2.09861228866811
characters:2.09861228866811
enough:1.0
options:1.6931471805599454
must:1.0
specified:1.0
particular:1.0
would:2.6094379124341005
help:2.09861228866811
tremendously:1.0
didnt:1.0
redesign:1.0
kludge:1.0
around:1.0
lack:1.0
true:1.0
shell:1.0
rest:1.0
deleted:1.0
followup:1.0
post:1.6931471805599454
let:1.0
add:1.0
im:2.09861228866811
really:1.0
user:1.6931471805599454
please:1.0
excuse:1.0
ignorance:1.0
however:1.0
developer:1.0
sas:3.0794415416798357
institute:1.6931471805599454
one:1.6931471805599454
component:1.0
support:1.0
ability:1.0
submit:1.0
job:2.9459101490553135
interactive:2.09861228866811
session:2.09861228866811
site:1.6931471805599454
enter:1.6931471805599454
profile:1.0
dataset:1.6931471805599454
product:2.386294361119891
specifying:1.6931471805599454
pathname:1.0
executable:1.0
specific:1.6931471805599454
etc:1.0
run:2.386294361119891
time:1.0
certain:1.0
variables:1.0
resolved:1.6931471805599454
written:1.0
external:1.0
ascii:1.0
exit:1.0
operating:1.0
asynchronously:1.0
returning:1.0
soon:1.0
submitted:1.0
runs:1.0
concurrently:1.0
internal:1.0
record:1.0
reinvoke:1.0
mode:1.0
requires:1.0
til:1.6931471805599454
problem:1.0
since:2.09861228866811
every:1.0
control/shell:1.0
eg:1.0
mvs/cms/vms/unix/os2:1.0
via:1.0
standard:1.0
gist:1.0
end-users:1.0
company:1.6931471805599454
try:1.0
develop:1.6931471805599454
process:1.6931471805599454
using:1.0
native:1.6931471805599454
first:1.0
posting:1.0
ive:1.6931471805599454
learned:1.0
several:1.0
third:1.0
party:1.0
companies:1.0
provide:1.0
script:1.6931471805599454
languages:1.0
windows/windows:1.0
sure:1.0
licenses:1.0
use:1.0
cant:1.0
assumption:1.0
anything:1.0
comes:1.0
saw:1.0
another:1.0
list:1.0
something:1.0
like:1.0
vi:1.6931471805599454
available:1.6931471805599454
someone:1.0
said:1.0
make:1.0
awk:1.0
ksh:1.6931471805599454
microsoft:1.0
toolkit:1.0
separate:1.0
part:1.0
need:1.0
could:1.6931471805599454
count:1.0
sites:1.0
last:1.0
question:1.0
heard:1.0
remote:1.0
processing:1.0
capabilities:1.0
i.e:1.0
shove:1.0
server:1.0
machine:1.0
commands:2.09861228866811
rather:1.0
network:1.0
also:1.0
improve:1.0
comment:1.0
appreciate:1.0
thanks:1.0
inc:1.0
integrated:1.0
systems:1.0
a216:1.0
x6975:1.6931471805599454
campus:1.0
drive:1.0
cary:1.0
nc:1.0
27513-2414:1.0
k2.unx.sas.com:1.0
919:1.0
677-8001:1.0
