varkki:2.09861228866811
ux1.cso.uiuc.edu:1.0
george:1.0
subject:1.0
strange:1.0
messages:1.6931471805599454
starting:1.6931471805599454
windows:2.09861228866811
recently:1.0
acquired:1.0
gateway:1.6931471805599454
2000:1.6931471805599454
machine:2.09861228866811
three:1.0
copyright:2.386294361119891
statements:1.0
flash:1.0
screen:1.0
right:1.0
ms:1.0
logo:1.0
disappears:1.0
programmanager:1.0
takes:1.0
happen:1.0
machines:1.0
wondering:1.0
whether:1.6931471805599454
feature:1.0
related:1.0
several:1.0
problems:1.0
system:1.6931471805599454
4dx-33:1.0
appear:1.0
c:2.9459101490553135
1989-1992:1.0
western:1.0
digital:1.0
corporation:2.09861228866811
rights:2.09861228866811
reserved:2.09861228866811
1985-1992:1.6931471805599454
congruent:1.0
microsoft:1.0
autoexec.bat:1.0
file:1.6931471805599454
looks:1.6931471805599454
like:1.6931471805599454
echo:1.0
prompt:1.0
p:1.6931471805599454
g:1.0
set:1.6931471805599454
mouse=c:1.0
msmouse:1.0
msmousemouse:1.0
path=c:1.0
dos:1.0
c:123:1.0
wp51:1.0
f:2.6094379124341005
apps:1.0
winapps:1.0
public:1.0
temp=c:1.0
windowsemp:1.0
lh:2.386294361119891
wd8003e:1.0
n:1.0
0x62:1.6931471805599454
5:1.0
0x280:1.0
0xd000:1.0
winpkt:1.0
0x60:1.0
ipx:1.0
netx:1.0
loginlogin:1.0
win:1.0
config.sys:1.0
device=c:1.6931471805599454
windowshimem.sys:1.0
dos=high:1.0
umb:1.0
windowsemm386.exe:1.0
noems:1.0
x=d000-d1ff:1.0
stacks=9,256:1.0
files=50:1.0
buffers=30:1.0
shell=c:1.0
doscommand.com:1.0
e:1024:1.0
anyone:1.0
know:1.0
going:1.0
help:1.0
would:1.0
much:1.0
appreciated:1.0
department:1.0
urban:1.0
regional:1.0
planning:1.0
e-mail:1.0
uiuc.edu:1.0
university:1.0
illinois:1.0
urbana-champaign:1.0
tel:1.0
217.244.7059:1.0
