ad960:1.6931471805599454
yfn.ysu.edu:1.6931471805599454
thomas:1.6931471805599454
smith:1.6931471805599454
subject:1.0
hp:1.0
deskjet:1.0
500c:1.0
try:1.0
using:1.0
laser:1.0
printer/copier:1.0
paper:1.6931471805599454
works:1.0
quite:1.0
well:1.0
cheaper:1.0
hpspecial:1.0
ii:1.0
youngstown:1.0
state:1.0
university:1.0
chemistry:1.0
dept:1.0
