wiseb:1.6931471805599454
colossus.cs.rpi.edu:1.0
bowden:1.6931471805599454
wise:1.6931471805599454
subject:1.0
displaying:1.0
stream:2.386294361119891
output:2.386294361119891
window:2.09861228866811
using:1.0
owl:1.0
want:1.0
display:1.6931471805599454
popup:1.0
way:1.0
perhaps:1.0
redirect:1.0
cout:1.0
alternatively:1.0
set:1.0
separate:1.0
supports:1.0
able:1.0
tedit:1.0
control:1.0
anyone:1.0
ever:1.0
done:1.0
something:1.0
like:1.0
computer:1.0
science:1.0
dept:1.0
rensselaer:1.0
polytechnic:1.0
inst:1.0
troy:1.0
ny:1.0
12180:1.0
internet:1.0
cs.rpi.edu:1.0
