subject:1.0
help:1.0
c..doelle:1.0
p26.f3333.n106.z1.fidonet.org:1.0
c:1.0
doelle:1.0
hello:1.0
understanding:1.0
true-type:1.0
fonts:1.6931471805599454
windows:2.386294361119891
loaded:1.0
prior:1.0
starting:1.0
makes:1.0
getting:1.0
quite:1.0
slow:1.0
hundreds:1.0
first:1.0
correct:1.0
thinking:1.0
secondly:1.0
case:1.0
get:1.0
ignore:1.0
boot:1.0
maybe:1.0
make:1.0
something:1.0
like:1.0
pif:1.0
file:1.0
load:1.0
enter:1.0
applications:1.0
need:1.0
ideas:1.0
chris:1.0
origin:1.0
chris.doelle:1.0
f3333.n106.z1.fidonet.org:1.0
1:106/3333.26:1.0
