bkv:1.6931471805599454
donald.cc.utexas.edu:1.0
subject:1.0
suggestions:1.0
winforwg:1.0
com:1.6931471805599454
redirection:1.6931471805599454
needed:1.0
help:1.0
trying:1.0
find:1.0
software:1.0
allow:1.0
port:1.6931471805599454
windows:1.0
workgroups:1.0
anyone:1.0
make:1.0
suggestion:1.0
reccommend:1.0
something:1.0
would:1.6931471805599454
really:1.0
hate:1.0
write:1.0
driver:1.0
serial:1.0
support:1.0
network:1.0
next:1.0
step:1.0
thanks:1.0
advance:1.0
