cas:1.0
sbctri.sbc.com:1.0
chris:2.09861228866811
shenefiel:1.6931471805599454
subject:1.0
mouse:2.6094379124341005
systems:1.6931471805599454
driver:2.09861228866811
control:1.0
dos:1.6931471805599454
window:1.6931471805599454
anyone:1.0
know:1.0
animal:1.0
trackball:1.0
would:1.6931471805599454
like:1.0
device:1.0
allow:1.0
use:1.0
within:1.0
way:1.6931471805599454
microsofts:1.0
works:1.0
thanks:1.0
represent:1.6931471805599454
company:1.6931471805599454
shape:1.0
form:1.0
forum:1.0
opinions:2.09861228866811
comments:1.6931471805599454
even:1.0
merit:1.0
consideration:1.0
kind:1.0
