mg15:1.6931471805599454
prism.gatech.edu:1.6931471805599454
glynn:2.09861228866811
mike:2.09861228866811
subject:1.0
prevent:1.6931471805599454
ctl-alt-del:1.6931471805599454
windows:2.09861228866811
would:1.0
like:1.0
users:1.0
using:1.0
within:1.0
know:1.0
must:1.0
way:1.0
could:1.0
anyone:1.0
point:1.0
right:1.0
direction:1.0
thanks:1.0
advance:1.0
mike.glynn:1.0
business.gatech.edu:1.0
stolen:1.0
sig:1.0
follows:1.0
hot-rodder:1.0
someone:1.0
completely:1.0
internet:1.0
baffled:1.0
people:1.0
cars:1.0
