ecktons:1.6931471805599454
ucs.byu.edu:1.6931471805599454
sean:1.6931471805599454
eckton:1.6931471805599454
subject:1.6931471805599454
mouse:3.3978952727983707
jumpy:2.09861228866811
ms:1.6931471805599454
original:1.0
post:1.0
microsoft:1.0
serial:1.0
using:2.386294361119891
mouse.com:1.0
8.00:1.6931471805599454
8.20:1.0
think:1.6931471805599454
switched:1.0
see:1.0
better:1.0
vertical:1.0
motion:2.09861228866811
nice:1.0
smooth:1.0
horizontal:1.0
bad:1.6931471805599454
sometimes:1.6931471805599454
cant:1.0
click:1.0
something:1.0
jumps:1.0
around:1.0
moving:1.0
right:1.6931471805599454
relatively:1.0
uniform:1.0
move:1.6931471805599454
smoothly:1.6931471805599454
bit:1.6931471805599454
jump:1.6931471805599454
maybe:1.0
time:1.0
left:1.0
5:1.0
inch:1.0
crazy:1.0
never:1.0
much:1.0
trouble:1.0
anyone:1.0
solutions:1.0
aha:1.0
found:1.0
problem:1.6931471805599454
isnt:1.0
dirt:1.0
another:1.0
guy:1.0
different:1.0
kind:1.0
640x400x16:1.0
video:1.6931471805599454
driver:2.09861228866811
default:1.0
vga:1.0
windows:1.6931471805599454
s3:2.09861228866811
localbus:1.0
card:1.6931471805599454
like:1.6931471805599454
loaded:1.0
became:1.0
seems:1.0
newer:1.0
one:1.0
version:2.09861228866811
1.4:1.6931471805599454
would:1.0
solve:1.0
really:1.0
use:1.0
keyboard:1.0
instead:1.0
s3-w31.zip:1.0
cica:1.0
came:1.0
computer:1.0
support:1.0
representative:1.0
college:1.0
fine:1.0
arts:1.0
communications:1.0
d-406:1.0
hfac:1.0
brigham:1.0
young:1.0
university:1.0
provo:1.0
ut:1.0
84602:1.0
801:1.0
378-3292:1.0
hfac_csr:1.0
byu.edu:1.0
