gurgle:1.6931471805599454
netcom.com:1.6931471805599454
pete:1.6931471805599454
gontier:1.6931471805599454
subject:1.0
challenge:1.0
microsoft:1.0
supporters:1.0
mfischer:1.0
ucsd.edu:1.0
mike:1.0
fischer:1.0
writes:1.0
youre:1.0
missing:1.0
main:1.6931471805599454
point:1.6931471805599454
capitalism:1.6931471805599454
first:1.0
place:1.0
competition:1.0
breeds:1.0
excellence:1.0
yes:1.0
commodities:1.0
concerned:1.0
imagining:1.0
capitalist:1.0
theorists:1.0
software:1.0
mind:1.0
wrote:1.0
grand:1.0
treatises:1.0
non-productive:1.0
ec:1.0
technology:1.0
