djw:2.09861228866811
wang.com:2.09861228866811
david:1.0
weinstein:1.0
subject:1.0
ms:1.6931471805599454
test:1.6931471805599454
help/question:1.0
newsgroup:1.6931471805599454
hi:1.0
would:1.6931471805599454
like:1.0
know:1.0
seperate:1.0
newgroup:1.0
discussion:1.0
quality:1.0
assurance:1.0
issues:1.0
appropriate:1.0
one:1.0
use:1.0
compuserve:1.0
microsoft:1.0
bbs:1.0
people:1.0
call:1.0
help:1.0
thanks:1.0
please:1.0
email:1.0
response:1.0
helmet:1.0
rules:1.0
whats:1.0
doc:1.0
plan:1.0
clue:1.0
