packard:2.09861228866811
aplcomm.jhuapl.edu:1.6931471805599454
mike:1.6931471805599454
subject:1.0
upgrading:1.0
windows:1.0
nt:1.6931471805599454
article:1.0
2946372331.3.p00211:1.0
psilink.com:1.6931471805599454
nathan:1.0
gregory:1.0
p00211:1.0
says:1.0
id:1.0
like:1.6931471805599454
appeal:1.0
nets:1.0
wizards:1.0
bit:1.0
advice:1.0
sounds:1.0
good:1.0
question:1.0
hardware:1.0
specific:1.0
general:1.0
please:1.0
respond:1.0
via:1.0
news:1.0
e-mail:1.0
probably:1.0
alot:1.0
people:1.0
wanting:1.0
read:1.0
replies:1.0
including:1.0
