ivory:2.386294361119891
e7sa.crd.ge.com:1.0
john:1.0
subject:1.0
make:1.0
rle:1.6931471805599454
file:1.0
im:1.0
told:1.0
replace:1.0
colorful:1.0
windows:1.6931471805599454
logo:1.0
appears:1.0
invokes:1.0
graphic:1.0
choosing:1.0
challange:1.0
image:1.0
must:1.0
format:1.0
ive:1.0
got:1.0
gifs:1.0
pics:1.0
jpgs:1.0
tifs:1.0
etc:1.0
everything:1.0
rles:1.0
whats:1.0
best:1.0
route:1.0
converting:1.0
things:1.0
program:1.0
download:1.0
anybody:1.0
else:1.0
done:1.0
steps:1.0
available:1.0
thanks:1.0
e-mail:1.0
e7sa.epi.syr.ge.com:1.0
tower.com:1.0
would:1.0
prefered:1.0
