ajs8:1.0
kimbark.uchicago.edu:1.0
adam:1.0
jeremy:1.0
schorr:1.0
subject:1.0
32:1.6931471805599454
bit:1.6931471805599454
access:1.6931471805599454
gateway:1.0
4dx2/66v:1.0
anyone:1.0
know:1.0
csn:1.0
cant:1.0
duse:1.0
