knut:2.09861228866811
tts.lth.se:2.09861228866811
ake:2.09861228866811
knutsson:1.6931471805599454
subject:1.0
hot-key:1.0
switching:1.0
program:2.386294361119891
manager:2.09861228866811
win:1.0
3.1:1.0
one:2.09861228866811
may:1.0
assign:1.6931471805599454
hot-keys:1.0
items:1.0
within:1.0
already:1.0
way:1.0
regards:1.0
email:1.0
dept:1.0
communication:1.0
systems:1.0
uunet:1.0
lund:1.0
institute:1.0
technology:1.0
sweden:1.0
fax:1.0
46:1.6931471805599454
145823:1.0
