yuting:1.0
xenon.stanford.edu:1.0
eugene:1.0
kuo:1.0
subject:1.0
microsoft:1.6931471805599454
bbs:1.6931471805599454
number:2.09861228866811
hi:1.0
anyone:1.0
tell:1.0
tried:1.0
one:1.0
given:1.0
dos:1.0
6:1.0
upgrade:1.0
manual:1.0
never:1.0
answered:1.0
call:1.0
thanks:1.0
please:1.0
email:1.0
