jack:2.386294361119891
feenix.metronet.com:2.09861228866811
hudler:1.6931471805599454
subject:1.0
challenge:1.0
microsoft:1.0
supporters:1.0
article:1.6931471805599454
c7315q.5cc:1.0
uceng.uc.edu:1.0
bferrell:1.0
cicada.occ.uc.edu:1.0
brett:1.0
ferrell:1.0
writes:1.6931471805599454
c716ra.igc:1.0
still:1.0
impact:1.0
itos:1.0
ibm:1.0
thats:1.0
left:1.0
employee:1.0
base:1.0
deadbeats:1.0
suspect:1.0
well:1.0
see:1.0
2.1:1.0
1st:1.0
quarter:1.0
94:1.0
boy:1.0
going:1.0
look:1.0
silly:1.0
couple:1.0
weeks:1.0
perhaps:1.0
