maclennan:2.09861228866811
meena.cc.uregina.ca:1.0
richard:1.6931471805599454
neil:1.0
subject:1.0
os:1.6931471805599454
better:1.0
challenge:1.0
ms:1.0
supporters:1.0
havent:1.0
wasted:1.0
enough:1.0
bandwidth:1.0
silly:1.0
discussion:1.0
already:1.0
please:1.0
flames:1.0
let:1.0
sanity:1.0
prevail:1.0
