csympc:1.0
scs.leeds.ac.uk:1.0
p:1.0
conmy:1.0
subject:1.0
challenge:1.0
microsoft:1.0
supporters:1.0
article:1.0
1993may14.180729.28073:1.0
samba.oit.unc.edu:1.0
dil.admin:1.0
mhs.unc.edu:1.0
dave:1.0
laudicina:1.0
writes:1.0
also:1.0
think:1.0
large:1.0
number:1.0
attackers:1.0
debaters:1.0
call:1.0
highly:1.0
technical:1.0
look:1.0
around:1.0
real:1.0
world:1.0
people:1.0
dont:1.0
want:1.6931471805599454
grep:1.6931471805599454
auck:1.6931471805599454
ls:1.0
l:1.0
push:1.0
buttons:1.0
get:1.6931471805599454
mean:1.0
unix:1.0
case:1.0
dependent:1.0
awk:1.0
mark:1.0
