kwgeitz:1.6931471805599454
s-link.escape.de:1.6931471805599454
karl-w:1.0
geitz:1.0
subject:1.0
data:2.6094379124341005
segments:1.6931471805599454
memory:3.0794415416798357
model:1.6931471805599454
usage:1.0
hello:1.0
phjm:1.0
wrote:1.0
firstly:1.0
windows:1.6931471805599454
3.1:1.6931471805599454
386:1.6931471805599454
enhanced:1.6931471805599454
mode:1.6931471805599454
anything:1.0
special:1.0
dlls:2.386294361119891
compiled:1.0
using:1.0
large:1.0
told:1.0
even:1.0
load:1.0
real:1.6931471805599454
640k:1.0
page-lock:1.0
second:1.0
question:1.0
relates:1.0
static:2.09861228866811
inside:1.0
way:1.0
get:1.0
multiple:1.0
instances:1.0
segment:1.0
dgroup:1.0
allocate:1.6931471805599454
within:1.0
code:1.0
need:1.0
dynamic:1.0
global:1.0
heap:1.0
forget:1.0
written:1.0
management:1.0
paged:1.0
virtual:1.0
lock:1.6931471805599454
every:1.0
block:1.6931471805599454
without:1.6931471805599454
hampering:1.0
manager:1.0
use:1.0
far:1.0
pointer:1.0
everytime:1.0
always:1.0
unlocking:1.0
besides:1.0
mostly:1.0
disguised:1.0
exes:1.0
happen:1.0
called:1.0
another:1.0
task:1.0
karl:1.0
karl-w.geitz:1.0
hauptstr.50:1.0
w-3320:1.0
salzgitter:1.0
1:1.0
tel:1.0
49-5300-6701:1.0
fax:1.0
49-5300-6499:1.0
cis:1.0
100010,204:1.0
bix:1.0
geitzkwg:1.0
crosspoint:1.0
v2.1:1.0
