gel:1.0
binkley.cs.mcgill.ca:1.0
gilles:1.0
khouzam:1.0
subject:1.0
mac:1.6931471805599454
disks:2.386294361119891
windows:1.0
macsee.zip:1.0
ftp.cica.indiana.edu:1.0
supposed:1.0
read:2.09861228866811
write:1.0
ive:1.0
never:1.0
tried:1.6931471805599454
though:1.0
good:1.0
luck:1.0
cant:1.0
say:1.0
works:1.0
cause:1.0
doesnt:1.0
800k:1.6931471805599454
reads:1.0
1.44mb:1.0
program:1.0
please:1.0
let:1.0
know:1.0
