tim:2.386294361119891
kowari.cpsg.com.au:1.0
timothy:1.0
fox:1.6931471805599454
subject:1.0
hot-key:1.0
screen:1.6931471805599454
saver:1.6931471805599454
louray:1.0
seas.gwu.edu:1.0
michael:1.0
panayiotakis:1.0
writes:1.0
well:1.0
renaming:1.0
screensavers:1.0
scr:1.0
exe:1.6931471805599454
running:1.0
pposted:1.0
havent:1.0
tried:1.0
changing:1.0
win.ini:1.0
effect:1.0
shows:1.0
setup:1.0
dialog:1.0
box:1.0
butdoesnt:1.0
enable:1.0
mickey:1.0
try:1.0
save:1.0
c:1.6931471805599454
config:1.0
defaults:1.0
question:1.6931471805599454
tree:2.09861228866811
falls:1.6931471805599454
forest:1.6931471805599454
one:1.6931471805599454
sees:1.6931471805599454
hears:1.0
fall:1.0
rather:1.0
many:1.0
koalas:1.0
take:1.0
cpsg.com.au:1.6931471805599454
cp:1.0
software:1.0
pty:1.0
ltd:1.0
acn:1.0
006:1.0
640:1.0
133:1.0
ph:1.0
61-3-823-0222:1.0
19:1.0
cato:1.0
street:1.0
east:1.0
hawthorn:1.0
fax:1.0
61-3-822-0089:1.0
victoria:1.0
australia:1.0
3123:1.0
acsnet:1.0
no-one:1.0
