gurgle:1.6931471805599454
netcom.com:1.6931471805599454
pete:1.6931471805599454
gontier:1.6931471805599454
subject:1.0
challenge:1.0
microsoft:1.6931471805599454
supporters:1.0
long:1.0
bashing:1.0
typography:1.0
csympc:1.0
scs.leeds.ac.uk:1.0
p:1.0
conmy:1.0
writes:1.0
unix:1.6931471805599454
case:1.0
dependent:1.0
yes:1.0
case-dependent:1.0
ec:1.0
technology:1.0
windows:1.0
like:1.0
putting:1.0
lipstick:1.0
chicken:1.0
