bwise:1.6931471805599454
nyx.cs.du.edu:1.6931471805599454
brandon:1.6931471805599454
wise:1.6931471805599454
subject:1.0
anyone:1.0
heard:1.0
deltree:1.0
