detrolio:1.6931471805599454
andromeda.rutgers.edu:1.6931471805599454
david:1.6931471805599454
de:1.6931471805599454
trolio:1.6931471805599454
subject:1.0
stop:1.6931471805599454
message:2.09861228866811
received:1.6931471805599454
running:1.6931471805599454
windows:1.6931471805599454
3.1:1.6931471805599454
application:2.386294361119891
menu:2.09861228866811
386sx-16:1.0
mhz:1.0
five:1.0
megs:1.6931471805599454
memory:1.0
motherboard:1.0
came:1.0
one:1.0
meg:1.0
added:1.0
four:1.0
past:1.0
weekend:1.0
1x9:1.0
70:1.0
simms:1.0
installed:1.0
ms-dos:1.0
command:1.0
park:1.6931471805599454
till:1.0
today:1.6931471805599454
parked:1.0
disk:1.0
without:1.6931471805599454
problem:1.0
attempting:1.0
heads:1.0
following:1.0
violated:1.0
system:1.0
integrity:1.0
due:1.0
invalid:1.0
general:1.0
protection:1.0
fault:1.0
terminated:1.0
mean:1.0
thanks:1.0
united:1.0
states:1.0
increased:1.0
revenue:1.0
punishing:1.0
penalizing:1.0
obtained:1.0
personal:1.0
economic:1.0
achievements:1.0
