condor:1.6931471805599454
tramp.cc.utexas.edu:1.0
george:1.6931471805599454
kontoravdis:1.6931471805599454
subject:1.0
problem:1.6931471805599454
winqvt/net:2.09861228866811
2.81:1.6931471805599454
dos:2.09861228866811
6.0:1.6931471805599454
using:1.0
win3.1:1.0
5.0:1.0
quite:1.0
sometime:1.0
without:1.0
recently:1.0
installed:1.0
386-40:1.0
pc:1.0
run:1.0
keep:1.0
getting:1.0
packet:1.0
received:1.0
invalid:1.0
port-reset:1.0
sent:1.0
messages:1.0
console:1.0
window:1.6931471805599454
cant:1.6931471805599454
get:1.0
1:1.0
telnet:1.0
use:1.0
ftp:1.0
suggestions:1.0
would:1.0
greatly:1.0
appreciated:1.0
thanks:1.0
ccwf.cc.utexas.edu:1.0
