hatton:2.386294361119891
socrates.ucsf.edu:1.0
tom:1.6931471805599454
subject:1.0
challenge:1.0
microsoft:1.0
supporters:1.0
win-os/2:1.0
ibm:1.6931471805599454
work:1.6931471805599454
make:2.09861228866811
laugh:1.0
re-writing:1.0
couple:1.0
thousands:1.0
lines:1.0
code:1.0
windows:1.6931471805599454
compatible:1.0
dpmi:1.6931471805599454
implementation:1.0
rest:1.0
dont:1.0
think:1.0
ms:1.0
anything:1.0
brag:1.0
comes:1.0
following:1.0
consistency:1.0
hobgoblin:1.0
etc:1.0
suppose:1.0
cgl.ucsf.edu:1.0
415:1.0
476-8693:1.0
