pk64380:1.0
kaarne.cs.tut.fi:1.0
kuusisto:1.0
pasi:1.0
petri:1.0
sig,64380:1.0
subject:1.0
hot-key:1.0
switching:1.0
program:2.386294361119891
manager:2.09861228866811
article:1.0
1993may15.091822.14174:1.0
lth.se:1.0
knut:1.0
tts.lth.se:1.0
ake:1.0
knutsson:1.0
win:1.0
3.1:1.0
one:2.09861228866811
may:1.0
assign:1.6931471805599454
hot-keys:1.0
items:1.0
within:1.0
already:1.0
way:1.0
put:1.0
progman:1.0
hotkey:1.0
startup:1.0
group:1.0
zi:1.0
