ferch:1.6931471805599454
ucs.ubc.ca:1.0
les:1.0
subject:1.0
mac:2.791759469228055
disks:2.6094379124341005
windows:1.0
1t7529:1.0
agf:1.0
agate.berkeley.edu:1.0
miyamoto:1.6931471805599454
ucsee.berkeley.edu:1.0
carleton:1.0
writes:2.09861228866811
article:1.0
1t6efv:1.0
1pj:1.0
binkley.cs.mcgill.ca:1.6931471805599454
gel:1.0
gilles:1.0
khouzam:1.0
macsee.zip:1.0
ftp.cica.indiana.edu:1.0
supposed:1.0
read:2.791759469228055
write:1.6931471805599454
ive:1.0
never:1.0
tried:1.6931471805599454
though:1.0
good:1.0
luck:1.0
cant:1.6931471805599454
say:1.0
works:1.0
cause:1.0
doesnt:1.0
800k:2.386294361119891
reads:1.0
1.44mb:1.6931471805599454
program:1.0
please:1.0
let:1.0
know:1.0
im:1.6931471805599454
sure:1.6931471805599454
possible:1.0
due:1.0
way:1.6931471805599454
disk:2.09861228866811
think:1.0
sectors:1.0
set:1.0
different:1.0
enough:1.6931471805599454
pc:2.09861228866811
3.5:2.09861228866811
hardware:1.6931471805599454
problem:1.0
software:1.6931471805599454
correct:1.6931471805599454
hope:1.0
helps:1.0
wrong:1.0
youre:1.0
right:1.0
apple:1.6931471805599454
ii:1.6931471805599454
5.25:1.0
without:1.0
extra:1.0
however:1.0
written:1.0
hd:1.0
drive:1.0
probably:1.0
added:1.0
every:1.0
faq:1.0
file:1.0
gets:1.0
asked:1.0
