chapman:2.09861228866811
cs.sfu.ca:1.6931471805599454
john:1.6931471805599454
subject:1.0
tiff:1.6931471805599454
file:1.6931471805599454
viewer:1.6931471805599454
needed:1.0
hello:1.0
need:1.0
24:1.0
bit:1.0
images:1.0
run:1.6931471805599454
windows:1.6931471805599454
3.1:1.0
matters:1.0
alternatively:1.0
package:1.0
x-server:1.0
top:1.0
would:1.0
well:1.0
unfortunately:1.0
budget:1.0
limited:1.0
whatever:1.0
end:1.0
using:1.0
public:1.0
domain:1.0
inexpensive:1.0
thanks:1.0
advance:1.0
help:1.0
