christian.robert:1.0
etudiants.unine.ch:1.0
subject:1.0
diamond:1.6931471805599454
24-windows:1.0
3.1:1.0
conflict:1.0
hello:1.0
problems:1.0
stealth:1.0
local:1.0
bus:1.0
graphic:1.6931471805599454
card:1.6931471805599454
try:1.0
start:1.0
windows:1.0
system:1.6931471805599454
stop:1.0
display:1.0
free:1.0
files:1.0
handles:1.0
load:1.0
command:1.0
halted:1.0
perhaps:1.0
bios:1.0
setup:2.386294361119891
problem:1.0
im:1.0
used:1.0
ami-bios:1.0
somebody:1.0
explain:1.0
shadow:1.6931471805599454
video:1.0
rom:1.6931471805599454
others:1.0
also:1.0
config:1.0
two:1.0
advenced:1.0
best:1.0
utilisation:1.0
thanks:1.0
answer:1.0
ch.robert:1.0
