cliffga:1.0
microsoft.com:1.0
clifford:1.0
garrett:1.0
subject:1.0
challenge:1.0
microsoft:1.0
supporters:1.0
yes:1.6931471805599454
lot:1.0
os/2:2.09861228866811
2.0:1.6931471805599454
common:1.0
1.x:1.0
written:1.0
guys:1.0
however:1.0
many:1.0
things:1.0
made:1.0
much:1.0
successful:1.0
win-os/2:1.0
workplace:1.0
shell:1.0
previous:1.0
versions:1.0
ibm:1.6931471805599454
work:1.0
certainly:1.0
wrote:1.0
windows:1.0
code:1.0
c:1.0
