kchu:1.0
unixg.ubc.ca:1.0
yep:1.0
thats:1.0
subject:1.0
help:1.6931471805599454
w-scan:1.0
104:1.6931471805599454
somebody:1.0
installed:1.0
version:1.6931471805599454
mcafree:1.0
anti-virus:1.0
program:1.0
tried:1.0
scan:1.0
entire:1.0
hard:1.0
disk:1.0
got:1.0
message:1.0
sorry:1.0
cant:1.0
open:1.0
xxxx:1.0
couple:1.0
files:1.0
including:1.0
wscan104.exe:1.0
didnt:1.0
happen:1.0
previous:1.0
appear:1.0
friends:1.0
machine:1.0
thankx:1.0
