grimm:1.6931471805599454
dec6.wu-wien.ac.at:1.0
thomas:1.6931471805599454
w:1.0
subject:1.0
wanted:1.0
hypertext:1.0
alike:1.0
win3.1:1.0
fact:1.0
im:1.0
looking:1.0
possibility:1.0
connect:1.0
different:1.0
peaces:1.0
information:1.0
like:1.0
windows:1.0
help:1.0
system:1.6931471805599454
dont:1.0
want:1.0
program:1.0
necessary:1.0
effort:1.0
afford:1.0
small:1.0
possible:1.0
thanx:1.0
advance:1.0
