christian.robert:1.0
etudiants.unine.ch:1.0
subject:1.0
windows:1.0
exit:1.0
problem:1.6931471805599454
hello:1.0
window:1.0
3.1:1.0
program:1.6931471805599454
sometimes:1.0
save:1.0
settings:1.0
manager:1.0
system:1.0
corrupt:1.0
one:1.0
grp:1.0
files:1.0
progman.exe:1.0
cant:1.0
open:1.0
next:1.0
start:1.0
thanks:1.0
answer:1.0
chrobert:1.0
