well5173:1.6931471805599454
mach1.wlu.ca:1.6931471805599454
wells:1.6931471805599454
dana:2.09861228866811
subject:1.0
anyone:1.0
heard:1.0
deltree:1.0
new:1.0
command:1.0
dos:1.0
6:1.0
allows:1.0
erase:1.0
directory:1.0
files:1.6931471805599454
without:1.0
first:1.0
erasing:1.0
individual:1.0
ba:1.0
yes:1.0
another:1.0
male:1.0
wilfrid:1.0
laurier:1.0
u:1.0
waterloo:1.0
urban:1.0
geographers:1.0
plan-it:1.0
better:1.0
