dmsilev:1.6931471805599454
athena.mit.edu:1.6931471805599454
daniel:1.6931471805599454
silevitch:1.6931471805599454
subject:1.0
word:2.386294361119891
windows:1.6931471805599454
problems:1.6931471805599454
article:1.0
1993may16.043242.1973:1.0
lugb.latrobe.edu.au:1.0
cleeve:1.6931471805599454
lucifer.latrobe.edu.au:1.0
jason:1.0
writes:1.0
trying:1.0
use:1.6931471805599454
equation:1.6931471805599454
editor:1.6931471805599454
2.0:1.0
get:1.0
couple:1.0
error:1.0
messages:1.0
along:1.0
lines:1.0
cant:1.0
find:1.0
font:2.09861228866811
mt:2.09861228866811
extra:2.09861228866811
default:1.0
printer:1.6931471805599454
characters:1.0
displayed:1.0
printed.try:1.0
installing:1.0
reinstall:1.0
new:1.0
similar:1.6931471805599454
fences:2.09861228866811
know:2.6094379124341005
fonts:2.386294361119891
system:1.0
unable:1.0
tried:1.0
solutions:1.0
avail:1.0
anyone:1.6931471805599454
found:1.0
way:1.0
fix:1.6931471805599454
could:1.0
let:1.0
urgently:1.0
required:1.0
thanks:1.0
back:1.0
congratulations:1.0
youve:1.0
discovered:1.0
nasty:1.0
frequently:1.6931471805599454
ecountered:1.0
bug:1.0
setup:1.0
program:1.0
wrong:1.0
quite:1.0
easy:1.0
go:1.0
dialog:1.0
control:1.6931471805599454
panel:1.6931471805599454
select:1.6931471805599454
two:1.0
delete:1.6931471805599454
list:1.0
entries:1.0
disk:1.0
files:1.0
add:1.6931471805599454
plain:1.6931471805599454
close:1.6931471805599454
box:1.0
restart:1.0
everything:1.0
alright:1.0
microsoft:1.0
fixed:1.0
thing:1.0
yet:1.0
reported:1.0
massachusetts:1.0
institute:1.0
technology:1.0
