subject:1.0
word:1.6931471805599454
windows:1.6931471805599454
problems:1.6931471805599454
cleeve:2.791759469228055
lucifer.latrobe.edu.au:2.09861228866811
jason:2.09861228866811
trying:1.0
use:1.6931471805599454
equation:1.6931471805599454
editor:1.6931471805599454
2.0:1.0
get:1.0
couple:1.0
error:1.0
messages:1.0
along:1.0
lines:1.0
cant:1.0
find:1.0
font:1.6931471805599454
mt:1.0
extra:1.0
default:1.0
printer:1.6931471805599454
characters:1.0
displayed:1.0
printed.try:1.0
installing:1.0
reinstall:1.0
new:1.0
similar:1.6931471805599454
fences:1.0
know:1.6931471805599454
fonts:1.0
system:1.0
unable:1.0
tried:1.0
solutions:1.0
avail:1.0
anyone:1.0
found:1.0
way:1.0
fix:1.0
could:1.0
let:1.0
urgently:1.0
required:1.0
thanks:1.0
j.cleeve:1.6931471805599454
ieee.org:1.6931471805599454
q:1.6931471805599454
comp:1.6931471805599454
sci:1.6931471805599454
hons:1.6931471805599454
elect:1.6931471805599454
eng:1.6931471805599454
la:1.6931471805599454
trobe:1.6931471805599454
university:1.6931471805599454
australia:1.6931471805599454
email:1.6931471805599454
