pi92ae:1.0
pt.hk-r.se:1.0
andy:1.6931471805599454
subject:1.0
mac:1.0
disks:2.386294361119891
windows:1.0
technology:1.0
apple:1.0
uses:1.0
800k:1.0
ibm:1.0
pc:1.6931471805599454
cant:1.0
read:1.6931471805599454
without:1.0
special:1.0
hardware:1.0
1.44m:1.0
work:1.0
alike:1.0
ibms:1.0
1.44:1.0
