mike:2.386294361119891
schleppo.bocaraton.ibm.com:1.6931471805599454
dahmus:1.6931471805599454
subject:1.0
challenge:1.0
microsoft:1.0
supporters:1.0
om:1.0
1993may17.064503.13114:1.0
microsoft.com:1.6931471805599454
cliffga:1.0
clifford:1.0
garrett:1.0
writes:1.0
yes:1.6931471805599454
lot:1.0
os/2:2.9459101490553135
2.0:2.09861228866811
common:1.0
1.x:1.0
written:1.0
guys:1.0
however:1.0
many:1.0
things:1.6931471805599454
made:1.0
much:1.0
successful:1.0
win-os/2:2.386294361119891
workplace:1.0
shell:1.0
previous:1.0
versions:1.0
ibm:2.791759469228055
work:1.0
certainly:1.0
wrote:1.0
windows:2.9459101490553135
code:1.0
cliff:1.6931471805599454
know:1.0
difference:1.0
heres:1.0
helpful:1.0
hint:1.0
running:2.09861228866811
possible:1.6931471805599454
real:1.6931471805599454
mode:2.09861228866811
dos:1.6931471805599454
box:1.6931471805599454
course:1.0
3.0:1.0
since:1.0
3.1:1.0
longer:1.0
ability:2.09861228866811
run:1.6931471805599454
standard:1.0
clipboard:1.0
seamless:1.0
added:1.0
everybody:1.6931471805599454
real-mode:1.0
2.x:1.0
raise:1.6931471805599454
hand:1.6931471805599454
finally:1.0
get:1.0
picture:1.0
internet:1.0
miked:1.0
vnet.ibm.com:1.0
vnet:1.0
mdahmus:1.0
boca:1.0
penpm:1.0
development:1.0
ipnet:1.0
personal:1.0
systems:1.0
disclaimer:1.0
official:1.0
spokesman:1.0
