mfischer:1.0
ucsd.edu:1.0
mike:1.6931471805599454
fischer:1.0
subject:1.0
challenge:1.0
microsoft:1.6931471805599454
supporters:1.0
article:1.0
strobl.737652964:1.0
gmd.de:1.6931471805599454
strobl:1.6931471805599454
wolfgang:1.0
writes:1.0
indeed:1.0
true:1.0
prefer:1.0
windows:1.6931471805599454
nt:1.0
certainly:1.0
much:1.0
better:1.0
3.1/dos:1.0
like:1.0
compared:1.0
os/2:1.0
2.x:1.0
