ntaib:2.09861228866811
silver.ucs.indiana.edu:1.6931471805599454
iskandar:1.6931471805599454
taib:1.6931471805599454
subject:1.0
please:1.0
help:1.6931471805599454
amiga:2.09861228866811
user:1.6931471805599454
find:1.0
comfort:1.0
windows:2.386294361119891
article:1.0
1t9ada:1.0
og0:1.0
fitz.tc.cornell.edu:1.0
stlombo:1.0
eos.acm.rpi.edu:1.0
steve:1.0
j:1.0
lombardi:1.0
writes:1.0
night:1.0
im:1.6931471805599454
day:1.0
work:1.6931471805599454
id:1.0
much:1.0
comfortable:1.0
two:1.6931471805599454
things:2.09861228866811
1:1.6931471805599454
good:2.386294361119891
personal:1.0
information:1.0
manager:2.9459101490553135
know:2.09861228866811
calendar:1.0
address:1.0
book:1.0
reminder:1.0
list:1.0
etc:1.6931471805599454
rolled:1.0
one:2.386294361119891
clean:1.0
interface:1.6931471805599454
prefer:1.0
infoselect:1.0
strange:1.0
kind:1.0
pim:1.0
2:1.6931471805599454
file:3.0794415416798357
microsofts:1.0
poor:1.0
standards:1.0
left:2.09861228866811
right:1.6931471805599454
window:2.6094379124341005
allows:1.0
operations:1.0
able:1.0
launch:2.09861228866811
programs:1.0
would:1.0
nice:1.0
well:1.6931471805599454
text:2.09861228866811
reading:1.6931471805599454
graphics:1.6931471805599454
viewing:1.6931471805599454
familiar:1.0
directory:1.6931471805599454
opus:1.6931471805599454
looking:1.0
might:1.0
like:1.0
3.1:1.6931471805599454
better:1.0
get:1.0
simply:1.0
double:2.09861228866811
click:1.0
drive:1.6931471805599454
icon:2.6094379124341005
gives:1.0
fallacy:1.0
drag:1.0
files:2.386294361119891
tree:1.0
side:1.0
beats:1.0
many:1.0
open:1.6931471805599454
wish:1.0
instead:1.0
app:1.0
within:1.0
clicking:1.6931471805599454
executables:1.0
3:1.0
application:1.0
document:1.6931471805599454
provided:1.0
associations:1.6931471805599454
set:1.0
correctly:1.0
easily:1.0
done:1.6931471805599454
menus:1.0
browse:1.0
capability:1.0
adds:1.0
lot:1.0
functionality:1.0
name:1.0
txt:1.0
point:1.0
gif:1.0
tiff:1.0
towards:1.0
paintshop:1.0
wingif:1.0
takes:1.0
care:1.0
requirement:1.0
someone:1.0
prefers:1.0
using:1.0
shell:1.0
setting:1.0
need:1.0
way:1.0
half:1.0
must:1.0
pretty:1.0
indeed:1.0
needs:1.0
understand:1.0
thing:1.0
worse:1.0
peach:1.6931471805599454
ala:1.6931471805599454
internet:1.0
frog:1.6931471805599454
bitnet:1.0
iubacs:1.0
