root:1.0
lyra.scg.hac.com:1.0
dave:1.6931471805599454
fisher:2.09861228866811
subject:1.0
screen:1.6931471805599454
snapshot:1.6931471805599454
way:1.6931471805599454
save:1.0
file:1.0
windows:1.0
similar:1.0
one:1.0
press:1.0
cmd-shift-3:1.0
mac:1.0
please:1.0
email:1.0
rather:1.0
posting:1.0
thanks:1.0
lyra.hac.com:1.0
