chrisa:1.0
hpwarr.hp.com:1.0
chris:1.0
almy:1.0
subject:1.0
winfax:2.09861228866811
files:1.0
ascii:1.0
format:1.0
pro:1.6931471805599454
provides:1.0
ocr:1.6931471805599454
omnipage:1.0
although:1.0
customizable:1.0
job:1.0
auto:1.0
matic:1.0
want:1.0
much:1.0
cheaper:1.0
package:1.0
omni:1.0
page:1.0
professional:1.0
700:1.0
sold:1.0
separatly:1.0
last:1.0
time:1.0
check:1.0
100:1.0
