kdb:2.386294361119891
sunbar.mc.duke.edu:2.09861228866811
kurt:2.386294361119891
bollacker:2.386294361119891
subject:1.0
challenge:1.0
microsoft:1.0
supporters:1.0
tim:1.6931471805599454
glauert:1.6931471805599454
thg:1.6931471805599454
cam-orl.co.uk:1.6931471805599454
wrote:1.6931471805599454
article:1.6931471805599454
14987:1.0
news.duke.edu:1.6931471805599454
teer13.acpub.duke.edu:1.0
writes:1.6931471805599454
14957:1.0
none:1.0
changes:1.0
fact:1.0
msw3.1:2.386294361119891
objectively:2.386294361119891
inferior:3.1972245773362196
competition:2.09861228866811
mean:1.6931471805599454
respects:1.0
trivially:1.6931471805599454
true:1.0
respecets:1.0
false:1.0
something:1.0
else:1.0
criteria:1.6931471805599454
chosen:1.0
objective:1.6931471805599454
assesment:1.0
sure:1.0
believe:1.0
enough:1.0
make:1.0
overall:1.0
product:1.0
apple:1.0
system:1.6931471805599454
7:1.6931471805599454
os/2:1.6931471805599454
2.0:1.0
nextstep:1.6931471805599454
3.0:1.0
unix/xwindows:1.0
pick:1.6931471805599454
favorite:1.0
flavor:1.0
words:1.0
opinion:1.0
thats:1.0
technically:1.0
os/guis:1.0
listed:1.0
already:1.0
described:1.0
say:1.0
briefly:1.0
easier:1.6931471805599454
learn:2.09861228866811
use:2.09861228866811
independent:1.0
studies:1.0
effect:1.0
run:1.0
msw:2.09861228866811
applications:1.0
stable:2.09861228866811
multitasking:2.09861228866811
program:1.0
unix/x:1.0
easy:1.0
prpoer:1.0
setup:1.0
exchange:1.0
data:1.0
machines:1.6931471805599454
well:1.0
amongst:1.0
interoperability:1.0
issue:1.0
criterion:1.0
another:1.0
perhaps:1.0
incorrect:1.0
glove:1.0
duke:1.0
university:1.0
medical:1.0
center:1.0
durham:1.0
nc:1.0
27710:1.0
