jagrant:1.0
emr1.emr.ca:1.6931471805599454
john:1.6931471805599454
grant:1.0
subject:1.0
afterdark:1.6931471805599454
startrek:1.6931471805599454
memory:1.6931471805599454
article:1.0
1993may18.234042.4519:1.0
informix.com:1.0
jerry:1.6931471805599454
doodles.informix.com:1.0
writes:1.0
version:1.0
running:1.0
nearly:1.0
always:1.0
reports:1.0
space:1.6931471805599454
floats:1.0
across:1.6931471805599454
top:1.6931471805599454
screen:1.0
set:1.0
correctly:1.6931471805599454
ive:1.0
got:1.0
16m:1.0
ram:1.0
youre:1.0
right:1.0
doesnt:1.0
appear:1.0
working:1.0
really:1.0
say:1.0
last:1.0
frontier:1.0
grantjagrant:1.0
airborne:1.0
geophysics:1.0
geological:1.0
survey:1.0
canada:1.0
ottawa:1.0
