st1pb:1.6931471805599454
elroy.uh.edu:1.6931471805599454
burris:1.0
dean:1.6931471805599454
e:1.0
subject:1.0
pctools:1.6931471805599454
windows:1.0
demo:1.6931471805599454
someone:1.0
downloaded:1.0
compuserve:1.0
please:1.0
upload:1.0
cica:1.0
ftp:1.0
site:1.0
thanks:1.0
