hstarke:1.0
europa.eng.gtefsd.com:1.0
hal:1.6931471805599454
starke:1.0
subject:1.0
386:2.09861228866811
enchaced:1.0
mode:2.386294361119891
scsi:1.6931471805599454
disk:2.09861228866811
removed:1.0
ide:1.0
drive:1.0
reformated:1.0
two:1.0
use:1.0
boot:1.0
system:1.6931471805599454
run:1.6931471805599454
windows:1.6931471805599454
fine:2.09861228866811
enhanced:1.0
dx50:1.0
8:1.0
meg:1.0
ram:1.0
adaptec:1.0
1542b:1.0
bios:1.0
enabled:1.0
runs:1.6931471805599454
standard:1.0
returns:1.0
dos:1.0
prompt:1.0
trying:1.0
ive:1.0
tried:1.0
emmexclude:1.0
sysrombreakpoint:1.0
gives:1.0
thanks:1.0
advance:1.0
views:1.0
