vharten:1.6931471805599454
prl.philips.nl:1.6931471805599454
peter:1.0
r:1.0
van:1.6931471805599454
harten:1.6931471805599454
subject:1.0
ati:2.09861228866811
graphics:1.6931471805599454
ultra:1.6931471805599454
pro:1.6931471805599454
problem:2.09861228866811
following:1.6931471805599454
dell:1.0
450se:1.0
eisa:1.0
start:2.09861228866811
windows:1.6931471805599454
first:1.6931471805599454
5:1.6931471805599454
times:1.0
try:1.0
run:2.09861228866811
application:2.386294361119891
show:1.0
error:1.6931471805599454
message:1.0
executing:1.0
enough:1.0
memory:1.0
tries:1.0
want:1.0
afterwards:1.0
problems:1.0
change:1.0
video:1.0
driver:1.6931471805599454
mach:1.0
32:1.0
8514/a:1.0
occur:1.0
suspect:1.0
drivers:1.0
tried:1.0
build:1.6931471805599454
55:1.0
59:1.0
anyone:1.0
clue:1.0
p.r:1.0
philips:1.0
research:1.0
laboratories:1.0
tel:1.0
31:1.6931471805599454
40:1.6931471805599454
742209:1.0
prof:1.0
holstlaan:1.0
4:1.0
fax:1.0
744810:1.0
5656:1.0
aa:1.0
eindhoven:1.0
email:1.0
netherlands:1.0
