bjorndahl:2.386294361119891
augustana.ab.ca:1.6931471805599454
subject:1.0
document:1.6931471805599454
rtf:1.6931471805599454
article:1.0
1993mar30.113436.7339:1.0
worak.kaist.ac.kr:1.0
tjyu:1.0
eve.kaist.ac.kr:1.0
yu:1.0
taijung:1.0
writes:1.0
anybody:1.0
file:1.0
know:1.0
get:1.0
thanks:1.0
advance:1.0
got:1.0
one:1.0
microsoft:1.0
tech:1.0
support:1.0
sterling:1.0
g:1.0
camrose.uucp:1.0
augustana:1.0
university:1.0
college:1.0
camrose:1.0
alberta:1.0
canada:1.0
403:1.0
679-1100:1.0
