subject:1.0
winbench:2.09861228866811
3.11:1.6931471805599454
help:1.0
graphics:1.0
comparison:1.0
srg3sir:1.0
grv.grace.cri.nz:1.0
article:1.0
c4zogd.c56:1.0
news.udel.edu:1.0
swyatt:1.0
bach.udel.edu:1.0
stephen:1.0
l:1.0
wyatt:1.0
writes:1.0
question:1.0
pc:1.0
labs:1.0
thing:1.0
386/33:1.0
ahead:1.6931471805599454
b:1.6931471805599454
512k:1.0
card:2.09861228866811
got:1.0
results:1.0
windows:1.6931471805599454
vga:1.0
driver:2.09861228866811
2.44:1.0
million:2.09861228866811
640-480-256:1.0
455,000:1.0
winmarks:1.6931471805599454
svga:1.0
800-600-16:1.0
1.68:1.0
thinking:1.0
upgrading:1.0
diamond:1.0
24x:1.6931471805599454
read:1.0
8:1.0
winmark:1.0
obviously:1.0
much:1.6931471805599454
greater:1.0
256-color:1.0
mode:1.0
good:1.0
street:1.0
price:1.0
170:1.0
386dx:1.0
33mhz:1.0
4mb:1.0
ram:1.0
2.5:1.0
v2.02:1.0
16.7m:1.6931471805599454
1,668,274:1.0
v2.03:2.09861228866811
1,668,985:1.0
16:1.0
4,602,428:1.0
256:1.0
7,635,278:1.0
richard:1.0
mayston:1.0
maystonr:1.0
grace.cri.nz:1.0
