holland:2.6094379124341005
ug.cs.dal.ca:2.09861228866811
shane:1.6931471805599454
subject:1.0
comments:1.6931471805599454
xtree:1.6931471805599454
windows:1.6931471805599454
looking:1.0
pro:1.0
thinking:1.0
buying:1.0
product:1.0
even:1.0
seen:1.0
yet:1.0
thank:1.0
maurack:1.0
ac.dal.ca:1.0
