ardie:1.6931471805599454
ux1.cso.uiuc.edu:1.0
mack:1.0
subject:1.6931471805599454
dos6:1.6931471805599454
defragment:1.6931471805599454
article:1.6931471805599454
1993apr6.040254.8443:1.0
cs.brown.edu:1.0
ksl:1.6931471805599454
engin1.nosubdomain.nodomain:1.6931471805599454
kiseok:1.6931471805599454
lee:1.6931471805599454
writes:2.09861228866811
date:1.0
tue:1.0
6:1.0
apr:1.0
1993:1.0
04:02:54:1.0
gmt:1.0
c51h9m.46p:1.0
news.cso.uiuc.edu:1.0
rhc52134:1.0
uxa.cso.uiuc.edu:1.0
richard:1.6931471805599454
geoffrey:1.0
elbo:1.0
yes:1.6931471805599454
fastest:1.0
defrag:2.09861228866811
ive:1.0
ever:1.0
watched:1.0
170mb:1.0
hard:1.0
disk:1.0
20:1.0
minutes:1.0
found:1.0
ms:2.386294361119891
looks:1.0
much:1.0
like:1.0
norton:2.386294361119891
speedisk:1.6931471805599454
strip-down:1.0
version:1.6931471805599454
later:1.0
backup:1.6931471805599454
wondering:1.0
need:1.6931471805599454
install:1.0
defragger:1.0
come:1.0
utility:1.0
dont:1.6931471805599454
bother:1.6931471805599454
cpbackup:1.0
fastback:1.0
offer:1.0
options:1.0
available:1.0
stripped-down:1.0
cps:1.0
examples:1.0
proprietary:1.0
format:1.0
save:1.0
space:1.0
probably:1.0
direct:1.0
dma:1.0
access:1.0
tape:1.0
drive:1.0
use:1.0
doublespace:1.0
work:1.0
compressed:1.0
volume:1.0
