rcampbel:1.6931471805599454
weejordy.physics.mun.ca:1.6931471805599454
roderick:1.6931471805599454
campbell:1.6931471805599454
subject:1.0
pc/geos:1.0
windows:1.6931471805599454
os/2:2.09861228866811
unix/x11:1.6931471805599454
article:1.0
sehari.734022369:1.0
vincent2.iastate.edu:1.0
sehari:2.09861228866811
iastate.edu:1.0
babak:1.6931471805599454
writes:1.0
limited:1.0
knowladge:1.0
pc:1.6931471805599454
geos:1.6931471805599454
came:1.0
following:1.0
comparison:1.0
1:1.0
run:1.6931471805599454
dos:1.6931471805599454
programs:1.0
yes:2.386294361119891
needed:1.0
add:1.6931471805599454
lines:1.0
deleted:1.0
7:1.0
price:1.6931471805599454
120:1.6931471805599454
70:2.09861228866811
free:2.09861228866811
1000s:1.0
good:1.0
one:1.0
costs:1.0
400:1.0
700:1.0
avaliable:1.0
ext:1.0
card:1.0
8:1.0
c:2.6094379124341005
compiler:1.6931471805599454
dont:2.09861228866811
think:1.0
yap:3.4849066497880004
9:1.0
10:1.0
fortran:2.09861228866811
11:1.0
debuger:1.0
12:1.0
min:1.0
2m:1.0
10mb-hard:1.0
386:1.0
guys:1.0
gals:1.0
list:2.09861228866811
throw:1.6931471805599454
many:2.09861228866811
tubes:1.6931471805599454
highest:1.0
regards:1.0
appears:1.0
imply:1.0
ms-windows:1.0
cost:1.0
listed:1.0
comes:1.0
course:1.0
expensive:1.0
add-ons:1.0
drive:1.0
way:1.0
beyond:1.0
know:1.0
applies:1.0
far:1.0
unix:1.6931471805599454
concerned:1.0
linux:1.0
cc:1.0
f2c:1.0
xwindows:1.0
features:1.0
besides:1.0
large:1.0
number:1.0
utilities:1.0
optionally:1.0
added:1.0
also:1.0
386bsd:1.0
believe:1.0
unixs:1.0
quite:1.0
robust:1.0
check:1.0
comp.os.linux:1.0
want:1.0
youve:1.0
got:1.0
break:1.0
little:1.0
department:1.0
physics:1.0
memorial:1.0
university:1.0
newfoundland:1.0
st:1.0
johns:1.0
nf:1.0
canada:1.0
internet:1.0
