ac151:1.6931471805599454
freenet.carleton.ca:1.6931471805599454
david:1.6931471805599454
clarke:1.6931471805599454
subject:1.0
dos:1.6931471805599454
6:1.6931471805599454
emm386:2.6094379124341005
windows:2.386294361119891
3.1:1.0
prob:1.0
anyone:1.0
else:1.0
experienced:1.0
problems:1.0
hanging:1.0
installation:1.0
narrowed:1.0
problem:1.0
remove:1.0
disable:1.0
ok:1.0
active:1.0
noems:1.0
hangs:1.6931471805599454
use:1.0
auto:1.0
system:1.0
bootup:1.0
dave:1.0
well:1.6931471805599454
deep:1.0
wish:1.0
david_clarke:1.0
mtsa.ubc.ca:1.0
clarkec:1.0
sfu.ca:1.0
