bkph:1.0
kauai.ai.mit.edu:1.0
berthold:1.6931471805599454
k.p:1.6931471805599454
horn:1.6931471805599454
subject:1.0
atm:1.0
truetype-which:1.0
choose:1.0
article:1.0
1993apr06.023730.5094:1.0
microsoft.com:1.6931471805599454
davidgl:1.0
david:1.0
glenn:1.0
writes:1.0
true:1.0
characters:2.6094379124341005
tt:2.9459101490553135
type:2.386294361119891
1:2.386294361119891
font:3.3978952727983707
depend:1.0
maker:1.0
someone:1.0
converts:1.0
theyll:1.0
get:2.386294361119891
orgin:1.0
allows:1.0
much:1.0
flexibility:1.0
area:1.0
well:2.09861228866811
thousands:1.6931471805599454
glyphs:2.09861228866811
file:1.6931471805599454
mac/ps/windows/unicode:1.0
char:2.09861228866811
set:2.386294361119891
use:1.0
appropriate:1.0
particular:1.0
platform:1.0
running:1.0
yes:1.6931471805599454
truetype:1.6931471805599454
fonts:2.791759469228055
contain:1.0
lots:1.0
cases:1.0
plain:1.0
text:1.6931471805599454
reencoded:1.0
windows:2.9459101490553135
ansi:2.09861228866811
mac:2.6094379124341005
standard:1.6931471805599454
roman:1.6931471805599454
encoding:1.6931471805599454
difference:1.0
t1:2.09861228866811
right:1.0
know:1.0
liabiliaty:1.0
rather:1.0
great:1.0
new:1.6931471805599454
thing:1.0
reason:1.0
3000:1.0
large:1.0
access:1.6931471805599454
224:1.0
paying:1.0
heavy:1.0
price:1.0
downloading:1.6931471805599454
time:1.0
printer:1.0
storage:1.0
moment:1.0
one:1.0
program:1.0
uses:1.0
partial:1.0
instance:1.0
fontpack:1.0
2:1.0
mac/windows:1.0
metrics:1.0
brought:1.0
user:1.0
full:1.0
iso:1.0
adobe:1.0
character:1.0
superset:1.0
macintosh:1.0
enocding:1.0
question:1.0
whether:1.0
example:1.0
ligatures:1.6931471805599454
fi:1.6931471805599454
anfd:1.0
fl:1.6931471805599454
even:1.0
though:1.0
may:1.0
somewhat:1.0
painful:1.0
reencode:1.6931471805599454
create:1.0
metric:1.0
pfm:1.0
utilities:1.6931471805599454
allow:1.0
make:1.0
possible:1.0
circumvent:1.0
hard-wired:1.0
regards:1.0
1001-a:1.0
east:1.0
harmony:1.0
road:1.0
bob:1.0
niland:1.0
suite:1.0
503:1.0
internet:1.0
rjn:1.0
csn.org:1.0
fort:1.0
collins:1.0
co:1.0
80525:1.0
compuserve:1.0
71044,2124:1.0
303:1.0
223-5209:1.0
cambridge:1.0
massachusetts:1.0
usa:1.0
