htanabe:1.0
ponder.csci.unt.edu:1.0
tanabe:1.0
subject:1.0
terminal:1.6931471805599454
software:2.09861228866811
please:1.0
reply:1.0
via:1.0
email:1.0
use:2.386294361119891
windows:1.6931471805599454
terminal.exe:1.0
crossttalk:1.0
doesnt:1.0
whole:2.09861228866811
window:2.6094379124341005
mean:1.0
softwares:1.0
size:1.0
max:1.0
still:1.6931471805599454
scrolls:1.6931471805599454
around:1.0
2/3:1.6931471805599454
set:1.0
stty:1.0
rows:1.0
30:1.0
top:1.0
could:1.0
anyone:1.0
tell:1.0
setup:1.0
thanks:1.0
advance:1.0
