taylor:1.6931471805599454
mail:1.0
tim:1.0
subject:1.0
pkunzip2.04g:1.6931471805599454
article:1.0
1pn6tr:1.0
l70:1.0
dekalb.dc.peachnet.edu:1.6931471805599454
kenneth:1.6931471805599454
palmertree:1.0
writes:1.0
hey:1.0
anyone:1.0
know:1.0
ftp:1.0
site:1.0
get:1.6931471805599454
tried:1.0
using:1.6931471805599454
archie:1.0
luck:1.0
version:1.0
pkunzip:1.6931471805599454
suppose:1.0
correct:1.0
promblems:1.0
within:1.0
windows:1.0
thanks:1.0
advance:1.0
pk:1.0
ftp.cica.indiana.edu:1.0
