gloege:2.386294361119891
informatik.tu-muenchen.de:1.6931471805599454
andreas:1.6931471805599454
subject:1.0
ottomenu:1.6931471805599454
get:1.6931471805599454
ive:1.0
heard:1.0
good:1.0
desktop:1.0
windows:1.0
3.0/3.1:1.0
anybody:1.0
tell:1.0
cica:1.0
pub/pc/win3/util:1.0
also:1.0
wustl:1.0
simtel:1.0
great:1.0
number:1.0
sites:1.0
post:1.0
mail:1.0
kazmaierstr.48:1.0
bei:1.0
klarmann:1.0
8000:1.0
muenchen:1.0
2:1.0
089/508336:1.0
email:1.0
