leo:1.6931471805599454
cae.wisc.edu:1.0
lim:1.0
subject:1.0
dos6:1.6931471805599454
doublespace:1.6931471805599454
stacker:1.6931471805599454
3.0:1.6931471805599454
okay:1.6931471805599454
title:1.0
suggest:1.0
havnet:1.0
got:1.0
yet:1.0
heart:1.0
less:1.0
tight:1.0
disadvantage/advantages:1.0
comments:1.0
appreciated:1.0
martin:1.0
