subject:1.0
winbench:2.386294361119891
3.11:1.6931471805599454
help:1.0
graphics:1.6931471805599454
comparison:1.0
franklig:1.6931471805599454
helium.gas.uug.arizona.edu:1.0
gregory:1.0
c:1.0
franklin:1.6931471805599454
article:1.6931471805599454
1pqd9hinnbmi:1.0
zephyr.grace.cri.nz:1.0
srg3sir:1.0
grv.grace.cri.nz:1.0
writes:1.6931471805599454
c4zogd.c56:1.0
news.udel.edu:1.0
swyatt:1.0
bach.udel.edu:1.0
stephen:1.0
l:1.0
wyatt:1.0
question:1.6931471805599454
pc:1.0
labs:1.0
thing:1.0
386/33:1.0
ahead:2.09861228866811
b:2.09861228866811
512k:1.0
card:2.09861228866811
got:1.0
results:1.6931471805599454
windows:2.09861228866811
vga:1.0
driver:2.09861228866811
2.44:1.0
million:2.09861228866811
640-480-256:1.0
455,000:1.0
winmarks:1.6931471805599454
svga:1.0
800-600-16:1.0
1.68:1.0
thinking:1.0
upgrading:1.0
diamond:1.6931471805599454
24x:2.09861228866811
read:1.0
8:1.0
winmark:1.0
386dx:1.0
33mhz:1.0
4mb:1.0
ram:1.0
2.5:1.6931471805599454
v2.02:1.0
16.7m:1.6931471805599454
1,668,274:1.0
v2.03:2.09861228866811
1,668,985:1.0
16:1.0
4,602,428:1.0
256:1.0
7,635,278:1.0
careful:1.0
recall:1.0
numbers:1.0
calculated:1.0
differently:1.0
3.1:1.0
figures:1.0
comparable:1.0
however:1.0
answer:1.0
stephens:1.0
replacing:1.0
yield:1.0
cost-effective:1.0
dramatic:1.0
speed:1.0
increase:1.0
ati:1.0
ultra:1.0
plus:1.0
greg:1.0
gas.uug.arizona.edu:1.0
