swyatt:1.6931471805599454
bach.udel.edu:1.0
stephen:1.0
l:1.0
wyatt:1.0
subject:1.0
winbench:1.0
ok:1.0
everyone:1.0
cheating:1.0
tests:1.6931471805599454
run:1.6931471805599454
macro:1.0
load:1.0
huge:1.0
drawing:1.0
etc:1.0
machine:1.6931471805599454
might:1.0
tell:1.0
us:1.0
real:1.0
world:1.0
results:1.0
mean:1.0
different:1.0
video:1.0
cards:1.6931471805599454
running:1.0
word:1.0
excel:1.0
something:1.0
like:1.0
see:1.0
fast:1.0
brahms.udel.edu:1.0
disclaimer:1.0
blame:1.0
everything:1.0
someone:1.0
else:1.0
