hamish:2.6094379124341005
cloud.apana.org.au:1.6931471805599454
moffatt:1.6931471805599454
subject:1.0
mouse:3.0794415416798357
com3x08x08x08om3:1.0
com4:2.6094379124341005
windows:3.0794415416798357
jpaparel:1.0
cs.ulowell.edu:1.0
joseph:1.0
paparella:1.0
writes:1.0
problem:1.6931471805599454
configuring:1.0
use:2.09861228866811
com3:2.791759469228055
irq5:2.09861228866811
dont:1.0
believe:1.6931471805599454
tried:1.6931471805599454
irq4:1.0
usual:1.0
place:1.0
still:1.6931471805599454
like:2.09861228866811
simply:1.0
seems:1.0
support:2.386294361119891
mice:1.0
com1:1.6931471805599454
com2:1.6931471805599454
funny:1.0
part:1.0
though:1.0
microsofts:1.0
driver:2.6094379124341005
8.xx:1.0
quite:1.0
happy:1.0
sitting:1.0
cant:1.0
least:1.0
com2irq=3:1.0
com3irq=5:1.0
com4irq=7:1.0
maxcomport=4:1.0
ive:2.09861228866811
actually:1.0
wanted:1.0
able:1.0
second:1.0
modem:2.386294361119891
com3/irq5:1.6931471805599454
talk:1.6931471805599454
created:1.0
two:1.0
profiles:1.0
amstrad:1.6931471805599454
com1/irq4:1.0
maestro:2.09861228866811
1,5106830617:1.0
suggestion:1.0
microsoft:1.0
ps/2:1.0
setting:1.0
setup:1.0
would:2.09861228866811
work:1.0
3.0:1.0
possible:1.0
worst:1.0
need:1.0
special:1.0
version:1.0
looked:1.0
instead:1.0
know:1.6931471805599454
irq7:1.6931471805599454
normally:1.0
printer:1.0
port:1.0
irqs:2.09861228866811
seen:1.0
nothing:1.0
experimented:1.0
logitechs:1.0
sucess:1.0
printers:1.0
attached:1.0
side:1.0
note:1.0
really:1.0
assign:1.0
higher:1.0
irq:1.0
soundblaster:1.6931471805599454
board:1.6931471805599454
uses:1.0
right:1.0
im:1.0
using:1.0
allows:1.0
settings:1.0
2,3,4,5:1.0
7:1.0
pro:1.0
irq10:1.0
well:1.0
finally:1.0
supports:1.0
9:1.0
one:1.0
except:1.0
ide:1.0
controller:1.0
apana:1.0
australian:1.0
public:1.0
cloud:1.0
nine:1.0
bbs:1.0
3:635/552:1.0
fidonet:1.0
access:1.0
network:1.0
association:1.0
melbourne:1.0
australia:1.0
58:4100/43:1.0
intlnet:1.0
mail:1.0
info:1.0
apana.org.au:1.0
titanic:1.0
software:1.0
voice:1.0
61-3-803-1326:1.0
information:1.0
