liuxu:1.0
vuse.vanderbilt.edu:1.0
xudong:1.0
liu:1.6931471805599454
subject:1.0
file:1.0
downloading:1.0
beginer:1.0
wonder:1.0
transfer:1.0
files:1.6931471805599454
sun:1.0
system:1.0
network:1.6931471805599454
pc:1.0
home:1.0
connected:1.0
tried:1.0
use:1.0
comit:1.0
slow:1.0
seemed:1.0
getting:1.0
multiple:1.0
time:1.0
impossible:1.0
could:1.0
anybody:1.0
give:1.0
hints:1.0
infomation:1.0
thank:1.0
advance:1.0
