carols:1.6931471805599454
ohsu.edu:1.6931471805599454
carol:1.0
suelzle:1.0
subject:1.0
help:1.0
winqvt:1.0
qvthost.rc:1.0
file:1.6931471805599454
137.112.5.2:1.0
137.112.199.50:1.0
host:1.0
requires:1.0
names:1.0
youll:1.0
using:1.0
addition:1.0
ip:1.0
address:1.0
sucb:1.0
100.0.0.1:1.0
name.server.name:1.0
100.2.2.1:1.0
name.router.name:1.0
