spitz:2.386294361119891
ana.med.uni-muenchen.de:1.6931471805599454
richard:2.09861228866811
subject:1.0
help:1.0
winqvt:1.0
swartzjh:1.0
nextwork.rose-hulman.edu:1.0
jeff:1.0
h:1.0
swartz:1.0
writes:1.0
use:2.6094379124341005
name:2.386294361119891
rosevc.rose-hulman.edu:1.0
initiating:1.0
nameserver:2.791759469228055
query:1.6931471805599454
rosevc:1.0
time:1.0
ip:2.09861228866811
number:1.0
local:1.0
host:1.0
gateway:1.0
responding:1.0
know:1.6931471805599454
correct:1.6931471805599454
router:2.386294361119891
work:2.09861228866811
fine:2.09861228866811
using:2.09861228866811
ncsa:1.0
telnet/ftp:1.0
working:1.0
ok:1.0
definitions:1.0
qvtnet.ini:1.0
qvthost.rc:2.09861228866811
incorrect:1.0
see:1.0
docs:1.0
said:1.0
running:1.0
concurrent:1.0
packet:1.6931471805599454
software:1.0
need:1.0
load:1.0
pktmux:1.6931471805599454
apply:1.0
dont:1.6931471805599454
think:1.0
qvtnet:1.6931471805599454
novell:1.6931471805599454
concurrently:1.6931471805599454
arent:1.0
different:1.6931471805599454
types:1.0
tcp/ip:1.0
ipx/spx:1.0
able:1.0
coexist:1.0
required:1.0
tcp/ip-packages:1.0
file:2.09861228866811
137.112.5.2:1.6931471805599454
137.112.199.50:1.6931471805599454
first:1.0
problem:1.0
didnt:1.6931471805599454
specify:2.386294361119891
hostnames:1.0
ip-addresses:1.0
look:1.0
like:1.0
beginning:1.0
winqvt.ini:1.0
net:1.0
name=swartzjh.test.rose-hulman.edu:1.0
hostname:1.6931471805599454
without:1.0
domain:1.0
part:1.0
router=137.112.199.50:1.0
instead:1.6931471805599454
specified:1.0
release:1.0
notes:1.0
3.31:1.0
say:1.6931471805599454
addresses:1.0
also:1.0
apparently:1.0
nameserver=137.112.5.2:1.0
address:1.0
worked:1.0
way:1.0
although:1.0
could:1.0
one:1.0
relnotes:1.0
possible:1.0
three:1.0
nameservers:1.0
separated:1.0
commas:1.0
hope:1.0
helps:1.0
dr:1.0
internet:1.0
edv-gruppe:1.0
anaesthesie:1.0
tel:1.0
49-89-7095-3421:1.0
klinikum:1.0
grosshadern:1.0
fax:1.0
49-89-7095-8886:1.0
munich:1.0
germany:1.0
