dls128:2.09861228866811
psuvm.psu.edu:1.6931471805599454
subject:1.0
fall:1.6931471805599454
comdex:1.6931471805599454
93:1.6931471805599454
anyone:1.6931471805599454
info:1.6931471805599454
coming:1.0
asked:1.0
one:1.0
peers:1.0
get:1.0
might:1.0
available:1.0
could:1.0
point:1.0
right:1.0
direction:1.0
help:1.0
would:1.0
appreciated:1.0
dave:1.0
stevens:1.0
training:1.0
multimedia:1.0
services:1.0
psuvm:1.0
penn:1.0
state:1.0
university:1.0
