ajacobs:1.0
nyx.cs.du.edu:1.0
andrew:1.0
jacobs:1.6931471805599454
subject:1.0
using:1.0
microsoft:1.0
foundation:1.0
classes:1.0
borland:1.0
c:1.0
3.1:1.0
thanks:1.6931471805599454
info:1.0
assume:1.0
mfc:1.6931471805599454
1.0:1.0
anyone:1.0
know:1.0
work:1.0
2.0:1.0
else:1.0
needs:1.0
done:1.0
andy:1.0
