moy:2.09861228866811
cae.wisc.edu:1.0
howard:2.09861228866811
subject:1.0
fix:1.6931471805599454
word:1.0
subscript:1.0
spacing:1.0
hi:1.0
problem:1.6931471805599454
using:1.0
subscripts:1.6931471805599454
msword:1.0
subscripted:1.0
characters:1.0
get:1.0
cut:1.0
display:1.0
print:1.0
ok:1.0
anyone:1.0
know:1.0
see:1.0
screen:1.0
many:1.0
thanks:1.0
608:1.0
255-6379:1.0
