mmccolli:1.6931471805599454
comanche.ess.harris.com:1.0
mike:1.6931471805599454
mccollister:1.6931471805599454
subject:1.0
faster:1.6931471805599454
oak:1.6931471805599454
vga:1.6931471805599454
drivers:1.0
im:1.6931471805599454
using:1.0
based:1.0
card:1.6931471805599454
computer:1.0
640x480x256:1.0
ive:1.6931471805599454
downloaded:1.0
driver:1.6931471805599454
ftp.cica.indiana.edu:1.0
good:1.0
luck:1.0
however:1.0
anyone:1.0
know:1.0
available:1.0
thanks:1.0
michael:1.0
j:1.0
phone:1.0
407:1.0
729-7054:1.0
harris:1.0
corporation:1.0
email:1.0
p.o:1.0
box:1.0
94000:1.0
su100l.ess.harris.com:1.0
mailstop:1.0
100/4823:1.0
palm:1.0
bay:1.0
florida:1.0
32905:1.0
going:1.0
say:1.0
anything:1.0
stupid:1.0
today:1.0
