chakaw:1.6931471805599454
stein.u.washington.edu:1.0
chak-yoon:1.0
aw:1.6931471805599454
subject:1.0
documentation:1.0
microsoft:1.6931471805599454
diagnostics:1.6931471805599454
hi:1.0
found:1.0
believe:1.0
undocumented:1.0
feature:1.0
windows:1.0
directory:1.0
ver:1.0
2.00:1.0
specifically:1.0
interested:1.0
depth:1.0
explanation:1.0
legends:1.0
memory:1.0
mapping:1.0
report:1.0
thanks:1.0
chak:1.0
u.washington.edu:1.0
