subject:1.0
postscript:1.0
view:1.0
dos:1.6931471805599454
windows:1.6931471805599454
hjstein:1.6931471805599454
sunrise.huji.ac.il:1.0
harvey:1.6931471805599454
j:1.0
stein:1.6931471805599454
ive:1.0
using:1.0
version:2.386294361119891
2.5.2:1.0
ghostscript:1.0
im:1.0
quite:1.0
satisfied:1.0
actually:1.0
3:1.0
versions:1.0
plain:1.0
386:1.0
math.huji.ac.il:1.0
