mau:2.09861228866811
herky.cs.uiowa.edu:1.6931471805599454
napoleon:1.6931471805599454
subject:1.0
2nd:1.6931471805599454
rfd:2.09861228866811
comp.databases.ms-access:2.09861228866811
reguest:1.0
discussion:2.09861228866811
creation:2.09861228866811
period:1.0
started:1.0
april:1.6931471805599454
6:1.0
last:1.0
28:1.0
22:1.0
days:1.0
official:1.0
new:2.09861228866811
newsgroup:1.6931471805599454
general:1.0
microsoft:1.0
access:2.9459101490553135
rdms:1.0
name:1.0
moderation:1.0
unmoderated:1.0
time:1.0
need:1.0
moderator:1.0
assertained:1.0
future:1.0
evaluation:1.0
determine:1.0
one:1.0
needed:1.6931471805599454
purpose:1.6931471805599454
rdbms:1.6931471805599454
windows:1.0
operating:1.0
system:1.0
includes:1.0
wysiwyg:1.6931471805599454
design:1.6931471805599454
tools:1.6931471805599454
easy:1.0
tables:1.0
reports:1.0
forms:1.0
queries:1.0
database:1.0
programming:1.0
language:1.0
called:1.0
basic:1.6931471805599454
group:1.0
provide:1.0
help:1.0
people:1.6931471805599454
use:1.6931471805599454
accesss:1.0
create:1.6931471805599454
simple:1.0
databases:1.6931471805599454
well:1.0
complex:1.0
rationale:1.0
eventhough:1.0
popular:1.0
graphical:1.0
development:1.0
enviroment:1.0
initial:1.0
low:1.0
price:1.0
version:1.0
1.0:1.0
product:1.6931471805599454
means:1.0
users:1.6931471805599454
novices:1.0
reason:1.0
discuss:1.0
experiences:1.0
answer:1.0
others:1.0
questions:1.0
