alanchem:1.6931471805599454
csd4.csd.uwm.edu:1.6931471805599454
alan:2.386294361119891
scott:1.0
olson:1.6931471805599454
subject:1.0
win:1.0
nt:1.6931471805599454
two-part:1.0
question:1.0
1:1.0
windows:1.6931471805599454
real:1.0
os:1.0
2:1.0
past:1.0
weekend:1.0
local:1.0
hacker:1.0
radio:1.0
show:1.0
metioned:1.0
new:1.0
product:1.0
microsoft:1.0
called:1.0
chicago:1.0
recall:1.0
anyone:1.0
know:1.0
thanks:1.0
heap:1.0
swanson:1.0
environmental:1.0
inc:1.0
e-mail:1.0
alchemy.chem.uwm.edu:1.0
want:1.0
good:1.0
music:1.0
check:1.0
milwaukees:1.0
bodeans:1.0
