dabl2:1.6931471805599454
nlm.nih.gov:1.0
a.b:1.0
lindbergh:1.6931471805599454
subject:1.0
diamond:2.09861228866811
ss24x:1.0
win:1.0
3.1:1.0
mouse:1.6931471805599454
cursor:1.6931471805599454
anybody:1.0
seen:1.6931471805599454
distortion:1.0
running:1.0
1024x768x256:1.0
driver:1.6931471805599454
sorry:1.0
dont:1.0
know:1.0
version:1.0
indication:1.0
menus:1.0
recently:1.0
delivered:1.0
gateway:1.0
system:1.0
going:1.0
try:1.0
latest:1.0
drivers:1.0
bbs:1.0
wondered:1.0
anyone:1.0
else:1.0
post:1.0
email:1.0
lhc.nlm.nih.gov:1.0
