jroberts:1.0
ux4.cso.uiuc.edu:1.0
robertson:1.0
subject:1.0
ati:1.6931471805599454
ultra:1.0
pro:1.0
drivers:1.6931471805599454
anybody:1.0
know:1.0
ftp:1.0
site:1.0
latest:1.0
windows:1.0
gup:1.0
thanks:1.0
