guyd:2.09861228866811
austin.ibm.com:1.6931471805599454
guy:2.09861228866811
dawson:1.6931471805599454
subject:1.0
hercules:1.6931471805599454
graphite:1.6931471805599454
article:1.6931471805599454
c5jbkf.9b8:1.0
usenet.ucs.indiana.edu:1.0
ntaib:2.09861228866811
silver.ucs.indiana.edu:1.6931471805599454
iskandar:1.6931471805599454
taib:1.6931471805599454
writes:1.6931471805599454
1993apr06.185638.12139:1.0
metrics.com:1.6931471805599454
tomh:1.0
tom:1.0
haapanen:1.0
anyone:1.0
used:1.0
adapter:1.0
looks:1.0
good:1.6931471805599454
paper:1.0
steve:1.0
gibson:1.0
gave:1.0
review:1.0
infoworld:1.0
id:1.0
love:1.0
get:1.6931471805599454
real-world:1.0
impression:1.0
though:1.0
speed:1.0
drivers:1.0
support:1.0
pc:1.0
world:1.0
reviewers:1.0
found:1.0
herc:1.0
people:1.6931471805599454
hard-coded:1.6931471805599454
think:1.0
iit:1.6931471805599454
make:1.0
chip:1.6931471805599454
card:1.0
based:1.0
string:1.0
one:1.6931471805599454
weeklies:1.0
looked:1.0
came:1.0
conclusion:1.0
still:1.0
pretty:1.6931471805599454
fast:1.0
winbench:1.6931471805599454
text:1.0
driver:1.0
clever:1.0
case:1.0
results:1.0
much:1.0
inflated:1.0
send:1.0
mail:1.0
might:1.0
buy:1.0
ati:1.0
gu:1.0
9:1.0
thing:1.0
worse:1.0
peach:1.6931471805599454
ala:1.6931471805599454
internet:1.0
frog:1.6931471805599454
bitnet:1.0
iubacs:1.0
hoskyns:1.6931471805599454
group:1.0
plc:1.0
hoskyns.co.uk:1.0
tel:1.6931471805599454
uk:1.0
71:1.0
251:1.0
2128:1.0
ibm:1.0
austin:1.0
usa:1.0
512:1.0
838:1.0
3377:1.0
