msk9:1.6931471805599454
po.cwru.edu:1.6931471805599454
mahesh:1.6931471805599454
khot:1.0
subject:1.0
quattro:2.09861228866811
pro:2.09861228866811
file:1.0
format:1.6931471805599454
trying:1.0
write:1.0
program:1.0
read:1.0
files:1.6931471805599454
created:1.0
3.0:1.0
would:1.0
anyone:1.0
know:1.0
find:1.0
information:1.0
regarding:1.0
stores:1.0
thanks:1.0
advance:1.0
famous:1.0
dummies:1.0
madam:1.0
tussades:1.0
wax:1.0
museum:1.0
still:1.0
case:1.0
