rmohns:1.6931471805599454
vax.clarku.edu:1.6931471805599454
subject:1.0
change:1.6931471805599454
licensed:1.6931471805599454
data:1.0
windows:1.0
3.1:1.0
relation:1.0
question:1.0
concerning:1.0
changing:1.0
registered:1.0
information:1.0
ms-windows:1.0
previous:1.0
article:1.0
2a42dubinski:1.0
vms.csd.mu.edu:1.0
wrote:1.0
ahh:1.0
yes:1.0
fun:1.0
topic:1.0
name:1.6931471805599454
incribed:1.0
disk:1.0
encoded:1.0
even:1.0
hex:1.6931471805599454
editor:1.6931471805599454
find:1.6931471805599454
write:1.0
cant:1.6931471805599454
underneth:1.0
although:1.0
tried:1.0
overwrite:1.0
sure:1.0
may:1.0
mistaken:1.0
rob:1.0
