wil:1.6931471805599454
shell.portal.com:1.6931471805599454
ville:1.6931471805599454
v:1.6931471805599454
walveranta:1.6931471805599454
subject:1.0
fall:1.6931471805599454
comdex:1.6931471805599454
93:1.6931471805599454
dls128:1.0
psuvm.psu.edu:1.0
wrote:1.0
anyone:1.6931471805599454
info:1.6931471805599454
coming:1.0
asked:1.0
one:1.0
peers:1.0
get:1.0
might:1.0
available:1.6931471805599454
could:1.0
point:1.0
right:1.0
direction:1.0
help:1.0
would:1.0
appreciated:1.0
las:1.0
vegas:1.0
always:1.0
november:1.0
16th:1.0
20th:1.0
information:1.0
contact:1.0
interface:1.0
group:1.0
300:1.0
first:1.0
avenue:1.0
needham:1.0
02194-2722:1.0
sorry:1.0
phone:1.0
number:1.6931471805599454
consult:1.0
directory:1.0
service:1.0
massachusetts:1.0
617:1.0
508:1.0
413:1.0
willy:1.0
tel./fax:1.0
510:1.0
420-0729:1.0
96:1.0
linda:1.0
ave:1.0
apt:1.0
5:1.0
finland:1.0
990-1-510-420-0729:1.0
oakland:1.0
ca:1.0
94611-4838:1.0
faxes:1.0
automatically:1.0
recognized:1.0
usa:1.0
email:1.0
