chen:2.791759469228055
citr.uq.oz.au:2.09861228866811
g:2.09861228866811
subject:1.0
help:1.0
bitmaps:1.0
wonder:1.0
anyone:1.0
tell:1.0
whether:1.0
create:1.0
bitmap:2.6094379124341005
size:2.386294361119891
followed:1.0
creation:1.0
example:1.6931471805599454
sdk:1.0
manual:1.6931471805599454
specified:1.0
24x24:1.0
set:1.0
width/height:1.6931471805599454
24:1.0
supplied:1.0
byte:1.0
string:1.6931471805599454
72:1.0
chars:1.0
get:1.0
right:1.6931471805599454
image:2.09861228866811
changed:1.0
32x32:1.0
used:1.0
value:1.0
padded:1.0
zero:1.0
byets:1.0
make:1.0
got:1.0
64x32:1.0
multiple:1.0
2:1.0
bytes:1.0
define:1.0
thanks:1.0
much:1.0
centre:1.0
information:1.0
technology:1.0
research:1.0
university:1.0
queensland:1.0
australia:1.0
4072:1.0
tel:1.0
61:1.6931471805599454
7:1.6931471805599454
365:1.6931471805599454
4325:1.0
fax:1.0
4399:1.0
