maley:2.386294361119891
micro.cs.umn.edu:1.0
michael:1.0
p:1.0
subject:1.0
gui:1.0
application:1.0
frameworks:1.0
windows:1.0
look:1.0
zapp:1.0
really:1.0
liked:1.0
however:1.0
think:1.6931471805599454
wait:1.0
version:1.0
2.0:1.0
soon:1.0
mike:1.0
cs.umn.edu:1.0
