goudswaa:1.6931471805599454
fraser.sfu.ca:1.0
peter:1.6931471805599454
goudswaard:1.6931471805599454
subject:1.0
regload.exe:1.6931471805599454
perusing:1.0
windows:2.09861228866811
3.1:1.0
directory:1.6931471805599454
came:1.0
across:1.0
file:1.0
called:1.0
assume:1.0
part:1.0
registration:1.0
database:1.0
neither:1.0
manual:1.0
win:1.0
resource:1.0
kit:1.0
pc:1.0
mags:1.0
description:1.0
files:1.0
reference:1.0
least:1.0
one:1.0
could:1.0
find:1.0
regedit.exe:1.0
use:1.0
way:1.0
base:1.0
sfu.ca:1.0
preferred:1.0
pgoudswa:1.6931471805599454
cln.etc.bc.ca:1.0
cue.bc.ca:1.0
theres:1.0
gift:1.0
like:1.0
present:1.0
goudswaards:1.0
observation:1.0
