brzyckmj:1.0
dunx1.ocs.drexel.edu:1.0
mike:1.0
subject:1.0
panasonic:1.6931471805599454
kx-p1091i:1.6931471805599454
driver:1.0
anyone:1.0
know:1.0
print:1.0
drivers:1.0
windows:1.0
9-pin:1.0
dot:1.0
matrix:1.0
printer:1.0
