kjell:2.386294361119891
hut.fi:1.6931471805599454
ljungqvist:1.0
subject:1.0
driver:1.6931471805599454
panasonic:2.09861228866811
kx-p4430:1.6931471805599454
greetings:1.0
looking:1.0
pro:1.0
win:1.0
3.1:1.0
printer:1.6931471805599454
laser:1.0
sure:1.0
order:1.0
first:1.0
letters:1.0
name:1.0
numbers:1.0
right:1.0
important:1.0
found:1.0
drivers:1.6931471805599454
printers:1.0
4450:1.0
think:1.0
available:1.0
4430:1.0
model:1.0
included:1.0
grateful:1.0
help:1.0
niksula.hut.fikjell:1.0
vipunen.hut.fi:1.0
