dewinter:1.6931471805599454
prl.philips.nl:1.6931471805599454
rob:1.6931471805599454
de:1.6931471805599454
winter:1.6931471805599454
subject:1.0
wanted:1.0
symantec:1.0
address:1.0
nothing:1.0
beats:1.0
skiing:1.0
want:1.0
real:1.0
fun:1.0
holidays:1.0
philips:1.0
research:1.0
ist/it:1.0
building:1.0
wl-1:1.0
p.o:1.0
box:1.0
80000:1.0
5600:1.0
ja:1.0
eindhoven:1.0
netherlands:1.0
tel:1.0
31:1.0
40:1.0
743621:1.0
e-mail:1.0
