bca:1.0
ece.cmu.edu:1.0
brian:1.0
c:1.0
anderson:1.0
subject:1.6931471805599454
win:1.6931471805599454
nt:1.6931471805599454
article:1.0
1qmc7e:1.0
g1b:1.0
access.digex.net:1.0
wild:1.6931471805599454
access.digex.com:1.6931471805599454
wildstrom:1.6931471805599454
writes:1.0
date:1.0
16:1.0
apr:1.0
1993:1.0
09:27:10:1.0
0400:1.0
much:1.0
stuff:1.0
deleted:1.0
win32:2.09861228866811
upgraded:1.0
mathcad:1.0
4.0:1.0
installed:1.0
directory:1.0
windowssystem:1.0
upgrade:1.0
told:1.0
required:1.0
