cl238405:1.6931471805599454
ulkyvx.louisville.edu:1.6931471805599454
steve:1.6931471805599454
w:2.09861228866811
brewer:1.6931471805599454
subject:1.0
make:1.0
ghostscript:2.386294361119891
work:1.6931471805599454
files:2.386294361119891
need:1.6931471805599454
download:1.6931471805599454
2.5.2:1.0
never:1.0
used:1.0
dont:1.6931471805599454
gs252win.zip:1.0
downloaded:1.0
cica:1.0
unfortunately:1.0
doesnt:1.0
seem:1.0
needs:1.0
want:1.0
run:1.0
windows:1.0
3.1:1.0
ms-dos:1.0
386:1.0
pc:1.0
understand:1.0
theres:1.0
versions:1.0
environments:1.0
get:1.0
info:1.0
would:1.0
appeciated:1.0
rewerb:1.0
evets:1.0
ude.ellivsiuol.xvyklu:1.0
504832lc:1.0
