2a42dubinski:1.0
vms.csd.mu.edu:1.0
subject:1.0
change:1.6931471805599454
licensed:1.0
data:1.0
windows:1.0
3.1:1.0
ok:1.0
info:1.0
licensing:1.0
kept:1.0
file:1.0
organization:1.6931471805599454
box:1.0
put:1.0
address:1.6931471805599454
moved:1.0
wanted:1.0
couldnt:1.0
find:1.6931471805599454
could:1.0
name:1.0
robert:1.0
dubinski:1.0
aliases:1.0
include:1.0
robb:1.0
regal:1.0
sir:1.0
mr:1.0
marquette:1.0
university:1.0
math:1.0
computer:1.0
science:1.0
double-major:1.0
internet:1.0
2a42dubinski.vms.csd.mu.edu:1.0
milwaukee:1.0
wi:1.0
