yuting:1.0
xenon.stanford.edu:1.0
eugene:1.0
kuo:1.0
subject:1.0
updated:1.6931471805599454
canon:1.6931471805599454
bj-200:2.09861228866811
driver:1.6931471805599454
hi:1.0
anyone:1.0
tell:1.0
get:1.0
copy:1.0
printer:1.6931471805599454
windows:1.0
3.1:1.0
ver:1.0
1.0:1.0
comes:1.0
wonder:1.0
newer:1.0
version:1.0
thanks:1.0
much:1.0
please:1.0
email:1.0
