reimert:2.386294361119891
etdesg.trw.com:1.0
scott:2.09861228866811
p:1.0
subject:1.0
win:1.0
nt:1.6931471805599454
somewhere:1.0
thread:1.0
said:1.0
windows:1.0
tm:1.0
multi-user:1.0
os:1.0
well:1.0
multi-threading:1.0
etc:1.0
certainly:1.0
havent:1.0
seen:1.0
case:1.0
seperate:1.6931471805599454
accounts:1.0
person:1.0
even:1.0
directories:1.0
desired:1.0
dont:1.0
see:1.0
implentation:1.0
simultaneuos:1.0
use:1.0
though:1.0
mamacass.etdesg.trw.com:1.0
standard:1.0
disclaimer:1.0
redondo:1.0
beach:1.0
ca:1.0
blah:2.09861228866811
always:1.0
store:1.0
beer:1.0
cool:1.0
dark:1.0
place:1.0
