downs:2.386294361119891
helios.nevada.edu:1.0
lamont:1.6931471805599454
subject:1.6931471805599454
windows:2.09861228866811
3.1:2.09861228866811
keeps:2.09861228866811
crashing:2.09861228866811
please:1.6931471805599454
help:1.6931471805599454
article:1.0
1993apr16.155637.15398:1.0
oracle.us.oracle.com:1.0
ebosco:1.6931471805599454
us.oracle.com:1.6931471805599454
eric:1.6931471805599454
bosco:1.6931471805599454
writes:1.0
date:1.0
fri:1.0
16:1.0
apr:1.0
1993:1.0
15:56:37:1.0
gmt:1.0
subjects:1.0
says:1.0
givinh:1.0
gpf:1.0
late:1.0
never:1.0
stable:1.0
package:1.0
seems:1.0
crash:1.6931471805599454
every:1.0
day:1.0
worst:1.0
part:1.0
consistently:1.0
ie:1.0
tried:1.0
setting:1.0
files:1.6931471805599454
config.sys:1.0
file:1.0
fairly:1.0
high:1.0
number:1.0
ive:1.6931471805599454
got:1.0
mine:1.0
set:1.6931471805599454
100:1.6931471805599454
seen:1.0
numbers:1.0
40:1.0
recommended:1.0
also:1.0
check:1.0
stacks:1.6931471805599454
statement:1.0
stacks=9,256:1.0
good:1.0
starting:1.0
point:1.0
try:1.0
increasing:1.0
already:1.0
stacks=12,256:1.0
etc:1.0
identified:1.0
one:1.0
cause:1.0
frequent:1.0
win3.1:1.0
crashes:1.0
nevada.edu:1.0
