saz:1.0
hook.corp.mot.com:1.0
scott:1.6931471805599454
zabolotzky:1.0
subject:1.0
gif:1.6931471805599454
bmp:1.6931471805599454
anybody:1.0
idea:1.0
could:1.0
find:1.0
program:1.0
convert:1.0
image:1.6931471805599454
suitable:1.0
windows:1.0
wallpaper:1.0
i.e:1.0
256:1.0
colors:1.0
hopefully:1.0
theres:1.0
something:1.0
get:1.0
ftp:1.0
site:1.0
somewhere:1.0
thanks:1.0
advance:1.0
