subject:1.0
windows:1.0
workgroups:1.0
lan:1.6931471805599454
workplace:1.6931471805599454
flint.waters:1.0
uwyo.edu:1.0
flint:1.0
waters:1.0
anyone:1.0
know:1.0
possible:1.0
use:1.6931471805599454
w4wg:1.0
dos:1.0
time:1.6931471805599454
ie:1.0
access:1.0
file:1.0
another:1.0
pc:1.0
logged:1.0
mainframe:1.0
simultaneously:1.0
yup:1.0
using:1.0
work:1.0
fine:1.0
hopefully:1.0
someday:1.0
wfwg:1.0
communicate:1.0
lwp:1.0
tcpip:1.0
right:1.0
load:1.0
netbeui:1.0
odi:1.0
odinsup:1.0
works:1.0
well:1.0
