mitchell:2.386294361119891
nodecg.ncc.telecomwa.oz.au:1.0
clive:1.6931471805599454
subject:1.0
dataproducts:1.0
lzr1260:1.0
printing:1.0
correctly:1.0
apology:1.0
advance:1.0
posting:1.0
binary:1.0
newsgroup:1.0
ive:1.0
several:1.0
attempts:1.0
mail:1.0
original:1.0
poster:1.0
getting:1.0
intact:1.0
ph:1.0
61:1.0
9:1.0
4916384:1.0
regional:1.0
network:1.0
systems:1.0
telecomwa.oz.au:1.0
perth:1.0
western:1.0
australia:1.0
v:1.0
