rwang:1.0
gmuvax2.gmu.edu:1.0
john:1.6931471805599454
wang:1.0
subject:1.6931471805599454
cool:1.0
bmp:2.386294361119891
files:2.6094379124341005
hi:1.0
everybody:1.0
guess:1.0
said:1.0
getting:1.0
boring:1.0
looking:1.0
old:1.0
came:1.0
windows:1.0
wondering:1.0
body:1.0
beautiful:1.0
file:1.0
share:1.0
maybe:1.0
somebody:1.0
tell:1.0
ftp:1.0
site:1.0
like:1.0
scenery:1.0
animals:1.0
etc:1.0
used:1.0
unfortunately:1.0
delete:1.0
anyway:1.0
could:1.0
give:1.0
help:1.0
please:1.0
thanks:1.0
lot:1.0
