avinash:1.6931471805599454
silver.lcs.mit.edu:1.0
chopde:1.0
subject:1.0
truetype:2.09861228866811
fonts:1.6931471805599454
display:2.09861228866811
print:2.09861228866811
installed:1.0
new:1.6931471805599454
font:2.9459101490553135
ms-windows:1.0
3.1:1.0
though:1.0
applications:1.0
correctly:2.386294361119891
screen:2.09861228866811
quite:1.0
fail:1.0
document:1.6931471805599454
laserjet:1.6931471805599454
4:1.0
non-postscript:1.0
printer:2.09861228866811
use:1.6931471805599454
coreldraw:1.6931471805599454
prints:1.6931471805599454
assume:1.6931471805599454
knows:1.6931471805599454
downloaded:1.6931471805599454
windows:2.09861228866811
accessory:1.0
write:1.6931471805599454
square:1.0
boxes:1.0
place:1.0
characters:1.0
yet:1.0
looked:1.0
manuals:1.0
got:1.0
nowhere:1.0
make:1.6931471805599454
statement:1.0
exactly:1.0
see:1.0
automatically:1.0
appreciate:1.0
help:1.0
