gay:1.6931471805599454
selkirk.sfu.ca:1.0
ian:1.0
subject:1.0
change:1.0
licensed:1.0
data:1.0
windows:1.6931471805599454
3.1:1.6931471805599454
kudla:1.6931471805599454
acm.rpi.edu:1.0
robert:1.0
writes:1.0
stuff:1.0
changing:1.0
registration:1.0
omitted:1.0
damned:1.0
thing:1.0
anyway:1.0
technique:1.0
work:1.0
obnoxious:1.0
corporate:1.0
product:1.0
tries:1.0
write:1.0
original:1.0
floppies:1.0
install:1.0
extreme:1.0
cases:1.0
may:1.0
able:1.0
huh:1.0
copy:1.0
win:1.0
came:1.0
permanently:1.0
write-protected:1.0
diskettes:1.0
sliding:1.0
tabs:1.0
