spowell:1.6931471805599454
trentu.ca:1.6931471805599454
stefan:1.6931471805599454
powell:1.6931471805599454
subject:1.0
cool:2.09861228866811
background:1.6931471805599454
patterns:2.386294361119891
3-d:1.0
made:1.0
edit:1.0
control.ini:1.0
add:1.0
following:1.0
lines:1.0
section:1.0
bricks=148:1.0
43:2.386294361119891
86:1.0
172:1.0
89:1.0
182:1.6931471805599454
99:1.6931471805599454
201:1.6931471805599454
tile=1:1.0
85:2.791759469228055
255:1.6931471805599454
tile:1.0
diagonal:1.0
148:1.0
107:1.0
54:1.0
156:1.0
73:1.0
slats=0:1.0
170:2.09861228866811
make:1.0
sure:1.0
desktop:1.0
color:1.0
one:1.0
standard:1.0
16:1.0
colors:1.0
might:1.0
work:1.0
like:1.0
dark:1.0
grey:1.0
best:1.0
ones:1.0
please:1.0
mail:1.0
peterborough:1.0
ontario:1.0
canada:1.0
