neff123:1.0
garnet.berkeley.edu:1.0
stephen:1.0
kearney:1.0
subject:1.0
ndw:1.6931471805599454
norton:1.6931471805599454
desktop:1.6931471805599454
windows:1.0
would:1.0
like:1.0
know:1.0
stop:1.0
uninstall:1.6931471805599454
program:1.6931471805599454
icon:1.0
doesnt:1.0
exist:1.0
apps:1.0
group:1.0
run:1.0
ndws:1.0
install:1.0
u:1.0
