carlos:2.9459101490553135
carlos.jpr.com:1.6931471805599454
dominguez:1.6931471805599454
subject:1.0
change:1.6931471805599454
licensed:1.0
data:1.0
windows:1.0
3.1:1.0
1993apr15.180633.3437:1.0
trintex.uucp:1.0
charles:1.0
tinman.dev.prodigy.com:1.0
writes:1.0
tried:1.0
re-installing:1.0
software:1.0
otherwise:1.0
would:1.6931471805599454
dubious:1.0
simple:1.0
ways:1.0
screen:1.0
designed:1.0
embarassment:1.0
pirates:1.0
prodigy:1.0
going:1.0
open:1.0
doors:1.0
inetgate:1.0
accept:1.0
internet:1.0
mail:1.6931471805599454
eh:1.0
obviously:1.0
post:1.0
news:1.0
go:1.0
well:1.0
sysadmin:1.0
kibbitzer:1.0
carlos.uucp:1.0
bang:1.0
