subject:1.0
smartdrv:1.6931471805599454
double_buffer:1.6931471805599454
psweeney:1.6931471805599454
miavx1.acs.muohio.edu:1.6931471805599454
curious:1.0
parameter:1.0
actually:1.0
seem:1.0
less:1.0
problems:1.0
windows:1.0
leave:1.0
using:1.0
ps/2:1.6931471805599454
esdi:1.0
drive:1.0
also:1.0
scsi:1.0
response:1.0
welcome:1.0
peter:1.0
sweeney:1.0
