samuell:2.09861228866811
cis.uab.edu:1.6931471805599454
subject:1.0
winhelp.exe:2.09861228866811
virus:2.386294361119891
anyone:1.0
familiar:1.0
infects:1.0
file:2.09861228866811
recently:1.0
noticed:1.0
unusual:1.0
system:1.6931471805599454
behavior:1.0
ran:1.0
norton:1.0
antivirus:1.0
windows:1.0
indicated:1.0
possible:1.6931471805599454
unknown:1.0
mwindows:1.0
winos2:1.0
directories:1.0
neither:1.0
changed:1.0
since:1.0
installed:1.0
os/2:1.0
january:1.0
far:1.0
know:1.0
information:1.0
suggestions:1.0
remedies:1.0
would:1.0
greatly:1.0
appreciated:1.0
bobb:1.0
