miyoshi:2.09861228866811
psych.toronto.edu:1.6931471805599454
hiroto:1.6931471805599454
subject:1.0
qestion:1.0
amipro:1.6931471805599454
demo:1.6931471805599454
files:1.6931471805599454
cica:1.6931471805599454
hello:1.0
question:1.0
v3:1.0
uploaded:1.0
downloaded:1.0
tryied:1.0
install:1.6931471805599454
however:1.0
didnt:1.0
work:1.0
addition:1.0
altered:1.0
eliminated:1.0
nwres2.dll:1.0
file:1.0
reinstall:1.0
norton:1.0
desktop:1.0
anything:1.0
know:1.0
eventually:1.0
ask:1.0
lotus:1.0
send:1.0
working:1.0
model:1.0
heard:1.0
want:1.0
see:1.0
look:1.0
feel:1.0
buying:1.0
pointer:1.0
would:1.0
greatly:1.0
appreciated:1.0
thank:1.0
