ob00:1.0
ns1.cc.lehigh.edu:1.0
olcay:1.0
boz:1.0
subject:1.0
postscript:1.0
view:1.0
dos:1.6931471805599454
windows:2.09861228866811
find:1.0
ms:1.0
version:2.6094379124341005
ghostscript:1.6931471805599454
thanks:1.0
article:1.0
hjstein.93apr15145240:1.0
sunrise.huji.ac.il:1.0
hjstein:1.6931471805599454
sunrise.huji.ac.i:1.0
l:1.0
harvey:1.6931471805599454
j:1.0
stein:1.6931471805599454
writes:1.0
ive:1.0
using:1.0
2.5.2:1.0
im:1.0
quite:1.0
satisfied:1.0
actually:1.0
3:1.0
versions:1.0
plain:1.0
386:1.0
math.huji.ac.il:1.0
0:1.0
