hzhang:1.6931471805599454
compstat.wharton.upenn.edu:1.6931471805599454
hao:2.09861228866811
zhang:1.6931471805599454
subject:1.0
x-emulator:1.0
posting:1.0
another:1.0
news:1.0
group:1.0
read:1.0
ago:1.0
said:1.0
pc-xview:1.0
pc-xremote:1.0
allow:1.0
use:1.0
xterm:1.0
call:1.0
ncd:1.0
503-641-2200:1.0
info:1.0
hope:1.0
helps:1.0
dept:1.0
stat:1.0
wharton:1.0
school:1.0
univ:1.0
penn:1.0
zhang48:1.0
wharton.upenn.edu:1.0
