narlochn:1.6931471805599454
kirk.msoe.edu:1.6931471805599454
subject:1.0
last:1.0
two:1.6931471805599454
questions:1.0
1:1.0
troubles:1.0
wordperfect:1.0
windows:1.0
try:1.0
select:1.0
change:1.0
fonts:1.0
etc:1.0
text:1.0
disappears:1.0
tried:1.0
center:1.0
lines:1.0
second:1.0
line:1.0
disappeared:1.0
find:1.0
error:1.0
know:1.0
correct:1.0
2:1.0
right:1.0
newsgroup:1.0
go:1.0
e-mail:1.0
prefered:1.0
else:1.0
still:1.0
waiting:1.0
naked:1.0
gun:1.0
part:1.0
pi:1.0
nathannarloch:1.0
alumn122:1.0
whscdp.whs.edu:1.0
enforcerburp:1.0
milw:1.0
wi/53207:1.0
jointheofficialpsycho/team:1.0
