ssa:1.6931471805599454
unity.ncsu.edu:1.6931471805599454
alavi:1.6931471805599454
subject:1.0
dos:2.09861228866811
font:2.386294361119891
size:1.6931471805599454
windows:2.09861228866811
8514/a:1.6931471805599454
card:1.0
using:1.0
1024x768:1.0
mode:1.6931471805599454
normal:1.0
small:1.6931471805599454
386:1.0
enhanced:1.0
window:1.6931471805599454
14:1.0
monitor:1.0
way:1.0
spacify:1.0
youll:1.0
excuse:1.0
trivial:1.0
answer:1.0
since:1.0
fairly:1.0
new:1.0
ms:1.0
world:1.0
thanks:1.0
please:1.0
include:1.0
message:1.0
reference:1.0
919:1.6931471805599454
467-7909:1.0
h:1.0
515-8063:1.0
w:1.0
