claborne:1.6931471805599454
npg-sd.sandiegoca.ncr.com:1.0
chris:1.0
subject:1.0
anyone:1.6931471805599454
use:1.0
number:1.6931471805599454
9:1.6931471805599454
gxe:1.0
video:1.6931471805599454
card:1.0
used:1.0
nine:1.0
graphics:1.0
adaptor:1.0
windows:1.6931471805599454
nt:1.0
think:1.0
2:1.0
c:1.0
