pwoodcoc:2.09861228866811
sms.business.uwo.ca:1.6931471805599454
c:1.6931471805599454
patrick:1.6931471805599454
woodcock:1.6931471805599454
subject:1.0
page:2.6094379124341005
numbering:1.0
problem:2.386294361119891
wfw:1.6931471805599454
canon:1.6931471805599454
bj10e:1.6931471805599454
using:1.0
2.0c:1.0
printer:1.0
driver:1.0
comes:1.0
windows:1.0
3.1:1.0
unfortatunately:1.0
printing:1.0
numbers:1.0
bottom:1.6931471805599454
print:1.0
number:1.0
top:1.0
anybody:1.6931471805599454
similar:1.0
and/or:1.0
solution:1.0
thanks:1.0
business.uwo.ca:1.0
western:1.0
business:1.0
school:1.0
london:1.0
ontario:1.0
