ldr:1.0
mv.mv.com:1.0
lee:2.09861228866811
rothstein:1.6931471805599454
subject:1.0
ms-windows:2.09861228866811
mature:1.6931471805599454
os:1.0
get:1.0
hierarchical:1.0
icon:1.0
groups:1.0
use:1.0
norton:1.0
desktop:1.0
windows:1.6931471805599454
ms:1.0
lousy:1.6931471805599454
supposed:1.0
goal:1.0
ubiquitous:1.6931471805599454
good:2.386294361119891
course:1.6931471805599454
masses:1.0
infrastructure:2.09861228866811
102:2.09861228866811
dos:1.0
cp/m:1.0
101:2.09861228866811
unix:1.0
cogniscenti:1.0
together:1.0
prove:1.0
effect:1.6931471805599454
need:1.0
significiantly:1.0
higher:1.0
level:1.0
function:1.0
posix:1.0
dce:1.0
corba:1.0
see:1.0
problem:1.0
nt:1.0
may:1.0
103:1.0
also:1.0
monopoly:1.0
ibm:1.0
conundrum:1.0
gentlepeople:1.0
going:1.0
dubious:1.0
veritech:1.0
7:1.0
merrymeeting:1.0
drive:1.0
merrimack:1.0
nh:1.0
03054-2934:1.0
603-424-2900:1.0
fax:1.0
603-424-8549:1.0
information:1.0
technology:1.0
verification:1.0
leadership:1.0
