ghhwang:2.09861228866811
csie.nctu.edu.tw:1.6931471805599454
subject:1.0
wp-pcf:1.0
linux:1.0
risc:2.386294361119891
dear:1.0
friend:1.0
means:1.0
reduced:1.0
instruction:1.6931471805599454
set:1.6931471805599454
computer:1.6931471805599454
usually:1.0
small:1.0
reduce:1.0
circuit:1.0
complex:1.0
increase:1.0
clock:1.0
rate:1.0
high:1.0
performance:1.0
read:1.0
books:1.0
architecture:1.0
information:1.0
form:1.0
r.o.c:1.0
taiwan:1.0
