jonni:1.6931471805599454
rhi.hi.is:1.0
jon:1.0
ingi:1.0
thorvaldsson:1.0
subject:1.6931471805599454
insert:1.6931471805599454
16:1.6931471805599454
color:2.09861228866811
pics:1.0
wfw2.0:1.0
well:1.0
says:1.0
intended:1.0
ask:1.0
way:1.0
256:1.0
wfw:1.0
2.0:1.0
try:1.0
picture:1.0
turns:1.0
pic:1.0
