werdna:1.0
cco.caltech.edu:1.0
andrew:1.0
tong:1.0
subject:1.0
internal:1.6931471805599454
speaker:1.6931471805599454
driver:1.6931471805599454
probably:1.0
faq:1.0
somewhere:1.0
im:1.0
looking:1.0
microsofts:1.6931471805599454
sound:1.0
windows:1.0
ftp:1.0
site:1.6931471805599454
cant:1.0
remember:1.0
name:1.0
thanks:1.0
