hjhong:1.0
ev004.ev.nctu.edu.tw:1.0
h:1.0
j:1.0
hong:1.0
subject:1.0
ftp:1.6931471805599454
tool:2.09861228866811
windows:1.6931471805599454
one:1.0
know:1.0
get:1.0
thanks:1.0
help:1.0
h.j:1.0
1993,4,19:1.0
