tdarugar:2.09861228866811
cs.ucsd.edu:1.0
tony:1.6931471805599454
darugar:1.0
subject:1.0
fahrenheit:2.386294361119891
1280:2.386294361119891
problems:1.6931471805599454
help:1.6931471805599454
hi:1.0
recently:1.0
bought:1.0
orchid:1.6931471805599454
real:1.0
nice:1.0
card:2.09861228866811
im:1.0
big:1.0
basic:1.0
problem:1.6931471805599454
vertical:1.6931471805599454
lines:1.6931471805599454
missing:1.0
display:1.0
windows:2.09861228866811
something:1.0
like:1.6931471805599454
every:1.0
line:1.0
also:1.0
use:1.0
dos:1.0
gif:1.0
viewer:1.0
namely:1.0
vpic:1.0
6.0c:1.0
mode:1.0
swapped:1.0
strange:1.0
looking:1.0
uses:1.0
vesa:1.0
standards:1.0
however:1.0
works:1.6931471805599454
great:1.6931471805599454
thinks:1.0
theres:1.6931471805599454
512k:1.0
1mb:1.6931471805599454
contacted:1.0
support:1.0
tried:1.6931471805599454
helpful:1.0
didnt:1.0
answer:1.0
dont:1.0
think:1.0
since:1.0
friends:1.6931471805599454
computer:1.0
setup:1.6931471805599454
bios:1.6931471805599454
1.1:1.0
386-25:1.0
opti-chipset2:1.0
ami:1.0
1990:1.0
5mb:1.0
ram:1.0
maxtor:1.6931471805599454
120mb:1.0
harddrive:1.6931471805599454
slave:1.0
40mb:1.0
master:1.0
panasonic:1.0
c1381:1.0
monitor:1.6931471805599454
version:1.0
4.6:1.0
drivers:1.0
3.1:1.0
taking:1.0
memory:1.0
managers:1.0
etc:1.0
took:1.0
cards:1.0
besides:1.0
disk:1.0
controller:1.0
386sx-16:1.0
shamrock:1.0
anyone:1.0
seen:1.0
anything:1.0
otherwise:1.0
greatful:1.0
please:1.0
send:1.0
e-mail:1.0
tartarus.ucsd.edu:1.0
ebon.ucsd.edu:1.0
