10748539:1.0
eng2.eng.monash.edu.au:1.0
charles:1.0
choong:1.0
subject:1.0
486/33:1.0
win3.1:1.0
hang:1.6931471805599454
help:1.6931471805599454
problem:1.0
486/33mhz:1.0
hangs:1.0
extended:1.0
mode:1.6931471805599454
trying:1.0
access:1.6931471805599454
drives:1.0
b:1.0
sometimes:2.09861228866811
dir:1.0
tying:1.0
text:1.0
file:1.0
hardware:1.0
american:1.0
megatrend:1.0
motherboard:1.0
ami:1.0
bios:1.0
91:1.0
conner:1.0
85mb:1.0
hard:1.0
drive:1.0
trident:1.0
1:1.0
meg:1.0
svga:1.0
please:1.0
ok:1.0
standard:1.0
