yuan:2.09861228866811
wiliki.eng.hawaii.edu:1.6931471805599454
maw:1.0
ying:1.0
subject:1.0
win3.1:1.0
config.sys:1.6931471805599454
query:1.0
hi:1.0
16megs:1.0
ram:1.0
need:1.6931471805599454
run/load:1.6931471805599454
smartdrv:2.09861228866811
windows:1.0
3.1:1.0
yes:1.0
ramdrive:1.6931471805599454
without:1.0
following:1.0
settings:1.0
ok:1.0
smartdrv.sys:1.0
2048:2.09861228866811
ramdrive.sys:1.0
e:1.0
thanks:1.0
advance:1.0
e-mail:1.0
reply:1.0
