chera:1.6931471805599454
bekker:2.6094379124341005
tn.utwente.nl:1.6931471805599454
subject:1.0
wanted:1.0
xterm:1.6931471805599454
emulator:1.6931471805599454
windows:1.6931471805599454
3.1:1.6931471805599454
hello:1.0
looking:1.0
runs:1.0
please:1.0
reply:1.0
via:1.0
e-mail:1.6931471805599454
thanks:1.0
h.g:1.0
faculty:1.0
applied:1.0
physics:1.0
voice:1.0
3153893107:1.0
university:1.0
twente:1.0
fax:1.0
3153354003:1.0
netherlands:1.0
