jvl:1.6931471805599454
idca.tds.philips.nl:1.6931471805599454
jan:1.6931471805599454
van:1.6931471805599454
loenen:1.6931471805599454
subject:1.0
diamond:2.09861228866811
ss24x:1.0
win:1.0
3.1:1.0
mouse:2.386294361119891
cursor:2.9459101490553135
dabl2:1.6931471805599454
nlm.nih.gov:2.09861228866811
a.b:1.6931471805599454
lindbergh:1.6931471805599454
writes:1.6931471805599454
article:1.0
1993apr15.204845.24939:1.0
anybody:1.0
seen:2.09861228866811
distortion:1.0
running:1.0
1024x768x256:1.6931471805599454
driver:2.6094379124341005
sorry:1.0
dont:1.6931471805599454
know:2.09861228866811
version:1.0
indication:1.0
menus:1.0
recently:1.0
delivered:1.0
gateway:2.09861228866811
system:1.0
going:1.0
try:1.0
latest:1.6931471805599454
drivers:2.09861228866811
bbs:1.0
wondered:1.0
anyone:1.0
else:1.0
followup:1.0
co-workers:1.0
machine:1.6931471805599454
2.03:1.0
happens:1.0
using:1.0
sometimes:1.0
takes:1.0
minute:1.0
wig:1.0
eventually:1.0
mode:2.6094379124341005
susect:1.0
something:1.6931471805599454
stepping:1.0
memory:1.0
video:1.0
card:1.6931471805599454
wants:1.0
excluded:1.0
a000-c7ff:1.0
emm386:1.0
line:1.6931471805599454
system.ini:1.0
problem:2.791759469228055
persisted:1.0
perhaps:1.6931471805599454
specific:1.0
components:1.0
66mhz:1.0
dx/2:1.0
eisa:1.0
bus:1.0
ultrastore:1.0
24xx:1.0
controller:1.0
ah:1.0
well:1.0
hoping:1.0
kind:1.0
known:1.0
somebody:1.0
call:1.0
order:1.0
find:1.0
folks:1.0
usually:1.0
far:1.0
several:1.0
problems:1.0
applications:1.6931471805599454
crashed:1.0
moving:1.6931471805599454
vga:1.0
fixed:2.09861228866811
removing:1.6931471805599454
stacks=0,0:1.0
config.sys:1.0
default:1.0
value:1.0
stacks=9,256:1.0
fine:1.0
random:1.0
white:1.0
pixels:1.0
screen:1.0
256:1.6931471805599454
color:1.6931471805599454
graphical:1.0
hardware:2.791759469228055
modes:1.6931471805599454
turning:1.0
scroll:1.6931471805599454
24xmode:1.0
scrolloff:1.0
entering:1.0
graphics:1.0
also:1.0
windowed:1.0
dos:1.0
boxes:1.0
windows:1.6931471805599454
enabled:1.0
write:1.0
garbage:1.0
outside:1.0
window:1.0
screensavers:1.0
remove:2.09861228866811
clearly:1.0
two:1.0
types:1.0
functions:1.0
for-draw:1.0
ignored:1.0
cursors:1.6931471805599454
unconditionally:1.0
cards:1.0
vesa:1.6931471805599454
support:1.0
640x480x16m:1.0
truecolor:1.0
universal:1.0
run:1.0
disclaimer:1.0
unless:1.0
otherwise:1.0
stated:1.0
comments:1.0
entirely:1.0
digital:1.0
equipment:1.0
corporation:1.0
hlde01:1.0
loenen_j:1.0
