kmembry:1.6931471805599454
viamar.uucp:1.0
kirk:1.6931471805599454
membry:1.6931471805599454
subject:1.0
moving:1.0
icons:1.6931471805599454
remember:1.0
reading:1.0
program:1.6931471805599454
made:1.0
windows:1.0
run:1.0
away:1.0
mouse:1.0
moved:1.0
near:1.0
anyone:1.0
know:1.0
name:1.0
ftp:1.0
location:1.0
probably:1.0
cica:1.0
age:1.6931471805599454
industry:1.0
rutgers:1.0
viamar:1.0
alexander:1.0
rodchenko:1.0
