kmembry:1.6931471805599454
viamar.uucp:1.0
kirk:1.6931471805599454
membry:1.6931471805599454
subject:1.0
pixel:1.0
font:2.09861228866811
im:1.0
looking:1.0
looks:1.0
like:1.0
pixels:1.0
monitor:1.0
lcd:1.0
kind:1.0
though:1.0
anyone:1.0
know:1.0
get:1.0
one:1.0
age:1.6931471805599454
industry:1.0
rutgers:1.0
viamar:1.0
alexander:1.0
rodchenko:1.0
