hayesj:1.0
rintintin.colorado.edu:1.0
hayes:1.6931471805599454
james:1.0
michael:1.0
jr:1.0
subject:1.0
window:1.6931471805599454
start:1.6931471805599454
position:1.6931471805599454
app:1.6931471805599454
set:1.0
give:1.0
default:1.0
size:1.0
mike:1.0
knowledge:1.6931471805599454
good:1.0
faber:1.0
college:1.0
motto:1.6931471805599454
www:1.0
thoroughness:1.0
rensselear:1.0
poly:1.0
unemployed:1.0
tech:1.0
thank:1.0
groucho:1.0
marx:1.0
day:1.0
races:1.0
driven:1.0
banging:1.0
head:1.0
engineering:1.0
physics:1.0
4:1.0
years:1.0
