jwjohn:1.6931471805599454
ecst.csuchico.edu:1.6931471805599454
jerry:2.09861228866811
w:1.6931471805599454
johnson:1.6931471805599454
subject:1.0
transfer:1.0
video:1.6931471805599454
tape:1.6931471805599454
hi:1.0
im:1.6931471805599454
asking:1.0
info:1.0
behalf:1.0
friend:1.0
would:1.0
best:1.0
way:1.0
copy:1.0
output:1.0
monitor:1.0
ideas:1.0
please:1.0
prescribe:1.0
additional:1.0
hardware:1.0
and/or:1.0
software:1.0
assuming:1.0
intel/windows:1.0
environment:1.0
thanks:1.0
advance:1.0
help:1.0
support:1.0
dam:1.0
struggling:1.0
csci:1.0
grad:1.0
student:1.0
kind:1.0
mothers:1.0
dyslexia:1.0
