bryan:2.09861228866811
src.sbs.utah.edu:1.6931471805599454
subject:1.0
okidata:1.6931471805599454
2410:1.6931471805599454
printer:2.386294361119891
driver:1.6931471805599454
would:1.0
like:1.0
anyone:1.0
seen:1.0
thing:1.0
one:1.0
microsoft:1.0
bbs:1.0
print:1.6931471805599454
windows:1.6931471805599454
fonts:1.0
available:1.0
paradox:1.0
cant:1.0
labels:1.0
unless:1.0
proper:1.0
defined:1.0
thanks:1.0
k:1.0
ward:1.0
survey:1.0
research:1.0
center:1.0
university:1.0
utah:1.0
i-mail:1.0
