rem:1.6931471805599454
buitc.bu.edu:1.0
robert:1.6931471805599454
mee:1.6931471805599454
subject:1.0
diamond:2.09861228866811
speedstar:2.386294361119891
driver:2.09861228866811
v3.1:1.0
looking:1.0
win31:1.0
set:1.0
1mb:1.0
video:1.0
card:1.6931471805599454
anybody:1.0
know:1.0
archive:1.0
site:1.0
looked:1.0
cica:1.0
drivers:1.0
stealth:1.0
generic:1.0
et4000:1.0
cards:1.0
one:1.6931471805599454
specifically:1.0
dropped:1.0
development:1.0
loop:1.0
thanks:1.0
info:1.0
rob:1.0
boston:1.0
university:1.0
information:1.0
technology:1.0
bu-it.bu.edu:1.0
