rajiev:2.6094379124341005
cfmu.eurocontrol.be:1.0
gupta:1.6931471805599454
subject:1.0
questions:1.6931471805599454
windows:2.791759469228055
nt:3.3978952727983707
help:1.6931471805599454
article:1.0
c562cq.fc7:1.0
ms.uky.edu:1.6931471805599454
minghua:1.6931471805599454
writes:1.0
dont:1.6931471805599454
know:1.6931471805599454
much:1.0
ive:1.0
always:1.0
thought:1.0
win:2.6094379124341005
would:2.386294361119891
run:2.386294361119891
intel:1.6931471805599454
386/486:1.0
compatable:1.0
systems:1.0
setting:1.0
network:1.0
includes:1.0
sun:2.09861228866811
sparc:2.386294361119891
server:2.09861228866811
4/490:1.6931471805599454
dozen:1.0
pcs:1.0
people:1.0
suggest:1.0
replacing:1.0
current:1.0
os:1.6931471805599454
sunos:1.0
whether:1.6931471805599454
possible:1.0
us:1.0
good:1.0
appreciate:1.0
answering:1.0
1:1.6931471805599454
490:1.0
2:2.09861228866811
answer:1.0
question:1.0
yes:1.0
unix:2.09861228866811
applications:1.6931471805599454
sas:2.09861228866811
3:1.0
multiuser:1.0
4:1.0
released:1.0
5:1.0
telephone:1.0
number:1.0
call:1.0
get:1.0
info:1.0
thank:1.0
far:1.0
read:1.6931471805599454
supported:1.0
dec:1.0
alpha:1.0
mips:1.0
r4000:1.0
series:1.0
processors:1.0
remember:1.0
though:1.0
reading:1.0
rumour:1.0
support:1.0
sometime:1.0
future:1.0
sure:1.0
mean:1.0
running:1.0
maybe:1.0
win16:1.0
etc:1.0
ms:1.0
anounce:1.0
avalaibility:1.0
end:1.0
may:1.0
93:1.0
comdex:1.0
spring:1.0
hope:1.0
helps:1.0
guptaeurocontrol:1.0
cfmudisclaimer:1.0
cfmu.eurocontrol.berue:1.0
de:1.0
la:1.0
loi:1.0
72these:1.0
views:1.0
tel:1.0
32:2.09861228866811
729:1.6931471805599454
33:1.0
12:1.0
b-1040:1.0
bruxellesnot:1.0
companies:1.0
fax:1.0
16:1.0
belgium:1.0
