toelle:2.6094379124341005
uenics.evansville.edu:1.0
chad:1.6931471805599454
subject:1.0
fax:1.6931471805599454
software:1.6931471805599454
windows:1.6931471805599454
would:1.0
like:1.0
know:1.0
current:1.0
available:1.0
take:1.0
9600:1.0
baud:1.0
fax/modem:1.0
14.4k:1.0
please:1.0
respond:1.0
info:1.0
thank:1.0
much:1.0
evansville.edu:1.6931471805599454
4216:1.0
st:1.0
philip:1.0
rd:1.0
mt:1.0
vernon:1.0
47620:1.0
uunet:1.0
812:1.0
985-3222:1.0
