ffritze:1.6931471805599454
hpwad.wad.hp.com:1.0
fromut:1.6931471805599454
fritze:1.6931471805599454
subject:1.0
anyone:1.0
know:2.09861228866811
stackers:1.0
email:1.6931471805599454
address:2.6094379124341005
anybody:1.0
stacker:1.0
e-mail:1.6931471805599454
bbs:1.0
something:1.0
compuserve:1.0
im:1.0
hoping:1.0
someone:1.0
knows:1.0
john:1.0
white:1.0
stac:1.0
electronics:1.0
reached:1.0
compuserv:1.0
72370,1005:1.0
72370.1005:1.0
compuserve.com:1.0
would:1.0
work:1.0
internet:1.6931471805599454
hpwbe007.wad.hp.com:1.0
phone:1.0
germany:1.6931471805599454
7243:1.0
602296:1.0
waldbronn:1.6931471805599454
analytic:1.0
division:1.0
r:1.0
hewlett:1.0
packard:1.0
str:1.0
7517:1.0
2:1.0
