ffritze:1.6931471805599454
hpwad.wad.hp.com:1.0
fromut:1.6931471805599454
fritze:1.6931471805599454
subject:1.0
need:1.0
help:1.0
writing:1.0
ms:1.0
excel:1.0
macro:1.0
each_student:1.0
begin:1.6931471805599454
lowest_score_found:2.386294361119891
max_possible_value:1.0
1:1.0
number_of_assignments:1.0
score:1.6931471805599454
end:1.6931471805599454
total_score:1.0
sum:2.09861228866811
scores:1.0
couldnt:1.0
simply:1.0
use:1.6931471805599454
min:1.0
subtract:1.0
internet:1.0
hpwbe007.wad.hp.com:1.0
phone:1.0
germany:1.6931471805599454
7243:1.0
602296:1.0
address:1.0
waldbronn:1.6931471805599454
analytic:1.0
division:1.0
r:1.0
hewlett:1.0
packard:1.0
str:1.0
7517:1.0
2:1.0
