dshanks:1.0
nyx.cs.du.edu:1.0
david:1.0
shanks:1.0
subject:1.0
diamond:2.09861228866811
speedstar:1.6931471805599454
driver:1.6931471805599454
v3.1:1.0
article:1.0
116005:1.0
bu.edu:1.0
rem:1.0
buitc.bu.edu:1.0
robert:1.0
mee:1.0
writes:1.0
looking:1.0
win31:1.0
set:1.0
1mb:1.0
video:1.0
card:1.0
bbs:2.09861228866811
2400:1.0
baud:1.6931471805599454
phone:1.6931471805599454
number:1.6931471805599454
408:1.6931471805599454
730-1100:1.0
9600:1.0
524-9335:1.0
sorry:1.0
dont:1.0
know:1.0
ftp:1.0
site:1.0
though:1.0
id:1.0
surprised:1.0
wasnt:1.0
one:1.0
