alee:1.0
mnemosyne.cs.du.edu:1.0
alec:1.6931471805599454
lee:1.6931471805599454
subject:1.0
windows:1.0
speaker:1.6931471805599454
sound:1.6931471805599454
driver:2.09861228866811
ftp:1.0
site:1.0
get:1.0
ms:1.0
theres:1.0
sound.exe:1.0
file:1.6931471805599454
claims:1.0
im:1.0
suspicious:1.0
since:1.0
drv:1.0
thanks:1.0
