adamb:1.6931471805599454
garfield.cs.mun.ca:1.6931471805599454
adam:1.6931471805599454
benson:1.6931471805599454
subject:1.0
windows:1.0
3.1:1.0
slower:1.0
using:1.0
dos:1.0
6:1.0
mt:1.0
pearl:1.0
nf:1.0
