claebaur:2.09861228866811
shell.portal.com:1.6931471805599454
tony:1.6931471805599454
annese:1.6931471805599454
subject:1.0
windows:1.0
speaker:1.6931471805599454
sound:1.6931471805599454
driver:2.09861228866811
article:1.0
1993apr19.235430.6097:1.0
mnemosyne.cs.du.edu:1.6931471805599454
alee:1.0
alec:1.0
lee:1.0
writes:1.0
ftp:1.0
site:1.0
get:1.0
ms:1.0
theres:1.0
sound.exe:1.0
file:2.09861228866811
claims:1.0
im:1.0
suspicious:1.0
since:1.0
drv:1.0
thats:1.0
cup.portal.com:1.0
