btbg1194:1.0
uxa.cso.uiuc.edu:1.0
bradley:1.0
banko:2.09861228866811
subject:1.0
save:1.0
hard:2.09861228866811
disk:3.1972245773362196
allocation:4.931825632724326
error:3.302585092994046
cross-linked:1.0
hi:1.0
running:1.0
ms:1.0
quick:1.0
c:4.828641396489095
compiler:1.0
dos:1.0
window:1.0
windows:2.386294361119891
3.1:1.0
evening:1.0
got:1.6931471805599454
program:1.0
violated:1.0
system:1.0
integrity:1.0
close:1.0
applications:1.0
exit:1.0
restart:1.0
computer:1.0
started:1.0
immediately:1.0
serious:1.0
message:1.0
hit:1.0
return:1.0
retry:1.0
5:1.0
times:1.0
rebooted:1.0
find:1.0
quite:1.0
files:2.09861228866811
corrupted:1.0
somehow:1.0
including:1.0
chkdsk:2.09861228866811
output:1.6931471805599454
questions:1.0
1:1.0
easy:1.0
way:1.0
restore:1.0
everything:1.0
working:1.0
order:1.0
might:1.6931471805599454
better:1.0
approaches:1.0
2:1.6931471805599454
caused:1.0
smartdrv:1.0
cache:1.6931471805599454
make:1.0
vulnerable:1.0
im:1.0
suspicious:1.0
drive:1.6931471805599454
caches:1.0
especially:1.0
data:1.0
writing:1.0
straightforward:1.0
approach:1.0
would:2.09861228866811
run:1.0
f:1.6931471805599454
option:1.0
fix:1.0
looks:1.0
like:1.0
probably:1.0
reinstall:1.0
things:1.0
thanks:1.0
comments:1.0
suggestions:1.0
brad:1.6931471805599454
ps:1.0
386sx:1.0
machine:1.0
40mb:1.0
mb:1.0
ram:1.0
volume:1.0
serial:1.0
number:1.0
1159-09d3:1.0
errors:1.0
found:1.6931471805599454
parameter:1.0
specified:1.0
corrections:1.0
written:1.0
gfxvpic46cvpic.exe:1.6931471805599454
size:2.9459101490553135
adjusted:2.9459101490553135
gfxvpic46vpic.txt:1.6931471805599454
gfxvpic46video7.cfg:1.6931471805599454
gfxvpic46orcpro2.cfg:1.6931471805599454
gfxvpic46vga.cfg:1.6931471805599454
gamegoosebird2.x:1.6931471805599454
winmiscadv21winadv.exe:1.0
316:1.0
lost:1.0
units:2.09861228866811
224:1.0
chains:1.0
647168:1.0
bytes:3.1972245773362196
space:1.6931471805599454
freed:1.0
cross:4.663561646129646
linked:4.663561646129646
unit:4.688879454113936
16133:1.6931471805599454
gfxvpic46geno5400.cfg:1.0
16138:1.0
gfxvpic46ri8800b.cfg:1.0
16139:1.0
gfxvpic46s4000hi.cfg:1.0
16140:1.0
gfxvpic46config.doc:1.0
16141:1.0
16146:1.6931471805599454
16151:1.6931471805599454
gfxvpic46defincon.cfg:1.0
16152:1.0
gfxvpic46atiwondr.cfg:1.0
16153:1.0
gfxvpic46geno6400.cfg:1.0
16154:1.0
gfxvpic46oak.cfg:1.0
16155:1.0
gfxvpic46hires.cfg:1.0
16156:1.0
gfxvpic46aheada.cfg:1.0
16157:1.0
gfxvpic46vpic.doc:1.0
16208:1.0
16184:1.6931471805599454
gfxvpic46everx673.cfg:1.0
16185:1.0
gfxvpic46wait.com:1.0
16186:1.0
gfxvpic46maxxon.cfg:1.0
16187:1.0
gfxvpic46wait.doc:1.0
16188:1.0
gfxvpic46everx678.cfg:1.0
16189:1.0
gfxvpic46ega.cfg:1.0
16190:1.0
gfxvpic46config.exe:1.0
16191:1.0
gfxvpic46readme.1st:1.0
16199:1.0
16201:1.6931471805599454
16382:1.0
windowssystemsound.drv:1.0
16380:1.0
windowsgames0.grp:1.0
16367:1.0
windowsmad79-11.bmp:1.0
16341:1.0
magedemo2_2a.kin:1.0
magedemo2_2b.kin:1.0
16257:1.6931471805599454
magepkin_2_2.exe:1.0
16339:1.6931471805599454
winmiscgamesdialword.exe:1.0
winmiscgamesdialword.txt:1.0
winmiscadv21winadv.wri:1.0
winmiscadv21adv.key:1.0
16265:1.0
winmiscadv21adv.rec:1.0
16275:1.0
winmiscadv21freezer:1.0
c:386spart.par:1.0
bng2.mbx:1.0
42366976:1.0
total:2.09861228866811
3958784:1.0
4:1.0
hidden:1.0
153600:1.0
67:1.0
directories:1.0
36042752:1.0
1496:1.0
user:1.0
1564672:1.0
available:1.6931471805599454
2048:1.0
20687:1.0
764:1.0
655360:1.0
memory:1.0
579712:1.0
free:1.0
dept:1.0
physics:1.0
u:1.0
illinois:1.0
b-banko:1.0
uiuc.edu:1.0
see:1.0
one:1.6931471805599454
teach:1.0
one.73:1.0
de:1.0
kb8cne:1.0
n9lnq.il:1.0
