bigal:1.6931471805599454
wpi.wpi.edu:1.6931471805599454
nathan:1.6931471805599454
charles:1.0
crowell:1.6931471805599454
subject:1.0
wallpaper:1.6931471805599454
windows:2.09861228866811
3.1:1.0
hi:1.0
utility:1.0
available:1.0
make:1.0
randomly:1.0
select:1.0
one:1.0
directorys:1.0
bmp:1.0
files:1.0
file:1.0
nate:1.0
c:1.0
dept:1.0
materials:1.0
science/acrl:1.0
worcester:1.0
polytechnic:1.0
institute:1.0
e-mail:1.0
flower:1.0
genesis:1.0
suppers:1.0
ready:1.0
