dsou:1.0
btma57.nohost.nodomain:1.0
subject:1.0
speedstar:1.6931471805599454
24x:1.6931471805599454
windows:2.09861228866811
enhanced:1.6931471805599454
mode:2.09861228866811
hi:1.0
486/66mhz:1.0
sys:1.0
based:1.0
pc:1.0
8m:1.0
ram:1.0
problem:1.6931471805599454
best:1.0
way:1.0
configure:1.0
high:2.09861228866811
memory:1.6931471805599454
qemm/386max:1.0
video:1.0
card:1.0
use:1.0
hyperdisk:1.0
disk:1.0
cache:1.0
software:1.0
running:1.0
3.1:1.0
load:1.0
stuff:1.0
note:1.0
tried:1.0
recommended:1.0
exclude:1.0
region:1.0
a000-c7ff:1.0
insists:1.0
starting:1.0
standard:1.0
suggestions:1.0
dan:1.0
