sp:1.0
odin.nosubdomain.nodomain:1.0
svein:1.6931471805599454
pedersen:1.0
subject:1.0
utility:1.6931471805599454
updating:1.6931471805599454
win.ini:1.0
system.ini:1.0
nead:1.0
deleting:1.0
adding:1.0
changing:1.0
ini:1.0
files:1.0
windows:1.0
find:1.0
ftp:1.0
host:1.0
