aruit:2.09861228866811
idca.tds.philips.nl:1.6931471805599454
anton:2.09861228866811
de:2.09861228866811
ruiter:2.09861228866811
subject:1.0
top-30:1.6931471805599454
windows:1.6931471805599454
applications:1.0
hello:1.0
everybody:1.0
searching:1.0
business:1.6931471805599454
information:1.6931471805599454
application:1.0
create:1.0
used:1.0
wordprocessors:1.0
spreadsheets:1.0
drawing:1.0
programs:1.6931471805599454
schedulers:1.0
fax:1.6931471805599454
etc:1.0
please:1.0
mail:1.6931471805599454
references:1.0
summaries:1.0
results:1.0
media:1.0
thank:1.0
advance:1.0
digital:1.0
equipment:1.0
corporation:1.0
workgroup:1.0
products:1.0
wgp:1.0
objectworks:1.0
obw:1.0
ing:1.0
mba:1.0
software:1.0
product:1.0
manager:1.0
post:1.0
office:1.0
box:1.0
245:1.0
7300:1.0
ae:1.0
apeldoorn:1.6931471805599454
netherlands:1.6931471805599454
oude:1.0
apeldoornseweg:1.0
41-45:1.0
7333:1.0
nr:1.0
hlde01:1.0
ruiter_a:1.0
dtn:1.0
829-4359:1.0
location:1.0
apd/f1-a22:1.0
internet:1.0
uucp:1.0
mcsun:1.0
philapd:1.0
phone:1.6931471805599454
31:2.09861228866811
55:1.6931471805599454
434359:1.0
5486:1.0
18199:1.0
private:1.0
432199:1.0
