dfeldman:1.6931471805599454
lookout.mtt.it.uswc.uswest.com:1.0
david:1.0
feldman:1.0
subject:1.0
trident:1.6931471805599454
8900:1.0
cl:1.0
1280x1024:2.09861228866811
driver:1.0
please:1.6931471805599454
excuse:1.0
faq:1.0
new:1.0
8900cl:1.0
based:1.0
card:1.6931471805599454
claims:1.0
support:1.0
drivers:2.09861228866811
indicate:1.0
several:1.0
diskette:1.6931471805599454
windows:1.0
3.1:1.0
make:1.0
available:1.0
configuration:1.0
dialog:1.0
box:1.0
suggestion:1.0
thanx:1.0
e-mail:1.0
uswest.com:1.0
