acifuent:1.6931471805599454
isluga.puc.cl:1.6931471805599454
alejandro:1.6931471805599454
cifuentes:1.6931471805599454
subject:1.0
q:1.0
change:1.6931471805599454
icons:1.0
forever:1.6931471805599454
hi:1.0
anyone:1.0
knows:1.0
icon:1.0
ever:1.0
mean:1.0
program:1.0
manager:1.0
thanks:1.0
advance:1.0
h:1.0
