a.d.bailey:1.0
lut.ac.uk:1.0
subject:1.0
utility:1.6931471805599454
updating:1.6931471805599454
win.ini:1.0
system.ini:1.0
article:1.0
1993apr20.085638.29338:1.0
news.uit.no:1.0
sp:1.0
odin.nosubdomain.nodomain:1.0
svein:1.6931471805599454
pedersen:1.0
writes:1.0
nead:1.0
deleting:1.0
adding:1.0
changing:1.0
ini:1.0
files:1.0
windows:2.09861228866811
find:1.0
ftp:1.0
host:1.0
3.0:1.0
built-in:1.0
called:1.0
sysedit.exe:1.0
need:1.0
3.1:1.0
dont:1.0
know:1.0
