baseball:1.0
catch-the-fever.scd.ucar.edu:1.0
gregg:1.0
walters:1.0
subject:1.0
mathcad:1.6931471805599454
4.0:1.6931471805599454
swap:2.09861228866811
file:2.09861228866811
16mb:1.0
memory:1.0
386sx:1.0
running:1.0
windows:1.0
without:1.0
several:1.0
months:1.0
happy:1.0
insist:1.0
