dcoleman:2.6094379124341005
utxvms.cc.utexas.edu:1.6931471805599454
daniel:1.6931471805599454
coleman:1.6931471805599454
subject:1.0
ati:2.09861228866811
ultra:1.6931471805599454
pro:1.6931471805599454
confirmation:1.0
article:1.0
fn+0razbbh107h:1.0
eosvcr.wimsey.bc.ca:1.6931471805599454
aew:1.0
alan:1.0
walford:1.0
writes:1.0
heard:1.0
many:1.6931471805599454
things:1.0
card:2.9459101490553135
positive:1.0
negative:1.0
could:1.0
people:1.0
please:1.0
confirm:1.0
interested:1.0
eisa:2.09861228866811
version:1.6931471805599454
particular:1.0
1:1.0
work:1.6931471805599454
system:1.6931471805599454
32m:2.09861228866811
ram:1.6931471805599454
higher:1.0
memory:1.6931471805599454
limits:1.0
apply:1.0
isa:1.6931471805599454
cards:1.0
far:1.0
know:1.0
vlb:1.6931471805599454
problems:1.0
2:1.0
works:1.0
switches:1.0
set:1.0
much:1.6931471805599454
slower:1.0
aperture:1.0
need:1.0
disabled:1.0
124m:1.0
12:1.0
problem:1.0
3:1.0
interlaced:1.0
24bit:1.0
true-colour:1.0
modes:1.0
nope:1.0
use:1.0
640x480:1.0
72hz:1.0
24-bit:1.6931471805599454
800x600:1.0
70hz:1.0
non-interlaced:1.0
4:1.0
latest:1.0
build:1.0
59:1.0
drivers:1.0
still:1.0
cases:1.0
arent:1.0
perfect:1.0
improved:1.0
dont:1.0
recall:1.0
last:1.0
time:1.0
leave:1.0
mach:1.0
32:1.0
mode:2.09861228866811
gup:1.0
switch:1.0
8514:1.0
vga:1.0
due:1.0
software:1.0
incompatibility:1.0
5:1.0
fastest:1.6931471805599454
full:1.0
colour:1.0
money:1.0
quite:1.0
fast:1.0
whether:1.0
open:1.0
debate:1.0
6:1.0
greatest:1.0
thing:1.0
since:1.0
sliced:1.0
bread:1.0
like:1.0
matthew:1.0
internet:1.0
ccwf.cc.utexas.edu:1.0
university:1.0
texas:1.0
austin:1.0
decnet:1.0
utxvms:1.6931471805599454
electrical/computer:1.0
engineering:1.0
bitnet:1.6931471805599454
