dcoleman:2.6094379124341005
utxvms.cc.utexas.edu:1.6931471805599454
daniel:1.6931471805599454
coleman:1.6931471805599454
subject:1.6931471805599454
mathcad:2.386294361119891
4.0:2.09861228866811
swap:2.09861228866811
file:2.09861228866811
article:1.0
1993apr20.175608.23949:1.0
ncar.ucar.edu:1.0
baseball:1.0
catch-the-fever.scd.ucar.edu:1.0
gregg:1.0
walters:1.0
writes:1.0
16mb:1.0
memory:2.386294361119891
386sx:1.0
running:1.0
windows:1.0
without:1.0
several:1.0
months:1.0
happy:1.0
insist:1.0
got:1.0
manual:1.0
clear:1.0
matter:1.0
page:1.0
8:1.6931471805599454
least:1.6931471805599454
4:1.0
megabytes:1.6931471805599454
640k:1.0
configured:1.0
xms:1.0
virtual:1.0
common:1.6931471805599454
sense:1.6931471805599454
suggests:1.0
able:1.0
run:1.0
4+8=12:1.0
16:1.0
new:1.0
kinda:1.0
kooky:1.0
thus:1.0
laws:1.0
dan:1.0
matthew:1.0
internet:1.0
ccwf.cc.utexas.edu:1.0
university:1.0
texas:1.0
austin:1.0
decnet:1.0
utxvms:1.6931471805599454
electrical/computer:1.0
engineering:1.0
bitnet:1.6931471805599454
