ruckman:2.09861228866811
oasys.dt.navy.mil:1.6931471805599454
subject:1.0
ms-windows:1.0
mature:1.0
os:1.0
article:1.0
c5snbs.j3h:1.0
usenet.ucs.indiana.edu:1.0
comp.os.ms-windows.advocacy:1.0
writes:1.0
1:1.0
create:1.6931471805599454
hierarchy:1.0
groups:2.386294361119891
way:1.0
group:1.6931471805599454
know:1.0
please:1.0
tell:1.0
get:1.0
norton:1.0
desktop:2.09861228866811
put:1.0
within:1.0
icons:1.0
etc:1.0
chris:1.0
sig:1.0
brought:1.0
hull:1.0
structures:1.0
acoustics:1.0
code:1.0
741:1.0
local:1.0
chevrolet:1.0
bottler:1.0
carderock:1.0
division:1.0
nswc:1.0
