bagoly:2.09861228866811
ludens.elte.hu:1.6931471805599454
subject:1.0
pc/tcp:1.6931471805599454
onpredir:2.09861228866811
windows:2.09861228866811
hello:1.0
troubles:1.0
using:1.0
printer:1.6931471805599454
redirection:1.0
program:1.0
lpr:1.0
support:1.0
print:1.0
manager:1.0
simply:1.0
waits:1.0
capture:1.0
till:1.0
end:1.0
session:1.0
inactivity:1.0
start:1.0
printing:1.0
anybody:1.0
uses:1.0
two:1.0
programs:1.0
together:1.0
thanks:1.0
zsolt:2.09861228866811
dept:1.0
atomic:1.0
physics:1.0
eotvos:1.0
university:1.0
budapest:1.0
hungary:1.0
e-mail:1.0
hercules.elte.hu:1.0
eltenet:1.6931471805599454
internet:1.0
