pmw0:1.6931471805599454
ns1.cc.lehigh.edu:1.0
phillip:1.0
michael:1.0
williams:1.0
subject:1.0
x:1.6931471805599454
windows:1.6931471805599454
window:1.0
servers:1.0
run:1.0
ms-windows:1.0
know:1.0
deskview:1.0
seen:1.0
action:1.0
others:1.0
thanks:1.0
advance:1.0
phil:1.0
lehigh.edu:1.0
