sp:1.0
odin.fna.no:1.0
svein:1.6931471805599454
pedersen:1.0
subject:1.0
utility:2.09861228866811
updating:2.09861228866811
win.ini:1.6931471805599454
system.ini:1.0
sorry:1.0
nt:1.0
tell:1.0
exactly:1.0
need:1.6931471805599454
automatic:1.0
deleting:1.0
adding:1.0
changing:1.0
ini:1.0
files:1.6931471805599454
windows:1.6931471805599454
program:1.6931471805599454
run:1.6931471805599454
dos:1.0
batchfile:1.0
script:1.0
use:1.0
meny:1.0
pc:1.0
find:1.0
ftp:1.0
host:1.0
