singlis:1.0
waikato.ac.nz:1.6931471805599454
subject:1.0
win3.1:1.0
font:1.6931471805599454
macrons:1.6931471805599454
greetings:1.0
green:1.0
new:1.0
zealand:1.0
looking:1.0
windows:1.6931471805599454
3.1:1.0
allow:1.0
hypen:1.0
vowels:1.0
upper:1.0
lower:1.0
cases:1.0
use:1.0
maori:1.0
characters:1.0
applications:1.0
thanks:1.0
advance:1.0
stuart:1.0
inglis:1.0
email:1.0
directly:1.0
tetaka:1.0
would:1.0
prefered:1.0
method:1.0
contact:1.0
