dbarker:1.6931471805599454
spang.camosun.bc.ca:1.0
deryk:1.6931471805599454
barker:1.6931471805599454
subject:1.0
wp-pcf:1.0
linux:1.0
risc:3.0794415416798357
leebr:1.0
ecf.toronto.edu:1.0
lee:1.0
brian:1.0
writes:2.09861228866811
article:1.6931471805599454
1qu8ud:1.0
2hd:1.0
sunb.ocs.mq.edu.au:1.0
eugene:1.0
mpce.mq.edu.au:1.0
c5o1yq.m34:1.0
csie.nctu.edu.tw:1.6931471805599454
ghhwang:1.6931471805599454
dear:1.0
friend:1.0
means:1.0
reduced:1.6931471805599454
instruction:3.1972245773362196
set:2.791759469228055
computer:2.09861228866811
usually:1.0
small:1.6931471805599454
reduce:1.0
circuit:1.0
complex:1.6931471805599454
increase:1.0
clock:1.6931471805599454
rate:1.0
high:1.0
performance:1.0
read:1.0
books:1.0
architecture:1.6931471805599454
information:1.0
hmm:1.0
authority:1.0
clearly:1.0
remember:1.0
reading:1.0
cpus:1.0
rather:1.0
large:1.0
difference:1.0
addressing:1.0
modes:1.0
sets:1.6931471805599454
orthogonal:1.0
cisc:1.0
original:1.0
riscs:1.0
simple:1.0
ones:1.0
idea:1.0
every:1.0
completable:1.0
single:1.6931471805599454
cycle:1.0
b:1.0
microcode:1.6931471805599454
c:1.0
extensive:1.0
pipelines:1.0
comparisons:1.0
patterson:1.0
computers:1.0
cacm:1.0
v28:1.0
1:1.6931471805599454
1985:1.0
cpuyearinstructionsmicrocode:1.0
ibm:1.6931471805599454
370/1681973208420kb:1.0
dec:1.6931471805599454
vax:2.09861228866811
11/7801978303480kb:1.0
80119801200:1.0
ucb:1.0
11982390:1.0
stanford:1.0
mips1983550:1.0
researching:1.0
vlsi:2.09861228866811
discovered:1.0
60:1.0
support:1.0
20:1.6931471805599454
accounted:1.0
mere:1.0
0.2:1.0
instructions:1.6931471805599454
executed:1.0
uvax:2.09861228866811
32:1.0
subsetted:1.0
onto:1.0
chip:1.0
used:1.0
software:1.0
emulator:1.0
full:1.0
included:1.0
entire:1.0
5-10:1.0
times:1.0
copmlex:1.0
ranm:1.0
faster:1.0
cpuchipsmicrocodetransistors:1.0
32264k101k:1.0
uvax9480k1250k:1.0
real:1.0
science:1.0
dept:1.0
camosun:1.0
college:1.0
victoria:1.0
b.c:1.0
email:1.0
camosun.bc.ca:1.0
phone:1.0
604:1.0
370:1.0
4452:1.0
