russ:2.386294361119891
deakin.oz.au:1.0
sharp:1.6931471805599454
subject:1.0
character:3.1972245773362196
missing:1.0
ttf:1.6931471805599454
word:1.0
2.0c:1.0
doesnt:1.0
show:1.0
period-centred:2.09861228866811
indicate:1.6931471805599454
spaces:2.09861228866811
use:1.0
ttfonts:1.0
coreldraw:1.6931471805599454
editors:1.0
need:1.0
able:1.6931471805599454
see:1.0
many:1.0
text:1.0
displayed:2.09861228866811
large:1.0
hollow:1.6931471805599454
box:1.6931471805599454
overlap:1.0
characters:1.0
side:1.0
useless:1.0
believe:1.0
used:1.6931471805599454
w4w:2.09861228866811
0183:1.6931471805599454
shows:1.0
windows:1.0
charmap:1.6931471805599454
display:1.0
tends:1.0
confirm:1.0
edited:1.0
corel:1.0
font:2.386294361119891
fontmonger:1.0
changing:1.0
graphics:1.6931471805599454
makes:1.0
difference:1.0
output:1.0
altering:1.0
paragraph:1.0
0182:1.0
cedilla:1.0
0184:1.0
alter:1.0
however:1.0
anyone:1.0
get:1.0
deakin.edu.au:1.0
ph:1.0
052:1.6931471805599454
27:1.6931471805599454
1141:1.0
fax:1.0
2015:1.0
deakin:1.0
university:1.0
school:1.0
engineering:1.0
technology:1.0
geelong:1.0
australia:1.0
