shenoy:2.791759469228055
iastate.edu:2.09861228866811
shiva:2.09861228866811
subject:1.0
windows:2.6094379124341005
help:2.9459101490553135
1993apr20.072905.21404:1.0
fel.tno.nl:1.6931471805599454
mveraart:1.0
mario:1.0
veraart:1.0
writes:1.6931471805599454
umyin:1.6931471805599454
ccu.umanitoba.ca:1.6931471805599454
qing:1.0
yin:1.6931471805599454
hi:1.6931471805599454
easy:1.0
question:1.0
gurus:1.0
id:1.0
appreciate:1.0
need:2.386294361119891
write:1.0
on-line:1.6931471805599454
application:1.6931471805599454
dont:1.0
software:1.0
developers:1.0
toolkit:1.0
yet:1.0
since:1.0
want:1.0
build:1.6931471805599454
hlp:2.09861228866811
file:1.6931471805599454
around:1.0
engine:1.0
hope:1.0
wont:1.0
complicated:1.6931471805599454
anyway:1.0
could:1.0
someone:1.0
kindly:1.0
give:1.0
hints:1.0
take:1.0
100:1.0
pages:1.0
explain:1.0
would:1.6931471805599454
point:1.0
vincent:1.0
q:1.0
developed:1.0
must:1.0
sdk:1.6931471805599454
sort:1.0
contains:1.6931471805599454
hc.exe:1.0
hc31.exe:1.0
compile:1.0
generate:1.0
files:2.9459101490553135
rtf:1.6931471805599454
generated:1.0
wordprocessor:1.0
like:1.0
word:1.6931471805599454
dos:1.0
w4w:1.0
get:2.09861228866811
free:2.09861228866811
location:1.0
ftp.cica.indiana.edu:1.0
index:1.0
pub/pc/win3/index:1.0
first:1.0
pub/pc/win3/uploads/what.zip:1.0
1.3m:1.0
compiler:1.0
among:1.0
things:1.0
microsoft:1.0
think:1.0
dir:2.09861228866811
pub/pc/win3/programr:1.0
hag.zip:1.0
whag.zip:1.0
wfwhlp.zip:1.0
shareware:1.0
pub/pc/win3/util:1.0
hwab21.zip:1.0
qdhelp.zip:1.0
qdtool.zip:1.0
pub/pc/win3/winword:1.0
drhelpev.zip:1.0
macros:1.0
2.0:1.0
convert:1.0
doc:1.0
e-mail:1.6931471805599454
2066:1.6931471805599454
black:1.6931471805599454
dept:1.6931471805599454
aeem:1.6931471805599454
isu:1.6931471805599454
ames:1.6931471805599454
ia:1.6931471805599454
50010:1.6931471805599454
office:1.6931471805599454
515:1.6931471805599454
294-0082:1.6931471805599454
