wild:1.0
access.digex.com:1.0
wildstrom:1.0
subject:1.0
mathcad:2.09861228866811
4.0:1.6931471805599454
swap:2.6094379124341005
file:2.6094379124341005
baseball:1.0
catch-the-fever.scd.ucar.edu:1.0
gregg:1.0
walters:1.0
writes:1.0
16mb:1.0
memory:1.0
386sx:1.0
running:1.0
windows:1.6931471805599454
without:1.6931471805599454
several:1.0
months:1.0
happy:1.6931471805599454
insist:1.0
presumeably:1.0
mean:1.0
permanent:2.09861228866811
needs:1.0
upo:1.0
create:1.0
one:1.6931471805599454
doesnt:1.0
exist:1.0
generally:1.0
faster:1.0
though:1.0
dont:1.0
know:1.0
wouldnt:1.0
either:1.0
type:1.0
ver:1.0
3.0:1.0
program:1.0
conforming:1.0
win:1.0
specification:1.0
