calloway:2.09861228866811
hplvec.lvld.hp.com:1.0
frank:1.6931471805599454
subject:1.0
windows:1.0
3.1:1.0
slower:1.0
using:1.0
dos:1.0
6:1.0
system:1.0
