wimvh:1.6931471805599454
liris.tew.kuleuven.ac.be:1.6931471805599454
wim:1.6931471805599454
van:1.6931471805599454
holder:1.6931471805599454
subject:1.0
winqvtnet:1.0
ndis:1.6931471805599454
token:1.6931471805599454
ring:1.6931471805599454
possible:1.0
use:1.0
winqvt/net:1.0
machine:1.0
uses:1.0
connect:1.0
tried:1.0
older:1.0
versions:1.0
3.2:1.0
got:1.0
invalid:1.0
packet:1.0
class:1.0
error:1.0
something:1.0
like:1.0
regards:1.0
katholieke:1.0
universiteit:1.0
leuven:1.6931471805599454
tel:1.0
32:1.6931471805599454
0:1.6931471805599454
16/28.57.16:1.0
departement:1.0
t.e.w:1.0
fax:1.0
16/28.57.99:1.0
dekenstraat:1.0
2:1.0
b-3000:1.0
e-mail:1.0
belgium:1.0
fdbaq03:1.0
cc1.kuleuven.ac.be:1.0
