wimvh:1.6931471805599454
liris.tew.kuleuven.ac.be:1.6931471805599454
wim:1.6931471805599454
van:1.6931471805599454
holder:1.6931471805599454
subject:1.0
trumpet:1.6931471805599454
windows:2.386294361119891
news:1.6931471805599454
readers:1.0
im:1.0
looking:1.0
decent:1.0
reader:1.0
ive:1.0
given:1.0
winvn:1.0
0.76:1.0
since:1.6931471805599454
doesnt:1.0
work:1.0
well:1.0
winsock.dll:1.0
ibm:1.0
tcp/ip:1.0
dos:1.6931471805599454
2.1:1.0
status:1.0
use:1.0
sockets:1.0
liked:1.0
abandon:1.0
started:1.0
using:1.0
ndis:1.0
access:1.0
token:1.0
ring:1.0
results:1.0
invalid:1.0
class:1.0
error:1.0
bye:1.0
katholieke:1.0
universiteit:1.0
leuven:1.6931471805599454
tel:1.0
32:1.6931471805599454
0:1.6931471805599454
16/28.57.16:1.0
departement:1.0
t.e.w:1.0
fax:1.0
16/28.57.99:1.0
dekenstraat:1.0
2:1.0
b-3000:1.0
e-mail:1.0
belgium:1.0
fdbaq03:1.0
cc1.kuleuven.ac.be:1.0
