kjetilk:1.0
stud.cs.uit.no:1.0
kjetil:1.0
kolin:1.0
subject:1.0
proteced:1.6931471805599454
mode:1.6931471805599454
im:1.0
looking:1.0
information:1.0
w-nt:1.0
uses:1.0
hw:1.0
support:1.0
