dericks:1.6931471805599454
plains.nodak.edu:1.6931471805599454
dale:1.6931471805599454
erickson:1.6931471805599454
subject:1.0
telix:2.386294361119891
problem:1.6931471805599454
use:1.6931471805599454
kermit:1.0
win:1.0
3.1:1.0
exiting:1.0
windows:1.0
dos:1.0
find:1.6931471805599454
serial:1.0
port:1.0
ideas:1.0
solve:1.0
information:1.0
send:1.6931471805599454
email:1.0
news:1.0
group:1.0
thanks:1.0
