cca20:1.0
keele.ac.uk:1.0
j:1.0
atherton:1.6931471805599454
subject:1.0
serial:1.6931471805599454
printing:2.09861228866811
windows:1.6931471805599454
getting:1.0
garbled:1.0
output:1.0
thru:1.0
works:1.0
etc:1.0
occurred:1.0
several:1.0
systems:1.0
goes:1.0
laserjet:1.0
4:1.0
used:1.0
suspect:1.0
need:1.0
handshaking:1.0
case:1.0
due:1.0
capacity:1.0
memory/speed:1.0
problem:1.6931471805599454
dos:1.0
obvious:1.0
tweaks:1.0
im:1.6931471805599454
missing:1.0
sure:1.0
thanks:1.0
reading:1.0
john:1.0
