downs:2.386294361119891
helios.nevada.edu:1.0
lamont:1.6931471805599454
subject:1.0
atm:2.09861228866811
good:1.6931471805599454
isnt:1.0
diff:1.0
whether:1.0
atmanager:1.0
turned:1.0
worth:1.0
run:1.0
especially:1.0
better:1.0
printer:1.0
technologies:1.0
tt:1.6931471805599454
fonts:2.6094379124341005
available:1.0
ps:1.6931471805599454
font:1.0
want:1.0
use:2.386294361119891
otherwise:1.0
waste:1.0
system:1.0
resources:1.0
need:1.0
service:1.0
bureau:1.0
theyre:1.0
set:1.0
type:2.09861228866811
1:2.09861228866811
ive:1.0
heard:1.0
pure:1.0
hearsay:1.0
results:1.0
outputting:1.0
using:1.0
high-quality:1.0
first:1.0
place:1.0
nevada.edu:1.0
