david:1.6931471805599454
fuess:1.6931471805599454
subject:1.0
windows:1.0
3.1:1.0
slower:1.0
using:1.0
dos:1.0
6:1.0
article:1.0
56720008:1.0
hplvec.lvld.hp.com:1.6931471805599454
calloway:2.09861228866811
frank:1.6931471805599454
writes:1.0
system:1.0
mine:1.0
either:1.0
dir:1.0
center:1.0
eecs:1.0
phone:1.0
510:1.6931471805599454
423-2436:1.0
fax:1.0
422-9343:1.0
lawrence:1.0
livermore:1.0
national:1.0
laboratory:1.0
