sra:1.6931471805599454
idx.com:1.6931471805599454
subject:1.0
help:1.0
w:1.0
greenleaf:1.6931471805599454
commlib:1.6931471805599454
4.0:1.6931471805599454
anyone:1.0
experience:1.0
new:1.0
cant:1.0
even:1.0
get:1.0
demo:1.0
winterm:1.0
run:1.0
4800:1.0
baud:1.0
without:1.0
dropping:1.0
characters:1.0
tnx:1.0
steve:1.6931471805599454
alpert:1.0
w1ggn:1.0
idx:1.0
systems:1.0
corp:1.0
boston:1.0
massachusetts:1.0
