ls116:1.6931471805599454
cunixa.cc.columbia.edu:1.6931471805599454
lei:1.6931471805599454
shao:1.6931471805599454
subject:1.0
truetype:2.6094379124341005
fonts:2.09861228866811
display:2.09861228866811
print:2.6094379124341005
article:1.0
1993apr17.134725.15882:1.0
mintaka.lcs.mit.edu:1.0
avinash:1.6931471805599454
silver.lcs.mit.edu:1.0
chopde:1.0
writes:1.0
installed:1.0
new:1.6931471805599454
font:2.9459101490553135
ms-windows:1.0
3.1:1.0
though:1.0
applications:1.0
correctly:2.6094379124341005
screen:2.6094379124341005
quite:1.0
fail:1.0
document:1.6931471805599454
laserjet:1.6931471805599454
4:1.0
non-postscript:1.0
printer:2.386294361119891
use:1.6931471805599454
coreldraw:1.6931471805599454
prints:1.6931471805599454
assume:2.09861228866811
knows:1.6931471805599454
downloaded:1.6931471805599454
windows:2.09861228866811
accessory:1.0
write:1.6931471805599454
square:1.0
boxes:1.0
place:1.0
characters:1.0
yet:1.0
looked:1.0
manuals:1.0
got:1.0
nowhere:1.0
make:1.6931471805599454
statement:1.0
exactly:1.0
see:1.0
automatically:1.0
appreciate:1.0
help:1.0
youre:1.0
using:1.0
driver:1.0
available:1.6931471805599454
cica:1.0
hp4-v108.zip:1.0
bring:1.0
setup:1.0
control:1.0
panel:1.0
click:1.0
options:1.0
button:1.0
brings:1.0
another:1.0
choices:1.0
change:1.0
graphics:1.6931471805599454
mode:1.0
hp-gl/2:1.0
raster:1.6931471805599454
check:1.0
box:1.0
choose:1.0
able:1.0
good:1.0
luck:1.0
