yaturner:1.6931471805599454
netcom.com:1.6931471805599454
darc:1.0
angel:1.0
subject:1.0
yowza:1.0
sloooowwww:1.0
printing:1.0
dos:1.0
also:1.0
simular:1.0
problem:1.0
nec:1.0
p7:1.0
went:1.0
away:1.0
turned:1.0
print:1.0
directly:1.0
parallel:1.0
port:1.0
option:1.0
printer:1.0
setup:1.0
apallette:1.0
mencsh:1.0
tract:1.0
und:1.0
gott:1.0
lacht:1.0
