joel:1.0
tekgen.bv.tek.com:1.0
joseph:1.0
look:1.0
subject:1.0
bar:1.6931471805599454
code:2.09861228866811
fonts:2.09861228866811
looking:1.0
especially:1.0
3:1.0
9:1.0
anybody:1.0
know:1.0
ftp:1.0
sites:1.0
bbs:1.0
download:1.0
types:1.0
please:1.0
email:1.0
info:1.0
thanks:1.0
