lei:1.6931471805599454
rtsg.mot.com:1.0
peter:1.0
p:1.0
subject:1.0
dos:1.6931471805599454
6:1.6931471805599454
vfintd.386:1.6931471805599454
windows:1.6931471805599454
sys.ini:1.0
anyone:1.0
know:1.0
device:1.0
used:1.0
3.1:1.0
386enh:1.0
section:1.0
device=c:1.0
dosvfintd.386:1.0
upgrading:1.0
several:1.0
machines:1.0
different:1.0
types:1.0
include:1.0
dont:1.0
ideas:1.0
pl:1.0
