jls:1.6931471805599454
antares:1.0
jon:1.6931471805599454
sweet:1.6931471805599454
subject:1.0
x:1.0
windows:1.6931471805599454
pc-xview:1.0
ncd:1.0
hcl-exceed:1.0
hummingbird:1.0
software:1.0
opinions:1.0
expressed:1.0
nobody:1.0
else:1.0
wants:1.0
antares.larc.nasa.gov:1.0
l:1.0
