gmills:1.0
chemical.watstar.uwaterloo.ca:1.0
phil:1.6931471805599454
trodwell:1.6931471805599454
subject:1.0
cica:1.0
mirror:1.6931471805599454
ftp.cica.indiana.edu:1.0
anyware:1.0
isnt:1.0
busy:1.0
thanks:1.0
space:1.0
id:1.0
happy:1.0
ram:1.0
goddam:1.0
440-volt:1.0
cattle:1.0
rent:1.0
prod:1.0
tub:1.0
right:1.0
cheap:1.0
radio:1.0
hunter:1.0
thompson:1.0
