ebosco:1.0
us.oracle.com:1.0
eric:1.6931471805599454
bosco:1.0
subject:1.0
windows:1.0
speaker:1.6931471805599454
sound:1.6931471805599454
driver:2.09861228866811
article:1.0
1993apr19.235430.6097:1.0
mnemosyne.cs.du.edu:1.6931471805599454
alee:1.0
alec:1.6931471805599454
lee:1.6931471805599454
writes:1.0
ftp:1.0
site:1.0
get:1.0
ms:1.0
theres:1.0
sound.exe:1.6931471805599454
file:2.09861228866811
claims:1.0
im:1.0
suspicious:1.0
since:1.0
drv:1.6931471805599454
thanks:1.0
actually:1.0
self:1.0
extracting:1.0
script:1.0
includes:1.0
works:1.0
great:1.0
