schwenk:2.386294361119891
fred.cis.udel.edu:1.0
peter:1.6931471805599454
subject:1.0
win3.1:1.0
use:1.6931471805599454
math:1.6931471805599454
co-processor:1.6931471805599454
pc:1.0
one:1.0
windows:1.0
3.1:1.0
im:1.0
talking:1.0
specific:1.0
apps:1.0
os:1.0
want:1.0
call:1.0
please:1.0
respond:1.0
email:1.0
cis.udel.edu:1.0
