kasajian:1.6931471805599454
netcom.com:1.0
kenneth:1.0
subject:1.0
use:2.09861228866811
mouse:2.09861228866811
non-windows:1.6931471805599454
applications:1.6931471805599454
ms-windows:1.6931471805599454
wnkretz:1.6931471805599454
ikesg1.energietechnik.uni-stuttgart.de:1.6931471805599454
oliver:1.6931471805599454
kretzschmar:1.0
writes:1.0
hey:1.0
could:1.0
somebody:1.0
tell:1.0
possible:1.0
work:1.0
application:1.0
runs:1.0
window:1.0
3.1:1.0
clipper:1.0
exists:1.0
routines:1.0
something:1.0
else:1.0
please:1.0
mail:1.0
informations:1.0
thanks:1.0
efforts:1.0
name:1.0
o.kretzschmar:1.0
inst.ike:1.0
university:1.0
stuttgart:1.6931471805599454
phone:1.0
49:1.6931471805599454
711:1.6931471805599454
685:1.6931471805599454
2130:1.0
pfaffenwaldring:1.0
31:1.0
fax:1.0
2010:1.0
7000:1.0
80:1.0
email:1.0
simple:1.0
mouse.com:1.0
mouse.sys:1.0
loaded:1.6931471805599454
dos:1.0
run:1.0
windows:1.6931471805599454
note:1.0
dont:1.0
need:1.0
files:1.0
