alee:1.6931471805599454
mnemosyne.cs.du.edu:1.0
alec:2.09861228866811
lee:2.09861228866811
subject:1.0
comm.drv:1.6931471805599454
replacement:1.6931471805599454
recent:1.0
post:1.0
bbs:1.0
could:1.0
download:1.0
win:1.0
3.x:1.0
fixed:1.0
lot:1.0
problems:1.0
high-speed:1.0
modems:1.0
anyone:1.0
know:1.0
ftp:1.0
site:1.0
get:1.0
thanks:1.0
aslee:1.0
diana.cair.du.edu:1.0
303:1.0
871-5744:1.0
cs.du.edu:1.0
sexy:1.6931471805599454
whats:1.0
wrong:1.0
nigel:1.0
tufnel:1.0
spinal:1.0
tap:1.0
