mjuric:1.6931471805599454
aisun1.ai.uga.edu:1.0
mark:1.6931471805599454
juric:1.6931471805599454
msai:1.0
subject:1.0
printer:1.0
security:1.0
a.i:1.0
programs:1.0
ai.uga.edu:1.0
university:1.0
georgia:1.6931471805599454
athens:1.0
30602:1.0
