mark:1.6931471805599454
woodruff:1.0
cda90038:1.0
ucf1vm.bitnet:1.0
subject:1.0
many:1.0
people:1.6931471805599454
one:1.0
machine:2.09861228866811
several:1.0
sharing:1.0
would:1.0
like:1.6931471805599454
set:1.0
separate:2.09861228866811
environments:1.0
windows:1.0
way:1.0
setting:1.0
things:1.0
desktops/directories:1.0
ideally:1.0
id:1.6931471805599454
totally:1.0
virtual:1.0
machines:1.0
willing:1.0
settle:1.0
less:1.0
may:1.0
end:1.0
batch:1.0
files:1.6931471805599454
copy:1.0
ini:1.0
around:1.0
depending:1.0
wants:1.0
use:1.0
alas:1.0
setup/n:1.0
doesnt:1.0
work:1.0
dont:1.0
network:1.0
