bca:1.0
ece.cmu.edu:1.0
brian:1.6931471805599454
c:1.0
anderson:1.6931471805599454
subject:1.0
trnasfering:1.0
binary:2.09861228866811
files:2.6094379124341005
terminal:2.09861228866811
unix:1.0
im:1.6931471805599454
attempting:1.0
transfer:2.09861228866811
home:2.09861228866811
computer:1.0
running:1.6931471805599454
windows:1.0
3.1:1.0
workstation:1.6931471805599454
school:2.386294361119891
file:1.6931471805599454
protocol:2.09861228866811
kermit:1.6931471805599454
setting:1.0
unable:1.0
upload:1.0
download:1.6931471805599454
displays:1.0
ther:1.0
retrying:1.0
message:1.6931471805599454
several:1.0
times:1.0
verify:1.0
youre:1.0
using:1.0
correct:1.0
anyone:1.0
ideas:1.0
fix:1.0
either:1.0
e-mail:1.0
post:1.0
group:1.0
thanks:1.0
advance:1.0
go:1.0
pens:1.0
make:1.0
14:1.0
row:1.0
