jamie:1.6931471805599454
zikzak.apana.org.au:1.0
scuglia:1.0
subject:1.0
workspace:2.09861228866811
manager:1.6931471805599454
win:1.0
3.1:1.6931471805599454
managers:1.0
windows:1.6931471805599454
mean:1.0
something:1.0
like:1.6931471805599454
hp:1.0
apollo:1.0
workstations:1.0
multiple:1.0
workspaces:2.09861228866811
x:1.0
window:1.0
bottom:1.0
screen:1.6931471805599454
allows:1.0
select:1.0
different:1.6931471805599454
overcomes:1.0
problem:1.0
stacks:1.0
open:1.0
one:1.0
instead:1.0
spread:1.0
amongst:1.0
act:1.0
independent:1.0
screens:1.0
flick:1.0
thanks:1.0
advance:1.0
