pmhudepo:1.0
cs.vu.nl:1.0
hudepohl:1.6931471805599454
pmj:1.0
subject:1.0
searching:1.6931471805599454
phonetic:2.09861228866811
font:2.09861228866811
weidlich:2.386294361119891
arb-phys.uni-dortmund.de:1.6931471805599454
writes:1.0
im:1.6931471805599454
truetype:1.0
windows:1.0
3.1:1.0
anybody:1.0
knows:1.0
one:1.6931471805599454
please:1.6931471805599454
mail:1.6931471805599454
thanks:1.6931471805599454
dw:1.0
dipl.-inform:1.0
dietmar:1.0
ifado:1.0
ardeystr:1.0
67:1.0
d-4600:1.0
dortmund:1.0
50:1.0
phone:1.0
49:1.6931471805599454
231:1.6931471805599454
1084-250:1.0
dr:1.0
b:1.0
koennten:1.0
sie:1.0
das:1.0
fax:1.0
1084-401:1.0
mal:1.0
eben:1.0
erledigen:1.0
yes:1.0
looking:1.0
know:1.0
advance:1.0
patrick:1.0
vu:1.0
amsterdam:1.0
netherlands:1.0
