hfeldman:1.6931471805599454
infoserv.com:1.6931471805599454
howard:2.09861228866811
mitchell:1.0
feldman:1.6931471805599454
subject:1.0
need:1.0
longer:1.6931471805599454
filenames:1.6931471805599454
1993apr19.211044.28763:1.0
guinness.idbsu.edu:1.0
lhighley:1.0
gozer.idbsu.edu:1.0
larry:1.0
paul:1.0
highley:1.0
wrote:1.0
utility:1.0
let:1.0
use:1.0
standard:1.0
8.3:1.0
format:1.0
please:1.6931471805599454
email:1.0
e-mail:1.0
thanks:1.0
minds:1.0
eye:1.0
inc:1.0
