cac2g:1.0
virginia.edu:1.0
wing:1.0
commander:1.0
subject:1.0
cool:1.0
bmp:1.6931471805599454
files:1.0
anybody:1.6931471805599454
gotten:1.0
work:1.0
try:1.0
uudecode:1.0
get:1.0
input:1.0
file:1.0
error:1.0
picture:1.0
casey:1.0
