mb4008:1.6931471805599454
ehibm6.cen.uiuc.edu:1.0
morgan:1.6931471805599454
j:1.0
bullard:1.6931471805599454
subject:1.0
hard:2.09861228866811
drive:2.09861228866811
compression:2.09861228866811
ie:1.0
stacker.superstor:1.0
etc:1.0
wondering:1.0
one:2.09861228866811
knew:1.0
various:1.0
utilities:1.0
work:1.0
getting:1.0
full:1.0
dont:1.0
want:1.0
buy:1.0
new:1.0
im:1.0
intrested:1.0
speed:1.0
ease:1.0
use:1.6931471805599454
amount:1.0
aspect:1.0
think:1.0
might:1.0
important:1.0
ive:1.0
never:1.0
things:1.0
thanks:1.0
coewl.cen.uiuc.edu:1.0
mjbb:1.0
uxa.cso.uiuc.edu:1.0
