jfb:1.0
cci632.cci.com:1.0
john:1.6931471805599454
bruno:1.6931471805599454
subject:1.0
ms-windows:1.6931471805599454
access:1.6931471805599454
blind:1.6931471805599454
developing:1.0
based:1.0
product:1.6931471805599454
uses:1.0
full:1.0
screen:1.0
window:1.0
display:1.0
24:1.0
rows:1.0
textual:1.0
data:1.6931471805599454
microsoft:1.0
windows:1.0
enable:1.0
individuals:1.0
efficiently:1.0
quickly:1.0
please:1.0
email:1.0
responses:1.0
post:1.0
summary:1.0
group:1.0
thanks:1.0
help:1.0
