subject:1.0
postscript:1.6931471805599454
file:1.6931471805599454
viewer:1.0
bmartin:1.0
bbs.ug.eds.com:1.0
co-worker:1.0
mine:1.0
needs:1.0
convert:1.0
form:1.0
readable:1.0
ie:1.0
ascii:1.0
windows:1.0
dos:1.0
anybody:1.0
know:1.0
utility:1.6931471805599454
vague:1.0
memory:1.0
shareware:1.0
someone:1.0
mentioned:1.0
thanks:1.0
info:1.0
barry:1.0
