jeremi:1.0
ee.ualberta.ca:1.0
william:1.0
jeremiah:1.0
subject:1.0
looking:1.6931471805599454
printer:1.6931471805599454
driver:1.6931471805599454
im:1.0
c.itoh:1.0
windows:1.0
3.1:1.0
anybody:1.0
happen:1.0
know:1.0
could:1.0
find:1.0
beast:1.0
thanks:1.0
advance:1.0
jerry:1.0
look:1.0
signature:1.0
