jeremi:1.6931471805599454
ee.ualberta.ca:1.6931471805599454
william:1.6931471805599454
jeremiah:1.6931471805599454
subject:1.0
looking:1.6931471805599454
printer:2.386294361119891
driver:2.09861228866811
writes:1.0
im:1.0
c.itoh:1.6931471805599454
windows:1.0
3.1:1.0
anybody:1.0
happen:1.0
know:1.0
could:1.0
find:1.0
beast:1.0
uh:1.0
slight:1.0
clarification:1.0
lips10:1.0
laser:1.0
thanks:1.6931471805599454
advance:1.0
jerry:1.0
look:1.0
signature:1.0
