sharp:1.6931471805599454
mizar.usc.edu:1.0
malcolm:1.6931471805599454
subject:1.0
trumpet:1.6931471805599454
windows:1.0
news:1.0
readers:1.0
wheres:1.0
ftp:1.0
site:1.0
wuarchive:1.0
umich:1.0
something:1.0
beaten:1.0
path:1.0
thanks:1.0
