gay:2.386294361119891
venice.sedd.trw.com:1.6931471805599454
lance:1.6931471805599454
subject:1.0
environment:2.9459101490553135
space:2.386294361119891
running:2.09861228866811
bat:2.791759469228055
files:1.0
windows:2.09861228866811
file:2.791759469228055
run:1.6931471805599454
icon:1.6931471805599454
set:1.6931471805599454
pif:1.6931471805599454
exclusive:1.0
mode:1.6931471805599454
use:1.0
entire:1.0
screen:1.0
first:1.0
line:1.0
sets:1.0
variable:1.6931471805599454
problem:1.6931471805599454
machines:1.6931471805599454
ms-dos:1.6931471805599454
5.0:1.0
3.1:1.0
enhanced:1.0
command:1.6931471805599454
fails:1.6931471805599454
error:1.0
raised:1.0
amount:1.0
2048:1.0
bytes:1.0
using:1.0
shell:1.6931471805599454
config.sys:1.0
know:1.0
nowhere:1.0
near:1.0
click:1.0
create:1.0
bunch:1.0
varibles:1.0
dos:1.0
setting:1.0
value:1.0
anyone:1.0
seen:1.0
behavior:1.0
see:1.0
place:1.0
fail:1.0
configure:1.0
j:1.0
internet:1.0
trw:1.0
systems:1.0
engineering:1.0
development:1.0
div:1.0
phone:1.0
310-764-3988:1.0
carson:1.0
ca:1.0
90746:1.0
