dave:1.6931471805599454
angmar.llnl.gov:1.0
fuess:1.6931471805599454
subject:1.0
winqvt/net:1.6931471805599454
v3.4:1.0
earlier:1.0
article:1.0
newsgroup:1.0
made:1.0
reference:1.0
version:1.0
3.4:1.0
realy:1.0
tried:1.0
archie:1.0
luck:1.0
probably:1.0
typo:1.0
sure:1.0
would:1.0
like:1.0
get:1.0
one:1.0
real:1.0
printer:1.0
problem:1.0
winqvt:1.0
david:1.0
dir:1.0
center:1.0
eecs:1.0
phone:1.0
510:1.6931471805599454
423-2436:1.0
fax:1.0
422-9343:1.0
