claebaur:2.09861228866811
shell.portal.com:1.6931471805599454
tony:1.6931471805599454
annese:1.6931471805599454
subject:1.0
utility:1.0
updating:1.0
win.ini:1.0
system.ini:1.0
article:1.0
1993apr20.130933.26571:1.0
lut.ac.uk:1.6931471805599454
a.d.bailey:1.0
adrian:1.0
d.bailey:1.0
writes:1.0
windows:1.6931471805599454
3.0:1.0
built-in:1.0
called:1.0
sysedit.exe:1.0
need:1.0
3.1:1.0
dont:1.0
know:1.0
cup.portal.com:1.0
