gtonwu:1.6931471805599454
uz.nthu.edu.tw:1.6931471805599454
tony:2.09861228866811
g:1.6931471805599454
wu:1.6931471805599454
subject:1.0
possible:2.09861228866811
hello:1.0
know:1.0
minimize:1.0
program:1.0
manager:1.0
starting:1.0
application:1.6931471805599454
restore:1.0
ended:1.0
please:1.0
tell:1.0
forever:1.0
23:1.0
michael:1.0
jordan:1.0
cae/rheology:1.0
lab:1.0
nthu:1.0
che.nthu.edu.tw:1.0
