subject:1.0
bungee:1.6931471805599454
dark:2.09861228866811
module:1.6931471805599454
uploaded:1.6931471805599454
ajbennett:1.6931471805599454
miavx1.acs.muohio.edu:1.6931471805599454
andrew:2.09861228866811
bennett:1.6931471805599454
hey:1.0
folks:1.0
moments:1.0
ago:1.6931471805599454
jumper:1.0
widely:1.0
talked:1.0
time:1.0
ftp.cica.indiana.edu:1.0
pub/pc/win3/uploads:1.0
titled:1.0
simply:1.0
bungee.zip:1.0
sure:1.0
set:1.0
ftp:1.0
connection:1.0
binary:1.0
mode:1.0
downloading:1.0
shareware/freeware:1.0
modules:1.0
please:1.0
upload:1.0
merrier:1.0
planet:1.0
