sam4628:1.0
chensun2m.tamu.edu:1.0
arglebargle:1.0
iv:1.0
subject:1.0
use:2.09861228866811
mouse:2.791759469228055
non-windows:1.6931471805599454
article:1.0
5iq:1.0
netcom.com:1.6931471805599454
kasajian:1.6931471805599454
kenneth:1.0
writes:1.6931471805599454
wnkretz:1.6931471805599454
ikesg1.energietechnik.uni-stuttgart.de:1.6931471805599454
oliver:1.6931471805599454
kretzschmar:1.0
hey:1.0
could:1.6931471805599454
somebody:1.0
tell:1.0
possible:1.0
work:1.6931471805599454
application:1.0
runs:1.0
window:1.6931471805599454
ms-windows:1.0
3.1:1.6931471805599454
clipper:1.0
applications:1.0
exists:1.0
routines:1.0
something:1.0
else:1.0
please:1.0
mail:1.0
informations:1.0
thanks:1.0
efforts:1.0
name:1.0
o.kretzschmar:1.0
inst.ike:1.0
university:1.0
stuttgart:1.6931471805599454
phone:1.0
49:1.6931471805599454
711:1.6931471805599454
685:1.6931471805599454
2130:1.0
pfaffenwaldring:1.0
31:1.0
fax:1.0
2010:1.0
7000:1.0
80:1.0
email:1.0
simple:1.6931471805599454
mouse.com:1.0
mouse.sys:1.0
loaded:1.6931471805599454
dos:1.6931471805599454
run:1.0
windows:2.09861228866811
note:1.0
dont:1.0
need:1.6931471805599454
files:1.0
video:1.0
driver:1.6931471805599454
completely:1.6931471805599454
compatible:1.6931471805599454
well:1.0
quite:1.0
never:1.0
get:1.0
logitech:1.0
100:1.0
old:1.0
paradise:1.0
card:1.0
diamond:1.0
ss24x:1.0
6.2:1.0
drivers:1.0
everything:1.0
works:1.0
perfectly:1.0
steven:1.0
