marshalk:1.6931471805599454
mercury.berkeley.edu:1.0
kevin:1.6931471805599454
marshall:1.6931471805599454
subject:1.0
grey:1.0
scale:1.0
windows:1.0
operational:1.0
support:1.0
motorola:1.0
ecid:1.0
swindon:1.0
uk:1.0
e-mail:1.0
zeus:1.0
phone:1.0
44:1.0
793:1.0
545127:1.6931471805599454
international:1.0
0793:1.0
domestic:1.0
