jamie:1.6931471805599454
zikzak.apana.org.au:1.0
scuglia:1.0
subject:1.0
workspace:3.70805020110221
managers:2.791759469228055
win:1.0
3.1:1.6931471805599454
small:2.386294361119891
review:1.0
thanks:1.0
people:1.0
recommended:1.0
windows:2.6094379124341005
found:2.09861228866811
3:1.6931471805599454
shareware:1.0
australias:1.0
ms-windows:1.0
archive:1.0
monu6.cc.monash.edu.au:1.0
mirrors:1.0
sites:1.0
u.s:1.0
three:1.0
1:1.0
workspaces:2.791759469228055
1.10:2.386294361119891
wspace.zip:1.0
smallest:1.0
simplest:1.0
easy:1.0
use:1.6931471805599454
displays:1.0
window:2.791759469228055
containing:1.6931471805599454
6:1.0
buttons:2.09861228866811
plus:1.0
extra:1.0
button:2.09861228866811
configuration:1.0
purposes:1.0
one:2.386294361119891
annoying:1.0
feature:1.6931471805599454
title:1.0
first:2.09861228866811
presented:1.0
run:2.09861228866811
must:1.0
press:1.6931471805599454
key:1.0
mouse:1.6931471805599454
thing:1.0
go:1.0
away:1.0
also:2.09861228866811
would:1.0
nice:1.6931471805599454
always:1.0
top:1.0
setting:1.0
little:1.0
maybe:1.0
user-specified:1.0
strings:1.0
instead:1.6931471805599454
numbers:1.0
six:1.0
might:1.0
simplicity:1.0
ease:1.0
manager:2.791759469228055
makes:1.0
attractive:1.0
package:1.6931471805599454
2:1.0
workshift:2.09861228866811
1.6:2.09861228866811
wrksft16.zip:1.0
offered:1.0
features:1.0
lacked:1.0
quite:2.6094379124341005
time:1.0
consuming:1.0
set:1.0
things:1.0
initially:1.0
empty:1.0
need:1.0
take:1.0
snapshots:1.0
want:1.6931471805599454
look:1.0
like:1.6931471805599454
i.e:1.0
applications:2.386294361119891
contain:1.0
main:1.0
large:1.6931471805599454
allow:1.0
view:1.6931471805599454
facility:1.0
viewing:2.386294361119891
without:1.0
switching:1.0
provides:2.6094379124341005
functionality:1.0
useful:1.0
bigdesk:2.386294361119891
2.30:1.6931471805599454
backmenu:1.6931471805599454
backdesk.zip:1.6931471805599454
interesting:1.0
contains:1.0
goodies:1.6931471805599454
well:1.0
include:1.0
pop-up:1.0
root:1.0
menu:1.6931471805599454
certain:1.6931471805599454
x-windows:1.0
totally:1.0
configurable:1.6931471805599454
offering:1.0
unlimited:1.0
depth:1.0
cascading:1.0
menus:1.0
handy:1.0
access:1.0
could:1.0
say:1.0
menu-based:1.0
alternative:1.0
program:1.6931471805599454
bundled:1.0
called:1.6931471805599454
wrun:1.0
allows:1.6931471805599454
dos:1.0
shell:1.0
using:1.0
file:1.0
actual:1.6931471805599454
works:1.0
differently:1.0
two:1.6931471805599454
doesnt:1.0
provide:1.0
number:1.0
disjoint:1.0
separate:1.0
fact:1.0
basically:1.6931471805599454
enlarges:1.0
desktop:2.09861228866811
amount:1.0
choose:1.0
region:1.0
screen:1.6931471805599454
focus:1.0
means:1.0
overlapping:1.0
different:1.0
regions:1.0
unlike:1.0
isolated:1.0
control:1.6931471805599454
move:1.0
around:1.0
enlarged:1.0
scale:1.6931471805599454
area:1.0
computer:1.0
blow-up:1.0
particular:1.0
section:1.0
try:1.0
impressed:1.0
find:1.0
suits:1.0
needs:1.0
best:1.0
