joseph:1.0
barrus:2.09861228866811
subject:1.0
utility:2.09861228866811
expand:1.0
dos:1.0
file:2.386294361119891
descriptions:1.6931471805599454
directory:1.6931471805599454
listing:1.6931471805599454
looking:1.0
windows:1.0
would:2.09861228866811
give:1.0
files:1.0
also:1.0
display:1.0
description:1.0
allow:1.0
enter:1.0
edit:1.0
hopefully:1.0
length:1.0
maybe:1.0
small:1.0
window:1.0
scroll:1.0
bar:1.0
able:1.6931471805599454
browse:1.0
directories:1.0
see:1.0
without:1.0
open:1.0
execute:1.0
beast:1.0
anyone:1.0
want:1.0
write:1.0
one:1.0
joe:1.0
nosc.mil:1.0
