subject:1.0
sigma:1.6931471805599454
designs:1.6931471805599454
video/sound:1.6931471805599454
card:1.6931471805599454
srini:1.6931471805599454
shannon.tisl.ukans.edu:1.0
seetharam:1.0
anyone:1.0
use:1.0
model:1.6931471805599454
called:1.0
win-storm-pc:1.0
also:1.0
one:1.0
legend-24lx:1.0
info:1.0
like:1.0
performance:1.0
compatibility:1.0
even:1.0
problems:1.0
encountered:1.0
appreciated:1.0
thanks:1.0
srini.w.seetharam:1.0
