lisbon:1.6931471805599454
vpnet.chi.il.us:1.6931471805599454
gerry:1.6931471805599454
swetsky:1.6931471805599454
subject:1.0
program:2.09861228866811
manager:1.6931471805599454
two:1.0
questions:1.0
1:1.0
possible:1.0
change:1.0
icons:1.0
groups:1.0
id:1.6931471805599454
like:1.0
give:1.0
individuality:1.0
2:1.0
set:1.6931471805599454
short-cut:1.0
key:1.0
return:1.0
know:1.0
ctl:1.0
esc:1.6931471805599454
rather:1.0
avoid:1.0
task:1.0
list:1.0
get:1.0
back:1.0
p/m:1.0
alt:1.0
f1:1.0
help:1.6931471805599454
welcomed:1.0
stamp:1.0
stupid:1.0
signature:1.0
files:1.0
wb9ebo:1.0
vpnet:1.6931471805599454
public:1.0
access:1.0
unix:1.0
usenet:1.0
home:1.0
708:1.6931471805599454
833-8122:1.0
833-8126:1.0
