bjcon:1.0
cs.mcgill.ca:1.0
brendan:1.0
newman:1.0
subject:1.0
trident:1.6931471805599454
vga:1.0
drivers:1.6931471805599454
hi:1.0
tvga-8900:1.0
video:1.0
card:1.0
need:1.0
updated:1.0
win3.1:1.0
get:1.0
ftp:1.0
site:1.0
thanks:1.0
bj:1.0
