mrw54660:1.0
eng-nxt01.cso.uiuc.edu:1.0
michael:1.0
r:1.0
whitchurch:1.0
subject:1.0
file:1.6931471805599454
manager:1.6931471805599454
problem:1.0
whenever:1.0
start:1.0
status:1.0
bar:1.6931471805599454
displayed:1.0
even:1.0
though:1.0
selected:1.0
options:1.0
menu:1.0
deselect:1.0
select:1.0
appears:1.0
anyone:1.0
ideas:1.0
happening:1.0
thanks:1.0
mike:1.0
