er:1.0
cs.cmu.edu:1.0
ekkehard:1.6931471805599454
rohwedder:1.0
subject:1.0
help:1.0
disappearing:1.0
groups:1.0
article:1.0
1r8anlinn60g:1.0
skeena.ucs.ubc.ca:1.0
ewoo:1.0
unixg.ubc.ca:1.0
emile:1.0
woo:1.0
writes:1.0
program:1.6931471805599454
manager:1.6931471805599454
seems:1.0
everytime:1.0
install:1.0
something:1.0
new:2.09861228866811
makes:1.0
group:1.0
promptly:1.0
disappears:1.0
turn:1.0
windows:2.09861228866811
1:1.0
check:1.0
grp:1.0
file:1.0
actually:1.0
created:1.0
directory:1.0
2:1.0
turning:1.0
computer:1.0
running:1.0
rather:1.0
closing:1.0
