iis:1.0
netcom.com:1.0
international:1.6931471805599454
imaging:1.6931471805599454
syste:1.0
subject:1.0
list:1.6931471805599454
favorite:1.6931471805599454
windows:2.09861228866811
goodies:1.0
anyone:1.0
maintaining:1.0
shareware:1.0
public:1.0
domain:1.0
software:1.0
several:1.0
lists:1.0
msdos:1.0
really:1.0
light:1.0
stuff:1.0
david:1.0
arnstein:1.6931471805599454
systems:1.0
iis.sun.com:1.0
