jason:2.09861228866811
sigma.demon.co.uk:1.0
manger:1.0
subject:1.0
hhy:1.0
wont:1.0
dos:1.6931471805599454
apps:2.09861228866811
run:1.6931471805599454
window:1.6931471805599454
somebody:1.0
help:1.0
purchased:1.0
win:1.0
3.1:1.0
cant:1.0
get:1.6931471805599454
text:1.0
mode:1.0
ive:1.0
tried:1.0
mucking:1.0
around:1.0
pif:1.0
settings:1.0
etc:1.0
avail:1.0
wrong:1.0
didnt:1.0
problem:1.0
v3.0:1.0
thanks:1.0
advance:1.0
