herrod:2.09861228866811
xenon.stanford.edu:1.0
stephen:1.0
subject:1.0
mewin:1.0
latex:1.6931471805599454
help:2.386294361119891
posted:1.0
apps:1.0
group:1.0
didnt:1.0
get:1.0
response:1.0
ill:1.0
try:1.0
trying:1.0
use:1.0
feature:1.0
available:1.0
emacs:1.0
windows:1.6931471805599454
read:1.0
need:1.0
separate:1.0
latexhlp.zip:1.0
file:1.6931471805599454
along:1.0
vms2hlp.zip:1.0
convert:1.0
anyone:1.0
found:1.0
files:1.0
gotten:1.0
command:1.0
work:1.0
thanks:1.0
steve:1.0
