rbarclay:1.6931471805599454
trentu.ca:1.6931471805599454
ross:2.09861228866811
barclay:2.09861228866811
subject:1.0
twain:1.6931471805599454
drivers:2.09861228866811
logitech:1.6931471805599454
scanman:2.386294361119891
hi:1.0
wondering:1.0
anyone:1.0
knew:1.0
whether:1.0
windows:1.0
net:1.0
somewhere:1.0
model:1.0
one:1.0
256:1.0
thanks:1.0
advance:1.0
peterborough:1.0
ontario:1.0
