subject:1.0
ms:1.0
windows:1.0
sound:1.6931471805599454
system:1.0
text:1.6931471805599454
speach:1.6931471805599454
hadam:1.6931471805599454
bcsc02.gov.bc.ca:1.6931471805599454
hi:1.0
news:1.0
group:1.0
users:1.0
anyone:1.0
know:1.0
whether:1.0
software:1.0
let:1.0
one:1.0
like:1.0
blaster:1.0
hal:1.0
adam:1.0
