jr0930:2.09861228866811
eve.albany.edu:1.6931471805599454
diamond:1.0
subject:1.0
simple:1.0
windows:2.09861228866811
question:1.6931471805599454
ok:1.0
heres:1.0
nice:1.0
easy:1.0
running:1.6931471805599454
dos:1.6931471805599454
5.0:1.0
3.0:1.0
lose:1.0
ability:1.0
print-screen:1.0
problem:1.0
im:1.6931471805599454
relavant:1.0
using:1.0
quarterdeck:1.0
6.0:1.0
expanded:1.0
memory:1.0
manager:1.0
386:1.0
please:1.0
e-mail:1.0
responses:1.0
since:1.0
dont:1.0
get:1.0
read:1.0
news:1.0
often:1.0
thanks:1.0
advance:1.0
albnyvms.bitnet:1.0
go:1.6931471805599454
heavy:1.0
home:1.0
