wimvh:2.09861228866811
liris.tew.kuleuven.ac.be:2.386294361119891
wim:2.09861228866811
van:2.09861228866811
holder:2.09861228866811
subject:1.0
winqvtnet:1.0
ndis:2.09861228866811
token:1.6931471805599454
ring:1.6931471805599454
article:1.6931471805599454
1993apr21.210954.40516:1.0
datamark.co.nz:2.09861228866811
thomas:2.386294361119891
writes:1.6931471805599454
1993apr21.082152:1.0
possible:1.0
use:1.0
winqvt/net:1.0
machine:1.0
uses:1.0
connect:1.0
tried:1.6931471805599454
older:1.0
versions:1.0
3.2:1.0
got:1.0
invalid:1.0
packet:1.6931471805599454
class:1.0
error:1.0
something:1.0
like:1.0
attempting:1.0
using:1.0
dis_pkt9:1.0
program:1.0
provides:1.0
driver:1.6931471805599454
top:1.0
people:1.0
told:1.0
even:1.0
used:1.0
dispkt:1.0
packets:1.0
would:1.0
still:1.0
incompatible:1.0
true:1.0
beagle:1.0
work:1.6931471805599454
64:1.6931471805599454
4:1.6931471805599454
233:1.0
8186:1.0
technical:1.0
writer:1.0
cavebbs.welly.gen.nz:1.0
home:1.0
499:1.0
3832:1.0
wellington:1.0
nz:1.0
hound:1.0
hire:1.0
dog:1.0
biscuits:1.0
katholieke:1.0
universiteit:1.0
leuven:1.6931471805599454
tel:1.0
32:1.6931471805599454
0:1.6931471805599454
16/28.57.16:1.0
departement:1.0
t.e.w:1.0
fax:1.0
16/28.57.99:1.0
dekenstraat:1.0
2:1.0
b-3000:1.0
e-mail:1.0
belgium:1.0
fdbaq03:1.0
cc1.kuleuven.ac.be:1.0
