subject:1.0
eps:1.6931471805599454
display:1.6931471805599454
software:1.6931471805599454
hadam:1.6931471805599454
bcsc02.gov.bc.ca:1.6931471805599454
one:1.6931471805599454
know:1.0
shareware/freeware:1.0
lets:1.0
files:1.0
pc:1.0
dos:1.0
and/or:1.0
windows:1.0
reply:1.0
would:1.0
much:1.0
appreciated:1.0
thanks:1.0
hal:1.0
adam:1.0
