jls:2.09861228866811
atglab.atg.com:1.0
jerome:1.6931471805599454
schneider:1.6931471805599454
subject:1.0
environment:3.0794415416798357
space:2.386294361119891
running:2.09861228866811
bat:2.6094379124341005
files:1.0
windows:2.9459101490553135
file:3.0794415416798357
run:2.09861228866811
icon:1.0
set:2.09861228866811
pif:2.09861228866811
exclusive:1.0
mode:1.6931471805599454
use:1.6931471805599454
entire:1.0
screen:1.0
first:1.0
line:1.6931471805599454
sets:1.6931471805599454
variable:1.0
problem:1.0
machines:1.0
ms-dos:1.0
5.0:1.0
3.1:1.0
enhanced:1.0
command:2.09861228866811
fails:1.0
error:1.0
raised:1.0
amount:1.0
2048:1.0
bytes:1.6931471805599454
using:1.0
shell:2.09861228866811
config.sys:2.09861228866811
know:1.0
nowhere:1.0
near:1.0
resource:1.0
toolkit:1.0
win4workgroups:1.0
add:1.0
entry:1.6931471805599454
system.ini:1.6931471805599454
nonwindowsapp:1.0
section:1.0
commandenvsize=nnnn:1.0
command.com:1.6931471805599454
env:1.6931471805599454
size:2.09861228866811
nnnn:1.0
must:1.6931471805599454
either:1.0
0:2.386294361119891
160:1.6931471805599454
32768:1.6931471805599454
value:2.6094379124341005
disables:1.0
setting:2.386294361119891
small:1.0
big:1.6931471805599454
rounded:1.0
less:1.0
current:1.0
actual:1.0
disabled:1.0
specify:1.0
overrides:1.0
default:2.09861228866811
msdos:1.0
versions:1.0
earlier:1.0
3.2:1.0
otherwise:1.0
e:1.6931471805599454
option:1.0
edit:1.0
reboot:1.0
used:1.0
well:1.0
relied:1.0
give:1.0
larger:1.0
environments:1.0
dont:1.0
one:1.0
passed:1.0
new:1.0
dos:1.6931471805599454
box:1.6931471805599454
little:1.0
bit:1.0
bigger:1.0
variables:1.0
present:1.0
started:1.0
matter:1.0
starts:1.0
truncates:1.0
unused:1.0
except:1.0
allow:1.0
batch:1.0
mileage:1.0
may:1.0
vary:1.0
jerry:1.0
domain:1.0
atg.com:1.0
aspen:1.0
technology:1.0
group:1.0
uucp:1.0
uunet:1.0
csn:1.0
atglab:1.0
po:1.0
673:1.0
ft:1.0
collins:1.0
co:1.0
80522:1.0
voice:1.0
303:1.0
484-1488:1.0
