peter:2.386294361119891
psychnet.psychol.utas.edu.au:1.6931471805599454
r:1.0
tattam:1.0
subject:1.0
beta:1.0
testers:1.0
required:1.0
winsock:1.0
version:1.0
windows:1.0
trumpet:1.0
contact:1.0
details:1.0
p.tattam:1.0
international:1.0
phone:1.6931471805599454
61-02-202346:1.0
programmer:1.0
psychology:1.0
department:1.0
australia:1.6931471805599454
002-202346:1.0
university:1.0
tasmania:1.6931471805599454
hobart:1.0
