azmi:1.6931471805599454
hashim:1.0
axh113:1.6931471805599454
psuvm.psu.edu:1.6931471805599454
subject:1.0
trident:1.6931471805599454
vga:1.0
drivers:1.6931471805599454
article:1.0
c5y66r.fgp:1.0
cs.mcgill.ca:1.6931471805599454
bjcon:1.0
brendan:1.0
newman:1.0
says:1.0
hi:1.0
tvga-8900:1.0
video:1.0
card:1.6931471805599454
need:1.0
updated:1.6931471805599454
win3.1:1.0
get:1.0
ftp:1.0
site:1.0
tvga-8900c:1.0
checked:1.0
latest:1.0
driver:1.0
windows:1.0
3.1:1.0
dated:1.0
aug:1.0
92:1.0
garbo.uwasa.fi:1.0
win31/drivers/video:1.0
find:1.0
better:1.0
version:1.0
please:1.0
let:1.0
know:1.0
thanks:1.0
