terryh:1.6931471805599454
cae.wisc.edu:1.6931471805599454
terry:1.6931471805599454
henning:1.0
subject:1.0
help:1.6931471805599454
windows:1.6931471805599454
drum:2.6094379124341005
machine:1.0
hello:1.0
im:1.6931471805599454
trying:1.6931471805599454
get:1.0
program:2.09861228866811
work:1.6931471805599454
downloaded:1.0
ftp.cica.indiana.edu:1.0
pub/pc/win3/sounds:1.0
directory:1.0
called:1.0
drum.zip:1.0
ati:1.0
stereo:1.0
fx:1.0
card:1.0
latest:1.0
drivers:1.6931471805599454
installed:2.09861228866811
try:1.6931471805599454
run:1.0
reports:1.6931471805599454
midi:1.6931471805599454
device:1.6931471805599454
however:1.0
utility:1.0
control:1.0
panel:1.0
anyone:1.0
idea:1.0
set:1.0
setup:1.0
use:1.0
computer:1.0
metronome:1.0
someone:1.0
suggested:1.0
one:1.0
machines:1.0
circulating:1.0
around:1.0
would:1.0
appreciated:1.0
thanks:1.0
