u7911093:1.6931471805599454
cc.nctu.edu.tw:1.6931471805599454
swh:1.0
subject:1.0
redirect:1.6931471805599454
print:1.6931471805599454
manager:1.0
file:1.6931471805599454
hello:1.0
tell:1.0
find:1.0
pd:1.0
shareware:1.0
capture:1.6931471805599454
windows:1.6931471805599454
3.1s:1.0
output:1.6931471805599454
printer:1.0
mananger:1.0
want:1.0
hp:1.6931471805599454
laser:1.0
jet:1.0
iii:1.0
though:1.0
postscript:1.0
setup:1.0
cant:1.6931471805599454
try:1.0
doss:1.0
program:1.0
work:1.0
3.1:1.0
thankx:1.0
help:1.0
internet:1.0
address:1.0
english:1.0
name:1.6931471805599454
erik:1.0
wang:1.6931471805599454
chinese:1.0
jyh-shyang:1.0
national:1.0
chiao-tung:1.0
university:1.0
taiwan:1.0
r.o.c:1.0
