rnichols:1.6931471805599454
cbnewsg.cb.att.com:1.0
robert.k.nichols:1.0
subject:1.0
simple:1.0
windows:2.386294361119891
question:1.0
article:1.0
1993apr23.214110.15315:1.0
sarah.albany.edu:1.0
jr0930:1.0
eve.albany.edu:1.0
diamond:1.0
writes:1.0
running:1.6931471805599454
dos:1.6931471805599454
5.0:1.0
3.0:1.0
lose:1.0
ability:1.0
print-screen:1.0
problem:1.0
im:1.0
open:1.0
pif:1.6931471805599454
file:1.0
editor:1.0
click:1.0
advanced:1.0
button:1.0
reserve:1.0
prtsc:1.0
key:1.0
application:1.6931471805599454
keys:1.0
select:1.0
section:1.0
passed:1.0
along:1.0
rather:1.0
processed:1.0
bob:1.0
nichols:1.0
bell:1.0
laboratories:1.0
ihlpm.ih.att.com:1.0
