brad:2.791759469228055
ravel.udel.edu:1.0
cain:2.6094379124341005
subject:1.0
changing:1.0
system:2.386294361119891
fonts:2.386294361119891
would:1.0
like:1.0
change:2.09861228866811
windows:1.0
program:1.0
generate:1.0
truetype:1.0
wondering:1.0
problem:1.0
help:1.0
set:1.0
also:1.0
icon:1.6931471805599454
text:1.6931471805599454
color:1.0
black:1.0
want:1.0
couldnt:1.0
find:1.0
options:1.0
control:1.0
panel:1.0
win.ini:1.0
bach.udel.edu:1.6931471805599454
n3naf:1.0
snow-white.ee.udel.edu:1.0
university:1.0
delaware:1.0
electrical:1.0
engineering:1.0
freezer.cns.udel.edu:1.0
blah:2.09861228866811
alt.blah:1.0
