mlin:1.6931471805599454
pdx222.nosubdomain.nodomain:1.0
ming:1.6931471805599454
lin:1.6931471805599454
subject:1.6931471805599454
word:2.09861228866811
byte:2.09861228866811
moved:1.0
borland:1.0
c:2.386294361119891
3.0:1.0
visual:1.0
today:1.0
tried:1.0
compile:1.0
program:1.0
complained:1.0
function:1.0
prototype:1.0
problem:1.0
turned:1.0
typedef:1.0
ms:1.0
unsigned:1.0
int:1.0
could:1.0
anyone:1.0
shine:1.0
light:1.0
ichips.intel.com:1.0
503:1.0
696-4806:1.0
