ytkim:1.0
ucsvax.ucs.umass.edu:1.0
yong:1.0
kim:1.0
subject:1.0
winnls.dll:1.6931471805599454
tried:1.0
install:1.0
foreign:1.0
language:1.0
windows:1.6931471805599454
application:1.0
required:1.0
file:2.09861228866811
named:1.0
checked:1.0
3.1:1.0
installation:1.0
disks:1.0
could:1.6931471805599454
find:1.0
anybody:1.0
idea:1.0
one:1.0
get:1.0
