ob00:1.0
ns1.cc.lehigh.edu:1.0
olcay:1.0
boz:1.0
subject:1.0
canon:1.6931471805599454
buble:1.0
jet:1.0
printer:1.0
hi:1.0
somebody:1.0
tell:1.0
much:1.0
bj200:1.0
buy:1.0
cheapest:1.0
price:1.0
thanks:1.0
advance:1.0
0:2.09861228866811
