vestman:2.09861228866811
cs.umu.se:1.0
peter:1.6931471805599454
subject:1.0
768x1024:2.09861228866811
trident:1.6931471805599454
driver:1.6931471805599454
wanted:1.0
windows:1.6931471805599454
anywere:1.0
mode:1.0
supported:1.0
drivers:1.0
fo:1.0
os/2:1.0
able:1.0
find:1.0
means:1.0
768:1.0
wide:1.0
1024:1.0
high:1.0
opposed:1.0
1024x768:1.0
help:1.0
appreciated:1.0
dep:1.0
computing:1.0
science:1.0
university:1.0
umea:1.0
sweden:1.0
