subject:1.0
need:1.0
longer:1.6931471805599454
filenames:1.6931471805599454
maystonr:1.0
grace.cri.nz:1.0
richard:1.0
mayston:1.0
article:1.0
765461d518325t9:1.0
infoserv.com:1.6931471805599454
hfeldman:1.0
howard:1.0
mitchell:1.0
feldman:1.0
writes:1.0
1993apr19.211044.28763:1.0
guinness.idbsu.edu:1.0
lhighley:1.0
gozer.idbsu.edu:1.0
larry:1.0
paul:1.0
highley:1.0
wrote:1.0
utility:1.0
let:1.0
use:1.0
standard:1.0
8.3:1.0
format:1.0
yep:1.0
called:1.0
os2:1.0
