grohol:2.386294361119891
novavax.uucp:1.0
john:1.6931471805599454
subject:1.0
re^2:1.0
atm:2.791759469228055
rnichols:1.0
cbnewsg.cb.att.com:1.0
robert.k.nichols:1.0
writes:1.0
1.truetype:1.0
font:2.09861228866811
files:2.09861228866811
least:1.0
1/3:1.0
larger:1.6931471805599454
type-1:1.6931471805599454
equivalents:1.0
using:1.0
disk:1.0
compressor:1.0
though:1.0
aware:1.0
truetype:2.09861228866811
fonts:2.386294361119891
compress:1.6931471805599454
whereas:1.0
encrypted:1.0
isnt:1.6931471805599454
entirely:1.0
true:1.6931471805599454
counterparts:1.0
get:1.6931471805599454
minimal:1.0
compression:2.386294361119891
running:1.0
stacker:1.0
3.0:1.0
report:1.0
generator:1.0
file:1.6931471805599454
type:1.0
ratio:1.0
ttf:1.6931471805599454
1.4:1.0:1.0
pfb:2.09861228866811
1.1:1.0:1.0
pfm:1.0
metric:1.6931471805599454
11.8:1.0:1.0
although:1.0
small:1.0
quite:1.0
largely:1.0
see:1.0
even:1.6931471805599454
regular:1.0
math:1.0
one:1.0
comparitive:1.0
times:2.09861228866811
83260:1.0
bytes/1.4:1.0
59471:1.0
bytes:1.6931471805599454
compressed:2.09861228866811
51549:1.0
bytes/1.1:1.0
46862:1.0
still:1.0
win:1.0
mileage:1.0
may:1.0
vary:1.0
depending:1.0
program:1.0
heroes:1.0
go:1.6931471805599454
fast:1.0
m.s:1.0
dont:1.0
expect:1.0
time:1.0
center:1.0
psychological:1.0
studies:1.0
equivocate:1.0
past:1.0
nova:1.0
univ:1.0
ft:1.0
lauderdale:1.0
fl:1.0
suzanne:1.0
vega:1.0
novavax.nova.edu:1.0
