cheong:1.0
solomon.technet.sg:1.0
scstech:1.0
admin:1.0
subject:1.0
please:1.6931471805599454
refresh:1.6931471805599454
internet:1.6931471805599454
access:2.09861228866811
compuserve:1.6931471805599454
hi:1.0
sometime:1.0
ago:1.0
discussions:1.0
gaining:1.0
thru:1.0
seem:1.0
misplace:1.0
articles:1.0
someone:1.0
site:1.0
telnet:1.0
gain:1.0
hopefully:1.0
download:1.0
files:1.0
well:1.0
thanks:1.0
arthur:1.6931471805599454
lim:1.0
email:1.0
mailhost.scs.com.sg:1.0
