gtonwu:1.6931471805599454
uz.nthu.edu.tw:1.6931471805599454
tony:2.09861228866811
g:1.6931471805599454
wu:1.6931471805599454
subject:1.0
hate:1.6931471805599454
make:1.6931471805599454
decision:1.6931471805599454
hi:1.0
well:1.0
really:1.0
recently:1.0
choose:1.6931471805599454
whether:1.0
stacker:1.0
3.0:1.0
dos:1.0
6.0:1.0
double:1.0
space:1.0
poor:1.0
hd:1.0
using:1.0
windwos:1.0
3.1:1.0
hope:1.0
live:1.0
windows:1.0
help:1.0
appreciated:1.0
forever:1.0
23:1.0
michael:1.0
jordan:1.0
cae/rheology:1.0
lab:1.0
nthu:1.0
che.nthu.edu.tw:1.0
