ncmoore2:1.6931471805599454
netnews.jhuapl.edu:1.0
nathan:1.6931471805599454
moore:1.6931471805599454
subject:1.0
bernoulli:1.6931471805599454
drives/disks:1.0
nilayp:1.6931471805599454
violet.berkeley.edu:1.6931471805599454
nilay:1.6931471805599454
patel:1.6931471805599454
writes:1.0
looking:1.6931471805599454
removable:1.0
tapes:2.09861228866811
20/20:1.0
drive:1.0
dont:2.09861228866811
laugh:1.0
serious:1.0
20:1.0
mb:1.0
lying:1.0
around:1.0
would:1.6931471805599454
like:1.0
get:1.0
rid:1.0
please:1.6931471805599454
mail:1.0
mean:1.0
disks:1.0
forgot:1.0
say:1.0
whether:1.0
old:1.0
8:1.0
newer:1.0
5.25:1.0
sorry:1.0
use:1.0
work:1.0
think:1.0
appreciate:1.0
c:1.0
johns:1.0
hopkins:1.0
university:1.0
applied:1.0
physics:1.0
laboratory:1.0
aplcomm.jhuapl.edu:1.0
cis:1.0
70702,1576:1.0
note:1.0
address:1.0
email:1.0
replies:1.0
