mark:1.6931471805599454
woodruff:1.0
cda90038:1.0
ucf1vm.bitnet:1.0
subject:1.0
bigger:1.6931471805599454
window:1.0
headings:1.0
anyone:1.0
know:1.0
raster:1.0
fonts:1.0
im:1.6931471805599454
using:1.6931471805599454
mag:1.0
15h:1.6931471805599454
monitor:1.0
diamond:1.0
ss24x:1.0
1280x1024:1.0
mode:1.0
would:1.0
prefer:1.0
larger:1.0
characters:1.0
windows:1.0
heading:1.0
practically:1.0
everything:1.0
already:1.0
8514:1.0
character:1.0
sets:1.0
idea:1.0
difference:1.0
15f:1.0
