93gke:1.6931471805599454
williams.edu:1.0
greg:1.6931471805599454
going:1.0
blank:1.0
ennis:1.6931471805599454
subject:1.0
soundblaster:1.6931471805599454
v2.0:1.0
drivers:2.09861228866811
win:1.0
3.1:1.6931471805599454
hi:1.0
could:1.0
someone:1.0
please:1.0
tell:1.0
windows:1.0
new:1.0
2.0:1.0
1.5:1.0
sufficient:1.0
would:1.0
appreciate:1.0
info:1.0
thanks:1.0
cs.williams.edu:1.0
