farley:2.386294361119891
access.digex.com:1.6931471805599454
charles:1.6931471805599454
u:1.6931471805599454
subject:1.0
help:1.0
changing:1.0
startup:1.0
logo:2.6094379124341005
know:1.6931471805599454
probably:1.0
faq:1.0
installed:1.0
s/w:1.0
ati:1.0
graphics:1.0
card:1.0
bashed:1.0
windows:1.6931471805599454
files:2.386294361119891
start:1.0
3.0:1.0
instead:1.0
3.1:1.0
thought:1.0
controlled:1.0
windowssystemvgalogo.rle:1.0
windowssystemvgalogo.lgo:1.0
restored:1.0
didnt:1.0
change:1.0
anyone:1.0
correct:1.0
thanks:1.0
average:1.0
iq:1.0
calgary:1.0
board:1.0
ed:1.0
employee:1.0
65:1.0
