srowe:1.6931471805599454
fulcrum.co.uk:1.6931471805599454
simon:2.09861228866811
rowe:1.6931471805599454
subject:1.0
exit:2.09861228866811
codes:1.6931471805599454
dos:1.6931471805599454
sorry:1.0
wrong:1.0
group:1.0
internal:1.0
commands:1.0
certainly:1.0
3.3:1.0
set:1.0
code:1.0
royal:1.0
pain:1.0
want:1.0
anything:1.0
checks:1.0
successful:1.0
deletions:1.0
etc:1.0
best:1.0
suggestion:1.0
use:1.0
4dos:1.0
return:1.0
also:1.0
move:1.0
command:1.0
fulcrum:1.0
communications:1.0
ltd:1.0
birmingham:1.0
condition:1.0
brain_overload:1.0
raised:1.0
england:1.0
5412:1.0
0:1.0
12234:1.0
