doug:2.09861228866811
ward:1.6931471805599454
subject:1.0
drivers:2.09861228866811
stealth:1.6931471805599454
24:1.6931471805599454
recently:1.0
purchased:1.0
diamond:1.0
video:1.6931471805599454
card:1.6931471805599454
received:1.0
wrong:1.0
anyone:1.0
know:1.0
ftp:1.0
proper:1.0
dstlth:1.0
file:1.0
cica:1.0
work:1.0
please:1.0
respond:1.0
sun.sws.uiuc.edu:1.0
thank:1.0
