ebosco:1.6931471805599454
us.oracle.com:1.6931471805599454
eric:1.6931471805599454
bosco:1.0
subject:1.0
ctrl-alt:1.0
del:1.6931471805599454
locks:1.0
computer:1.6931471805599454
fafter:1.0
windows:1.6931471805599454
whenever:1.0
exit:1.0
cant:1.0
use:1.0
control-alt:1.0
reboot:1.6931471805599454
system:1.0
hangs:1.0
still:1.0
using:1.0
reset:1.0
key:1.0
would:1.0
like:1.0
know:1.0
happens:1.0
