domet:2.09861228866811
ucbeh.san.uc.edu:1.6931471805599454
subject:1.0
windows:2.09861228866811
nt:2.09861228866811
help:1.6931471805599454
please:1.0
need:1.0
information:1.0
new:1.0
anything:1.6931471805599454
would:1.0
appreciated:1.0
know:1.0
nothing:1.0
well:1.0
except:1.0
exists:1.0
questions:1.0
memory:1.0
requirements:1.0
hard:1.0
drive:1.0
space:1.0
release:1.0
date:1.0
ibm:1.0
reacting:1.0
intel:1.0
replace:1.0
lan:1.0
oss:1.0
else:1.0
like:1.0
specs:1.0
speed:1.0
etc:1.0
thanks:1.0
advance:1.0
luke:1.0
email:1.0
internet:1.0
address:1.6931471805599454
bitnet:1.0
ucbeh:1.0
