wongda:1.6931471805599454
eecg.toronto.edu:1.0
daniel:1.6931471805599454
y.h:1.6931471805599454
wong:1.0
subject:1.0
looking:1.0
latest:2.09861228866811
actix:1.6931471805599454
drivers:1.6931471805599454
windows:1.0
hi:1.0
anyone:1.0
graphics:1.0
accelerator:1.0
card:1.0
32:1.0
plus:1.0
one:1.0
version:1.6931471805599454
1.21:1.0
seem:1.0
lot:1.0
problems:1.0
believe:1.0
1.3:1.0
would:1.0
someone:1.0
please:1.0
upload:1.0
ftp:1.0
site:1.0
download:1.0
thanks:1.0
wonguoft:1.0
416:1.0
978-1659:1.0
picton.eecg.toronto.eduelectrical:1.0
engineering:1.0
