paladin:1.6931471805599454
world.std.com:1.6931471805599454
thomas:1.0
g:1.0
schlatter:1.6931471805599454
subject:1.0
looking:1.0
tom:2.6094379124341005
haapanen:1.6931471805599454
im:1.0
trying:1.0
find:1.6931471805599454
formerly:1.0
wes.on.ca:1.0
keeper:1.0
faq:1.0
newsgroup:1.0
working:1.0
watrerloo:1.0
engineering:1.0
software:1.0
netfind:1.0
cant:1.0
even:1.0
may:1.0
uucp:1.0
connection:1.0
anyone:1.0
knows:1.0
contact:1.0
please:1.0
let:1.0
know:1.0
thanks:1.0
