carolan:1.6931471805599454
owlnet.rice.edu:1.0
bryan:1.6931471805599454
dunne:1.6931471805599454
subject:1.0
program:1.0
manager:1.0
two:1.0
questions:1.0
actually:1.0
several:1.0
sharware:1.0
utilities:1.0
cn:1.0
change:1.0
fav:1.0
plug-in:1.0
