skucera:1.6931471805599454
prstorm.bison.mb.ca:1.6931471805599454
stan:2.09861228866811
kucera:2.09861228866811
subject:1.0
monoumb.386:1.6931471805599454
anyone:1.0
know:1.0
program:1.0
available:1.0
checked:1.0
windows:1.0
system:1.0
disks:1.0
monoumb2.386:1.0
one:1.0
thanks:1.0
