donoghue:2.6094379124341005
donoghue.win.net:1.6931471805599454
kevin:2.09861228866811
subject:1.0
line:1.6931471805599454
mail:2.386294361119891
looking:1.0
program:1.0
called:1.0
vbreader:1.0
reader:1.0
windows:1.0
using:1.0
qwk:1.6931471805599454
packets:1.0
anyone:1.0
knows:1.0
good:1.0
readers:1.0
please:1.0
let:1.0
know:1.0
thanks:1.0
c:1.0
internet:1.0
international:1.0
love:1.6931471805599454
hear:1.0
sins:1.0
act:1.0
2437:1.0
grand:1.0
ave:1.0
suite:1.0
273:1.0
william:1.0
shakespear:1.0
ventura:1.0
ca:1.0
93003:1.0
