kin:2.6094379124341005
isi.com:1.6931471805599454
cho:1.6931471805599454
subject:1.0
viewsonic:1.0
17:1.0
experience:1.6931471805599454
sought:1.0
id:1.6931471805599454
appreciate:1.0
email:1.0
post:1.0
positive:1.0
negative:1.0
monitor:1.0
especially:1.0
compared:1.0
nanao:1.0
550i:1.0
summarize:1.0
got:1.0
multiple:1.0
responses:1.0
thanks:1.0
voice:1.0
408:1.6931471805599454
980-1500:1.0
ext:1.0
230:1.0
integrated:1.0
systems:1.0
inc.fax:1.0
980-0400:1.0
