subject:1.0
dos:1.0
6:1.6931471805599454
darren.lavallee:1.0
cld9.sccsi.com:1.0
darren:1.6931471805599454
lavallee:1.6931471805599454
eid:1.0
b486:1.0
85210000:1.0
120:1.6931471805599454
mb:1.6931471805599454
hard:1.6931471805599454
drive:1.6931471805599454
set:1.0
compression:1.0
ratio:1.0
using:1.0
doss:1.0
double:1.6931471805599454
disk:1.0
format:1.0
erase:1.0
everything:1.0
full:1.0
240:1.0
make:1.0
mirror:1.0
thanx:1.0
4:1.0
help:1.0
wm:1.0
v2.08/92-0279:1.0
origin:1.0
705-256-csrn:1.0
35,000:1.0
files:1.0
lines:1.0
internet/usenet:1.0
1:1.0
1:222:1.0
