apland:1.6931471805599454
mala.bc.ca:1.0
ron:1.6931471805599454
subject:1.0
telephone:1.6931471805599454
cirrus:1.6931471805599454
logic:1.6931471805599454
article:1.0
c63m1s.m86:1.0
news.hawaii.edu:1.0
chen:2.386294361119891
galileo.ifa.hawaii.edu:1.0
hua:1.6931471805599454
writes:1.0
anybody:1.0
knows:1.0
number:1.6931471805599454
co:1.0
maker:1.0
graphic:1.0
card:1.0
please:1.0
reply:1.0
cfa.harvard.edu:1.0
thank:1.0
much:1.0
center:1.0
astrophysics:1.0
bbs:1.0
510-226-2365:1.0
