keiths:1.0
spider.co.uk:1.0
keith:1.6931471805599454
smith:1.0
subject:1.0
win/nt:1.6931471805599454
file:1.6931471805599454
systems:1.0
ok:1.0
one:1.0
tell:1.0
dos:1.0
5:1.0
read:1.0
havnt:1.0
tried:1.0
writing:1.0
case:1.0
breaks:1.0
something:1.0
ntfs:1.6931471805599454
system:1.6931471805599454
thought:1.0
supposed:1.0
better:1.0
fat:1.0
