aaron:1.6931471805599454
herskowitz:1.6931471805599454
aherskow:1.6931471805599454
alleg.edu:1.6931471805599454
subject:1.0
sale:1.6931471805599454
borland:3.772588722239781
c:3.6390573296152584
w:1.0
application:1.6931471805599454
frameworks:2.09861228866811
3.1:3.0794415416798357
please:1.6931471805599454
excuse:1.0
inappropriate:1.0
post:1.0
read:1.6931471805599454
groups:1.0
normally:1.6931471805599454
see:1.0
pc:1.0
related:1.0
marketplace:1.0
newsgroups:1.0
full:1.0
professional:1.0
developer:1.0
kit:1.0
programming:1.0
package:1.6931471805599454
including:1.0
unopened:2.09861228866811
software:2.09861228866811
manuals:2.386294361119891
registration:1.0
card:1.0
includes:1.0
1:1.6931471805599454
still:1.6931471805599454
plastic:2.09861228866811
wrapped:2.09861228866811
high:1.6931471805599454
density:1.6931471805599454
5.25:2.09861228866811
inch:1.0
disks:1.0
total:1.0
18:1.0
diskettes:1.0
2:2.09861228866811
individually:1.0
packages:1.0
disk:2.09861228866811
bc:1.0
app:1.0
label:1.0
amish:2.09861228866811
system:1.0
utilities:2.09861228866811
windows:2.6094379124341005
one:1.6931471805599454
launch:1.0
desk:1.0
3:1.0
phar:1.0
laps:1.0
286|dos-extender:1.0
lite:1.0
version:1.0
2.5:1.0
hd:1.0
include:2.09861228866811
i.e:1.0
boland:1.0
api:1.0
volumes:1.0
reference:2.791759469228055
guide:3.5649493574615367
ii:1.0
iii:1.0
b:1.6931471805599454
turbo:2.6094379124341005
debugger:1.0
3.0:2.386294361119891
users:2.9459101490553135
profiler:1.0
assembler:1.6931471805599454
e:1.0
integrated:1.0
environment:1.0
optimization:1.0
command:1.0
line:1.0
compiler:1.0
installation:1.0
f:1.0
programmers:1.0
language:1.0
structure:1.0
class:1.6931471805599454
libraries:1.0
advanced:1.0
prgramming:1.0
techniques:1.0
anci:1.0
implementaion:1.0
g:1.0
library:1.6931471805599454
runtime:1.0
global:1.0
variables:1.0
cross-reference:1.0
h:1.0
tools:1.0
error:1.0
messages:1.0
winsightm:1.0
make:1.0
help/resource:1.0
compilers:1.0
tlink:1.0
object:1.0
tutorials:1.0
opened:1.0
wrapping:1.0
unread:1.0
quick:1.0
vision:1.0
resource:1.0
workshop:1.0
purchased:1.0
former:1.0
employee:1.0
fathers:1.0
father:1.0
asked:1.0
try:1.0
sell:1.0
since:1.0
neither:1.0
us:1.0
use:1.0
retails:1.0
749:1.0
houses:1.0
approx:1.0
480:1.0
asking:1.0
400:1.0
interested:1.0
e-mail:1.0
directly:1.0
newsgroup:1.0
allegheny:1.0
college:1.0
meadville:1.0
pennsylvania:1.0
