osburn:2.791759469228055
halcyon.com:2.09861228866811
tim:2.09861228866811
subject:1.0
netware:1.0
3.11:1.6931471805599454
win:1.0
3.1:1.6931471805599454
fileman:1.0
update:1.0
something:1.0
allow:1.0
person:1.6931471805599454
using:1.0
novell:1.6931471805599454
windows:1.0
file:1.0
manager:1.0
view:1.0
files:1.0
name:1.0
created:1.0
changed:1.0
like:1.0
command:1.0
ndir:1.0
kb7gbq:1.0
bellevue:1.0
washington:1.0
