herrod:1.6931471805599454
cs.stanford.edu:1.0
stephen:1.0
subject:1.0
dos:1.6931471805599454
window:1.0
macros:1.0
anyone:1.0
know:1.0
program:1.6931471805599454
record:1.6931471805599454
keyboard:1.0
sequences:1.6931471805599454
windowed:1.0
box:1.0
would:1.0
like:1.0
something:1.0
starts:1.0
telnet:1.0
logs:1.0
accounts:1.0
windows:1.0
recorder:1.0
doesnt:1.0
seem:1.0
able:1.0
key:1.0
thanks:1.0
steve:1.0
