moret:1.6931471805599454
masi.ibp.fr:1.0
yan:1.0
magistere:1.0
subject:1.0
adobe:2.386294361119891
3.0:1.6931471805599454
2.0:1.6931471805599454
wanted:1.0
create:1.0
postcript:1.6931471805599454
file:1.6931471805599454
win:1.0
1:1.0
print:1.0
laserwriter:1.0
ii:1.0
created:1.0
version:1.0
laser:1.0
accept:1.0
resolve:1.0
problem:1.0
thanks:1.0
