cs012055:1.0
cs.brown.edu:1.0
hok-chung:1.0
tsang:1.0
subject:1.6931471805599454
saturns:1.6931471805599454
pricing:1.0
policy:1.0
article:1.0
c4vir5.l3r:1.0
shuksan.ds.boeing.com:1.0
fredd:1.0
shuksan:1.0
fred:1.6931471805599454
dickey:1.0
writes:1.0
carolinafan:1.0
uiuc:1.0
cka52397:1.0
uxa.cso.uiuc.edu:1.0
wrote:1.0
active:1.0
defending:1.0
saturn:3.1972245773362196
lately:1.0
net:1.0
would:2.386294361119891
like:1.0
state:1.0
full:1.0
opinion:1.0
rather:1.0
reply:1.0
others:1.0
points:1.0
biggest:1.0
problem:1.0
people:2.09861228866811
seem:1.0
dealers:1.0
make:1.0
2k:2.09861228866811
car:3.0794415416798357
think:1.0
agree:1.0
comparably:1.0
priced:1.6931471805599454
competitors:1.6931471805599454
arent:1.0
overpriced:1.0
compared:1.0
cars:2.386294361119891
class:1.6931471805599454
dont:1.0
understand:1.0
point:1.0
arguing:1.0
whether:1.0
dealer:3.3978952727983707
makes:1.0
never:1.0
understood:1.0
big:1.0
deal:1.0
profits:1.0
either:1.0
thing:1.6931471805599454
figure:1.0
believe:2.09861228866811
minimize:1.6931471805599454
profit:3.1972245773362196
total:1.0
out-of-pocket:1.6931471805599454
expenses:1.6931471805599454
may:1.0
true:1.6931471805599454
cases:1.0
generally:1.0
bought:1.6931471805599454
sl:1.0
january:1.0
92:1.0
time:1.0
based:1.0
studying:1.0
prices:1.6931471805599454
decided:1.0
comparable:1.0
cheaply:1.0
sure:1.0
maybe:1.0
could:1.0
talked:1.0
price:2.09861228866811
wouldnt:1.0
different:1.0
whats:1.0
important:1.6931471805599454
much:1.0
money:2.9459101490553135
left:1.0
buy:1.6931471805599454
reducing:2.09861228866811
saving:2.09861228866811
show:1.0
saves:1.0
ill:1.0
experience:1.0
necessarily:1.0
save:1.6931471805599454
say:1.6931471805599454
13k:1.0
1000:2.09861228866811
paying:1.0
12k:1.0
isnt:1.6931471805599454
moreover:1.0
really:1.0
reduce:1.6931471805599454
margin:1.0
even:2.09861228866811
better:1.0
deals:1.0
already:1.0
market:1.6931471805599454
average:1.6931471805599454
2000:1.0
1:1.0
attract:1.0
2:1.0
force:1.0
lower:1.6931471805599454
survive:1.0
owners:1.0
benefit:1.0
buyers:1.0
pay:1.0
less:1.0
0.02:1.0
doug:1.0
