netops:1.0
tekgen.bv.tek.com:1.0
randy:1.0
king:1.0
subject:1.6931471805599454
left:1.6931471805599454
turn:1.6931471805599454
signal:1.6931471805599454
wont:1.0
stop:2.09861228866811
automaticaly:1.6931471805599454
says:1.0
1984:1.0
chev:1.0
s10:1.0
pickups:1.0
turning:1.0
cause:1.0
mechanical:1.0
problem:1.0
steering:1.6931471805599454
wheel:1.6931471805599454
note:1.0
truck:1.0
market:1.0
gt-grant:1.0
installed:1.0
