shou:2.09861228866811
logos.asd.sgi.com:1.0
tom:2.09861228866811
subject:1.0
ford:1.6931471805599454
explorer:1.6931471805599454
4wd:2.09861228866811
need:2.09861228866811
performance:1.6931471805599454
axle:2.09861228866811
considering:1.0
getting:1.0
xlt:1.0
following:1.0
questions:1.0
would:1.0
go:1.0
skiing:1.0
off-roading:1.0
1:1.0
limited:1.0
slip:1.0
purpose:1.0
allow:1.0
tires:2.09861228866811
act:1.0
independently:1.0
different:1.0
terrain:1.0
2:1.0
all-terrain:1.0
p235/75x15:1.0
all-season:1.0
p225/70x15:1.0
good:1.0
enough:1.0
us:1.0
lake:1.0
tahoe:1.0
thanks:1.0
shousilicon:1.0
graphics:1.0
asd.sgi.com2011:1.0
n:1.0
shoreline:1.0
blvd:1.0
415-390-5362ms:1.0
8u-815:1.0
415-962-0494:1.0
fax:1.0
mountain:1.0
view:1.0
ca:1.0
94043:1.0
