zakir:1.6931471805599454
leland.stanford.edu:1.0
sahul:1.0
subject:1.0
inflation:1.0
car:1.6931471805599454
prices:1.6931471805599454
anyone:1.0
figures:1.0
pointers:1.0
references:1.0
fast/much:1.0
gone:1.0
last:1.0
decade:1.0
thanks:1.0
