lstowell:1.0
pyrnova.mis.pyramid.com:1.0
lon:1.0
stowell:1.0
subject:1.0
hard:1.0
change:1.0
springs:1.6931471805599454
f350:1.6931471805599454
truck:1.6931471805599454
article:1.0
1993apr3.005245.10615:1.0
michael.apple.com:1.6931471805599454
ems:1.0
e:1.0
michael:1.0
smith:1.0
writes:1.0
take:1.0
peculiar:1.0
tools:1.0
remove:1.0
rear:1.0
ford:1.0
naah:1.0
coupla:1.0
nice:1.0
big:1.0
bumps:1.0
