dduff:1.0
col.hp.com:1.0
dave:1.0
duff:1.0
subject:1.0
us:1.6931471805599454
drive:1.6931471805599454
left:1.6931471805599454
hand:1.6931471805599454
steering:1.0
wheel:1.0
placement:1.0
standard:1.6931471805599454
20s:1.0
driving:1.0
right:1.6931471805599454
since:1.0
standards:1.0
came:1.0
interestingly:1.0
chrysler:1.0
begun:1.0
building:1.0
cars:1.0
export:1.0
japan:1.0
