subject:1.0
convertibles:1.6931471805599454
bouton:1.6931471805599454
gertrude.cms.udel.edu:1.0
katherine:1.0
wondering:1.0
someone:1.0
could:1.6931471805599454
point:1.0
somewhere:1.0
find:1.0
list:1.0
hopefully:1.0
comparison:1.0
days:1.0
seems:1.0
like:1.0
making:1.0
big:1.0
comeback:1.0
im:1.0
sure:1.0
look:1.0
