pp:1.0
cbnewsl.cb.att.com:1.0
peter.peng:1.0
subject:1.0
need:1.0
info:1.0
mazda:1.6931471805599454
626:2.09861228866811
test:1.0
drove:1.0
lx:1.0
past:1.0
weekend:1.0
liked:1.0
dealer:1.0
offered:1.0
15k:1.0
1:1.0
good:1.0
price:1.0
2:1.0
comments:1.0
general:1.0
please:1.0
use:1.0
email:1.0
thanks:1.0
peter:1.0
att:1.0
hotsoup:1.0
peng:1.0
