sheinfel:1.0
ssd.comm.mot.com:1.0
aviad:1.6931471805599454
sheinfeld:1.0
subject:1.0
lo:1.0
jack:1.0
according:1.0
lojack:2.09861228866811
representative:1.0
saw:1.0
recently:1.0
must:1.0
installed:1.0
authorized:1.0
dealer:1.0
placed:1.0
one:1.0
roughly:1.0
30:1.0
spots:1.0
car:1.0
thanks:1.0
steve:1.0
att.com:1.0
mantic:1.0
srmal:1.0
sure:1.0
