ak296:1.0
yfn.ysu.edu:1.0
john:1.0
r:1.0
daker:1.0
subject:1.0
toyota:1.6931471805599454
wagons:1.6931471805599454
anybody:1.0
noticed:1.0
uncanny:1.0
knack:1.0
designing:1.0
horrible:1.0
ugly:1.0
station:1.0
tercels:1.0
corollas:1.0
camrys:1.0
designers:1.0
aesthetic:1.0
sense:1.0
dod:1.0
650:1.0
darkman:1.0
significant:1.0
problems:1.0
face:1.0
solved:1.0
level:1.0
thinking:1.0
created:1.0
albert:1.0
einstein:1.0
eternal:1.0
champion:1.0
