reb:1.0
hprnd.rose.hp.com:1.6931471805599454
ralph:1.6931471805599454
bean:1.6931471805599454
subject:1.0
saturn:2.386294361119891
pricing:1.0
blatherings:1.0
mihir:1.6931471805599454
pramod:1.0
shah:1.6931471805599454
mps1:1.0
cec1.wustl.edu:1.0
wrote:1.0
robert:1.0
j:1.0
wade:1.0
writes:1.0
retailers:1.0
built:1.0
like:1.0
2:1.0
city:1.0
medium:1.0
large:1.0
cities:1.0
small:1.0
handful:1.0
dealers:1.0
sacramento:1.0
two:1.0
dealerships:1.0
