gwm:1.0
spl1.spl.loral.com:1.0
gary:1.0
w:1.0
mahan:1.0
subject:1.0
bmws:1.6931471805599454
worth:1.0
price:1.0
sure:1.0
sounds:1.6931471805599454
like:1.6931471805599454
got:1.0
ringer:1.0
325is:2.6094379124341005
drove:1.0
definitely:1.0
faster:1.0
want:1.6931471805599454
quote:1.0
numbers:1.6931471805599454
aw:1.0
autofile:1.0
shows:1.0
0-60:1.6931471805599454
7.4:1.0
1/4:2.09861228866811
mile:1.6931471805599454
15.9:1.0
quotes:1.0
car:1.6931471805599454
drivers:1.0
figures:1.0
6.9:1.0
15.3:1.0
oh:1.0
btw:1.0
325i:1.0
driver:1.0
rated:1.6931471805599454
1988:1.6931471805599454
7.2:1.0
15.2:1.0
30k:1.0
miles:1.0
last:1.0
time:1.0
checked:1.0
8:1.6931471805599454
automobile:1.0
magazine:1.0
new:1.6931471805599454
16.2:1.0
gee:1.0
aint:1.0
quotiin:1.0
funner:1.0
dickens:1.0
need:1.0
race:1.0
ill:1.0
let:1.0
newer:1.0
version:1.0
someone:1.0
lend:1.0
day:1.0
wont:1.0
hurt:1.0
promise:1.0
dont:1.6931471805599454
know:1.0
addition:1.0
variable:1.0
valve:1.0
timing:1.0
1993:1.0
affects:1.0
take:1.6931471805599454
word:1.6931471805599454
go:1.0
drive:1.0
actually:1.0
refuse:1.0
test:1.0
love:1.0
would:1.0
probably:1.0
buy:1.0
problem:1.0
income:1.0
doesnt:1.0
support:1.0
