pminocha:1.0
frx400.intel.com:1.0
punit:1.0
minocha:1.0
qre:1.0
subject:1.0
saab:1.6931471805599454
mailing:1.6931471805599454
list:1.6931471805599454
could:1.6931471805599454
someone:1.0
please:1.0
tell:1.0
get:1.0
onto:1.0
specifically:1.0
need:1.0
address:1.0
instructions:1.0
thanks:1.0
advance:1.0
pete:1.0
