netops:1.0
tekgen.bv.tek.com:1.0
randy:1.0
king:1.0
subject:1.0
headlights:1.6931471805599454
problem:2.09861228866811
thanks:1.6931471805599454
responded:1.0
posting:1.0
trucks:1.0
low:1.0
beam:1.0
loose:1.0
wire:1.0
connection:1.0
fuse:1.0
minority:1.0
suggested:1.0
