k8gj:1.0
vax5.cit.cornell.edu:1.0
subject:1.0
impreza:1.6931471805599454
altima:1.6931471805599454
friend:1.0
mine:1.0
cnsidering:1.0
buying:1.0
new:1.0
car:1.0
considering:1.0
subaru:1.0
nissan:1.0
right:1.0
two:1.0
cars:1.6931471805599454
would:1.0
recommend:1.0
definately:1.0
want:1.0
airbag:1.0
abs:1.0
room:1.0
tall:1.0
people:1.0
long:1.0
legs:1.0
suggestions:1.0
13k:1.0
dealing:1.0
id:1.0
interested:1.0
opinions:1.0
well:1.0
please:1.0
send:1.0
replies:1.0
sem1:1.0
postoffice.mail.cornell.edu:1.0
tthis:1.0
address:1.0
thanks:1.0
scott:1.0
