michal:2.09861228866811
cs.cmu.edu:1.0
prussak:1.0
subject:1.0
illegal:2.386294361119891
tint:3.302585092994046
windows:1.6931471805599454
know:1.0
long:1.6931471805599454
shot:1.0
maybe:1.0
someone:1.6931471805599454
went:1.6931471805599454
comments:1.6931471805599454
share:1.0
story:1.0
bought:1.0
car:2.6094379124341005
state:2.09861228866811
im:1.0
trying:1.0
get:2.9459101490553135
safety:1.0
inspection:2.09861228866811
pennsylvania:1.6931471805599454
problem:1.0
aftermarket:1.6931471805599454
except:1.0
windshield:1.0
rather:1.0
weak:1.0
clearly:1.0
see:2.386294361119891
inside:2.09861228866811
garage:1.0
said:2.386294361119891
wont:2.09861228866811
pass:1.0
unless:1.0
waiver:1.6931471805599454
police:2.386294361119891
officer:2.386294361119891
told:1.6931471805599454
pre-84:1.0
medical:1.0
reason:1.0
asked:1.0
show:1.0
section:1.0
vehicle:2.09861228866811
code:2.09861228866811
says:2.09861228866811
showed:1.0
paraghaph:1.0
cant:1.6931471805599454
fact:1.6931471805599454
well:1.6931471805599454
shut:1.0
book:1.0
give:1.0
ticket:2.09861228866811
right:1.0
argue:1.0
since:1.0
ok:1.6931471805599454
id:1.6931471805599454
like:1.6931471805599454
keep:1.6931471805599454
ill:1.0
re-read:1.0
library:1.0
also:1.6931471805599454
sort:1.6931471805599454
paper:1.6931471805599454
trouble:1.0
later:1.6931471805599454
wouldnt:1.0
mind:1.0
registering:1.6931471805599454
complaint:2.09861228866811
really:1.0
pissed:1.0
anyone:1.6931471805599454
experience:1.6931471805599454
getting:1.0
especially:1.0
called:1.0
station:1.0
today:1.0
basically:1.0
place:1.0
could:1.0
register:1.0
decide:1.0
anyway:1.0
much:1.0
chance:1.0
stand:1.0
succesfully:1.0
appeal:1.0
court:1.0
welcome:1.0
