rgc3679:1.0
bcstec.ca.boeing.com:1.0
robert:1.0
g:1.0
carpenter:1.0
subject:1.0
thinking:1.6931471805599454
buying:1.6931471805599454
intrepid:1.6931471805599454
good:1.0
bad:1.0
idea:1.0
im:1.0
new:1.0
dodge:1.0
anyone:1.0
experiences:1.0
theyd:1.0
like:1.0
share:1.0
thanks:1.0
bobc:1.0
