eliot:2.09861228866811
stalfos.engr.washington.edu:1.0
subject:1.0
top:1.0
10:1.0
reasons:1.0
love:1.0
cr:1.0
humor:1.0
impaired:1.0
article:1.0
1993apr6.194738.20021:1.0
magnus.acs.ohio-state.edu:1.6931471805599454
jnielsen:1.0
john:1.0
f:1.0
nielsen:1.0
writes:1.0
blah:2.09861228866811
ok:1.0
right:1.0
name:1.0
good:1.0
examples:1.0
brought:1.0
lets:1.0
create:1.0
new:1.0
group:1.0
rec.autos.cr-is-right-no-its-not-yes-it-is-oh-yeah:1.0
my-father-can-lick-your-father:1.0
