jnielsen:1.6931471805599454
magnus.acs.ohio-state.edu:2.09861228866811
john:2.6094379124341005
f:1.6931471805599454
nielsen:2.386294361119891
subject:1.0
top:1.0
10:1.6931471805599454
reasons:1.6931471805599454
love:2.09861228866811
cr:2.386294361119891
humor:1.0
impaired:1.0
article:2.09861228866811
1993apr6.195710.24227:1.0
cs.tulane.edu:1.0
finnegan:1.6931471805599454
navo.navy.mil:1.6931471805599454
writes:2.386294361119891
1993apr6.180456.17573:1.0
1993apr06.133319.7008:1.0
metrics.com:1.6931471805599454
tomh:1.0
tom:1.0
haapanen:1.0
chints:1.0
iscs.nus.sg:1.0
another:1.0
ten:1.0
car:2.09861228866811
salesmen:1.0
new:1.0
buying:1.6931471805599454
service:1.0
2:1.0
later:1.0
idealized:1.0
family:1.0
sedan:1.0
number:1.0
1:1.6931471805599454
spectacle:1.6931471805599454
religious:1.0
fervour:1.0
true:1.0
believers:1.0
macho:2.09861228866811
real:2.386294361119891
men:2.09861228866811
would:1.6931471805599454
never:1.0
bother:1.0
read:2.09861228866811
magazine:2.09861228866811
apt:1.0
criticize:1.6931471805599454
hey:1.0
im:1.0
man:1.0
want:1.0
especially:1.0
since:1.0
pay:1.0
publication:1.0
accept:1.0
outside:1.0
advertising:1.0
dont:1.6931471805599454
know:1.0
magnus:1.6931471805599454
consultant:1.6931471805599454
baldrick:1.6931471805599454
renaissance:1.6931471805599454
something:1.6931471805599454
happened:1.6931471805599454
people:2.09861228866811
wasnt:1.6931471805599454
black:1.6931471805599454
adder:1.6931471805599454
relying:1.6931471805599454
consumer:1.6931471805599454
reports:1.6931471805599454
pick:1.0
automobiles:1.0
like:2.09861228866811
letting:1.0
field:1.0
stream:1.0
select:1.0
living:1.0
room:1.0
furniture:1.0
kenneth:1.0
one:1.0
ever:1.0
rely:1.0
determine:1.0
buy:1.0
care:1.0
btw:1.0
subscribe:1.0
three:1.0
auto:1.0
rags:1.0
think:1.6931471805599454
cu:2.09861228866811
getting:1.0
bum:1.0
rap:1.0
hell:1.0
statements:1.0
said:1.6931471805599454
meaning:1.0
keep:1.0
saying:1.0
good:1.0
dishwashing:1.0
detergent:1.0
say:1.0
critical:1.0
themsevles:1.0
maybe:1.0
content:1.0
