hhtra:1.6931471805599454
usho0b.hou281.chevron.com:1.0
t.m.haddock:1.6931471805599454
subject:1.0
looking:1.0
buy:1.6931471805599454
dodge:1.6931471805599454
stealth:3.0794415416798357
questions:1.0
article:1.6931471805599454
1993apr2.030031.15691:1.0
cactus.org:1.6931471805599454
boyle:1.6931471805599454
craig:1.0
writes:1.6931471805599454
1993apr1.104746:1.0
usho72.hou281.chevron.com:1.6931471805599454
found:1.0
mopar:1.0
spec:1.0
sheet:1.0
weekend:1.0
model:1.0
wgt:1.0
hp:2.386294361119891
3086:1.0
164:1.0
es:1.6931471805599454
3186:1.0
222:1.6931471805599454
rt:2.09861228866811
3373:1.0
tt:1.0
3803:1.0
300:1.0
okay:1.0
ill:2.09861228866811
take:1.0
word:1.0
giving:1.0
every:1.0
chance:1.0
retract:1.0
figures:1.6931471805599454
widely:1.0
known:1.0
mustang:2.6094379124341005
rated:1.6931471805599454
205:1.6931471805599454
222-205:1.0
17:1.0
17hp:1.0
advantage:1.0
seems:1.0
1993:1.0
5.0:1.0
ford:1.0
changed:1.0
testing:1.0
procedures:1.6931471805599454
older:1.0
still:1.6931471805599454
rates:1.0
closer:1.0
225:1.0
means:1.0
3:1.6931471805599454
havent:1.0
posted:1.0
weight:1.0
big:1.0
threat:1.0
kod:1.0
civic:1.0
acording:1.0
c+d:1.6931471805599454
yeah:1.6931471805599454
sure:1.0
wet:1.0
dreams:1.0
thats:1.6931471805599454
probably:1.0
got:2.09861228866811
11.2:1.0
second:1.0
0-60:1.0
check:1.6931471805599454
c:1.0
ds:1.0
5/91:1.0
issue:1.6931471805599454
strange:1.0
claim:1.0
go:2.09861228866811
ahead:1.0
asshole:1.0
youll:1.0
realize:1.0
idiot:1.0
checking:1.0
data:1.0
beforeposting:1.0
car:2.09861228866811
drive:1.6931471805599454
may:1.6931471805599454
91:1.0
222hp:1.6931471805599454
automatic:1.6931471805599454
posts:1.0
youve:1.0
harping:1.0
1991:1.0
driver:1.0
without:1.0
posting:1.0
numbers:1.6931471805599454
prove:1.0
right:1.0
aint:1.0
guts:1.0
admit:1.0
thought:1.0
sentra:1.6931471805599454
se-r:1.6931471805599454
really:1.0
alot:1.0
quicker:1.0
fwd:1.6931471805599454
sports:1.0
close:1.0
9k:1.0
sentra-e:1.0
look:1.6931471805599454
report:1.0
please:1.0
im:1.0
going:1.0
play:1.0
game:1.0
way:1.0
sentras:1.0
slow:1.0
took:1.6931471805599454
test:1.0
21.7:1.0
0-50:1.0
even:1.0
hyundai:1.0
excel:1.0
blows:1.0
doors:1.0
12:1.0
yr:1.0
old:1.0
knows:1.0
race:1.0
kick:1.0
butt:1.0
blah:2.09861228866811
lets:1.0
see:1.0
yep:1.0
sounds:1.0
like:1.0
oh:1.0
man:1.0
beavis:1.0
butthead:1.0
would:2.09861228866811
costs:1.0
20k:1.0
capable:1.0
15.8:1.0
plainly:1.0
dusted:1.0
dunno:1.0
someone:1.0
pick:1.0
nissan:1.0
takes:1.0
one:1.0
travis:1.0
