kak:1.0
hico2.westmark.com:1.6931471805599454
kris:1.6931471805599454
kugel:1.0
subject:1.0
storing:1.0
car:2.791759469228055
long:1.0
term:1.0
bought:1.6931471805599454
defunct:1.6931471805599454
engine:1.0
use:1.0
parts:1.6931471805599454
old:1.0
still:1.0
running:1.0
version:1.0
good:1.0
tires:2.09861228866811
anything:1.0
particular:1.0
store:1.0
long-term:1.0
id:1.0
hate:1.0
go:1.0
bad:1.6931471805599454
someone:1.0
told:1.0
move:1.0
once-in-a-while:1.0
true:1.0
need:1.0
props:1.0
take:1.0
weight:1.0
best:1.0
reply:1.0
mail:1.0
getting:1.0
spotty:1.0
news:1.0
delivery:1.0
kugel908-842-2707:1.0
hico2:1.0
kakkak:1.0
