cka52397:1.6931471805599454
uxa.cso.uiuc.edu:1.6931471805599454
carolinafan:1.6931471805599454
uiuc:1.6931471805599454
subject:1.0
saturns:1.6931471805599454
pricing:1.0
policy:1.0
cs012055:1.0
cs.brown.edu:1.0
hok-chung:1.0
tsang:1.0
writes:1.6931471805599454
article:1.0
c4vir5.l3r:1.0
shuksan.ds.boeing.com:1.0
fredd:1.0
shuksan:1.0
fred:1.6931471805599454
dickey:1.0
wrote:1.0
biggest:1.0
problem:1.0
people:2.09861228866811
seem:1.0
saturn:3.4849066497880004
dealers:1.0
make:2.09861228866811
2k:2.09861228866811
car:3.302585092994046
think:1.0
agree:1.0
comparably:1.0
priced:1.6931471805599454
competitors:1.6931471805599454
arent:1.0
overpriced:1.0
compared:1.0
cars:2.386294361119891
class:1.6931471805599454
dont:1.6931471805599454
understand:1.0
point:1.6931471805599454
arguing:1.0
whether:1.0
dealer:3.5649493574615367
makes:1.0
never:1.0
understood:1.0
big:1.0
deal:1.0
profits:1.6931471805599454
either:1.0
thing:1.6931471805599454
figure:1.0
believe:2.09861228866811
minimize:1.6931471805599454
profit:3.4849066497880004
total:1.0
out-of-pocket:1.6931471805599454
expenses:1.6931471805599454
may:2.09861228866811
true:1.6931471805599454
cases:1.0
generally:1.6931471805599454
bought:1.6931471805599454
sl:1.0
january:1.0
92:1.0
time:1.0
based:1.0
studying:1.0
prices:2.09861228866811
decided:1.0
comparable:1.0
cheaply:1.0
sure:1.0
maybe:2.09861228866811
could:1.0
talked:1.0
price:2.09861228866811
wouldnt:1.0
different:1.0
whats:1.0
important:1.6931471805599454
much:1.0
money:2.9459101490553135
left:1.0
buy:2.09861228866811
reducing:2.09861228866811
saving:2.09861228866811
show:1.0
saves:1.0
ill:1.0
experience:1.0
necessarily:1.6931471805599454
save:1.6931471805599454
say:1.6931471805599454
13k:1.0
1000:2.09861228866811
would:2.09861228866811
paying:1.0
12k:1.0
isnt:1.6931471805599454
yes:1.0
competetive:1.0
well:1.6931471805599454
selling:1.0
intended:1.0
giving:1.0
2000:1.6931471805599454
since:1.0
comperable:1.0
honda:1.6931471805599454
500:1.0
expensive:1.0
worth:1.0
moreover:1.0
really:1.0
reduce:1.6931471805599454
margin:1.0
even:2.09861228866811
better:1.0
deals:1.0
already:1.0
market:1.6931471805599454
average:1.6931471805599454
1:1.0
attract:1.0
2:1.0
force:1.0
lower:1.6931471805599454
survive:1.0
owners:1.0
benefit:1.0
buyers:1.0
pay:1.6931471805599454
less:1.6931471805599454
seems:1.0
salesdroids:1.0
commision:1.6931471805599454
whereas:1.0
counterparts:1.0
dealerships:1.0
per:1.6931471805599454
hour:1.0
whatever:1.0
means:1.0
doesnt:1.6931471805599454
give:1.0
employees:1.0
taken:1.0
pass:1.0
along:1.0
pressureing:1.0
salesmen/women:1.0
depends:1.0
accounting:1.0
practices:1.0
id:1.0
rather:1.0
service:1.0
cut:1.0
corners:1.0
contain:1.0
costs:1.0
0.02:1.0
doug:1.0
2/100:1.0
cka:1.0
87:1.0
carolina:1.0
blue:1.0
civic:1.0
dx:1.0
chintan:1.0
amin:1.0
university:1.0
illinois/urbana:1.0
champaign:1.0
mail:1.0
llama:1.0
uiuc.edu:1.0
human:1.0
goodness:1.0
moral:1.0
called:1.0
insane:1.0
peart:1.0
cinderella:1.0
man:1.0
