andyh:1.6931471805599454
chaos.cs.brandeis.edu:1.6931471805599454
andrew:1.6931471805599454
j:2.09861228866811
huang:1.6931471805599454
subject:1.0
audiwatch:1.0
update:1.0
tm:1.0
11:1.0
article:1.6931471805599454
1993apr2.194838.13476:1.0
news.cs.brandeis.edu:1.0
writes:2.09861228866811
1993apr2.181037.11188:1.0
magnus.acs.ohio-state.edu:1.6931471805599454
bqueiser:1.0
brian:1.0
queiser:1.0
powell:1.6931471805599454
interlan.interlan.com:1.0
glen:1.0
kind:1.0
corporate:1.0
raiding:1.0
apparently:1.0
undertaken:1.0
vw:1.6931471805599454
shameful:1.6931471805599454
agreed:1.0
however:1.0
particular:1.0
execs:1.6931471805599454
working:1.0
iggy:1.0
many:1.0
years:1.0
left:1.0
gm:1.0
europe:1.0
go:1.0
detroit:1.0
raison:1.0
andy:1.6931471805599454
date:1.0
stealing:1.0
directly:1.0
opel:1.0
independent:1.0
lopez:1.0
