pp:1.0
cbnewsl.cb.att.com:1.0
peter.peng:1.0
subject:1.0
1990:1.6931471805599454
integra:1.6931471805599454
ls:1.6931471805599454
sale:1.6931471805599454
5:1.0
speed:1.0
sunroof:1.0
rear:1.0
spoiler:1.0
new:1.0
tires:1.0
59.7k:1.0
miles:1.0
7950:1.0
best:1.0
offer:1.0
call:1.0
908-949-0878:1.0
908-938-4101:1.0
email:1.0
att:1.0
hotsoup:1.0
peng:1.0
