mps1:1.0
cec1.wustl.edu:1.0
mihir:1.6931471805599454
pramod:1.0
shah:1.6931471805599454
subject:1.0
new:1.0
saturn:1.6931471805599454
argument:1.0
article:1.0
c50p1m.21o:1.0
noose.ecn.purdue.edu:1.0
rjwade:1.0
rainbow.ecn.purdue.edu:1.0
robert:1.0
j:1.0
wade:1.0
writes:1.0
ok:1.6931471805599454
argue:1.0
sl2:1.6931471805599454
much:1.0
lower:1.0
base:1.0
price:1.6931471805599454
sc2:1.0
1k:1.0
cheaper:1.0
forget:1.0
exact:1.0
amount:1.6931471805599454
doesnt:1.6931471805599454
cost:1.6931471805599454
extra:1.6931471805599454
doors/windows/locks/motors:1.0
etc:1.6931471805599454
4:1.0
door:1.0
perhaps:1.0
marketing:1.0
deal:1.0
people:1.6931471805599454
want:1.0
2door:1.0
pay:1.6931471805599454
1.2k:1.0
heres:1.0
understand:1.0
sl/sl1/sl2/sw1/sw2:1.0
meant:1.6931471805599454
compete:1.6931471805599454
following:1.6931471805599454
cars:2.791759469228055
honda:1.6931471805599454
civic:2.386294361119891
toyota:2.09861228866811
tercel:2.791759469228055
sl:1.0
sl1:1.6931471805599454
corolla:1.6931471805599454
nissan:1.6931471805599454
sentra:2.09861228866811
mazda:1.6931471805599454
323/protoge:1.0
subaru:1.0
loyale/impreza:1.0
isuzu:2.09861228866811
stylus:2.09861228866811
geo:1.6931471805599454
prizm:1.0
ford:1.6931471805599454
escort:1.6931471805599454
mercury:1.0
tracer:1.0
mistubishi:1.0
mirage:1.0
plymouth/dodge:1.0
colt:1.0
core:1.0
competition:1.0
models:1.6931471805599454
class:1.0
arent:1.0
first:1.0
would:1.0
think:2.09861228866811
threw:1.0
escort/tracer:1.0
good:2.09861228866811
japanese:1.6931471805599454
technology:1.0
similar:1.0
reliability:1.0
stats:1.0
didnt:1.0
include:1.0
domestic:1.0
small:1.0
cavalier:1.0
sunbird:1.0
shadow:1.0
sundance:1.0
tempo:1.0
topaz:1.0
since:1.0
going:1.0
least:1.0
degree:1.0
roots:1.0
sc1/sc2:1.6931471805599454
paseo:2.386294361119891
si/civic:1.0
coupes/del:1.0
sol:1.6931471805599454
si:1.0
nx1600/nx2000:1.6931471805599454
mx-3:1.6931471805599454
impulse:1.6931471805599454
storm:1.0
gt:1.0
look:1.0
prices:1.6931471805599454
theyre:1.6931471805599454
expensive:1.6931471805599454
4-door:1.6931471805599454
counterparts:1.0
reason:1.0
upscale:1.0
trend-driven:1.0
market:2.09861228866811
even:2.09861228866811
though:1.6931471805599454
many:1.0
based:1.0
sedan:1.6931471805599454
platforms:1.0
interior:1.0
enough:1.0
warrant:1.0
slightly:1.6931471805599454
higher:1.6931471805599454
platform:1.0
derivations:1.0
del:1.0
323:1.0
sure:1.0
one:1.0
impulse/storm:1.0
illustrate:1.0
starts:1.6931471805599454
around:1.6931471805599454
8000:1.0
11,000:1.0
less:1.6931471805599454
2-door:1.0
might:1.0
saying:1.0
offer:1.6931471805599454
power:1.0
4-doors:1.0
mean:1.0
4-dr:1.0
comparable:1.0
powerplant:1.0
sport:1.6931471805599454
coupe:1.6931471805599454
derivative:1.0
lets:1.0
take:1.0
another:1.0
example:1.0
xs:1.0
xs/storm:1.0
gsi:1.0
powerplants:1.0
1.6l:1.0
140hp:1.0
engine:1.0
smaller:1.6931471805599454
2-dr:1.0
coupes:1.0
generally:1.0
two-door:1.0
fashion-oriented:1.0
trend-setting:1.0
segment:1.0
willing:1.0
money:1.0
type:1.0
car:1.6931471805599454
short:1.0
may:1.0
hence:1.0
orientation:1.0
dictates:1.0
mechanically:1.0
equivalent:1.0
sl1/sl2:1.0
version:1.0
hope:1.0
clears:1.0
things:1.0
bit:1.0
