m-it2691:1.0
doc.cs.nyu.edu:1.0
tim:1.6931471805599454
tsai:1.0
subject:1.0
awd:2.09861228866811
bmw:1.6931471805599454
truth:1.0
rumor:1.0
3-series:1.0
94:1.0
believe:1.0
info:1.6931471805599454
published:1.0
either:1.0
popular:1.0
science:1.0
autoweek:1.0
couple:1.0
months:1.0
ago:1.0
also:1.0
friend:1.0
told:1.0
used:1.0
make:1.0
325:1.0
called:1.0
325ix:1.0
id:1.0
appreciate:1.0
car:1.0
thanks:1.6931471805599454
