qazi:2.6094379124341005
csd4.csd.uwm.edu:1.6931471805599454
aamir:2.09861228866811
hafeez:1.0
subject:1.0
difference:1.6931471805599454
lexus:1.6931471805599454
300:1.6931471805599454
series:1.0
article:1.0
1993apr5.200048.23421:1.0
ucsu.colorado.edu:1.0
lorenzo:1.6931471805599454
rintintin.colorado.edu:1.0
eric:1.0
ls300:1.0
es300:2.09861228866811
gs300:2.09861228866811
seems:1.0
cant:1.0
stop:1.0
popping:1.0
new:2.09861228866811
models:1.6931471805599454
let:1.0
put:1.0
like:1.0
similarity:1.0
three:1.6931471805599454
3-liter:1.0
engine:1.0
displacement:1.0
actually:1.0
sc300:1.6931471805599454
coupe:1.6931471805599454
funky-looking:1.0
sedan:2.386294361119891
share:1.0
3.0:1.6931471805599454
liter:1.0
inline-six:1.0
popular:1.0
small:1.0
uses:1.0
v6:1.0
shared:1.0
camry:1.0
luxury/sports:1.0
luxury:1.0
base:1.0
executive:1.0
look:1.0
completely:1.0
different:1.0
care:1.0
id:1.0
rather:1.0
watch:1.0
drying:1.0
paint:1.0
