rdb1:2.09861228866811
cbnewsj.cb.att.com:1.0
ronald.j.deblock..jr:1.0
subject:1.0
male/female:1.0
mystery:1.0
dumbest:1.0
automotive:1.0
concepts:1.0
time:1.0
article:1.0
1pq8tkinnbek:1.0
chester.ksu.ksu.edu:1.6931471805599454
bets:1.0
beth:1.6931471805599454
schwindt:1.0
writes:1.0
besides:1.0
would:1.0
men:1.0
put:1.0
crap:1.6931471805599454
wives:1.0
didnt:1.0
carry:1.0
purses:1.0
wife:1.0
rarely:1.0
carries:1.0
purse:1.0
ends:1.0
pockets:1.0
ron:1.0
deblock:1.0
homxb.att.com:1.0
thats:1.0
number:1.0
1:1.0
letter:1.0
l:1.0
bell:1.0
labs:1.0
somerset:1.0
nj:1.0
usa:1.0
