ssave:1.6931471805599454
ole.cdac.com:1.6931471805599454
devil:1.0
reincarnate:1.0
subject:1.0
quick:1.0
question:1.0
take:1.0
driver:1.0
side:1.0
door:1.0
panel:1.0
inside:1.0
87:1.0
honda:1.0
prelude:1.0
speaker:1.0
went:1.0
scratchy:1.0
want:1.0
access:1.0
pins:1.0
see:1.0
one:1.0
press:1.0
button:1.0
rest:1.0
snug:1.0
fit:1.0
