u09579:1.0
uicvm.uic.edu:1.0
subject:1.0
1989:1.6931471805599454
honda:1.6931471805599454
crx:1.0
sale:1.0
friend:1.0
david:1.0
gordon:1.0
wants:1.0
sell:1.0
details:1.0
th:1.0
e:1.0
car:1.0
follows:1.0
five:1.0
speed:1.0
a/c:1.0
am/fm/cassette:1.0
stereo:1.0
ps/pb:1.0
rear:1.0
window:1.0
defroster:1.0
excellent:1.0
condition:1.0
asking:1.0
6400.00:1.0
obo:1.0
please:1.0
call:1.0
708:1.0
257-0518:1.0
