boyle:2.386294361119891
cactus.org:2.09861228866811
craig:2.09861228866811
subject:1.0
looking:1.0
buy:1.0
dodge:1.6931471805599454
stealth:3.1972245773362196
questions:1.0
article:2.09861228866811
1993apr5.203719:1.0
usho0b.hou281.chevron.com:1.6931471805599454
hhtra:1.6931471805599454
t.m.haddock:1.6931471805599454
writes:2.09861228866811
1993apr2.030031.15691:1.0
1993apr1.104746:1.0
usho72.hou281.chevron.com:1.6931471805599454
found:1.0
mopar:1.0
spec:1.0
sheet:1.0
weekend:1.0
model:1.0
wgt:1.0
hp:2.386294361119891
3086:1.0
164:1.0
es:2.386294361119891
3186:1.0
222:1.6931471805599454
rt:2.09861228866811
3373:1.0
tt:1.0
3803:1.0
300:1.0
okay:1.0
ill:1.6931471805599454
take:1.0
word:1.0
arethe:1.0
numbers:2.386294361119891
stating:1.0
past:1.0
5-10:1.0
messages:1.0
really:2.09861228866811
angers:1.0
insisted:1.0
right:1.6931471805599454
clue:1.0
car:2.6094379124341005
weighed:1.0
didnt:1.6931471805599454
check:2.386294361119891
first:1.0
told:1.0
figures:2.386294361119891
implausible:1.0
giving:1.0
every:1.6931471805599454
chance:1.6931471805599454
retract:1.6931471805599454
widely:1.0
known:1.0
mustang:2.6094379124341005
rated:1.6931471805599454
205:1.6931471805599454
222-205:1.0
17:1.0
17hp:1.0
advantage:1.0
seems:1.0
1993:1.0
5.0:1.6931471805599454
ford:1.0
changed:1.0
testing:1.0
procedures:1.6931471805599454
older:1.0
still:1.0
rates:1.0
closer:1.0
225:1.0
means:1.0
3:1.6931471805599454
id:1.0
like:1.0
hear:1.0
better:1.0
explanatin:1.0
come:1.6931471805599454
conclusion:1.0
data:1.6931471805599454
big:1.0
threat:1.0
kod:1.0
civic:1.0
acording:1.0
c+d:2.6094379124341005
yeah:1.6931471805599454
sure:1.0
wet:1.0
dreams:1.0
thats:1.0
probably:1.0
got:1.6931471805599454
sorry:1.0
wrong:1.0
quoted:1.0
del:1.0
sol:1.0
0-60:1.6931471805599454
8.1:1.0
according:2.09861228866811
interestingly:1.0
faster:1.0
samerun:1.0
8.5:1.0
seconds:1.0
kind:1.6931471805599454
embarassing:1.0
isnt:1.0
posting:1.6931471805599454
makes:1.0
look:1.6931471805599454
stupid:1.0
caught:1.0
twice:1.0
11.2:1.0
second:1.0
c:1.0
ds:1.0
5/91:1.0
issue:1.6931471805599454
strange:1.6931471805599454
claim:1.0
checked:1.0
go:2.09861228866811
ahead:1.0
asshole:1.0
youll:1.0
realize:1.6931471805599454
idiot:1.0
checking:1.0
beforeposting:1.0
drive:1.6931471805599454
may:1.6931471805599454
91:1.0
222hp:2.386294361119891
automatic:1.0
posts:1.0
youve:1.0
harping:1.0
1991:1.0
driver:1.0
2:1.0
without:1.0
prove:1.0
aint:1.0
guts:1.0
admit:1.0
thought:1.0
insist:1.0
gave:1.0
auto:1.0
8.5/16.4:1.0
wonder:1.0
couldnt:1.6931471805599454
find:1.0
9k:1.6931471805599454
sentra:2.09861228866811
run:1.6931471805599454
16.7:1.0
se-r:1.6931471805599454
saturn:1.0
15s:1.0
dont:1.6931471805599454
think:1.0
sports:1.6931471805599454
easily:1.0
beaten:1.0
weights:1.0
less:1.0
power:1.0
much:1.0
quicker:1.6931471805599454
care:1.0
explain:1.0
abusive:1.0
try:1.0
rational:1.0
explanation:1.0
went:1.0
mystery:1.0
alot:1.0
fwd:1.0
close:1.0
sentra-e:1.0
report:1.0
please:1.0
im:1.0
going:1.0
play:1.0
game:1.0
way:1.0
sentras:1.0
slow:1.0
took:1.6931471805599454
test:1.0
21.7:1.0
0-50:1.0
even:1.0
hyundai:1.0
excel:1.0
blows:1.0
doors:1.0
guess:1.0
drove:1.0
5:1.0
speed:1.0
shift:1.0
