ct22:2.386294361119891
cunixa.cc.columbia.edu:2.09861228866811
constantino:2.386294361119891
tobio:2.386294361119891
subject:2.386294361119891
quick:2.791759469228055
question:2.791759469228055
newsgroups:2.386294361119891
rec.autos:2.386294361119891
rec.autos.vw:2.386294361119891
summary:2.09861228866811
expires:1.6931471805599454
references:1.6931471805599454
1993apr5.211457.12789:2.386294361119891
ole.cdac.com:3.0794415416798357
sender:1.6931471805599454
reply-to:1.6931471805599454
followup-to:2.09861228866811
distribution:2.09861228866811
organization:2.09861228866811
columbia:2.09861228866811
university:2.09861228866811
keywords:2.09861228866811
removing:1.6931471805599454
panels:1.6931471805599454
article:1.6931471805599454
ssave:2.386294361119891
devil:1.6931471805599454
reincarnate:1.6931471805599454
writes:1.6931471805599454
take:1.6931471805599454
driver:1.6931471805599454
side:1.6931471805599454
door:1.6931471805599454
panel:1.6931471805599454
inside:1.6931471805599454
87:1.6931471805599454
honda:1.6931471805599454
prelude:1.6931471805599454
speaker:1.6931471805599454
went:1.6931471805599454
scratchy:1.6931471805599454
want:1.6931471805599454
access:1.6931471805599454
pins:1.6931471805599454
see:1.6931471805599454
one:1.6931471805599454
press:1.6931471805599454
button:1.6931471805599454
rest:1.6931471805599454
snug:1.6931471805599454
fit:1.6931471805599454
posting:1.6931471805599454
vw:1.6931471805599454
newsgroup:1.6931471805599454
world:1.0
jr:1.0
columbia.edu:1.0
tremble:1.0
weaklings:1.0
cower:1.0
fear:1.0
ruler:1.0
land:1.0
sea:1.0
air:1.0
immense:1.0
girth:1.0
erect:1.0
stand:1.0
tall:1.0
im:1.0
nuclear:1.0
murderer:1.0
polaris:1.0
megadeth:1.0
rust:1.0
peace:1.0
