finnegan:2.09861228866811
invader.navo.navy.mil:1.0
kenneth:1.6931471805599454
subject:1.0
5w30:1.0
10w40:1.0
20w50:1.6931471805599454
additional:1.0
data:1.0
point:1.0
run:1.0
castrol:1.0
exclusively:1.0
following:1.0
cars:1.0
75:1.0
rabbit:1.6931471805599454
78:1.6931471805599454
scirocco:1.0
76:1.6931471805599454
bus:1.6931471805599454
70:1.0
beetle:1.0
86:1.0
jetta:1.0
gli:1.0
ive:1.0
never:1.0
oil-related:1.0
problem:1.0
disclaimer:1.0
gets:1.0
mighty:1.0
hot:1.0
navo.navy.mil:1.0
