welty:2.386294361119891
cabot.balltown.cma.com:1.6931471805599454
richard:2.09861228866811
subject:1.0
saturns:2.09861228866811
pricing:1.0
policy:1.0
article:1.0
1993apr5.230808.581:1.0
cs.brown.edu:1.6931471805599454
cs012055:1.0
hok-chung:1.0
tsang:1.0
writes:1.0
moreover:1.0
saturn:1.6931471805599454
really:1.0
reduce:1.6931471805599454
dealer:1.6931471805599454
profit:1.6931471805599454
margin:1.0
1000:1.6931471805599454
cars:1.6931471805599454
even:1.6931471805599454
better:1.0
deals:1.0
say:1.0
price:1.0
already:1.6931471805599454
market:1.6931471805599454
average:1.6931471805599454
class:1.0
would:1.6931471805599454
2000:1.0
1:1.0
attract:1.0
people:1.0
buy:1.0
save:1.0
money:1.0
2:1.0
force:1.0
competitors:1.0
lower:1.6931471805599454
prices:1.6931471805599454
survive:1.0
motivation:1.6931471805599454
theyre:1.0
selling:1.0
every:1.0
car:1.6931471805599454
make:1.0
multiple:1.0
shifts:1.0
plant:1.0
given:1.0
possible:1.0
could:1.0
cheers:1.0
518-393-7228:1.0
nothing:1.0
good:1.0
ever:1.0
reported:1.0
full:1.0
rotation:1.0
race:1.0
either:1.0
pitch:1.0
roll:1.0
axis:1.0
carroll:1.0
smith:1.0
