jnielsen:1.0
magnus.acs.ohio-state.edu:1.0
john:2.09861228866811
f:1.0
nielsen:1.6931471805599454
subject:1.0
integra:1.0
gsr:2.09861228866811
article:1.0
1993apr6.035020.16730:1.0
cactus.org:1.6931471805599454
boyle:1.6931471805599454
craig:1.0
writes:1.0
miles:1.0
rare:1.0
screw:1.0
honda:1.0
gtz:1.6931471805599454
flawed:1.0
cars:1.0
performance:1.0
enthusiasts:1.0
would:2.09861228866811
take:1.0
cr:1.6931471805599454
purchase:1.6931471805599454
ford:1.0
probe:1.0
gt:1.0
magnus:1.0
consultant:1.0
baldrick:1.0
renaissance:1.0
something:1.0
happened:1.0
people:1.0
wasnt:1.0
black:1.0
adder:1.0
