nuet_ke:1.6931471805599454
pts.mot.com:1.6931471805599454
keith:1.6931471805599454
nuetzman:1.6931471805599454
x3153:1.0
p7625:1.0
subject:1.6931471805599454
lois:1.0
chevrolet:2.09861228866811
little:1.0
bit:1.0
goes:1.0
yes:1.6931471805599454
one:1.0
i.e:1.0
motor:1.0
div:1.0
also:1.6931471805599454
brother:1.0
gaston:1.0
raced:1.0
indy:1.6931471805599454
winner:1.0
1920:1.0
seen:1.0
name:1.0
arthur:1.0
early:1.0
teens:1.0
1911:1.0
assume:1.0
related:1.0
motorola:1.0
inc:1.0
paging:1.0
wireless:1.0
data:1.0
group:1.0
boynton:1.0
beach:1.0
fl:1.0
see:1.0
ya:1.0
500:1.0
400:1.0
