ak296:1.0
yfn.ysu.edu:1.0
john:1.0
r:1.0
daker:1.0
subject:1.0
license:1.6931471805599454
plates:1.0
previous:1.0
article:1.0
edf003:1.0
marshall.wvnet.edu:1.0
says:1.0
hi:1.0
im:1.0
interested:1.0
getting:1.6931471805599454
list:1.0
plate:1.0
numbers:1.0
anyone:1.0
listing:1.0
id:1.0
appreciate:1.0
copy:1.0
thanks:1.0
must:1.0
incredibly:1.0
bored:1.0
considered:1.0
reading:1.0
phone:1.0
book:1.0
dod:1.0
650:1.0
darkman:1.0
significant:1.0
problems:1.0
face:1.0
solved:1.0
level:1.0
thinking:1.0
created:1.0
albert:1.0
einstein:1.0
eternal:1.0
champion:1.0
