hkon:1.0
athena.mit.edu:1.0
henry:1.6931471805599454
kon:1.6931471805599454
subject:1.0
83:1.0
tercel:1.0
sunroof:1.0
leaks:1.6931471805599454
arrggh:1.0
simple:1.0
way:1.6931471805599454
tooput:1.0
sunroofs:1.0
misery:1.0
tend:1.0
old:1.0
gaskets:1.0
inadequate:1.0
mechanical:1.0
seals:1.0
halt:1.0
rain:1.0
thanks:1.0
hk:1.0
bruno:1.0
office:1.0
617-253-2781:1.0
machine:1.6931471805599454
home:1.0
617-625-3972:1.0
