ak296:1.0
yfn.ysu.edu:1.0
john:1.0
r:1.0
daker:1.0
subject:1.0
isuzu:1.0
amigo:1.6931471805599454
opinions:1.0
sought:1.0
previous:1.0
article:1.0
sdexter:1.0
shl.com:1.0
scott:1.0
dexter:1.0
says:1.0
like:1.6931471805599454
would:1.0
feedback:1.6931471805599454
appreciated:1.0
yet:1.0
another:1.0
jeep:1.0
wannabe:1.0
designed:1.0
yuppies:1.0
never:1.0
take:1.0
road:1.0
want:1.0
look:1.0
outdoorsey:1.0
dod:1.0
650:1.0
darkman:1.0
significant:1.0
problems:1.0
face:1.0
solved:1.0
level:1.0
thinking:1.0
created:1.0
albert:1.0
einstein:1.0
eternal:1.0
champion:1.0
