bw662:1.0
cleveland.freenet.edu:1.0
bill:1.0
cray:1.0
subject:1.0
thinking:1.0
buying:1.0
intrepid:1.6931471805599454
good:1.0
bad:1.0
idea:1.0
bought:1.0
two:1.0
months:1.0
ago:1.0
happy:1.0
lots:1.6931471805599454
room:1.0
inside:1.0
even:1.0
smaller:1.0
engine:1.0
enough:1.0
power:1.0
problem:1.0
found:1.0
small:1.0
selection:1.0
dealers:1.0
hot:1.0
sellers:1.0
around:1.0
