bcars194.bnr.ca:1.0
skanes:1.0
subject:1.0
jeep:1.6931471805599454
laredo:1.6931471805599454
experiences:1.6931471805599454
looking:1.0
buying:1.0
1989:1.0
wondering:1.0
anyone:1.0
bad:1.0
good:1.0
model:1.0
much:1.0
different:1.0
yjs:1.0
looks:1.0
feels:1.0
sounds:1.0
like:1.0
nice:1.0
vehicle:1.0
even:1.0
thought:1.0
price:1.0
rather:1.0
steep:1.0
89:1.0
12k:1.0
canadian:1.0
bnr.ca:1.0
