hagenjd:1.6931471805599454
wfu.edu:1.0
jeff:1.6931471805599454
hagen:1.6931471805599454
subject:1.0
bmws:1.0
new:1.6931471805599454
plant:1.6931471805599454
greer:1.0
sc:1.0
anyone:1.0
reading:1.0
message:1.0
involved:1.0
bmw:1.6931471805599454
corporate:1.0
even:1.0
net-connection:1.0
desperately:1.0
seeking:1.0
info:1.0
ac.wfu.edu:1.0
