welty:2.386294361119891
cabot.balltown.cma.com:1.6931471805599454
richard:1.6931471805599454
subject:1.0
rec.autos:1.6931471805599454
archive:2.09861228866811
server:2.09861228866811
archive-name:1.0
rec-autos/part3:1.0
automotive:1.6931471805599454
articles:1.0
process:1.0
rehosted:1.0
presently:1.0
available:1.0
518-393-7228:1.0
nothing:1.0
good:1.0
ever:1.0
reported:1.0
full:1.0
rotation:1.0
race:1.0
car:1.0
either:1.0
pitch:1.0
roll:1.0
axis:1.0
carroll:1.0
smith:1.0
