gwalker:1.0
rtfm.mlb.fl.us:1.0
grayson:1.0
walker:1.0
subject:1.0
changing:1.0
oil:1.0
self:1.0
ah:1.0
yes:1.0
big:1.0
chunks:1.0
sump:1.6931471805599454
solution:1.0
simple:1.0
sort:1.0
like:1.0
advice:1.0
aunt:1.0
always:1.0
gave:1.0
never:1.0
scratch:1.0
ear:1.0
anything:1.6931471805599454
except:1.0
elbow:1.0
pieces:1.6931471805599454
ring:1.0
con:1.0
rods:1.0
valve:1.0
heads:1.0
stems:1.0
reach:1.0
hole:1.6931471805599454
block:1.6931471805599454
associated:1.0
creation:1.0
large:1.0
bits:1.0
cant:1.0
remove:1.0
one:1.0
hand:1.0
may:1.0
safely:1.0
left:1.0
place:1.0
