ip02:1.6931471805599454
ns1.cc.lehigh.edu:1.0
danny:2.09861228866811
phornprapha:1.6931471805599454
subject:1.0
im:2.09861228866811
getting:1.0
car:1.6931471805599454
need:1.0
opinions:1.0
30,000:1.0
budget:1.0
looking:1.6931471805599454
sports:1.0
gt:1.0
think:1.0
would:1.0
best:1.0
buy:1.0
specific:1.0
models:1.0
thanks:1.0
hey:1.0
programmers:1.0
please:1.0
consider:1.0
lehigh.edu:1.0
bugs:1.0
another:1.0
endangered:1.0
earth:1.0
lucc:1.0
student:1.0
konsultant:1.0
species:1.0
needing:1.0
protection:1.0
work:1.0
215:1.0
758-4141:1.0
