sawicki:1.6931471805599454
naspac.tc.faa.gov:1.0
michael:1.0
j:1.0
cta:1.0
subject:1.0
regal:1.6931471805599454
fiberglass:2.09861228866811
parts:1.6931471805599454
1982:1.0
interested:1.0
buying:1.0
hood:1.0
trunk:1.0
bumpers:1.0
anybody:1.0
know:1.0
company:1.0
makes:1.0
regals:1.0
thanks:1.0
advance:1.0
mike:1.0
