eliot:2.09861228866811
stalfos.engr.washington.edu:1.0
subject:1.0
open:1.0
letter:1.0
nissan:1.0
really:1.0
station:1.0
wagon:1.6931471805599454
weeks:1.0
autoweek:1.0
talks:1.0
wagons:1.0
getting:1.0
back:1.0
vogue:1.0
wouldnt:1.0
mind:1.0
audi:1.0
s4:1.0
great:1.0
stealth:1.0
value:1.0
youll:1.0
never:1.0
catch:1.0
dead:1.0
minivan:1.0
