jchen:1.0
wind.bellcore.com:1.0
jason:1.6931471805599454
chen:1.6931471805599454
subject:1.0
open:1.0
letter:1.0
nissan:1.0
really:1.0
station:2.09861228866811
wagon:2.09861228866811
popularity:1.0
minivans:1.6931471805599454
market:1.0
room:1.0
wagons:1.0
squeezed:1.0
comfortable:1.0
sedan:1.0
dont:1.0
carry:1.0
much:1.0
say:1.0
nobody:1.0
wants:1.0
anymore:1.0
demand:1.0
certainly:1.0
hampered:1.0
minivan:1.0
may:1.0
economical:1.0
build:1.0
product:1.0
owner:1.0
