rremaley:1.6931471805599454
bcm.tmc.edu:1.6931471805599454
subject:1.0
6700:1.0
hail:1.0
damage:1.0
record:1.0
great:1.0
storm:1.0
mazda:1.0
mpv:1.0
damaged:1.0
bad:1.0
going:1.0
replace:1.0
top:1.0
doors:1.0
hood:1.0
black:1.0
repaint:1.0
entire:1.0
vehicle:1.0
estimated:1.0
cost:1.0
around:1.0
7000:1.0
repair:1.0
time:1.0
approx:1.0
3:1.0
4:1.0
weeks:1.0
