dduff:1.0
col.hp.com:1.0
dave:1.0
duff:1.0
subject:1.0
taurus/sable:1.0
rotor:1.0
recall:1.0
get:1.0
20:1.0
taurus/sables:1.0
fleet:1.0
cars:1.6931471805599454
site:1.0
every:1.0
year:1.6931471805599454
company:1.0
sells:1.0
later:1.0
employees:1.0
folks:1.0
know:1.0
drive/buy:1.0
complaints:1.0
seem:1.0
drive:1.0
real:1.0
nice:1.0
