wrat:1.0
unisql.uucp:1.0
wharfie:1.0
subject:1.0
sho:1.0
clutch:1.6931471805599454
question:1.0
grinding:1.0
noise:2.09861228866811
article:1.0
c5h6f8.ldu:1.0
news.rich.bnr.ca:1.0
jcyuhn:1.0
crchh574.nosubdomain.nodomain:1.0
james:1.0
yuhn:1.0
writes:1.0
thats:1.0
youre:1.0
hearing:1.0
gearbox:1.0
early:1.0
shos:1.6931471805599454
lot:1.0
referred:1.0
gear:1.0
rollover:1.0
generally:1.0
one:1.0
first:1.0
built:1.0
mine:1.0
doesnt:1.0
make:1.0
