subject:1.0
curious:1.0
maria:1.6931471805599454
alice:1.6931471805599454
ruth:1.6931471805599454
mao111:1.6931471805599454
psuvm.psu.edu:1.6931471805599454
please:1.6931471805599454
satisfy:1.0
curiosity:1.0
im:1.0
interested:1.6931471805599454
finding:1.0
using:1.6931471805599454
e-mail:1.6931471805599454
system:2.6094379124341005
flood:1.0
mail:1.0
april:1.0
21st:1.0
thanks:1.0
psuvm.bitnet:1.0
1:1.0
male:2.09861228866811
female:2.09861228866811
2:1.0
long:1.0
3:1.0
access:1.0
work:1.0
school:1.0
etc:1.0
4:1.0
taught:1.0
use:1.0
person:1.6931471805599454
5:1.0
helped:1.0
anyone:1.0
learn:1.0
6:1.0
net:1.0
find:1.0
questions:1.0
7:1.0
nets:1.0
8:1.0
often:1.0
read/post:1.0
