wrat:1.0
unisql.uucp:1.0
wharfie:1.0
subject:1.0
fast:1.0
article:1.0
1993apr14.152328.15997:1.0
magnus.acs.ohio-state.edu:1.6931471805599454
jnielsen:1.0
john:1.0
f:1.0
nielsen:1.0
writes:1.0
may:1.0
case:1.0
speed:1.6931471805599454
limit:1.0
sign:1.0
necessary:1.0
take:1.0
away:1.6931471805599454
entirely:1.0
yeah:1.0
youre:1.0
right:1.0
limits:1.0
would:1.0
mean:1.0
huge:1.0
tax:1.0
increases:1.0
municipalities:1.0
tried:1.0
make:1.0
revenue:1.0
used:1.0
gouge:1.0
passing:1.0
motorists:1.0
