rmt6r:1.0
faraday.clas.virginia.edu:1.0
roy:1.0
matthew:1.0
thigpen:1.0
subject:1.0
chrysler:1.0
new:1.6931471805599454
yorker:1.6931471805599454
lhs:1.0
chryslers:1.0
compact:1.0
lh:1.0
sedans:1.0
warren:1.0
brown:1.0
washington:1.0
posts:1.0
auto:1.6931471805599454
writer:1.6931471805599454
first:1.0
journalist:1.0
get:1.0
hands:1.0
youd:1.0
like:1.0
impressions:1.0
review:1.0
appeared:1.0
fridays:1.0
paper:1.0
weekend:1.0
section:1.0
traditional:1.0
enjoy:1.0
