subject:1.0
traffic:1.6931471805599454
rules:1.6931471805599454
intersections:2.09861228866811
jsv:1.6931471805599454
math.canterbury.ac.nz:1.6931471805599454
julian:1.6931471805599454
visch:1.6931471805599454
presently:1.0
masters:1.0
thesis:1.0
new:1.0
zealand:1.0
lot:1.0
books:1.0
researching:1.0
america:1.0
australia:1.0
wondering:1.0
anyone:1.0
could:1.0
please:1.0
tell:1.0
road:1.0
either:1.0
country:1.0
regard:1.0
thanks:1.0
