rwf2:1.0
ns1.cc.lehigh.edu:1.0
robert:1.0
william:1.0
fusi:1.0
subject:1.0
fast:1.0
article:1.0
3090:1.0
shaman.wv.tek.com:1.0
andrew:2.386294361119891
frip.wv.tek.com:1.6931471805599454
klossner:1.6931471805599454
wr:1.0
ites:1.0
ask:1.0
speed:1.0
130:1.0
rush:1.0
cocaine:1.6931471805599454
whats:1.0
point:1.0
dont:1.0
know:1.0
