sprec-j:1.6931471805599454
acsu.buffalo.edu:1.6931471805599454
joel:2.09861228866811
sprechman:1.6931471805599454
subject:1.0
cleaning:1.6931471805599454
eurowiper:1.6931471805599454
boots:1.6931471805599454
white:1.6931471805599454
throw:1.0
away:1.0
first:1.0
pair:1.6931471805599454
since:1.6931471805599454
found:1.0
way:2.09861228866811
looked:1.0
almost:1.0
black:1.6931471805599454
second:1.0
ones:1.6931471805599454
dirty:1.0
need:1.0
clean:1.0
w/o:1.0
removing:1.0
cut:1.0
remove:1.0
buy:1.0
thanks:1.0
university:1.0
buffalo:1.0
v069pff7:1.0
ubvms.cc.buffalo.edu:1.0
black/white:1.0
thing:1.6931471805599454
homosapian:1.0
takes:1.0
big:1.0
man:2.09861228866811
cry:1.0
even:1.0
bigger:1.0
laugh:1.0
jack:1.0
handy:1.0
