adn6285:1.0
ritvax.isc.rit.edu:1.0
subject:1.0
mr2:1.6931471805599454
parts:2.09861228866811
anyone:1.0
know:1.0
dead:1.0
first:1.0
generation:1.0
need:1.0
body:1.0
steering:1.0
rack:1.0
minor:1.0
pieces:1.0
buy:1.0
car:1.0
owner:1.0
backed:1.0
3:1.0
month:1.0
pulling:1.0
leg:1.0
arrrrgh:1.0
mike.s:1.0
