markm:1.0
latium:1.0
mark:1.6931471805599454
monninger:1.0
subject:1.0
bimmer:1.6931471805599454
vs:1.0
beamer:1.0
although:1.0
direct:1.0
response:1.0
referenced:1.0
article:1.0
set:1.0
record:1.0
straight:1.6931471805599454
beamers:1.0
bmw:1.6931471805599454
motorcycles:1.0
cars:1.0
bimmers:1.0
please:1.0
lets:1.0
get:1.0
terms:1.0
actually:1.0
purists:1.0
would:1.0
argue:1.0
true:1.0
round:1.0
tail:1.0
light:1.0
2002:1.0
1600:1.0
