grady:2.386294361119891
world.std.com:1.6931471805599454
dick:1.6931471805599454
subject:1.0
seating:1.0
ergonomics:1.0
headroom:2.09861228866811
article:1.0
930411.153152.amiller:1.0
almaden.ibm.com:1.6931471805599454
amiller:1.0
alex:1.0
miller:1.0
writes:1.0
physical:1.0
therapist:1.0
suggested:1.0
good:1.6931471805599454
driving:1.0
position:1.0
back:1.0
nearly:1.0
vertical:1.0
knees:1.0
much:1.0
higher:1.0
hips:1.0
cars:1.0
particularly:1.0
respect:1.0
well:1.0
designed:1.0
seat:1.6931471805599454
height:1.0
take:1.0
look:1.0
mini-vans:1.0
sat:1.0
dodge:1.0
caravan:1.0
high:1.0
plenty:1.0
salem:1.0
nh:1.0
usa:1.0
many:1.0
newsgroups:1.0
little:1.0
time:1.0
