barnesm:1.6931471805599454
sun.com:1.0
mark:1.6931471805599454
barnes:1.6931471805599454
sunsoft:1.6931471805599454
subject:1.0
warning:1.0
please:1.0
read:1.0
san:1.0
francisco:1.0
recently:1.0
finest:1.0
examples:1.0
humanity:1.0
poured:1.0
oil:1.0
road:1.0
vehicles:1.6931471805599454
going:1.0
uphill:1.0
would:1.6931471805599454
suddnely:1.0
become:1.0
immobile:1.0
walk:1.0
right:1.0
make:1.0
demands:1.0
known:1.0
system:1.0
engineer:1.0
insert:1.0
standard:1.0
disclaimers:1.0
corporate:1.0
technical:1.0
escalations:1.0
speak:1.0
individual:1.0
menlo:1.0
park:1.0
ca:1.0
usa:1.0
company:1.0
work:1.0
vavau.corp.sun.com:1.0
