brian:2.386294361119891
gothamcity.jsc.nasa.gov:1.6931471805599454
donnell:1.6931471805599454
subject:1.0
sale:1.0
91:1.6931471805599454
celica:1.0
repair:1.6931471805599454
manuals:2.09861228866811
two-volume:1.0
soft-cover:1.0
models:1.6931471805599454
toyota:1.6931471805599454
celicas:1.0
probably:1.0
good:1.0
92:1.0
well:1.0
like:1.0
new:1.6931471805599454
condition:1.0
used:1.0
dealers:1.0
mechanics:1.0
normally:1.0
cost:1.0
80:1.0
50:1.0
obo:1.0
