hong:1.6931471805599454
remus.rutgers.edu:1.0
hyunki:1.0
subject:1.0
vw:2.09861228866811
passat:2.09861228866811
advice:1.0
sought:1.0
currently:1.0
car:1.6931471805599454
market:1.0
would:1.0
like:1.0
opinions:1.0
glx:1.0
compare:1.0
toyota:1.0
camry:1.0
thought:1.0
looked:1.0
solid:1.0
stable:1.0
european:1.0
disappointment:1.0
far:1.0
doesnt:1.0
offer:1.0
airbao:1.0
next:1.0
question:1.0
isnt:1.0
offering:1.0
automobiles:1.0
airbags:1.0
pay:1.0
extra:1.0
three:1.0
thousand:1.0
bmw:1.0
318:1.0
even:1.0
though:1.0
smaller:1.0
less:1.0
powerful:1.0
