grady:2.386294361119891
world.std.com:1.6931471805599454
dick:1.6931471805599454
subject:1.0
dumbest:1.0
automotive:1.0
concepts:1.0
time:1.6931471805599454
article:1.0
0w2z2b1w164w:1.0
cellar.org:1.6931471805599454
blu:1.0
dan:1.0
reed:1.0
writes:1.0
fact:1.0
leave:1.0
valet:1.0
key:1.0
glovebox:1.0
whenever:1.0
need:1.0
make:1.0
easy:1.0
car:1.0
thief:1.0
saves:1.0
him/her:1.0
trouble:1.0
popping:1.0
ignition:1.0
salem:1.0
nh:1.0
usa:1.0
many:1.0
newsgroups:1.0
little:1.0
