edwards:1.6931471805599454
world.std.com:1.0
jonathan:1.6931471805599454
subject:1.0
toyota:1.6931471805599454
land:2.09861228866811
cruiser:1.6931471805599454
worth:1.0
response:1.0
post:1.0
suvs:1.0
got:1.0
several:1.0
unsolicited:1.0
recommendations:1.0
check:1.0
despite:1.0
astronomical:1.0
price:1.0
dealer:1.0
told:1.0
cult:1.0
car:1.6931471805599454
good:1.0
enough:1.0
create:1.0
passionate:1.0
loyal:1.0
following:1.0
must:1.0
something:1.0
really:1.0
extraordinary:1.0
crusher:1.0
cultists:1.0
chance:1.0
convert:1.0
edwardsedwards:1.0
intranet.com:1.0
intranet:1.0
inc617-527-7020:1.0
