maloney:2.09861228866811
badlands.nodak.edu:1.6931471805599454
pat:1.0
subject:1.0
pontiac:1.6931471805599454
e-mail:1.6931471805599454
car:1.6931471805599454
clubs:1.6931471805599454
interested:1.0
know:1.0
anyone:1.0
started:1.0
one:1.6931471805599454
anybody:1.0
thinking:1.0
starting:1.0
thanks:1.0
info:1.0
give:1.0
