wrat:1.0
unisql.uucp:1.0
wharfie:1.0
subject:1.0
fast:2.386294361119891
article:1.0
1qh61m:1.0
b6l:1.0
armory.centerline.com:1.0
jimf:1.0
centerline.com:1.0
jim:1.0
frost:1.0
writes:1.0
bit:1.0
hard:1.0
prove:1.0
point:1.0
like:1.6931471805599454
compare:1.6931471805599454
hoping:1.0
something:1.0
chassis:1.0
exhibits:1.0
x:1.0
degrees:1.0
flex:1.0
subjected:1.0
forces:1.6931471805599454
units:1.6931471805599454
begin:1.0
manifest:1.0
z:1.0
miles:1.0
per:1.0
hour:1.0
well:2.09861228866811
gee:1.6931471805599454
wasnt:1.6931471805599454
designed:2.09861228866811
go:1.6931471805599454
uhh:1.0
porsche:1.6931471805599454
know:1.0
come:1.6931471805599454
better:2.09861228866811
seatbelts:1.0
supportive:1.6931471805599454
seats:1.6931471805599454
stronger:1.0
passenger:1.6931471805599454
compartment:1.6931471805599454
cage:1.0
brakes:1.6931471805599454
stiffer:1.6931471805599454
suspension:1.6931471805599454
different:1.6931471805599454
tires:1.6931471805599454
body:1.6931471805599454
design:1.6931471805599454
takes:1.6931471805599454
advantage:1.6931471805599454
aero:1.6931471805599454
effects:1.6931471805599454
keep:1.6931471805599454
car:2.09861228866811
ground:1.6931471805599454
compared:1.0
normal:1.0
taurus:1.6931471805599454
sho:1.0
comes:1.0
least:1.6931471805599454
think:1.6931471805599454
thats:1.0
boy-racer:1.0
plastic:1.0
youre:1.0
kidding:1.0
road:1.0
made:1.6931471805599454
withstand:1.0
130:1.0
mph:1.6931471805599454
impacts:1.0
either:1.0
911:1.0
tell:1.0
oh:1.0
right:1.0
120,000:1.0
dollar:1.0
cars:1.0
driven:1.0
drive:1.0
goddamn:1.0
rabbits:1.0
120:1.0
europe:1.0
pal:1.0
reckon:1.0
capable:1.0
rabbit:1.0
certainly:1.0
havent:1.0
convinced:1.0
course:1.0
speeding-is-bad:1.0
speeding-is-illegal:1.0
i-will-not-speed:1.0
i-love-big-brother:1.0
mind:1.0
already:1.0
interesting:1.0
lots:1.0
roads:1.0
west:1.0
speed:1.0
limits:1.0
1975:1.0
wr:1.0
