mad9a:1.6931471805599454
fermi.clas.virginia.edu:1.6931471805599454
michael:1.0
davis:1.6931471805599454
subject:1.0
slick:1.6931471805599454
50:1.6931471805599454
good:1.0
chances:1.0
discussed:1.0
death:1.0
already:1.0
could:1.0
someone:1.0
kept:1.0
discussion:1.0
mail:1.0
direct:1.0
archive:1.0
site:1.0
basically:1.0
wondering:1.0
really:1.0
says:1.0
also:1.0
data:1.0
support:1.0
claim:1.0
thanks:1.0
info:1.0
mike:1.0
