rts:1.6931471805599454
nwu.edu:1.6931471805599454
ted:1.6931471805599454
schreiber:1.6931471805599454
subject:1.0
opinions:1.6931471805599454
recent:2.09861228866811
alfa:2.09861228866811
spiders:1.6931471805599454
anyone:1.0
fairly:1.0
model:1.0
86:1.0
reliablilty:1.0
class:1.0
im:1.0
talking:1.0
vs:1.0
toyota:1.0
corrola:1.0
relaible:1.0
far:1.0
discern:1.0
years:1.0
3:1.0
levels:1.0
basically:1.0
mechanical:1.6931471805599454
aspects:1.0
please:1.0
email:1.6931471805599454
responses:1.0
enginering:1.0
northwestern:1.0
university:1.0
tel:1.0
708.491.5386:1.0
fax:1.0
708.491.3915:1.0
