rmt6r:1.0
faraday.clas.virginia.edu:1.0
roy:1.6931471805599454
matthew:1.0
thigpen:1.0
subject:1.0
viper:1.6931471805599454
last:1.0
night:1.0
dream:1.6931471805599454
dad:1.0
bought:1.0
took:1.0
test:1.0
drive:1.0
without:1.0
knowledge:1.0
push:1.0
way:1.0
home:1.0
avoid:1.0
ticket:1.0
wierd:1.0
wonder:1.0
means:1.0
