barnesm:1.0
sun.com:1.0
mark:1.6931471805599454
barnes:1.0
sunsoft:1.0
subject:1.0
lh:1.6931471805599454
workmanship:1.0
following:1.0
example:1.0
day:1.0
noticed:1.0
fit:1.0
tunk:1.0
lid:1.0
rear:1.0
bumper:1.0
gap:1.0
quite:1.0
small:1.0
left:1.0
side:1.0
much:1.0
larger:1.0
right:1.0
blech:1.0
