6500alh:1.0
ucsbuxa.ucsb.edu:1.0
archie:1.6931471805599454
holmes:1.6931471805599454
subject:1.0
prizms:1.6931471805599454
radio:1.0
question:1.0
lloking:1.0
geo:1.0
prizm:1.0
lsi:1.0
today:1.0
nice:1.0
anyway:1.0
questions:1.0
salesperson:1.0
couldnt:1.0
answer:1.6931471805599454
theft:1.0
deterrent:1.0
audio:1.0
systems:1.0
work:1.0
cant:1.0
find:1.0
geos:1.0
lterature:1.0
thanks:1.0
advance:1.0
