u37955:1.0
uicvm.uic.edu:1.0
subject:1.0
internal:1.6931471805599454
leak:1.6931471805599454
carburetor:2.386294361119891
hi:1.0
friends:1.0
1983:1.0
toyota:1.0
tercel:1.0
accelerates:1.0
without:1.6931471805599454
using:1.0
gas:1.0
peddel:1.0
repairman:1.0
said:1.0
air:1.0
needs:1.0
new:1.0
costs:1.0
650:1.0
likes:1.0
know:1.0
possible:1.0
fix:1.0
problem:1.0
replacing:1.0
whole:1.0
thank:1.0
