harv:2.09861228866811
cup.portal.com:1.0
r:1.0
laser:1.0
subject:1.0
dumbest:1.0
automotive:1.0
concepts:1.0
time:1.0
reverse:1.6931471805599454
lights:2.386294361119891
warn:1.0
others:1.0
backing:1.6931471805599454
arent:1.6931471805599454
bright:1.6931471805599454
enough:1.6931471805599454
typically:1.0
see:2.09861228866811
without:1.0
brake:1.0
tail:1.0
craig:1.0
perhaps:1.6931471805599454
instead:1.0
silly:1.0
argument:1.0
backup:2.09861228866811
couldnt:1.0
agree:1.0
serve:1.0
dual:1.0
purpose:1.0
letting:1.0
people:1.0
behind:2.09861228866811
car:2.09861228866811
know:1.0
also:1.0
light:1.0
area:1.6931471805599454
youre:1.0
lamps:2.09861228866811
current:1.0
models:1.0
much:1.6931471805599454
brighter:1.6931471805599454
used:1.0
older:1.0
cars:2.09861228866811
taurus:1.0
wagon:1.0
quite:1.0
illuminate:1.0
good:1.0
theyre:1.0
earlier:1.6931471805599454
60s:1.0
70s:1.0
insofar:1.0
vettes:1.0
side:2.09861228866811
look:1.0
92:1.0
93:1.0
model:1.0
year:1.0
two:1.0
youll:1.0
red:1.0
marker:1.6931471805599454
white:1.6931471805599454
near:1.0
hindquarters:1.0
reflectors:1.0
