dbernard:1.0
clesun.central.sun.com:1.0
dave:1.0
bernard:1.0
subject:1.0
ad:1.0
said:1.0
nissan:2.09861228866811
altima:1.6931471805599454
best:1.6931471805599454
seller:1.0
puzzled:1.0
obvious:1.0
untruth:1.0
think:1.6931471805599454
going:1.0
claims:1.0
selling:1.0
new:2.09861228866811
car:1.0
namelplate:1.0
us:1.0
near:1.0
verbatim:1.0
lee:1.0
iaccocas:1.0
statistics:1.0
dept:1.0
would:1.6931471805599454
proud:1.0
sentence:1.0
note:1.0
corolla/prism:1.0
also:1.0
designs:1.0
hey:1.0
nameplates:1.0
guess:1.0
doesnt:1.0
even:1.0
sell:1.0
many:1.0
altimas:1.0
toyota:1.0
corollas:1.0
nameplate:1.0
qualifier:1.0
