sjp:1.0
hpuerca.atl.hp.com:1.0
steve:1.0
phillips:1.6931471805599454
subject:1.0
super:1.0
mega:1.0
automobile:1.0
sighting:1.0
exotics:1.0
together:1.0
give:1.0
address:1.0
ill:1.0
drive:1.0
take:1.0
look:1.0
post:1.0
stephen:1.0
atlanta:1.6931471805599454
response:1.0
center:1.0
ga:1.0
home:1.0
braves:1.0
