wrat:1.0
unisql.uucp:1.0
wharfie:1.0
subject:1.0
rush:1.0
fast:1.0
article:1.0
c5r43y.f0d:1.0
mentor.cc.purdue.edu:1.0
marshatt:1.0
feserve.cc.purdue.edu:1.0
zauberer:1.0
writes:1.0
guess:1.0
wasnt:1.0
clear:1.0
enough:1.0
said:1.0
roads:1.0
designed:1.6931471805599454
speeds:1.6931471805599454
80:2.386294361119891
still:1.0
safe:1.0
current:1.0
55-65:1.0
add:1.0
saftey:1.0
margin:1.0
upwards:1.0
forget:1.0
exact:1.0
spec:1.0
military:1.0
vehicles:1.0
thats:1.0
1958:1.0
dodge:1.0
powerwagon:1.0
1993:1.0
ford:1.0
taurus:1.0
