ajg1678:1.0
ritvax.isc.rit.edu:1.0
subject:1.0
buick:1.0
heater:1.6931471805599454
controls:1.0
exactly:1.0
problem:1.0
70:1.0
lesabre:1.6931471805599454
also:1.0
cal:1.0
go:1.0
local:1.0
junkyard:1.0
pick:1.0
diaphragm:1.0
68:1.0
set:1.0
worked:1.0
little:1.0
bit:1.0
slow:1.0
change:1.0
vents:1.0
defogger:1.0
better:1.0
nothing:1.0
