thatchh:1.6931471805599454
hplsla.hp.com:1.6931471805599454
thatch:2.09861228866811
harvey:1.6931471805599454
subject:1.0
removing:1.0
rain-x:1.6931471805599454
coat:1.0
front:1.0
windshield:1.0
tips:1.0
want:1.0
summer:1.0
without:1.0
rain:1.0
youre:1.0
wrong:1.0
place:1.0
must:1.0
whole:1.0
year:1.0
yet:1.0
keep:1.0
handy:1.0
friend:1.0
uucp:1.0
longer:1.0
valid:1.0
domain:1.0
hewlett-packard:1.0
lake:1.6931471805599454
stevens:1.6931471805599454
instrument:1.0
division:1.0
wa:1.0
206:1.0
335-2083:1.0
merkur:1.0
xr4ti:1.0
suzuki:1.0
gsx1100g:1.0
prince:1.0
sr3:1.0
sports:1.0
racer:1.0
