wl:1.0
cypress.com:1.0
wilbur:1.0
luo/comm:1.0
subject:1.0
heard:1.6931471805599454
south:1.6931471805599454
bay:1.6931471805599454
shops:1.6931471805599454
need:1.0
bring:1.0
vw:1.0
corrado:1.0
body:2.09861228866811
work:1.0
got:1.0
hit:1.0
wondering:1.0
anyone:1.0
akins:1.0
collision:1.6931471805599454
center:1.0
santa:1.0
clara:1.0
reed:1.0
st:1.0
auto:1.6931471805599454
west:1.0
san:1.0
jose:1.0
los:1.0
gatos:1.0
acura:1.0
royal:1.0
sunnyvale:1.0
thanks:1.0
w:1.0
