tcorkum:1.0
bnr.ca:1.0
trevor:1.0
corkum:1.0
subject:1.0
car:2.6094379124341005
saftey:1.0
important:1.6931471805599454
recently:1.0
thumbing:1.0
1993:1.0
lemon-aid:1.0
new:1.0
guide:1.0
found:1.0
would:1.0
given:1.0
recommended:1.6931471805599454
picture:1.0
sentences:1.0
later:1.0
noting:1.0
driver:1.0
passenger:1.0
virtually:1.0
guaranteed:1.0
killed:1.0
front:1.0
end:1.0
collision:1.0
highly:1.0
small:1.6931471805599454
civic:1.0
worst:1.0
crash:1.0
rating:1.0
cars:1.0
listed:1.0
many:1.0
cases:1.0
great:1.0
vehicles:1.0
wouldnt:1.0
survive:1.0
accident:1.0
safety:1.0
one:1.0
factors:1.0
buying:1.0
