etjet:1.0
levels.unisa.edu.au:1.0
subject:1.0
aussie:1.0
needs:1.0
info:1.0
car:2.6094379124341005
shows:2.09861228866811
hi:1.0
australia:1.6931471805599454
enthusiast:1.0
particularly:1.0
interested:2.6094379124341005
american:1.0
muscle:1.0
cars:2.386294361119891
1960s:1.0
1970s:1.0
makes:1.0
amc:1.6931471805599454
ford:1.0
chrysler/mopar:1.0
gm:1.0
usa:1.0
6:2.386294361119891
weeks:1.0
may:3.6390573296152584
2nd:1.0
june:3.302585092994046
14:1.0
1993:1.0
chicago:1.0
sun:1.0
2:1.0
thursday:2.09861228866811
denver:1.0
friday:2.386294361119891
7:1.0
sunday:2.386294361119891
9:1.6931471805599454
austin:1.0
texas:1.0
monday:2.09861228866811
10:2.09861228866811
21:1.6931471805599454
oklahoma:1.0
city:1.0
24:1.0
anaheim:1.0
california:1.0
tuesday:1.6931471805599454
25-thursday:1.0
27:1.0
las:1.6931471805599454
vegas:1.0
nevada:1.0
28:1.0
30:1.0
grand:1.0
canion:1.0
31:1.0
1:1.0
angeles:1.0
san:1.6931471805599454
diego:1.0
vicinity:1.0
wednesday:1.6931471805599454
3-sunday:1.0
south:1.0
lake:1.0
tahoe:1.0
cal:1.0
reno:1.0
fransisco:1.0
13:1.0
wondering:1.0
anyone:1.0
could:1.0
send:1.0
information:1.6931471805599454
swap:1.6931471805599454
meets:1.6931471805599454
drag:1.0
model:1.6931471805599454
etc:2.09861228866811
period:1.0
anybody:1.0
tell:1.6931471805599454
pomona:1.0
meet:1.0
year:1.0
also:2.09861228866811
places:1.0
visit:1.0
eg:1.0
museums:1.0
private:1.0
collections:1.0
collection:1.0
bit:1.0
appreciated:1.0
finding:1.0
scale:1.0
models:1.6931471805599454
intersted:1.0
1968-1974:1.6931471805599454
particular:1.0
interest:1.0
1968-1970:1.0
amx:1.0
javelin:1.0
1969:1.0
scrambler:1.0
1970:1.0
rebel:1.0
machine:1.0
others:1.0
kits:1.0
plastics:1.0
diecast:1.0
selling:1.0
send/bring:1.0
australian:1.0
high:1.0
performance:1.0
please:1.0
reply:1.0
email:1.0
johnt:1.0
spri.levels.unisa.edu.au:1.0
thanks:1.0
john:1.0
tsimbinos:1.0
