jackd:1.0
sad.hp.com:1.0
jack:1.0
dauler:1.0
subject:1.0
tires:2.09861228866811
ford:1.0
ranger:1.6931471805599454
pickup:1.0
good:1.0
luck:1.0
yokohama:1.0
371:1.0
s+m:1.0
wearing:1.0
well:1.6931471805599454
even:1.0
times:1.0
hauled:1.0
heavy:1.0
loads:1.0
done:1.0
