sjp:1.0
hpuerca.atl.hp.com:1.0
steve:1.0
phillips:1.6931471805599454
subject:1.0
ford:2.09861228866811
automobile:1.6931471805599454
need:1.0
information:1.6931471805599454
whether:1.0
partially:1.0
responsible:1.0
car:1.0
accidents:1.0
depletion:1.0
ozone:1.0
layer:1.0
also:1.0
additional:1.0
greatly:1.0
appreciated:1.0
thanks:1.0
sssssoooooooooooo:1.0
fault:1.0
thank:1.0
god:1.0
louis:1.0
chevrolet:1.0
innocent:1.0
guy:1.0
diesel:1.0
otto:1.0
feel:1.0
guilty:1.0
stephen:1.0
atlanta:1.6931471805599454
response:1.0
center:1.0
ga:1.0
home:1.0
braves:1.0
