stefan.m.gorsch:1.0
dartmouth.edu:1.0
stefan:1.0
gorsch:1.0
subject:1.0
importing:1.0
volvo:1.6931471805599454
well:1.0
im:1.0
afraid:1.0
time:1.0
come:1.0
rice-burner:1.0
finally:1.0
died:1.6931471805599454
id:1.0
always:1.0
promised:1.0
wife:1.0
would:1.0
scandanavian:1.0
tour:1.0
car:1.0
pick:1.0
sweden:1.0
drive:1.0
around:1.0
import:1.0
home:1.0
anyone:1.0
give:1.0
1:1.0
advice:1.0
feasibility:1.0
relative:1.0
costs:1.0
2:1.0
references:1.0
might:1.0
learn:1.0
3:1.0
personal:1.0
experience:1.0
please:1.0
email:1.0
thanks:1.0
