tspila:1.0
uxa.cso.uiuc.edu:1.0
tim:1.6931471805599454
spila:1.0
romulan:1.0
subject:1.0
auto:1.6931471805599454
air:1.0
conditioning:1.0
without:1.0
freon:1.0
article:1.0
1993apr21.034751.23512:1.0
ntuix.ntu.ac.sg:1.6931471805599454
mgqlu:1.0
max:1.0
lu:1.0
writes:1.0
working:1.0
gas-solid:1.0
adsorption:1.0
air-con:1.0
system:1.6931471805599454
applications:1.0
kind:1.0
energy:1.0
regenerating:1.0
adsorbent:1.0
exhaust:1.0
gas:1.0
anyone:1.0
interested:1.0
mail:1.0
email:1.0
follow:1.0
thread:1.0
may:1.0
discussion:1.0
prospects:1.0
technology:1.0
ok:1.0
ill:1.0
bite:1.0
supposed:1.0
work:1.0
