kvk:1.0
questor.sw.stratus.com:1.0
ken:1.6931471805599454
koellner:1.0
subject:1.0
sticky:1.6931471805599454
lock:2.09861228866811
tailgate:1.0
1988:1.0
toyota:1.0
4runner:1.0
rolldown:1.0
rear:1.0
window:1.0
keylock:1.0
switch:1.6931471805599454
yesterday:1.0
tough:1.0
get:1.0
key:1.0
work:1.0
also:1.0
happened:1.0
stick:1.0
direction:1.0
stalled:1.0
motor:1.0
powered:1.0
night:1.0
killing:1.0
battery:1.0
id:1.0
like:1.0
try:1.0
lubricate:1.6931471805599454
email:1.0
please:1.0
thanx:1.0
dont:1.0
drink:1.0
american:1.0
corporate:1.0
swill:1.0
support:1.0
local:1.0
micro-brewery:1.0
