qazi:2.6094379124341005
csd4.csd.uwm.edu:1.6931471805599454
aamir:2.09861228866811
hafeez:1.0
subject:1.0
bmw:1.6931471805599454
3:1.0
series:1.0
94:1.0
article:1.0
eabu288-140493210752:1.0
dialin33635.slip.nts.uci.edu:1.0
eabu288:1.0
orion.oac.uci.edu:1.0
alvin:1.0
going:1.0
328:1.0
1994:1.0
could:1.0
isnt:1.0
2.5:1.0
liter:1.0
six:1.0
supposed:1.0
enlarged:1.0
2.8:1.0
liters:1.0
not-too-distant:1.0
future:1.0
care:1.0
id:1.0
rather:1.0
watch:1.0
drying:1.0
paint:1.0
