awds_ltd:1.6931471805599454
uhura.cc.rochester.edu:1.6931471805599454
adam:1.6931471805599454
edwards:1.6931471805599454
subject:1.0
86:2.09861228866811
chevy:2.09861228866811
sprint:2.386294361119891
wfnmbjg00wboe3l2c0:1.0
andrew.cmu.edu:1.6931471805599454
srinagesh:1.0
gavirneni:1.0
sg48:1.0
writes:1.0
a/c:1.0
4doors:1.0
odometer:1.0
turned:1.0
90k:1.0
sensor:2.791759469228055
light:2.386294361119891
started:1.0
blinking:1.0
went:1.6931471805599454
dealer:1.0
said:1.6931471805599454
maintenance:1.0
saying:1.6931471805599454
need:1.0
change:1.6931471805599454
oxygen:2.09861228866811
changed:1.6931471805599454
every:1.0
30k:1.6931471805599454
since:1.6931471805599454
bought:1.6931471805599454
car:1.6931471805599454
77k:1.0
dont:1.0
know:1.6931471805599454
thing:1.0
happened:1.0
60k:1.0
quoted:1.0
198:1.0
part:1.6931471805599454
50:1.0
install:1.0
cost:1.0
30:1.0
outside:1.0
mechanic:1.0
could:2.386294361119891
fix:1.0
placed:1.0
deep:1.0
engine:2.386294361119891
parts:1.0
suggested:1.0
wait:1.0
till:1.0
malfunctions:1.0
anything:1.0
anyone:1.6931471805599454
owns:1.0
want:1.0
got:1.0
sensors:1.0
also:1.6931471805599454
face:1.0
problem:1.0
fixing:1.0
without:1.0
dealers:1.0
help:1.6931471805599454
results:1.0
malfunction:1.0
would:1.0
greatly:1.0
apprecisted:1.0
thanks:1.0
sold:1.0
last:1.0
april:1.0
95k:1.0
id:1.0
driven:1.6931471805599454
previous:1.0
july:1.0
putting:1.0
20k:1.0
miles:1.6931471805599454
used:2.09861228866811
regularly:1.0
starting:1.0
5k:1.0
brother:1.0
rebuilt:1.0
original:1.0
equipment:1.0
suppose:1.0
replacement:1.0
performance:1.0
hah:1.0
call:1.0
perhaps:1.0
emissions:1.6931471805599454
increased:1.0
much:1.0
ca-registered:1.0
3:1.0
cylinder:1.0
produce:1.0
neat:1.0
held:1.0
block:1.0
easily:1.0
one:1.0
hand:1.0
ever:1.0
turbo:1.0
variant:1.0
curious:1.0
