rjwade:1.0
rainbow.ecn.purdue.edu:1.0
robert:1.0
j:1.0
wade:1.0
subject:1.0
93:1.0
grand:2.386294361119891
4:2.6094379124341005
cyl:1.0
article:1.6931471805599454
holcomb.93apr19073907:1.0
wgermany.ctron.com:1.0
holcomb:1.6931471805599454
ctron.com:1.0
edgar:1.0
w:1.0
ii:1.0
writes:1.6931471805599454
apr.18.12.24.26.1993.19337:1.0
remus.rutgers.edu:1.6931471805599454
wilmott:1.6931471805599454
ray:1.6931471805599454
hi:1.0
back:1.0
asking:1.0
info:1.0
different:1.0
models:1.0
one:1.6931471805599454
response:1.0
generally:1.0
favorable:1.0
thing:1.0
often:1.0
repeated:1.0
go:1.0
v6:2.6094379124341005
real:1.0
power:1.0
point:1.0
well:1.0
taken:1.0
anybody:1.0
input:1.0
cylinders:1.0
standard:1.0
ohc:1.0
quad:2.09861228866811
high-output:1.0
delivers:1.6931471805599454
175:1.0
hp:1.6931471805599454
185:1.0
wf41:1.0
whereas:1.0
3.1l:1.0
offered:1.0
140:1.0
beretta:1.6931471805599454
gtz:1.0
ooppss:1.0
3.3:1.6931471805599454
litre:1.6931471805599454
3.1:1.6931471805599454
downsized:1.0
version:1.0
buicks:1.0
3.8:1.0
goes:1.0
corsica:1.0
