tszeto:1.6931471805599454
sneezy.ts.stratus.com:1.6931471805599454
tommy:1.0
szeto:1.6931471805599454
subject:1.0
water:2.09861228866811
trunk:2.09861228866811
89:1.6931471805599454
probe:1.6931471805599454
gradually:1.0
builds:1.0
friends:1.0
ford:1.0
every:1.0
would:1.6931471805599454
remove:1.0
spare:1.0
scoop:1.0
plywood/carpet:1.0
cover:1.0
guess:1.0
usually:1.0
happens:1.0
good:1.0
thunder:1.0
storm:1.0
qs:1.0
1:1.0
common:1.0
problem:1.0
2:1.0
drain:1.0
holes:1.0
located:1.0
hatch:1.0
thanks:1.0
info:1.0
tom:1.6931471805599454
peanuts:1.0
ones:1.0
bottom:1.0
ggnuuaahuuhh:1.0
include:1.0
disclaimer.h:1.0
homer:1.0
simpson:1.0
