thatchh:1.6931471805599454
hplsla.hp.com:1.6931471805599454
thatch:2.09861228866811
harvey:2.09861228866811
subject:1.0
mercury:1.0
capri:1.6931471805599454
restrictions:1.0
restriction:1.0
could:1.0
car:1.0
convertible:1.0
lot:1.0
paronoid:1.0
laws:1.0
passed:1.0
concerning:1.0
convertibles:1.0
80s:1.0
states:1.0
may:1.0
require:1.0
greater:1.0
rollover:1.0
protection:1.0
affords:1.0
uucp:1.0
longer:1.0
valid:1.0
domain:1.0
hewlett-packard:1.0
lake:1.6931471805599454
stevens:1.6931471805599454
instrument:1.0
division:1.0
wa:1.0
206:1.0
335-2083:1.0
merkur:1.0
xr4ti:1.0
suzuki:1.0
gsx1100g:1.0
prince:1.0
sr3:1.0
sports:1.0
racer:1.0
