eric_thomas:1.0
mindlink.bc.ca:1.0
eric:1.6931471805599454
thomas:1.6931471805599454
subject:1.0
1962:1.6931471805599454
thunderbird:1.0
bought:1.0
t-bird:1.0
would:1.0
like:1.0
info:1.0
club:1.0
around:1.0
b.c:1.0
coast:1.0
