subject:1.0
1993:1.6931471805599454
honda:1.6931471805599454
civic:1.6931471805599454
libemc:1.0
byuvm.bitnet:1.0
id:1.0
like:1.6931471805599454
converse:1.0
anyone:1.0
purchased:1.0
experience:1.0
im:1.0
new:1.0
car:1.0
buying:1.0
game:1.0
would:1.0
know:1.0
price:1.0
expect:1.0
pay:1.0
sedan:1.0
bargaining:1.0
thanks:1.0
advance:1.0
ellen:1.0
