boyle:2.386294361119891
cactus.org:2.09861228866811
craig:2.386294361119891
subject:1.0
6700:1.0
hail:2.09861228866811
damage:1.6931471805599454
record:1.6931471805599454
article:1.6931471805599454
1993apr20.203219.7724:1.0
pencom.com:2.09861228866811
stecz:1.6931471805599454
writes:1.6931471805599454
1993apr19.235711.7285:1.0
90:1.0
integra:1.0
hit:1.0
hard:1.0
3/25:1.0
hailstorm:1.6931471805599454
austin:1.0
tx:1.0
insurance:1.0
company:1.0
cut:1.0
check:1.0
6600:1.0
100:1.0
deductible:1.0
last:1.0
week:1.0
anybody:1.0
else:1.0
settlements:1.0
yet:1.0
rumor:1.0
guy:1.0
dell:1.0
computer:1.0
miata:1.6931471805599454
totalled:1.0
would:1.0
10k:1.6931471805599454
guess:1.0
either:1.0
top:1.6931471805599454
ripped:1.0
could:1.0
worth:1.0
body:1.0
john:1.0
steczkowski:1.0
constitution:1.0
grants:1.0
right:1.0
life:1.0
liberty:1.0
pursuit:1.0
happiness:1.0
attempt:1.0
guarantee:1.0
everyone:1.0
happy:1.0
