jcyuhn:1.6931471805599454
crchh574.nosubdomain.nodomain:1.6931471805599454
james:1.6931471805599454
yuhn:1.6931471805599454
subject:1.0
sho:1.0
clutch:1.6931471805599454
question:1.0
grinding:1.0
noise:2.09861228866811
article:1.6931471805599454
5243:1.0
unisql.uucp:1.6931471805599454
wrat:1.0
wharfie:1.6931471805599454
writes:1.6931471805599454
c5h6f8.ldu:1.0
news.rich.bnr.ca:1.0
thats:1.0
youre:1.0
hearing:1.0
gearbox:1.0
early:1.6931471805599454
shos:1.6931471805599454
lot:1.0
referred:1.0
gear:1.0
rollover:1.0
generally:1.0
one:1.0
first:1.0
built:1.6931471805599454
mine:1.6931471805599454
doesnt:1.0
make:1.0
geez:1.0
difficult:1.0
december:1.0
88:1.0
qualifies:1.0
pretty:1.0
dang:1.0
certainly:1.0
grinds:1.0
away:1.0
jim:1.0
