syst8145:1.6931471805599454
ryevm.ryerson.ca:1.6931471805599454
subject:1.0
van:1.6931471805599454
step:1.6931471805599454
accessory:1.0
help:1.0
hello:1.0
netters:1.0
would:2.09861228866811
like:2.09861228866811
find:1.0
information:1.0
device:2.09861228866811
used:1.0
vans:1.0
trucks:1.0
hooks:1.0
onto:1.0
tire:1.0
folds:1.0
storage:1.0
ive:1.0
seen:1.0
tnns:1.0
shady:1.0
tree:1.0
mechanic:1.0
know:1.0
good:1.0
product:1.6931471805599454
also:1.0
price:1.0
address:1.0
purchase:1.0
thanks:1.0
george:1.0
chan:1.0
email:1.0
