wiggs:1.6931471805599454
stsci.edu:1.0
michael:1.0
subject:1.0
ignition:1.6931471805599454
kill:1.6931471805599454
wanted:1.0
thank:1.0
netters:1.0
either:1.0
posted:1.0
response:1.0
sent:1.0
e-mail:1.0
regarding:1.0
question:1.0
know:1.0
simple:1.0
procedure:1.0
looks:1.0
like:1.0
ill:1.0
paying:1.0
local:1.0
pep:1.0
boys:1.0
visit:1.0
weekend:1.0
mik:1.0
