kastle:1.0
bernoulli.wpi.edu:1.0
jacques:1.6931471805599454
w:1.0
brouillette:1.6931471805599454
subject:1.0
arctic:1.0
wheels:1.0
auto:1.0
show:1.0
want:1.0
two:1.0
things:1.0
world:1.0
58:1.0
plymouth:1.0
small:1.0
opec:1.0
nation:1.0
fuel:1.0
would:1.0
good:1.0
thing:1.0
car:1.0
smashers:1.0
go:1.0
home:1.0
sulk:1.0
manufacturing:1.0
engineering:1.0
