brian:2.09861228866811
gothamcity.jsc.nasa.gov:1.0
donnell:1.6931471805599454
subject:1.0
dealer:2.09861228866811
cheated:1.0
wrong:1.0
odometer:1.6931471805599454
reading:1.0
need:1.6931471805599454
help:1.0
dont:1.0
know:1.0
california:1.0
false:1.0
representation:1.0
readings:1.0
criminal:1.0
felony:1.0
substantiate:1.0
report:1.0
local:1.0
authorities:1.0
consult:1.0
lawyer:1.0
tell:1.0
civil:1.0
action:1.0
take:1.0
well:1.0
keep:1.0
mind:1.0
prove:1.0
aware:1.0
change:1.0
dashboard:1.0
