dlb5404:1.0
tamuts.tamu.edu:1.0
daryl:2.09861228866811
biberdorf:1.6931471805599454
subject:1.0
plymouth:1.0
sundance/dodge:1.0
shadow:1.0
experiences:1.6931471805599454
another:1.0
user:1.0
recently:1.0
requested:1.0
info:1.0
shadow/sundance:1.0
cars:1.6931471805599454
havent:1.0
seen:1.0
public:1.0
responses:1.0
peoples:1.0
n5gjm:1.0
d-biberdorf:1.0
tamu.edu:1.0
sola:2.09861228866811
gratia:1.0
fide:1.0
scriptura:1.0
