nigel:1.0
allen:1.0
nigel.allen:1.0
canrem.com:1.0
subject:1.0
alternative:3.302585092994046
fuel:3.0794415416798357
vehicles:2.791759469228055
press:1.0
release:1.0
u.s:1.6931471805599454
department:2.6094379124341005
energy:3.302585092994046
secretary:1.6931471805599454
hails:1.0
presidents:1.0
plan:1.6931471805599454
national:1.6931471805599454
desk:1.0
environment:1.6931471805599454
reporters:1.0
contact:1.0
larry:1.0
hart:1.0
202-586-5806:1.0
washington:1.0
april:1.0
21:1.0
hazel:1.0
r:1.0
oleary:2.6094379124341005
today:1.6931471805599454
said:2.386294361119891
president:2.09861228866811
clintons:1.0
executive:1.6931471805599454
order:2.386294361119891
fuels:2.6094379124341005
make:2.6094379124341005
federal:2.09861228866811
government:1.6931471805599454
driving:1.0
force:2.09861228866811
behind:1.0
efforts:1.0
increase:1.0
availability:1.0
supplies:1.0
clinton:1.6931471805599454
signed:1.0
calls:1.0
purchases:1.6931471805599454
numbers:1.0
next:1.0
three:1.0
years:1.0
least:1.0
50:1.0
percent:1.0
higher:1.0
called:1.0
policy:1.0
act:1.0
1992:1.0
also:1.6931471805599454
announced:1.0
texas:1.6931471805599454
land:1.6931471805599454
commissioner:1.6931471805599454
gary:2.09861228866811
mauro:2.09861228866811
head:1.0
fleet:2.386294361119891
conversion:1.6931471805599454
task:1.6931471805599454
advise:1.0
implementation:1.6931471805599454
delighted:1.0
working:1.6931471805599454
happen:1.0
helped:1.0
leader:1.0
converting:1.0
state:1.0
tireless:1.0
proponent:1.0
natural:1.0
gas:1.0
speeches:1.0
across:1.6931471805599454
country:1.6931471805599454
issue:1.0
report:1.0
within:1.0
90:1.0
days:1.0
recommending:1.0
schedule:1.0
us:1.0
must:1.0
lead:1.0
example:1.0
option:1.0
going:1.0
become:1.0
practical:1.6931471805599454
affordable:1.0
choice:1.0
owners:1.0
increased:1.0
use:1.0
domestically-produced:1.0
means:1.0
reducing:1.0
pollution:1.0
creating:1.0
jobs:1.0
believe:1.0
efficiency:1.0
protecting:1.0
healthy:1.0
economy:1.0
complimentary:1.0
goals:1.0
plans:1.6931471805599454
call:1.0
coordinate:1.6931471805599454
agencies:1.0
five-year:1.0
purchase:1.6931471805599454
help:1.0
funding:1.0
extra:1.0
costs:1.0
work:1.0
gsa:1.0
encourage:1.6931471805599454
development:1.0
infrastructure:1.0
needed:1.0
conversions:1.0
states:1.0
local:1.0
governments:1.0
industry:1.0
vehicle:1.0
manufacturers:1.0
suppliers:1.0
widely:1.0
available:1.0
30:1.0
canada:1.0
remote:1.0
systems:1.0
toronto:1.0
ontario:1.0
416-629-7000/629-7044:1.0
