aep:1.0
world.std.com:1.0
andrew:1.6931471805599454
e:1.6931471805599454
page:1.6931471805599454
subject:1.6931471805599454
importing:1.0
volvo:1.6931471805599454
article:1.0
business:1.0
week:1.0
4:1.0
weeks:1.0
ago:1.0
fact:1.0
850:1.0
one:1.0
cars:1.0
laid:1.0
example:1.0
warrior:1.0
poet:1.0
decision:1.0
effort:1.0
archer:1.0
arrow:1.0
mac:1.0
consultant:1.0
difference:1.0
macintosh:1.0
dsp:1.0
technology:1.0
want:1.0
