newman:2.386294361119891
cps.msu.edu:1.6931471805599454
timothy:1.0
subject:1.0
domestic:1.6931471805599454
content:1.6931471805599454
us/japan:1.0
joint:1.0
ventures:1.0
anyone:1.0
know:1.0
geo:1.0
prizm:1.0
eagle:1.0
talon:1.0
ford:1.0
probe:1.0
made:1.0
us:1.0
told:1.0
contain:1.0
mostly:1.0
foreign:1.0
parts:1.0
please:1.0
follow:1.0
directly:1.0
ill:1.0
post:1.0
findings:1.0
net:1.0
interest:1.0
thanks:1.0
tim:1.0
