kennyc:1.0
cbnewsk.cb.att.com:1.0
kenneth.r.crudup:1.0
subject:1.0
v4:1.0
v6:1.0
v8:1.6931471805599454
v12:1.0
vx:1.0
article:1.0
1993apr21.191744.3072:1.0
ole.cdac.com:1.6931471805599454
ssave:1.0
devil:1.0
reincarnate:1.0
writes:1.0
curious:1.0
knowing:1.0
commericial:1.0
cars:1.0
today:1.0
v:1.0
engines:1.0
dont:1.0
know:1.0
kidding:1.0
right:1.0
corvette:1.0
several:1.0
mbzs:1.0
bmws:1.0
mustang:1.0
gt:1.0
etc:1.6931471805599454
theres:1.0
lot:1.0
european:1.0
site:1.0
kenny:2.09861228866811
crudup:1.0
att:1.0
bl:1.0
mv20-3-t-5-b:1.0
x3219:1.0
mvuts.att.com:1.0
