ae015:1.0
freenet.carleton.ca:1.0
steve:1.6931471805599454
hui:1.6931471805599454
subject:1.0
new:1.0
94:2.09861228866811
talon:2.6094379124341005
would:2.09861228866811
also:1.0
interested:1.6931471805599454
finding:1.0
suspect:1.0
many:1.0
people:1.0
lets:1.0
get:1.0
responses:1.0
net:1.0
question:1.0
anyone:1.0
info:1.6931471805599454
1994:1.6931471805599454
eagle:1.0
mitsubishi:1.6931471805599454
eclipse:1.0
plymouth:1.0
laser:1.0
know:1.0
old:1.0
based:1.0
galant:1.6931471805599454
japan:1.0
240:1.0
hp:1.0
twin-turbo:1.0
v6:1.0
released:1.0
anyway:1.0
appreciated:1.0
