hm002b:1.6931471805599454
uhura.cc.rochester.edu:1.6931471805599454
hasit:1.6931471805599454
mehta:1.6931471805599454
subject:1.0
new:2.09861228866811
94:2.386294361119891
talon:1.6931471805599454
article:1.0
thing:1.0
eagle:1.0
heard:1.0
freind:1.0
talons:1.0
released:1.0
true:1.0
differences:1.0
93:1.0
opinions:1.0
would:1.6931471805599454
appreciate:1.0
replies:1.0
also:1.0
prefer:1.0
e-mail:1.0
thanks:1.0
university:1.0
rochester:1.0
primus:1.0
sucks:1.0
believe:1.0
captain:1.0
crunch:1.0
frizzle:1.0
fry:1.0
