tmspence:1.0
bronze.ucs.indiana.edu:1.0
thomas:1.0
morris:1.0
spencer:1.6931471805599454
subject:1.0
honda:1.6931471805599454
groups:1.6931471805599454
especially:1.0
ones:1.0
deal:1.0
preludes:1.0
tom:1.0
