dduff:1.0
col.hp.com:1.0
dave:1.0
duff:1.0
subject:1.0
waxing:1.6931471805599454
new:1.0
car:1.0
41:1.0
chrysler:1.0
painted:1.0
told:1.0
refrain:1.0
leave:1.0
sun:1.0
supposedly:1.0
lets:1.6931471805599454
volatiles:1.0
escape:1.0
paint:1.6931471805599454
month:1.0
smell:1.0
15:1.0
feet:1.0
away:1.0
hot:1.0
day:1.0
slight:1.0
irregularites:1.0
surface:1.0
flow:1.0
remains:1.0
little:1.0
soft:1.0
