ciarlett:1.0
mizar.usc.edu:1.0
joni:1.6931471805599454
ciarletta:1.0
subject:1.0
master:2.09861228866811
cylinder:2.09861228866811
thanks:1.6931471805599454
everyone:1.6931471805599454
responded:1.0
honda:1.0
accord:1.0
break:1.0
question:1.0
seem:1.0
bad:1.0
mechanic:1.0
double:1.0
check:1.0
sure:1.0
isnt:1.0
something:1.0
simpler:1.0
cheaper:1.0
first:1.0
responses:1.0
sounds:1.0
like:1.0
likely:1.0
