boyle:2.386294361119891
cactus.org:1.6931471805599454
craig:2.386294361119891
subject:1.0
opel:2.09861228866811
owners:1.0
article:1.6931471805599454
c5t3b2.dg:1.0
news.cso.uiuc.edu:1.6931471805599454
cka52397:1.6931471805599454
uxa.cso.uiuc.edu:1.6931471805599454
oriolefan:1.6931471805599454
uiuc:1.6931471805599454
writes:2.386294361119891
c5sxi4.j9b:1.0
gibbonsa:1.6931471805599454
fraser.sfu.ca:1.0
darren:1.6931471805599454
gibbons:1.6931471805599454
im:2.09861228866811
looking:1.6931471805599454
information:1.0
cars:2.09861228866811
ask:1.0
model:1.0
well:1.6931471805599454
sad:1.0
truth:1.0
entirely:1.6931471805599454
sure:1.6931471805599454
two-seater:1.0
roll-over:1.0
headlights:1.0
hard:1.6931471805599454
top:1.0
really:2.09861228866811
sporty:1.0
friend:1.0
one:1.6931471805599454
sitting:1.0
yard:1.0
nice:1.0
condition:1.0
body-wise:1.0
transmission:1.0
seized:1.0
hasnt:1.0
run:1.0
anyone:1.0
info:1.0
engine:1.0
compartment:1.0
looks:1.6931471805599454
tight:1.0
work:1.0
fine:1.0
shape:1.0
quite:1.0
interested:1.0
thanks:1.0
sfu.ca:1.0
would:1.6931471805599454
manta:2.791759469228055
sold:2.09861228866811
buick:1.6931471805599454
dealers:1.0
mid:1.6931471805599454
70s:2.09861228866811
price:1.0
leader:1.0
sounds:1.0
lot:1.0
like:1.6931471805599454
gt:2.386294361119891
id:1.0
guess:1.0
chassis:1.0
kadett:2.09861228866811
rather:1.0
bigger:1.0
could:1.0
easily:1.0
wrong:1.0
think:2.09861228866811
later:1.0
kadetts:1.6931471805599454
opels:1.0
european:1.6931471805599454
name:1.0
pretty:1.0
us:1.6931471805599454
different:1.6931471805599454
bodies:1.0
little:1.0
chance:1.0
went:1.0
several:1.0
generations:1.0
coupe:1.6931471805599454
version:1.6931471805599454
ascona:1.0
ok:1.0
time:1.0
were/are:1.0
pontiac:1.0
lemans:1.6931471805599454
true:1.0
market:1.0
years:1.0
old:1.0
latest:1.0
early:1.0
sports-car:1.0
chintan:1.0
amin:1.0
university:1.0
illinois:1.0
urbanachampaign:1.0
mail:1.0
llama:1.0
uiuc.edu:1.0
sig:1.0
construction:1.0
hat:1.0
area:1.0
