ravi:2.791759469228055
merlin.dev.cdx.mot.com:1.6931471805599454
puvvala:2.09861228866811
subject:1.0
13,500:1.0
mazda:2.09861228866811
626:2.09861228866811
dx:1.6931471805599454
air:1.0
am/fm:1.0
good:2.09861228866811
deal:1.6931471805599454
hi:1.0
netters:1.0
want:1.0
know:1.0
13500:1.0
w/o:1.0
tax:1.0
1993:1.0
performance:1.0
review:1.0
far:1.0
buy:1.0
please:1.0
reply:1.0
dont:1.0
read:1.0
group:1.0
often:1.0
thanks:1.0
advance:1.0
kiran:1.0
purpose:1.0
education:1.0
merely:1.0
assimilation:1.0
facts:1.0
blow:1.0
motorola:1.0
codex:1.0
boston:1.0
money:1.0
