cka52397:1.0
uxa.cso.uiuc.edu:1.0
oriolefan:1.0
uiuc:1.0
subject:1.0
v4:1.0
v6:1.0
v8:1.0
v12:1.0
vx:1.0
eliot:2.09861228866811
stalfos.engr.washington.edu:1.0
writes:1.0
subarus:1.0
use:1.0
180:1.6931471805599454
degree:1.6931471805599454
vees:1.0
engines:1.6931471805599454
v-6:1.0
flat-six:1.0
chintan:1.0
amin:1.0
university:1.0
illinois:1.0
urbanachampaign:1.0
mail:1.0
llama:1.0
uiuc.edu:1.0
sig:1.0
construction:1.0
hard:1.0
hat:1.0
area:1.0
