monet:1.0
carson.u.washington.edu:1.0
diana:1.0
smith:1.0
subject:1.0
borgward:1.6931471805599454
question:1.0
ex-husband:1.0
used:1.0
borgwards:1.0
havent:1.6931471805599454
seen:1.6931471805599454
long:1.0
time:1.0
really:1.0
good:1.0
cars:1.0
ayone:1.0
know:1.0
anything:1.0
heard:1.0
made:1.0
mexico:1.6931471805599454
course:1.0
wouldnt:1.0
original:1.0
german:1.0
thats:1.0
even:1.6931471805599454
true:1.0
ive:1.0
loved:1.0
tho:1.0
ugly:1.0
names:1.0
one:1.0
humphrey:1.0
