seove:1.0
ariel.lerc.nasa.gov:1.0
eric:1.6931471805599454
overton:1.0
subject:1.0
shifting:1.0
without:1.6931471805599454
clutch:1.6931471805599454
ok:1.0
take:1.0
car:1.6931471805599454
gear:1.0
using:1.0
turned:1.0
thanks:1.0
advance:1.0
please:1.0
reply:1.0
mail:1.0
