dmunroe:1.0
vcd.hp.com:1.0
dave:1.6931471805599454
gauge:1.0
subject:1.0
choice:1.0
gauges:1.6931471805599454
free:1.0
reign:1.0
design:1.0
instrument:1.0
cluster:1.0
would:1.0
choose:1.0
beyond:1.0
basic:2.09861228866811
set:2.09861228866811
consider:1.0
tach:1.0
coolant:1.0
temp:1.6931471805599454
cylinder:1.0
head:1.0
air-cooled:1.0
engines:1.0
oil:1.0
pressure:1.0
amps:1.0
speedo:1.0
fuel:1.0
others:1.6931471805599454
nice:1.0
volts:1.0
maybe:1.0
vacuum/boost:1.0
think:1.0
ideas:1.0
