parr:1.6931471805599454
acs.ucalgary.ca:1.0
charles:1.6931471805599454
subject:1.0
dumb:1.0
options:1.6931471805599454
list:1.6931471805599454
idea:1.0
pointless:1.0
know:1.0
stuff:1.0
get:1.0
car:1.0
earthly:1.0
use:1.0
1:1.0
power:1.0
windows:1.0
add:1.0
wish:1.0
regards:1.0
within:1.6931471805599454
span:1.0
last:1.0
weeks:1.0
heard:1.0
elements:1.0
separate:1.0
threads:1.0
conjoined:1.0
time:1.0
struck:1.0
together:1.0
form:1.0
new:1.0
chord:1.0
hollow:1.0
echoing:1.0
gourd:1.0
unknown:1.0
net.person:1.0
