tommy:2.6094379124341005
boole.att.com:1.6931471805599454
reingold:1.6931471805599454
subject:1.0
likelihood:1.0
radio:2.09861228866811
stolen:2.09861228866811
question:1.6931471805599454
whether:1.0
bell:1.0
labs:1.0
holmdel:1.0
nj:1.0
att:1.0
boole:1.0
