davew:1.6931471805599454
cs.umd.edu:1.6931471805599454
david:1.6931471805599454
g:1.6931471805599454
wonnacott:1.6931471805599454
subject:1.0
questions:1.0
insurance:2.386294361119891
companies:1.6931471805599454
esp:1.0
geico:2.09861228866811
article:1.0
66758:1.0
mimsy.umd.edu:1.0
writes:1.0
im:1.0
considering:1.0
switching:1.0
got:1.0
numerous:1.0
complaints:1.0
several:1.0
helpful:1.0
pointers:1.0
good:1.0
decided:1.0
go:1.0
erie:1.0
exchange:1.0
seems:1.0
combine:1.0
high:1.0
ratings:1.0
net:1.0
consumer:1.0
reports:1.0
low:1.0
rates:1.0
least:1.0
thanks:1.0
responses:1.0
