hamachi:1.6931471805599454
adobe.com:1.0
gordon:1.0
subject:1.0
mercury:1.6931471805599454
villager:1.6931471805599454
minivan:1.6931471805599454
good:1.0
buy:1.0
came:1.0
across:1.0
interesting:1.0
information:1.0
local:1.0
public:1.0
library:1.0
researching:1.0
minivans:1.0
dealer:2.6094379124341005
price:3.0794415416798357
retail:2.6094379124341005
thinking:1.0
purchasing:1.0
someone:1.0
told:1.0
number:1.0
base:2.09861228866811
slightly:1.0
lower:1.0
current:1.0
still:1.0
give:1.0
idea:1.0
pricing:1.0
much:1.0
negotiate:1.0
gs:1.0
14688:1.0
16504:1.0
air:1.6931471805599454
conditioning:1.6931471805599454
729:1.0
857:1.0
rear:1.6931471805599454
defroster:1.6931471805599454
143:1.0
168:1.0
calif:1.6931471805599454
emissions:1.6931471805599454
87:1.0
102:1.0
7:1.6931471805599454
passenger:1.6931471805599454
seating:1.6931471805599454
282:1.0
332:1.0
am/fm:1.6931471805599454
radio:1.0
cassette:1.6931471805599454
std:3.772588722239781
automatic:1.6931471805599454
transmission:1.6931471805599454
anti-lock:1.6931471805599454
brakes:1.6931471805599454
destination:1.6931471805599454
540:2.386294361119891
total:2.386294361119891
cost:1.6931471805599454
16469:1.0
18467:1.0
nissan:1.0
quest:1.0
xe:1.0
15212:1.0
17545:1.0
59:1.0
70:1.0
593:1.0
700:1.0
16404:1.0
18855:1.0
