bob:2.09861228866811
ncube.com:1.0
kehoe:1.0
subject:1.0
mercury:1.6931471805599454
villager:1.6931471805599454
minivan:1.0
good:1.6931471805599454
buy:1.0
tested:1.0
vehicles:1.6931471805599454
identically:1.0
equipped:1.0
week-long:1.0
periods:1.0
curiously:1.0
consider:1.0
test:1.0
found:1.0
higher:1.0
build:1.0
quality:1.0
nissan:2.09861228866811
either:1.0
choice:1.0
beware:1.0
experience:1.0
reasonable:1.0
mileage:1.0
v6:1.0
average:1.0
city:1.0
driving:1.0
15mpg:1.0
21:1.0
avg:1.0
highway:1.0
optioned:1.0
hilt:1.0
leather:1.0
24k:1.0
range:1.0
26k:1.0
