andrew:2.386294361119891
frip.wv.tek.com:1.6931471805599454
klossner:1.6931471805599454
subject:1.0
mercury:1.0
villager:2.09861228866811
minivan:1.0
good:1.0
buy:1.0
villager-quest:1.0
seem:1.0
like:1.0
best:1.0
cravan/voyager:1.0
copies:1.0
come:1.0
along:1.0
since:1.0
mazda:1.0
mpv:1.6931471805599454
ill:1.0
agree:1.0
small:1.0
id:1.0
class:1.0
suv:1.0
extra:1.0
seat:2.09861228866811
shoehorned:1.0
get:1.0
rear:1.0
cargo:1.0
space:1.0
shove:1.0
back:1.6931471805599454
middle:1.0
eliminating:1.0
leg:1.0
room:1.0
price:1.0
controversial:1.0
use:1.0
attack:1.0
belts:1.6931471805599454
instead:1.0
3-point:1.0
killed:1.0
