yjkim:1.0
ton.berkeley.edu:1.0
young-jin:1.0
kim:1.0
subject:1.0
89:1.6931471805599454
toyota:1.6931471805599454
camry:1.6931471805599454
9000:1.6931471805599454
le:1.0
4:1.0
dr:1.0
sedan:1.0
ac:1.0
power:1.0
windows:1.0
locks:1.0
53k:1.0
miles:1.0
asking:1.0
pls:1.0
call:1.0
510-526-8248:1.0
send:1.0
e-mail:1.0
account:1.0
