lrr105:1.0
psuvm.psu.edu:1.0
subject:1.0
dents:1.0
car:1.0
turn:1.0
police:1.0
like:1.0
would:1.6931471805599454
accident:1.6931471805599454
get:1.0
report:1.0
send:1.0
insurance:1.6931471805599454
company:1.6931471805599454
contact:1.0
guys:1.0
pay:1.0
caused:1.0
thus:1.0
need:1.0
go:1.0
court:1.0
friend:1.0
mine:1.0
got:1.0
money:1.0
work:1.0
