davew:1.0
cs.umd.edu:1.0
david:1.0
g:1.0
wonnacott:1.0
subject:1.0
info/opinions:1.0
wanted:1.6931471805599454
cars:2.791759469228055
article:2.386294361119891
c5st37.hf3:1.0
ns1.nodak.edu:1.0
bell:1.6931471805599454
plains.nodak.edu:1.0
robert:1.0
writes:2.09861228866811
1993apr13.182100.26650:1.0
magnus.acs.ohio-state.edu:1.6931471805599454
jnielsen:1.0
john:1.0
f:1.0
nielsen:1.0
49071:1.0
fibercom.com:1.0
rrg:1.0
rtp.fibercom.com:1.0
rhonda:1.0
gaines:1.0
im:1.0
market:1.0
new:1.0
car:2.386294361119891
currently:1.0
90:1.0
mazda:2.09861228866811
mx-6:1.0
dx:2.386294361119891
served:1.0
fine:1.0
however:1.0
id:1.0
like:2.09861228866811
get:2.6094379124341005
4-door:2.09861228866811
since:1.0
dont:1.0
relish:1.0
thought:1.0
moving:1.0
carseat:1.0
around:1.0
2-door:1.0
criteria:1.0
a/c:1.6931471805599454
am/fm:1.0
cassette:1.6931471805599454
quick:1.0
acceleration:1.0
cruise:1.6931471805599454
control:1.6931471805599454
decent:1.0
rear:2.386294361119891
seat:2.9459101490553135
legroom:1.0
husband:1.0
6-footer:1.0
must:1.0
also:1.6931471805599454
20k:1.0
preferably:1.0
closer:1.0
11-15k:1.0
range:1.0
probably:2.386294361119891
rule:1.0
accord:2.09861228866811
93:1.0
caught:1.0
eye:1.0
toyota:1.6931471805599454
corolla:2.09861228866811
toyata:1.0
camry:1.6931471805599454
626:2.9459101490553135
pontiac:1.6931471805599454
grand:1.6931471805599454
prix:1.0
honda:2.09861228866811
civic:2.386294361119891
roomy:1.6931471805599454
enough:1.0
still:1.6931471805599454
comes:2.09861228866811
model:2.6094379124341005
hyundai:1.0
sonata:1.0
maybe:1.6931471805599454
even:1.0
small:1.0
oldsmobile:1.0
although:1.0
achieva:1.0
opinions:1.0
benchmarks:1.0
recommendations:1.0
etc:1.0
welcome:1.0
come:1.0
4:1.0
door:1.0
wife:1.0
looked:1.0
quite:1.6931471805599454
seriously:1.0
prizm:1.0
well:2.09861228866811
impressions:1.0
three:1.0
seemed:1.6931471805599454
built:1.0
features:1.6931471805599454
similar:1.0
want:1.6931471805599454
except:1.0
manual:1.0
transmission:1.6931471805599454
considering:1.0
anti-lock:1.0
brakes:1.0
hate:1.0
automatic:1.6931471805599454
seatbelts:1.0
think:1.6931471805599454
airbag:1.0
plus:1.0
general:1.6931471805599454
comfort:1.0
performance:1.0
significant:1.0
specific:1.0
listed:2.09861228866811
comfortable:2.386294361119891
theoretically:1.0
abs:2.6094379124341005
though:1.6931471805599454
practice:1.0
hard:1.0
find:1.6931471805599454
base:1.6931471805599454
price:2.09861228866811
includes:1.6931471805599454
numerous:1.0
little:1.0
things:1.6931471805599454
tach:1.0
variable:1.0
speed:1.0
wipers:1.0
defroster:1.0
60/40:1.0
split:1.0
folding:1.0
expensive:1.6931471805599454
many:1.0
gets:1.0
significantly:1.6931471805599454
better:1.6931471805599454
mileage:1.6931471805599454
front:1.0
adjustable:1.6931471805599454
belt:1.6931471805599454
mounting:1.6931471805599454
without:1.6931471805599454
ex:1.0
1000s:1.0
sunroof:1.0
geo:1.0
prizm/toyota:1.0
seats:1.0
us:1.0
may:1.0
vary:1.0
lots:1.0
extras:1.0
saturn:1.0
sl2:1.0
sl1:1.0
less:1.0
motorized:1.0
attack:1.6931471805599454
belts:1.6931471805599454
dodge:1.0
spirit:1.0
real:1.0
outstanding:1.0
generally:1.0
ok:1.0
fold:1.0
chevy:1.0
corsica:1.0
standard:1.0
lower:1.0
would:1.6931471805599454
buy:1.0
safety:1.0
ratings:1.0
consumer:1.0
reports:1.0
first:1.0
3:1.6931471805599454
suspension:1.0
didnt:1.0
feel:1.0
stiff:1.0
others:1.0
minds:1.0
gave:1.0
disproportionately:1.0
low:1.0
consideration:1.0
big:1.0
due:1.0
wifes:1.0
familys:1.0
dislike:1.0
chrysler:1.0
products:1.6931471805599454
b:1.0
unimpressive:1.0
gm:1.0
owned:1.0
parents:1.0
housemate:1.0
mine:1.0
c:1.0
taurus:1.0
tempo:1.0
uncomfortable:1.0
escort:1.0
air:1.0
bag:1.0
end:1.0
saw:1.0
advertised:1.0
12800:1.0
washington:1.0
post:1.0
april:1.0
14:1.0
local:1.0
dealer:1.0
says:1.0
match:1.0
tomorrow:1.0
main:1.0
question:1.0
mind:1.0
whether:1.6931471805599454
factory:1.0
order:1.6931471805599454
preference:1.0
one:1.0
dealership:1.0
run:1.0
lot:1.0
