c23reg:2.09861228866811
kocrsv01.delcoelect.com:1.0
ron:2.09861228866811
gaskins:2.09861228866811
subject:1.0
dumbest:1.6931471805599454
automotive:2.09861228866811
concepts:1.0
tim:1.0
article:1.6931471805599454
1993apr8.233443.22590:1.0
exu.ericsson.se:1.6931471805599454
exulox:1.0
lasse:1.0
ohlsson:1.0
t/tdt:1.0
1129:1.0
writes:1.6931471805599454
23250:1.0
cas.org:1.6931471805599454
sdm24:1.0
imho:1.0
thing:1.0
ever:1.0
copying:1.0
japanese:1.0
moving:1.0
dimmer:1.6931471805599454
switch:1.6931471805599454
floor:1.6931471805599454
lever:1.0
controlling:1.0
turn:1.0
signal/cruise:1.0
federal:1.0
government:1.0
mandated:1.0
passenger:1.0
cars:1.0
model:1.0
year:1.0
95:1.0
return:1.0
mounted:1.0
study:1.0
national:1.0
highway:1.0
traffic:1.0
safety:1.0
administration:1.0
nhtsa:1.0
found:1.0
unacceptable:1.0
percentage:1.0
dusk:1.0
collisions:1.0
direct:1.0
result:1.0
unskilled:1.0
drivers:1.0
getting:1.0
left:1.0
foot:1.0
stuck:1.0
steering:1.0
wheel:1.0
koptsw21.delcoelect.com:1.6931471805599454
electronic:1.6931471805599454
systems:1.6931471805599454
delco:1.6931471805599454
electronics:2.386294361119891
gm:1.6931471805599454
hughes:1.6931471805599454
kokomo:1.6931471805599454
46904:1.6931471805599454
