rwf2:1.6931471805599454
ns1.cc.lehigh.edu:1.0
robert:1.0
william:1.0
fusi:2.09861228866811
subject:1.0
sale:1.6931471805599454
91:1.0
toyota:1.6931471805599454
camry:1.6931471805599454
9500:1.6931471805599454
1991:1.0
deluxe:1.0
package:1.0
5:1.6931471805599454
speed:1.0
grey:1.0
power:2.386294361119891
windows:1.0
door:1.0
locks:1.0
am/fm:1.0
cassette:1.0
steering:1.0
brakes:1.0
70k:1.0
highway:1.0
miles:1.0
excellent:1.0
condition:1.0
rob:1.0
lehigh.edu:1.0
609:1.0
397-2147:1.0
7pm:1.0
e-mail:1.0
info:1.0
914:1.0
335-6984:1.0
day:1.0
ask:1.0
bob:1.0
