rjwade:1.0
rainbow.ecn.purdue.edu:1.0
robert:1.0
j:1.0
wade:1.0
subject:1.0
plymouth:1.0
sundance/dodge:1.0
shadow:1.0
experiences:1.6931471805599454
article:1.0
1qmq7tinn9l:1.0
tamsun.tamu.edu:1.0
dlb5404:1.0
tamuts.tamu.edu:1.0
daryl:1.6931471805599454
biberdorf:1.0
writes:1.0
another:1.0
user:1.0
recently:1.0
requested:1.0
info:1.0
shadow/sundance:1.0
cars:1.6931471805599454
havent:1.0
seen:1.0
public:1.0
responses:1.0
peoples:1.0
pretty:1.0
much:1.0
junk:1.0
stay:1.0
away:1.0
replaced:1.0
next:1.0
year:1.0
new:1.0
models:1.0
