subject:1.0
buy:2.09861228866811
back:2.09861228866811
libemc:1.0
byuvm.bitnet:1.0
dealership:1.0
today:1.0
looking:1.0
buying:1.0
car:1.6931471805599454
salesman:1.0
showing:1.0
us:1.0
something:1.0
calling:1.0
fleeted:1.0
given:1.0
new:1.0
model:1.0
next:1.0
year:1.0
many:1.0
miles:1.0
good:1.6931471805599454
number:1.0
types:1.0
cars:1.0
generally:1.0
thanks:1.0
ellen:1.0
