kissane:2.09861228866811
black.berkeley.edu:1.0
john:1.6931471805599454
g:1.0
subject:1.0
manual:1.0
shift:1.0
bigots:1.0
matter:1.0
interest:1.0
anyone:1.0
know:1.0
autos:1.0
popular:1.0
us:1.0
europe:1.0
rare:1.0
wondering:1.0
motorola:1.0
ireland:1.6931471805599454
ltd:1.0
o.o:1.0
uucp:1.0
uunet:1.0
motcid:1.0
glas:1.0
kissanej:1.6931471805599454
mahon:1.0
industrial:1.0
estate:1.0
internet:1.0
glas.rtsg.mot.com:1.0
blackrock:1.0
cork:1.0
u:1.0
