rjwade:1.0
rainbow.ecn.purdue.edu:1.0
robert:1.0
j:1.0
wade:1.0
subject:1.0
saturn:2.6094379124341005
extended:2.791759469228055
warranty:2.791759469228055
article:1.6931471805599454
1r7n42innie1:1.0
shelley.u.washington.edu:1.0
gaia:1.6931471805599454
carson.u.washington.edu:1.0
i/we:1.0
writes:1.6931471805599454
1r6bqginn4ei:1.0
roundup.crhc.uiuc.edu:1.0
vivek:1.6931471805599454
crhc.uiuc.edu:1.0
chickermane:1.0
advice:1.6931471805599454
placed:1.0
order:1.0
sl2:1.0
expected:1.0
next:1.0
week:1.0
retailer:1.0
gave:1.0
pamphlets:1.0
plan:2.09861228866811
thinking:1.0
first:1.0
time:1.0
new:1.0
car:2.386294361119891
buyer:1.0
seeking:1.0
veterans:1.0
esp:1.0
bought:1.0
saturns:1.0
lately:1.0
fyi:1.0
listed:1.0
features:1.0
comes:1.0
3:1.0
years/36,000:1.0
mile:1.0
bumper-to-bumper:1.0
powertrain:1.0
coverage:2.09861228866811
covers:1.0
cost:1.6931471805599454
repairs:1.0
engine:1.0
transaxle:1.0
front:1.0
wheel:1.0
drive:1.0
24:1.0
hour:1.0
roadside:1.0
assistance:1.0
program:1.0
term:1.0
years/miles:1.0
deductible:1.0
5/60,000:1.0
6/75,000:1.0
6/100,000:1.0
50:1.0
375:1.0
550:1.0
725:1.0
say:1.0
warranties:1.0
ripoff:1.0
high-profit:1.0
item:1.0
dealers:1.0
really:1.0
want:1.0
point:1.6931471805599454
buying:1.6931471805599454
5/60k:1.0
6/75k:1.0
6/100k:1.0
get:1.0
3yr/36k:1.0
free:1.0
2/24k:1.0
3/39k:1.0
3/64k:1.0
keep:1.0
mind:1.0
look:1.0
vs:1.0
another:1.0
many:1.0
companies:1.0
routinely:1.0
fix:1.0
problems:1.0
design/manufacturing:1.0
defects:1.0
company:1.0
owns:1.0
keeping:1.0
customer:1.0
happy:1.0
etc:1.0
