qwerty:1.0
tunisia.ssc.gov:1.0
kris:1.0
schludermann:1.0
subject:1.0
rfi:1.0
art:1.0
clutchless:1.6931471805599454
shifting:1.6931471805599454
article:1.0
1993apr23.010311.23110:1.0
ra.oc.com:1.0
lusky:1.6931471805599454
ccwf.cc.utexas.edu:1.0
jonathan:1.0
r:1.0
writes:1.0
without:1.0
clutch:1.0
transmission:1.6931471805599454
syncros:1.0
cause:1.0
damage:1.0
question:1.0
long:1.0
takesto:1.0
grenade:1.0
something:1.0
trans:1.0
87:1.0
pulsar:1.0
se:1.0
3-5k:1.0
miles:1.6931471805599454
weak:1.0
tranny:1.0
first:1.0
place:1.0
please:1.0
explain:1.0
200k:1.0
usage:1.0
shift:1.0
problems:1.0
krispy:1.0
