markm:1.0
bigfoot.sps.mot.com:1.0
mark:1.6931471805599454
monninger:1.0
subject:1.0
borgward:1.6931471805599454
question:1.0
article:1.0
1r93m7innnb3:1.0
shelley.u.washington.edu:1.0
monet:1.0
carson.u.washington.edu:1.0
diana:1.0
smith:1.0
writes:1.0
ex-husband:1.0
used:1.0
borgwards:1.0
even:1.0
tho:1.0
ugly:1.0
names:1.0
one:1.0
humphrey:1.0
thats:1.0
pretty:1.0
good:1.0
friend:1.0
audi:1.0
named:1.0
murphy:1.0
