n3022:1.0
cray.com:1.0
jim:1.6931471805599454
knoll:1.0
subject:1.0
thanks:1.6931471805599454
86:1.6931471805599454
nova:1.6931471805599454
advice:1.0
want:1.0
thank:1.6931471805599454
people:1.0
responded:1.0
post:1.0
weeks:1.0
ago:1.0
buying:1.0
chev:1.0
100,000:1.0
mi:1.0
decided:1.0
buy:1.0
car:1.0
month:1.0
replaced:1.0
front:1.0
brake:1.0
pads:1.0
changed:1.0
oil:1.0
far:1.0
problems:1.0
surfaced:1.0
received:1.0
many:1.0
suggestions:1.0
encouragement:1.0
purchase:1.0
figured:1.0
late:1.0
better:1.0
none:1.0
