bowmanj:1.0
csn.org:1.0
jerry:1.0
bowman:1.0
subject:1.0
v4:1.0
v6:1.0
v8:1.0
v12:1.0
vx:1.0
article:1.0
apr22.202724.24131:1.0
engr.washington.edu:1.0
eliot:2.09861228866811
stalfos.engr.washington.edu:1.0
writes:1.0
subarus:1.0
use:1.0
180:1.6931471805599454
degree:1.6931471805599454
vees:1.0
engines:1.0
v:1.0
ya:1.0
got:1.0
ta:1.0
love:1.0
