dchan:1.0
cisco.com:1.0
derek:1.6931471805599454
chan:1.0
subject:1.0
service:2.386294361119891
indicator:1.6931471805599454
bmw:1.6931471805599454
anyone:1.0
know:1.0
reset:1.0
changing:1.0
oil:2.09861228866811
also:1.0
3,000:1.0
miles:2.09861228866811
525i:1.0
far:1.0
one:1.0
five:1.0
yellow:1.0
indicators:1.0
went:1.0
means:1.0
dont:1.0
need:1.0
reach:1.0
approximatly:1.0
15,000:1.0
doesnt:1.0
make:1.0
sense:1.0
idea:1.0
ps:1.0
cause:1.0
first:1.0
change:1.0
1,200:1.0
