mobasser:1.0
vu-vlsi.ee.vill.edu:1.0
bijan:1.6931471805599454
mobasseri:1.0
subject:1.0
renting:1.0
alamo:1.6931471805599454
cause:1.0
friend:1.0
rented:1.0
car:1.0
last:1.0
year:1.0
turned:1.0
needed:1.0
lot:1.0
insurance:1.6931471805599454
whats:1.0
included:1.0
base:1.0
price:1.0
hand:1.0
didnt:1.0
rent:1.0
probability:1.0
ill:1.0
needing:1.0
unless:1.6931471805599454
accident:1.6931471805599454
wont:1.6931471805599454
need:1.6931471805599454
joe:1.0
let:1.0
see:1.0
hmmmmmmm:1.0
