brother:1.0
mrcnext.cso.uiuc.edu:1.0
jesse:1.0
mccabe:1.0
subject:1.0
choice:1.0
gauges:1.6931471805599454
dmunroe:1.0
vcd.hp.com:1.0
dave:1.6931471805599454
gauge:1.6931471805599454
writes:1.0
b:1.6931471805599454
think:1.0
others:1.0
ideas:1.0
well:1.0
bmw:1.0
like:1.6931471805599454
little:1.0
light:1.0
turns:1.0
running:1.0
gas:1.0
big:1.0
help:1.0
got:1.0
turbo:1.0
must:1.0
could:1.0
id:1.0
possible:1.0
car:1.0
cant:1.0
everything:1.0
