bmoss:1.0
grinch.sim.es.com:1.0
brent:1.0
spuzy:1.0
moss:1.0
subject:1.0
water:1.0
trunk:1.0
89:1.0
probe:1.6931471805599454
rubber:1.0
drain:1.0
plugs:1.0
carpet:1.0
mazda:1.0
glc:1.0
leaked:1.0
like:1.0
ones:1.0
spare:1.0
tooke:1.0
put:1.6931471805599454
silicone:1.0
sealant:1.0
back:1.0
