erini:2.09861228866811
enterprise.ifp.uiuc.edu:1.6931471805599454
doss:1.0
subject:1.0
cellular:1.6931471805599454
antannas:1.0
need:1.0
get:1.0
info:1.0
antennas:1.6931471805599454
biggest:1.0
companies:1.0
market:1.0
much:1.0
antenna:1.0
cost:1.0
specs:1.0
gain:1.0
directivity:1.0
contact:1.0
person:1.0
thank-you:1.0
email:1.0
