firman:1.0
envmsa.eas.asu.edu:1.0
b:1.6931471805599454
subject:1.0
viper:1.6931471805599454
article:1.0
c5jnha.8ib:1.0
murdoch.acc.virginia.edu:1.0
rmt6r:1.0
faraday.clas.virginia.edu:1.0
roy:1.0
matthew:1.0
thigpen:1.0
writes:1.0
last:1.0
night:1.0
dream:2.09861228866811
dad:1.6931471805599454
bought:1.0
took:1.0
test:1.0
drive:1.0
without:1.0
knowledge:1.0
push:1.0
way:1.0
home:1.0
avoid:1.0
ticket:1.0
wierd:1.0
wonder:1.0
means:1.0
probably:1.0
told:1.0
buy:1.0
car:1.0
might:1.0
come:1.0
true:1.0
