rich1:1.0
netcom.com:1.0
richard:1.0
soennichsen:1.0
subject:1.0
service:1.6931471805599454
indicator:1.0
bmw:1.6931471805599454
save:1.0
youself:1.0
cash:1.0
take:1.0
mechanic:1.0
idiot:1.0
lights:1.0
buy:1.0
ballpoint:1.0
pen:1.0
write:1.0
change:1.0
oil:1.0
every:1.0
3000:1.0
mi:1.0
fine:1.0
follow:1.0
regular:1.0
intervals:1.0
r:1.0
book:1.0
also:1.0
