subject:1.0
dirty:1.0
diesels:1.6931471805599454
stubbs:1.6931471805599454
hawk.cs.ukans.edu:1.0
jerry:1.0
yeah:1.0
hate:1.0
follow:1.0
exhaust:1.0
ground:1.0
level:1.0
well:1.0
maintained:1.0
either:1.0
seems:1.0
run:1.0
long:1.6931471805599454
people:1.0
keep:1.0
going:1.0
top:1.0
end:1.0
worn:1.0
