gough:1.0
cbnewsc.cb.att.com:1.0
brian.w.gough:1.0
subject:1.0
4x4:1.0
on/off-road:1.0
rally:3.302585092994046
joliet:2.6094379124341005
il:1.6931471805599454
attention:1.0
four:2.09861228866811
wheel:2.09861228866811
road:2.791759469228055
enthusiasts:1.0
on/off:2.386294361119891
sunday:2.09861228866811
april:2.09861228866811
25th:2.09861228866811
illinois:1.0
event:1.0
mud:2.09861228866811
turtles:1.6931471805599454
chicago:1.0
land:1.0
drive:2.09861228866811
club:1.0
sponsoring:1.0
ask:1.0
well:1.6931471805599454
consists:1.0
following:1.0
1:1.0
on-the-road:1.0
participants:2.6094379124341005
given:2.386294361119891
set:2.09861228866811
directions:2.09861228866811
clues:1.6931471805599454
guiding:1.0
participates:1.0
around:1.0
joliet/plainfield:1.0
area:1.6931471805599454
object:1.0
navigate:1.6931471805599454
course:3.0794415416798357
based:1.6931471805599454
questions:1.6931471805599454
pertaining:1.0
must:2.09861228866811
answer:1.0
along:1.0
way:1.0
points:2.386294361119891
awarded:2.09861228866811
number:1.0
correct:1.0
answers:1.0
ultimately:1.0
lead:1.0
off-road:2.791759469228055
four-wheel:1.0
set-up:1.6931471805599454
various:1.0
locations:1.0
on-road:1.0
check-points:1.0
asked:1.0
requested:1.0
perform:1.0
activity:1.6931471805599454
e.g:1.0
tire:1.6931471805599454
roll:1.0
truck:2.09861228866811
tow:2.09861228866811
basketball:1.0
free-throw:1.0
etc:1.0
additional:1.0
2:1.0
optional:1.0
trails:1.0
bogs:1.0
and/or:1.0
hill:1.0
climbs:1.0
successfully:1.0
navigating:1.0
obstacles:1.0
without:1.0
getting:1.0
stuck:1.6931471805599454
get:1.6931471805599454
half:1.0
fun:1.6931471805599454
anyway:1.0
assistance:1.0
vehicle:1.6931471805599454
unstuck:1.0
try:1.0
divided:1.0
size:1.0
stock:1.0
4x4s:2.09861228866811
modified:1.0
run:1.0
end:1.0
trophies:1.0
top:1.0
scoring:1.0
door:1.0
prizes:1.0
dash:1.0
plaques:1.0
also:1.6931471805599454
food:1.0
drinks:1.0
available:1.0
conclusion:1.0
organized:1.0
sponsored:1.0
safety:1.0
foremost:1.0
concern:1.0
street:1.0
legal:1.0
solid:1.0
section:1.0
dont:1.0
want:1.0
separate:1.0
someones:1.0
bumper:1.0
particulars:1.0
begins:1.0
instant:1.6931471805599454
replay:1.6931471805599454
2409:1.0
plainfield:1.0
815:2.386294361119891
436-9382:1.0
see:1.0
map:1.0
registration:1.0
9:1.0
10:30:1.0
a.m:1.6931471805599454
first:1.0
10:00:1.0
date:1.0
rain:1.0
shine:1.0
entry:1.0
fee:1.0
10:1.0
per:1.0
co-driver:1.0
passengers:1.0
allowed:1.0
valid:1.0
drivers:1.0
license:1.0
required:1.0
suggested:1.0
equipment:1.0
cb:1.0
radio:1.0
compass:1.0
strap:1.0
clevis:1.0
clip:1.0
board:1.0
pencil:1.0
alcohol:1.0
information:1.0
contact:1.0
gary:1.0
727-3415:1.0
tom:1.0
485-9346:1.0
norm:1.0
jr:1.0
741-4853:1.0
brian:1.0
708:1.0
979-6083:1.0
1.9mi:1.0
1.2:1.0
mi:1.6931471805599454
north:1.0
rt30:1.0
exit:1.6931471805599454
257:1.0
rt55:1.0
canton:1.0
larkin:1.0
farm:1.0
ave:1.0
rd:1.0
3:1.0
rt80:1.0
v:1.0
130b:1.0
