stafford:2.386294361119891
lobby.ti.com:1.6931471805599454
ron:1.6931471805599454
subject:1.6931471805599454
changing:1.6931471805599454
oil:2.6094379124341005
self:1.6931471805599454
article:1.6931471805599454
93111.12475032hnbak:1.0
cmuvm.csv.cmich.edu:2.09861228866811
john:2.09861228866811
foster:1.6931471805599454
32hnbak:1.6931471805599454
writes:1.6931471805599454
date:1.0
wednesday:1.0
21:1.0
apr:1.0
1993:1.0
12:47:50:1.0
edt:1.0
drew:1.6931471805599454
kinglear.cs.colorado.edu:1.0
eckhardt:1.0
pod.734834505:1.0
sour.sw.oz.au:1.6931471805599454
pod:1.0
paul:1.0
odonnell:1.0
wri:1.0
1qgi8einnhs5:1.0
skeena.ucs.ubc.ca:1.0
yiklam:1.0
unixg.ubc.ca:1.0
yik:1.0
chong:1.0
lam:1.0
hello:1.0
find:1.0
method:1.0
much:1.0
better:1.0
although:1.0
really:1.0
hate:1.0
bolt:1.0
finally:1.0
comes:1.0
loose:1.0
wrench:1.0
hand:1.0
come:1.0
crashing:1.0
face:1.6931471805599454
coming:1.0
15:1.0
minutes:1.0
later:1.6931471805599454
change:1.6931471805599454
clothes:1.0
time:1.0
drained:1.0
ice:1.6931471805599454
entire:1.0
suck:1.0
20:1.0
tylenol:1.6931471805599454
ease:1.0
pain:1.0
day:1.0
proceed:1.0
refilling:1.0
engine:1.0
crazy:1.0
try:1.0
cars:1.0
one:1.0
weekend:1.0
go:1.0
3:1.0
bottles:1.0
2:1.0
bags:1.0
everyone:1.0
trusted:1.0
tools:1.0
texas:1.6931471805599454
instruments:1.0
incorporated:1.0
214:1.0
917-2050:1.0
p.o.box:1.0
655012:1.0
ms:1.0
3620:1.0
dallas:1.0
75265-3620:1.0
