gt4722a:1.0
prism.gatech.edu:1.0
james:1.0
b:1.0
atkins:1.0
subject:1.0
honda:1.6931471805599454
mailing:1.6931471805599454
list:1.6931471805599454
subscribe:1.0
