yjwon:1.0
deca.cs.umn.edu:1.0
youjip:1.6931471805599454
subject:1.0
manual:1.6931471805599454
xmission-advice:1.0
needed:1.0
transmission:1.0
5:1.0
speed:1.0
difficult:1.0
engage:1.0
gear:1.0
xmission:1.6931471805599454
oil:1.6931471805599454
change:1.6931471805599454
improve:1.0
situation:1.0
think:1.0
favorable:1.0
period:1.0
