cak3:1.6931471805599454
ns1.cc.lehigh.edu:1.0
chad:2.09861228866811
andrew:1.0
kauffman:1.0
subject:1.0
car:2.09861228866811
alarm:1.6931471805599454
info:1.0
ungo:1.6931471805599454
box:1.6931471805599454
want:1.0
get:1.0
thinking:1.0
getting:1.0
anyone:1.0
knowledge:1.0
experience:1.0
alarms:1.6931471805599454
price:1.0
ranges:1.0
different:1.0
models:1.0
good:1.0
please:1.0
email:1.0
responces:1.0
ns3.lehigh.edu:1.0
