chan:2.09861228866811
ee.rochester.edu:1.0
subject:1.0
bfgoodrich:1.0
radial:2.386294361119891
t/a:2.9459101490553135
touring:2.09861228866811
tires:2.386294361119891
hi:1.0
looking:1.0
would:1.0
like:1.0
hear:1.0
experience:1.0
bf:1.0
goodrich:1.0
and/or:1.0
especially:1.0
size:1.0
p185/70r13:1.0
snow:1.0
wet:1.0
weather:1.0
quiet:1.0
many:1.0
miles:1.0
last:1.0
believe:1.0
every:1.0
way:1.0
equal/better:1.0
right:1.0
