erini:2.09861228866811
enterprise.ifp.uiuc.edu:1.6931471805599454
doss:1.0
subject:1.0
trucking:1.6931471805599454
industry:1.0
main:1.0
companeies:1.0
locations:1.0
name:1.0
ac:1.0
contact:1.0
person:1.0
thanks:1.0
email:1.0
