tedebear:1.0
leland.stanford.edu:1.0
theodore:1.0
chen:1.0
subject:1.0
v4:1.0
v6:1.6931471805599454
v8:1.6931471805599454
v12:1.6931471805599454
vx:1.0
article:1.0
1993apr22.180150.12377:1.0
telxon.mis.telxon.com:1.6931471805599454
joes:1.0
joe:1.0
staudt:1.0
writes:1.0
legend:1.0
mr3:1.0
mr6:1.0
honda:1.0
prelude:1.0
nope:1.0
4:1.0
cylinder:1.0
dont:1.0
know:1.0
didnt:1.0
try:1.0
hard:1.0
lexus:1.0
infinty:1.0
several:1.6931471805599454
wasnt:1.0
aware:1.0
another:1.0
infiniti:1.0
v-8:2.6094379124341005
besides:1.0
q45:1.0
bmw:1.6931471805599454
one:2.6094379124341005
model:1.6931471805599454
5-series:1.0
740i:1.0
730i:1.0
540i:1.0
530i:1.0
4.0:1.0
liter:1.6931471805599454
3.0:1.0
mercedes:1.6931471805599454
two:1.6931471805599454
models:1.0
theres:1.0
least:1.0
every:1.0
platform:1.0
except:1.0
compact:1.0
190e:1.0
s-class:1.0
400sel:1.0
500sel:1.0
w124:1.0
400e:1.0
500e:1.0
roadster:1.0
500sl:1.0
acura:1.6931471805599454
cant:1.0
remember:1.0
name:1.0
right:1.0
doesnt:1.0
cars:1.0
moment:1.0
jaguar:1.0
xjs:1.0
750il:1.0
850:1.0
xxxsl:1.0
600sl:1.0
600sel:1.0
sls:1.0
500:1.0
sl:1.0
300sl:1.0
inline:1.0
six:1.0
