brandt:2.09861228866811
cs.unc.edu:1.6931471805599454
andrew:1.0
subject:1.0
4runner:1.6931471805599454
pathfinder:1.6931471805599454
recent:1.0
changes:1.0
interested:1.0
finding:1.0
updated:1.0
past:1.0
years:1.0
like:1.6931471805599454
new:1.0
engine:1.0
suspension:1.0
noticed:1.0
1993:1.0
1992:1.0
4runners:1.0
identical:1.0
example:1.0
looking:1.0
buying:1.0
used:1.0
one:1.0
info:1.0
would:1.0
appreciated:1.0
esp:1.0
models/years:1.0
check:1.0
avoid:1.0
thx:1.0
andy:1.0
