ah301:1.0
yfn.ysu.edu:1.0
jerry:1.6931471805599454
sy:1.0
subject:1.0
ford:2.09861228866811
shop:1.6931471805599454
manuals:1.0
good:1.0
planning:1.0
buying:1.0
repair:1.0
manual:2.09861228866811
taurus:1.0
92:1.0
53:1.0
comprehensive:1.0
enough:1.0
covering:1.0
repairs:1.0
aspects:1.0
car:1.0
haynes:1.0
tarus:1.0
please:1.0
email:1.0
replies:1.0
possible:1.0
thanks:1.0
advance:1.0
