boyle:1.6931471805599454
cactus.org:1.0
craig:1.6931471805599454
subject:1.0
plymouth:1.0
sundance/dodge:1.0
shadow:2.09861228866811
experiences:1.0
article:1.0
oprsfnx.735015349:1.0
gsusgi1.gsu.edu:1.0
oprsfnx:1.0
gsusgi2.gsu.edu:1.0
stephen:1.0
f:1.0
nicholas:1.0
writes:1.0
stuff:1.0
dodge:1.0
deleted:1.0
ex-fleet:1.0
mgr:1.0
3000:1.0
cars:1.6931471805599454
amoung:1.0
trouble:1.0
free:1.0
models:2.791759469228055
bought:1.6931471805599454
one:1.0
wife:1.0
mean:1.0
chrysler:1.0
fleet:1.0
manager:1.0
way:1.0
hell:1.0
reliable:1.0
car:1.0
sold:1.0
even:1.0
chryslers:1.0
dept:1.0
lies:1.6931471805599454
damned:1.0
statistics:1.0
would:1.0
claim:1.0
