mani:1.6931471805599454
raunvis.hi.is:1.0
thorsteinsson:1.0
subject:1.0
lois:1.6931471805599454
chevrolet:2.09861228866811
whatching:1.0
history:1.0
indy:1.0
500:1.0
day:1.0
early:1.0
film:1.0
around:1.0
10-20s:1.0
name:1.6931471805599454
came:1.0
blue:1.0
wanted:1.0
know:1.0
founder:1.0
mearly:1.0
driver:1.0
whos:1.0
called:1.0
guys:1.0
koni:1.0
