asbestos:1.6931471805599454
nwu.edu:1.6931471805599454
michael:1.6931471805599454
atkinson:1.6931471805599454
subject:1.0
sale:1.6931471805599454
evanston:1.0
il:1.0
one:1.0
car:1.0
1981:1.0
oldsmobile:1.0
omega:1.0
four:1.0
door:1.0
gray:1.0
power:2.09861228866811
windows:1.0
steering:1.0
brakes:1.0
remote:1.0
trunk:1.0
release:1.0
starts:1.0
reliably:1.0
runs:1.0
well:1.0
needs:1.0
work:1.0
400:1.0
obo:1.0
details:1.0
email:1.0
708:1.0
864-0526:1.0
try:1.0
dew:1.0
libertarian:1.0
nra:1.0
member:1.0
