rajeev:1.0
chellapilla:1.0
rc4u:1.0
andrew.cmu.edu:1.0
subject:1.0
mbenz:1.0
bmw:1.6931471805599454
question:1.6931471805599454
new:2.09861228866811
m.benz:1.0
c:2.09861228866811
class:2.6094379124341005
cars:2.09861228866811
come:1.0
nomenclature:1.0
mb:1.0
adopted:1.0
apply:1.6931471805599454
also:1.0
current:2.386294361119891
one:1.0
know:1.0
replace:1.0
300:1.0
since:1.0
smaller:1.0
line:1.0
190:1.0
another:1.0
realising:1.0
body:1.0
style:1.0
7:1.0
series:1.6931471805599454
5:1.0
seem:1.0
bit:1.0
dated:1.0
