mcrosbie:1.0
batman.bmd.trw.com:1.0
subject:1.0
syclone:1.6931471805599454
typhoon:1.6931471805599454
owners:1.6931471805599454
want:1.0
start:1.0
list:1.0
interested:1.0
participating:1.0
please:1.0
contact:1.0
via:1.0
e-mail:1.0
merrill:1.0
