arun:1.0
g:1.0
jayakumar:1.0
aj22:1.0
andrew.cmu.edu:1.0
subject:1.0
honda:2.09861228866811
mailing:2.09861228866811
list:2.386294361119891
excerpts:1.0
netnews.rec.autos:1.0
24-apr-93:1.0
james:1.0
b:1.0
atkins:1.0
prism.ga:1.0
subscribe:1.0
look:1.0
magazine:1.0
ads:1.0
may:1.0
phone:1.0
number:1.0
call:1.0
ask:1.0
catalog:1.0
etc:1.0
