tonyz:1.0
hpwrce.mayfield.hp.com:1.0
tony:1.0
zugates:1.0
subject:1.0
last:1.6931471805599454
v-8:1.6931471805599454
interceptors:1.6931471805599454
anyone:1.0
know:1.0
kind:1.0
car:1.0
mad:1.0
max:1.0
used:1.0
road:1.0
warrior:1.0
called:1.0
couldnt:1.0
tell:1.0
chopped:1.0
thanks:1.0
