glouie:1.0
oasys.dt.navy.mil:1.0
george:1.6931471805599454
louie:1.0
subject:1.0
pennsylvania:1.0
insurance:2.386294361119891
limited:1.6931471805599454
tort:1.6931471805599454
option:1.6931471805599454
hey:1.0
im:2.09861228866811
looking:1.0
buying:1.0
new:1.0
car:1.6931471805599454
confused:1.0
coverage:1.0
also:1.0
applies:1.0
existing:1.0
policy:1.0
anyone:1.6931471805599454
understand:1.0
means:1.0
lower:1.0
rates:1.0
opt:1.6931471805599454
expensive:1.0
laymans:1.0
terms:1.0
please:1.6931471805599454
good:1.0
deal:1.0
ignore:1.0
type:1.6931471805599454
sue:1.0
drop:1.0
hat:1.0
report:1.0
every:1.0
little:1.0
ding:1.0
company:1.0
vandalism:1.0
claim:1.0
help:1.0
thanks:1.0
advance:1.0
