c465353:2.09861228866811
mizzou1.missouri.edu:1.6931471805599454
jim:1.6931471805599454
struglia:1.6931471805599454
subject:1.0
michelin:1.6931471805599454
trx:1.6931471805599454
tires:2.09861228866811
info:1.6931471805599454
needed:1.0
hi:1.0
available:1.0
set:1.0
metric:1.0
wheels:1.0
came:1.0
mustang:1.0
t-bird:1.0
wearing:1.0
nearly-bald:1.0
220-55r390:1.0
place:1.6931471805599454
found:1.0
tire:1.6931471805599454
rack:1.0
mailorder:1.0
121:1.0
pop:1.0
cheaper:1.0
source:1.0
another:1.0
manufacturer:1.0
size:1.0
thanks:1.0
please:1.0
e-mail:1.0
responses:1.0
post:1.0
summary:1.0
interest:1.0
jas:1.0
mizzou1.bitnet:1.0
