jkjec:1.0
westminster.ac.uk:1.0
shazad:1.0
barlas:1.0
subject:1.0
dumbest:1.6931471805599454
automotive:1.0
concepts:1.0
time:1.0
options:1.0
well:1.0
uk:1.0
bmw:1.0
offer:1.0
no-smokers:1.0
option:1.0
means:1.0
take:1.0
fag:1.0
lighter:1.0
big:1.0
deal:1.0
btw:1.0
bought:1.0
honda:1.0
crx:1.6931471805599454
f1:1.0
neat:1.0
consider:1.0
mr2:1.0
targa:1.0
mx5:1.0
guys:1.0
call:1.0
miata:1.0
one:1.0
heart:1.0
body:1.0
kit:1.0
8-spokes:1.0
ps:1.0
richard:1.0
somewhere:1.0
