oprsfnx:1.6931471805599454
gsusgi2.gsu.edu:1.0
stephen:1.0
f:1.0
nicholas:1.6931471805599454
subject:1.0
geico:1.6931471805599454
im:1.0
glad:1.0
forum:1.0
came:1.0
ive:1.0
pricing:1.0
insurance:1.0
lately:1.0
considered:1.0
company:1.0
practices:1.0
like:1.0
e.s.a.d:1.0
ill:1.0
stay:1.0
liberty:1.0
mutual:1.0
steve:1.0
wells:1.0
computer:1.0
center:1.0
georgia:1.0
state:1.0
university:1.0
gsusgi1.gsu.edu:1.0
risk:1.6931471805599454
taken:1.0
