jg003b:1.0
uhura.cc.rochester.edu:1.0
outatime:1.6931471805599454
subject:1.0
emergency:2.386294361119891
brake:2.386294361119891
86:1.6931471805599454
nissan:1.6931471805599454
maxima:1.6931471805599454
quick:1.0
simple:1.0
question:1.0
really:1.0
many:1.0
wheels:2.09861228866811
affected:2.09861228866811
ive:1.0
heard:1.0
four:1.0
would:1.0
seem:1.0
unusual:1.0
thought:1.0
cars:1.0
rear:1.0
also:1.0
powerful:1.0
usually:1.0
enough:1.0
lock:1.0
30mph:1.0
hmmmm:1.0
wonder:1.0
things:1.0
hear:1.0
