butt:1.6931471805599454
camis.stanford.edu:1.0
ayub:1.0
subject:1.0
toyota:1.6931471805599454
coralla:1.0
1988:1.6931471805599454
fx:1.6931471805599454
sale:1.0
corolla:1.0
am/fm:1.0
radio:1.0
nothing:1.0
else:1.0
low:1.0
mileage:1.0
28,000:1.0
ride:1.0
bike:1.0
work:1.0
dark:1.0
blue:1.0
good:1.0
condition:1.0
3800:1.0
leaving:1.0
country:1.0
year:1.0
must:1.0
sell:1.0
great:1.0
city:1.0
car:1.0
call:1.0
renee:1.0
fecteau:1.0
408:1.0
924-5171:1.0
leave:1.0
message:1.0
email:1.0
account:1.0
