jg003b:1.0
uhura.cc.rochester.edu:1.0
outatime:1.6931471805599454
subject:1.0
thoughts:1.0
vw:1.6931471805599454
corrado:1.6931471805599454
vr6:1.6931471805599454
curious:1.0
people:1.0
thought:1.0
thats:1.0
