george.howell:1.6931471805599454
goucher:1.6931471805599454
wb3ffv.ampr.org:1.6931471805599454
george:1.6931471805599454
howell:1.0
subject:1.0
impala:1.0
ss:1.0
going:1.0
mean:1.0
theyre:1.0
gon:1.0
na:1.0
bring:1.0
back:1.0
biscayne:1.0
bel:1.0
air:1.0
210:1.0
