ae045:1.0
freenet.carleton.ca:1.0
mike:1.6931471805599454
harker:1.6931471805599454
subject:1.0
car:1.6931471805599454
guys:1.0
correct:1.0
bricklin:1.0
produced:1.0
canada:1.6931471805599454
national:1.0
museum:1.6931471805599454
science:1.0
technology:1.0
ottawa:1.6931471805599454
one:1.0
sometimes:1.0
put:1.0
display:1.0
time:1.0
stays:1.0
storage:1.0
doesnt:1.0
much:1.0
room:1.0
big:1.0
deal:1.0
canadian:1.0
thats:1.0
anybodys:1.0
fan:1.0
also:1.0
nice:1.0
green:1.0
73:1.0
riviera:1.0
looks:1.0
like:1.0
came:1.0
showroom:1.0
ontario:1.0
voice:1.0
613-823-6757:1.0
