singer:2.386294361119891
ll.mit.edu:1.6931471805599454
matthew:1.6931471805599454
r:1.6931471805599454
subject:1.0
opel-gt:1.0
opel:1.0
gts:1.0
im:1.0
wondering:1.0
enough:1.0
starting:1.0
mail:1.0
list:1.0
mit:1.0
lincoln:1.0
laboratory:1.0
617:1.0
981-3771:1.0
244:1.0
wood:1.0
street:1.0
lexington:1.0
02173:1.0
