rjwade:1.0
rainbow.ecn.purdue.edu:1.0
robert:1.0
j:1.0
wade:1.0
subject:1.0
geico:1.6931471805599454
annoyance:1.0
want:1.0
annoy:1.0
call:1.0
give:1.0
fake:1.0
name:1.0
real:1.0
car:1.0
specs..get:1.0
quote:2.09861228866811
tell:1.0
expensive:1.0
current:1.6931471805599454
state:1.6931471805599454
farm/allstate:1.0
insurance:1.0
still:1.0
send:1.0
etc:1.0
tear:1.0
stuff:1.0
prepaid:1.0
return:1.0
envelope:1.0
mail:1.0
back:1.0
actually:1.0
12:1.0
farm:1.0
rates:1.0
