glouie:1.0
oasys.dt.navy.mil:1.0
george:1.6931471805599454
louie:1.0
subject:1.0
nissan:1.0
nomenclature:1.0
manual:1.0
shift:1.0
bigots:1.0
wanted:1.0
rec.autos:1.0
grahamt:1.0
phantom.gatech.edu:1.0
graham:1.6931471805599454
e:1.6931471805599454
thomas:1.6931471805599454
writes:1.0
currently:1.0
know:1.0
240sx:1.6931471805599454
known:1.0
elsewhere:1.0
200sx:1.6931471805599454
blah:2.6094379124341005
kind:1.0
interesting:1.0
always:1.0
assumed:1.0
named:1.0
2.4:1.0
liter:1.6931471805599454
engine:1.6931471805599454
uses:1.6931471805599454
likewise:1.0
2.0:1.0
isnt:1.0
true:1.0
