orscholz:1.0
cip.informatik.uni-erlangen.de:1.0
oliver:2.09861228866811
scholz:1.6931471805599454
subject:1.0
pontiac:1.0
option:1.6931471805599454
codes:1.6931471805599454
wanted:1.0
anyone:1.0
listing:1.0
pontiacs:1.0
three-letter:1.0
mean:1.0
thanks:1.0
dg4nem:1.0
graduate:1.0
student:1.0
computer:1.0
sciences:1.0
university:1.0
erlangen:1.0
germany:1.0
youre:1.0
killing:1.0
peg:1.0
oh:1.0
shut:1.0
al:1.0
like:1.0
care:1.0
