westes:1.6931471805599454
netcom.com:1.6931471805599454
estes:1.0
subject:1.0
looking:1.0
low:1.0
lease:2.09861228866811
rate:1.6931471805599454
toyota:1.6931471805599454
previa:1.6931471805599454
whats:1.0
best:1.0
quote:1.0
anyone:1.0
seen:1.0
dx:1.6931471805599454
all-trac:1.0
two-year:1.0
know:1.0
get:1.0
better:1.0
330/month:1.0
please:1.0
contact:1.0
name:1.0
phone:1.0
dealership:1.0
estesinternet:1.0
