tedebear:1.0
leland.stanford.edu:1.0
theodore:1.0
chen:1.0
subject:1.0
ultimate:1.0
awd:1.0
vehicles:1.0
article:1.0
apr16.215151.28035:1.0
engr.washington.edu:1.0
eliot:1.6931471805599454
stalfos.engr.washington.edu:1.0
writes:1.0
price:1.0
parts:1.0
different:1.0
story:1.0
though:1.0
say:1.0
23:1.0
new:1.0
thermostat:1.0
sound:1.0
teddy:1.0
