george.howell:1.6931471805599454
goucher:1.6931471805599454
wb3ffv.ampr.org:1.6931471805599454
george:2.09861228866811
howell:2.09861228866811
subject:1.0
keyless:1.0
entry:1.0
bruce:1.0
james:1.0
writes:1.0
without:1.0
key:1.0
though:1.0
steering:1.0
column:1.0
lock:1.6931471805599454
would:1.0
sacrificed:1.0
necessarily:1.0
maybe:1.6931471805599454
sort:1.0
servo:1.0
something:1.0
along:1.0
lines:1.0
could:1.0
used:1.0
acheive:1.0
effect:1.0
solenoid:1.0
type:1.0
thing:1.0
ooo:1.6931471805599454
ppp:1.6931471805599454
aaa:1.0
rrr:1.6931471805599454
mm:1.6931471805599454
p:2.386294361119891
r:2.791759469228055
aaaaa:1.0
ford:1.0
better:1.0
living:1.0
american:1.0
horsepower:1.0
