schrader:2.386294361119891
pi.eai.iastate.edu:1.0
dave:1.6931471805599454
subject:1.6931471805599454
400:1.0
big:1.0
block:1.0
says:1.0
70k:1.0
brother-in-law:1.0
wants:1.0
250:1.0
please:1.0
dont:1.0
reply:1.0
posting:1.0
heres:1.0
numbers:1.0
5pm-10pm:1.0
712:1.6931471805599454
676:1.0
3669:1.0
daytime:1.0
269:1.0
1261:1.0
eai.iastate.edu:1.0
