yavo:1.6931471805599454
sdosrv2.gvl.unisys.com:1.0
steve:1.6931471805599454
yavorski:1.0
subject:1.0
mercury:2.09861228866811
villager:1.0
minivan:1.0
good:1.0
buy:1.0
article:1.0
c5ydwp.6g0:1.0
ncube.com:1.6931471805599454
bob:1.6931471805599454
kehoe:1.0
writes:1.0
curiously:1.0
consider:1.0
test:1.0
vehicles:1.0
found:1.0
higher:1.0
build:1.0
quality:1.0
nissan:1.0
curious:1.0
built:1.0
factory:1.0
stephen:1.0
yavorskiinternet:1.0
ivy.paramax.com:1.0
nexrad:1.0
integrationphone:1.0
215:1.0
443:1.0
7500:1.0
paramax:1.0
systems:1.0
corporation:1.0
ivyland:1.0
pennsylvania:1.0
