hkon:1.0
mit.edu:1.0
henry:1.0
kon:1.0
subject:1.0
sunroof:1.6931471805599454
leaks:1.6931471805599454
im:1.0
wet:1.0
ive:1.0
always:1.0
thought:1.0
things:1.0
royal:1.0
pain:1.0
anyone:1.0
provide:1.0
insight:1.0
know:1.0
seal:1.0
isnt:1.0
great:1.0
maybe:1.0
could:1.0
weld:1.0
stupid:1.0
thing:1.0
shut:1.0
hk:1.0
