gwm:1.0
spl1.spl.loral.com:1.0
gary:1.0
w:1.0
mahan:1.0
subject:1.0
drag:1.6931471805599454
coefficients:1.6931471805599454
could:1.0
someone:1.0
explain:1.0
make:1.0
sense:1.0
i.e:1.0
cd:1.6931471805599454
mentioned:1.0
magazines:1.0
understand:1.0
lower:1.0
numbers:1.0
signify:1.0
better:1.0
aerodynamics:1.0
mean:1.0
real:1.0
world:1.0
way:1.0
calculate:1.0
new:1.0
top:1.6931471805599454
speeds:1.0
assuming:1.0
car:1.6931471805599454
rev:1.0
limited:1.0
speed:1.0
mileage:1.0
benefits:1.0
identical:1.0
reduced:1.0
34:1.0
33:1.0
thanx:1.0
