chellis:2.09861228866811
nyx.cs.du.edu:2.09861228866811
charles:1.0
ellis:2.09861228866811
subject:1.0
deal:1.0
blue-book:1.0
value:1.0
auto:1.6931471805599454
toll:1.0
insurance:1.0
companies:1.0
dealers:1.0
rip:1.0
case:1.0
accident:1.0
trade-in:1.0
charlie:1.6931471805599454
