jkjec:1.0
westminster.ac.uk:1.0
shazad:1.0
barlas:1.0
subject:1.0
comparing:1.0
saabs:1.6931471805599454
bmws:1.6931471805599454
dont:1.0
know:1.0
whenever:1.0
long:1.0
temr:1.0
tset:1.0
magazine:1.0
always:1.0
say:1.0
tehyre:1.0
little:1.0
annoying:1.0
niggles:1.0
keep:1.0
occuring:1.0
every:1.0
often:1.0
wouldnt:1.0
expect:1.0
quality:1.6931471805599454
car:1.0
doesnt:1.0
anything:1.0
like:1.0
ever:1.0
happen:1.0
maybe:1.0
coz:1.0
theyre:1.0
cars:1.0
shrugs:1.0
repentently:1.0
shaz:1.0
