chuck.lampman:1.6931471805599454
gstrf.gatech.edu:1.6931471805599454
chuck:1.6931471805599454
lampman:1.6931471805599454
subject:1.0
warning:1.0
please:1.0
read:1.0
enough:1.0
already:1.0
lets:1.0
take:1.0
discussion:1.0
newsgroup:1.0
thats:1.0
appropriate:1.0
us:1.0
tired:1.0
would:1.0
like:1.0
get:1.0
back:1.0
old:1.0
cars:1.0
imho:1.0
