jkjec:1.0
westminster.ac.uk:1.0
shazad:1.0
barlas:1.0
subject:1.0
alarm:2.386294361119891
systems:1.0
worthwhile:1.0
talking:1.6931471805599454
car:1.6931471805599454
alarms:1.0
certain:1.0
cars:1.0
country:1.0
insurable:1.0
fitted:1.6931471805599454
vecta:2.09861228866811
coswoths:1.0
porsches:1.0
stuff:1.0
insurance:1.0
companies:1.0
decided:1.0
make:1.0
move:1.0
insisted:1.0
scorpion:1.6931471805599454
theyve:1.0
changed:1.0
everyone:1.0
whos:1.0
spent:1.0
fitting:1.0
founbd:1.0
upgrade:1.0
system:1.0
sad:1.0
huh:1.0
shaz:1.0
