jkjec:1.0
westminster.ac.uk:1.0
shazad:1.0
barlas:1.0
subject:1.0
lexus:1.0
infiniti:1.0
yeah:1.0
bmw:1.0
525e:1.0
2.7:1.0
litres:1.0
535:1.0
3.4:1.0
btw:1.0
someone:1.6931471805599454
please:1.0
tell:1.0
put:1.0
elses:1.0
file:1.6931471805599454
reply:1.6931471805599454
persons:1.0
go:1.0
newgroups:1.0
together:1.0
ps:1.0
mail:1.0
personally:1.0
thanx:1.0
advance:1.0
