smorris:2.09861228866811
sumax.seattleu.edu:1.6931471805599454
steven:1.0
morris:1.6931471805599454
subject:1.0
v4:1.0
v6:1.0
v8:1.0
v12:1.0
vx:1.0
remove:1.0
legend:1.0
v-8:1.0
list:1.0
6:1.0
steve:1.0
m.a:1.0
internet:1.0
addiction:1.0
studies:1.0
pgm:1.0
uucp:1.0
uw-beaver:1.0
uunet:1.0
gtenmc:1.0
dataio:1.0
sumax:1.0
seattle:1.6931471805599454
university:1.0
phone:1.0
206:1.0
296-5350:1.0
dept:1.0
296-5351:1.0
direct:1.0
wa:1.0
98122:1.0
