jkjec:1.0
westminster.ac.uk:1.0
shazad:1.0
barlas:1.0
subject:1.0
dirty:1.0
diesels:1.6931471805599454
yeah:1.0
cleaner:1.0
petrol:1.0
powered:1.0
cars:1.0
even:1.6931471805599454
catalysts:1.0
fitted:1.0
disels:1.0
oh:1.0
citroen:1.0
launched:1.0
first:1.0
sports:1.0
diesel:1.6931471805599454
car:1.0
world:1.0
probably:1.0
true:1.0
assume:1.0
production:1.0
purposes:1.0
merc-benz:1.0
prototype:1.0
runs:1.0
back:1.0
around:1.0
1968:1.0
read:1.0
200:1.0
mph:1.0
shaz:1.0
