hsk:1.6931471805599454
microplex.com:1.6931471805599454
harjeet:1.6931471805599454
kalsi:1.0
subject:1.0
new:1.6931471805599454
mercedes:1.6931471805599454
diesels:1.6931471805599454
hi:1.0
fellow:1.0
auto:1.0
enthusiasts:1.0
anyone:1.0
info:1.0
4:1.0
valve:1.0
per:1.0
cylinder:1.0
working:1.0
specs:1.0
outputs:1.0
engine:1.0
size:1.0
direct:1.0
indirect:1.0
injection:1.0
etc:1.0
would:1.0
welcome:1.0
hear:1.0
late:1.0
year:1.6931471805599454
next:1.0
thank:1.0
advance:1.0
replies:1.0
