leeab:1.0
soda.berkeley.edu:1.0
ark-boon:1.0
lee:1.0
subject:1.0
centreforce:1.6931471805599454
clutch:2.09861228866811
one:1.0
experience:1.0
his/her:1.0
car:1.0
im:1.0
considering:1.0
replace:1.0
old:1.0
stock:1.0
90:1.0
crx:1.0
si:1.0
fair:1.0
price:1.0
martin:1.0
