arneh:1.0
edb.tih.no:1.0
arne:1.0
henriksen:1.0
subject:1.0
v4:1.6931471805599454
v6:1.6931471805599454
v8:1.6931471805599454
v12:1.6931471805599454
vx:1.0
devil:1.0
reincarnate:1.0
ssave:1.6931471805599454
ole.cdac.com:1.6931471805599454
wrote:1.0
curious:1.0
knowing:1.0
commericial:1.0
cars:1.0
today:1.0
v:1.0
engines:1.0
dont:1.6931471805599454
know:1.6931471805599454
legend:1.0
mr3:1.0
mr6:1.0
jaguar:1.0
xjs:1.0
please:1.0
add:1.0
list:1.0
thanks:1.0
