leapman:1.6931471805599454
austin.ibm.com:1.0
scott:1.0
subject:1.0
autofom/fomblin:1.0
tried:1.0
autofom:1.0
stuff:1.6931471805599454
1991:1.0
saturn:1.0
sc:1.0
disappointed:1.0
returned:1.0
refund:1.0
polished:1.0
car:1.0
2:1.0
hours:1.0
couldnt:1.0
remove:1.0
swirl:1.0
marks/thin:1.0
film:1.0
finish:1.0
also:1.0
attracted:1.0
dirt:1.0
without:1.0
