hhd0:1.0
harvey.gte.com:1.0
horace:1.6931471805599454
dediu:1.6931471805599454
subject:1.0
mbenz:1.0
300:1.6931471805599454
series:1.0
vw:1.0
passat:1.0
go:1.0
mercedes:1.0
afford:1.0
think:1.0
wagon:1.0
starts:1.0
around:1.0
50k:1.0
although:1.0
could:1.0
60k:1.0
comparison:1.0
cars:1.0
listed:1.0
gte:1.0
laboratories:1.0
617:1.0
466-4111:1.0
40:1.0
sylvan:1.0
road:1.0
internet:1.0
hdediu:1.0
gte.com:1.0
waltham:1.0
02254:1.0
