jkjec:1.0
westminster.ac.uk:1.0
shazad:1.0
barlas:1.0
subject:1.0
radar:1.6931471805599454
detectors:1.0
uk:1.0
youy:1.0
guys:1.0
know:1.0
legal:1.0
detector:1.0
illegal:1.0
use:1.6931471805599454
isnt:1.0
bit:1.0
like:1.0
owning:1.0
gun:1.0
allowed:1.0
mate:1.0
switches:1.0
whenever:1.0
cops:1.0
around:1.0
