homi:1.0
csd4.csd.uwm.edu:1.0
sammy:1.6931471805599454
subject:1.0
changing:1.0
m/t:1.0
oil:2.09861228866811
m89:1.0
maxima:2.386294361119891
hello:1.0
another:1.0
question:1.0
got:1.0
hands:1.0
2:1.0
quarts:1.0
readline:1.0
gear:1.0
7:1.0
quart:1.0
need:1.0
know:1.6931471805599454
throw:1.0
car:1.0
89:1.0
nissan:1.0
se:1.0
ideas:1.0
mix:1.0
stuff:2.09861228866811
drain:1.6931471805599454
first:1.0
use:1.0
one:1.0
plug:1.0
manual:1.0
transmission:1.0
would:1.0
really:1.0
appreciate:1.0
comments:1.0
also:1.0
owners:1.0
thied:1.0
cars:1.0
thanks:1.0
adv:1.0
