jkjec:1.0
westminster.ac.uk:1.0
shazad:1.0
barlas:1.0
subject:1.6931471805599454
emergency:1.0
brake:1.0
opel:1.6931471805599454
86:1.0
nissan:1.0
maxima:1.0
since:1.0
brakes:1.6931471805599454
anyone:1.0
know:1.0
4wd:1.6931471805599454
vauxhall:1.6931471805599454
disengages:1.0
drive:1.0
rear:1.0
wheels:1.0
applied:1.0
boast:1.0
car:1.0
stable:1.0
fwd:1.0
mode:1.6931471805599454
braking:1.0
shaz:1.0
