dougs:1.0
ingres.com:1.0
doug:2.09861228866811
schneyman:1.0
subject:1.0
two:2.386294361119891
cars:2.09861228866811
chevy:2.386294361119891
nova:2.386294361119891
cl:2.09861228866811
87:1.6931471805599454
dodge:1.6931471805599454
600:1.6931471805599454
se:1.6931471805599454
see:1.0
1987:1.6931471805599454
worth:1.0
3000:1.6931471805599454
problem:1.0
maintenance:1.6931471805599454
costs:1.6931471805599454
running:1.0
4000:1.0
per:1.6931471805599454
year:1.6931471805599454
insurance:1.0
wrong:1.6931471805599454
within:1.0
last:1.0
months:1.0
follows:1.0
occured:1.0
dodges:1.0
attempt:1.6931471805599454
american:1.0
german:1.0
car:2.09861228866811
1,000:1.0
replace:1.0
head:1.0
gasket:1.6931471805599454
300:1.0
new:1.0
radiator:1.0
chevys:1.0
japan:1.0
import:1.0
500:1.0
tune-up:1.0
oil:1.0
change:1.0
valve:1.0
middle:1.0
exhaust:1.0
pipe:1.0
misc:1.0
note:1.0
also:1.0
70:1.0
horsepwer:1.0
anyone:1.0
enough:1.0
power:1.0
get:1.0
even:1.6931471805599454
small:1.0
hill:1.0
without:1.0
knocking:1.0
something:1.0
use:1.0
93:1.0
octane:1.6931471805599454
gas:1.0
consider:1.0
going:1.0
110:1.0
find:1.0
anyway:1.0
best:1.0
items:1.0
do-it-yourself:1.0
equipment:1.0
needed:1.0
thanks:1.0
2:1.0
wayne:1.0
nj:1.0
