jafo:1.0
miranda.accum.com:1.0
sean:1.6931471805599454
reifschneider:1.0
subject:1.0
fast:1.0
whole:1.0
discussion:1.0
religous:1.0
war:1.0
id:1.0
rather:1.6931471805599454
93:1.0
rx-7:1.0
mustang:1.0
5.0l:1.0
3:1.0
times:1.0
price:1.0
thats:1.0
explain:1.0
porsches:1.0
selling:1.0
folks:1.0
would:1.0
stang:1.0
shrug:1.0
test:1.0
signature:1.0
