eliot:2.09861228866811
stalfos.engr.washington.edu:1.0
subject:1.0
horizontally:1.6931471805599454
opposed/boxer:1.0
engines:1.0
v4:1.0
v6:1.0
v8:1.0
v12:1.0
vx:1.0
article:1.0
1993apr26.174602.28054:1.0
magnus.acs.ohio-state.edu:1.6931471805599454
bqueiser:1.0
brian:1.0
j:2.791759469228055
queiser:1.0
writes:1.0
none:1.0
configurations:1.6931471805599454
perfectly:1.0
inherently:1.0
balanced:1.0
talking:1.0
balance:2.09861228866811
shafts:2.09861228866811
mass:1.0
either:1.0
ends:1.0
cranks:1.6931471805599454
eliminate:1.0
forces/moments:1.0
something:1.0
also:2.09861228866811
pointed:1.0
didnt:1.0
say:1.0
easier:1.0
add:1.6931471805599454
masses:1.0
sad:1.0
truth:1.0
makers:1.0
dont:1.6931471805599454
bother:1.0
put:1.0
big:1.6931471805599454
shaky:1.0
4s:1.6931471805599454
three:1.0
refer:1.0
1:2.9459101490553135
4:3.1972245773362196
i4:1.0
even-firing:2.09861228866811
180:2.09861228866811
deg:2.09861228866811
k:2.09861228866811
2:2.9459101490553135
3:2.9459101490553135
fp=0:2.09861228866811
mp=0:1.6931471805599454
fs=4:1.0
r/l:1.6931471805599454
zcos2t:1.6931471805599454
ms=0:1.6931471805599454
flat4:1.6931471805599454
fs=0:1.6931471805599454
crank:1.0
spacing:1.0
ms=2a:1.0
mp=2azcost:1.0
ridiculous:1.0
kindly:1.0
explain:1.0
10:1.0
years:1.6931471805599454
since:1.0
studied:1.0
stuff:1.0
flat:1.6931471805599454
i4s:1.6931471805599454
potential:1.0
nearly:1.6931471805599454
vibration:1.0
free:1.0
subaru:1.6931471805599454
nothing:1.0
general:1.0
porsche:2.6094379124341005
think:1.6931471805599454
somehow:1.0
connecting:1.0
absurdity:1.0
im:1.0
fan:1.0
wing:1.0
dings:1.0
overhead:1.0
cams:1.0
etc:2.09861228866811
around:1.0
100:1.0
point:1.0
trying:1.0
make:1.0
everybody:1.0
settles:1.0
orthodox:1.0
inline:1.0
using:1.0
opposed:1.0
unique:1.0
market:1.0
segment:1.0
uses:1.0
six:1.0
911:1.0
whats:1.0
problem:1.0
see:1.0
claim:1.0
engine:1.0
good:1.0
porsches:1.0
simply:1.0
pointing:1.0
use:1.0
configuration:1.0
want:1.0
nitpick:1.0
ad:1.0
campaigns:1.0
far:1.0
blatant:1.0
excesses:1.0
