dchan:1.0
cisco.com:1.0
derek:1.6931471805599454
chan:1.0
subject:1.0
service:1.6931471805599454
indicator:1.0
bmw:1.0
thanks:1.6931471805599454
recommendations:1.0
decide:1.0
ignore:1.0
indicators:1.0
oil:1.0
change:1.0
every:1.0
3000:1.0
miles:1.0
responses:1.0
