westes:1.6931471805599454
netcom.com:1.6931471805599454
estes:1.0
subject:1.0
wanted:1.0
92:1.6931471805599454
toyota:1.6931471805599454
previa:1.6931471805599454
all-trac:1.6931471805599454
low:1.6931471805599454
miles:1.6931471805599454
im:1.0
looking:1.0
buy:1.6931471805599454
selling:1.0
one:1.0
want:1.0
someone:1.0
existing:1.0
lease:1.0
please:1.0
contact:1.0
mail:1.0
estesinternet:1.0
