newman:2.386294361119891
cps.msu.edu:1.6931471805599454
timothy:1.0
subject:1.0
ford:1.6931471805599454
probe:1.6931471805599454
import:1.6931471805599454
car:1.0
year:1.0
okay:1.6931471805599454
know:1.0
made:1.6931471805599454
us:1.6931471805599454
fact:1.0
michigan:1.0
mazda:1.0
plant:1.0
question:1.0
parts:1.6931471805599454
american:1.0
japanese:1.6931471805599454
sources:1.0
told:1.0
assembly:1.0
plants:1.0
automakers:1.0
almost:1.0
used:1.0
vehicles:1.0
information:1.0
anyone:1.0
appreciated:1.0
tim:1.0
