aas7:1.0
po.cwru.edu:1.0
andrew:1.0
spencer:1.0
subject:1.0
v4:1.6931471805599454
v6:2.386294361119891
v8:2.09861228866811
v12:1.6931471805599454
vx:1.0
previous:1.0
article:1.6931471805599454
thomas.tornblom:1.6931471805599454
nexus.comm.se:1.6931471805599454
thomas:1.6931471805599454
tornblom:1.0
says:1.0
1993apr21.191744.3072:1.0
ole.cdac.com:2.09861228866811
ssave:1.6931471805599454
devil:1.0
reincarnate:1.0
writes:1.0
curious:1.0
knowing:1.0
commericial:1.0
cars:1.0
today:1.0
v:1.0
engines:1.0
dont:1.6931471805599454
know:1.6931471805599454
legend:1.0
mr3:1.0
mr6:1.0
vw:1.0
golf/passat:1.0
2.8l:1.0
vr6:1.0
inline:1.0
narrow:1.0
angle:1.0
11:1.0
deg:1.0
one:1.0
head:1.0
15:1.0
audi:1.6931471805599454
80/100:1.0
2.6/2.8l:1.0
3.6/4.2l:1.0
mbs:1.0
bmws:1.0
jaguar:1.0
xjs:1.0
bmw:1.0
750/850:1.0
mb:1.0
600:1.0
please:1.0
add:1.0
list:1.0
thanks:1.0
real:1.0
life:1.0
törnblom:1.0
email:1.0
snail:1.0
mail:1.0
communicator:1.0
nexus:1.0
ab:1.0
phone:1.0
46:1.6931471805599454
18:1.6931471805599454
171814:1.0
box:1.0
857:1.0
fax:1.0
696516:1.0
751:1.0
08:1.0
uppsala:1.0
sweden:1.0
drew:1.0
