pbhandar:1.0
tsegw.tse.com:1.0
parminder:1.0
bhandari:1.0
subject:1.0
question:1.0
integra:1.6931471805599454
auto:1.6931471805599454
box:1.6931471805599454
im:1.0
new:1.0
group:1.0
may:1.0
discussed:1.0
already:1.0
case:1.0
apologies:1.0
92:1.0
according:1.0
manual:1.0
car:1.0
lock:1.0
torque:1.0
converter:1.0
something:1.0
similar:1.0
work:1.0
excuse:1.0
ignorance:1.0
anybody:1.0
know:1.0
parms:1.0
sig:1.0
yet:1.0
