pfk1:1.6931471805599454
crux1.cit.cornell.edu:1.6931471805599454
philip:1.0
f:1.0
kromer:1.0
iv:1.0
subject:1.0
car:2.386294361119891
wash:2.386294361119891
hurt:1.6931471805599454
cars:1.6931471805599454
finish:1.6931471805599454
taking:1.0
better:1.0
hand:1.0
month:1.0
take:1.0
anyway:1.0
detailing:1.0
places:1.0
worth:1.6931471805599454
money:1.0
good:1.0
careful:1.0
job:1.0
washing:1.0
waxing:1.0
detail:1.0
place:1.0
going:1.0
reply:1.0
email:1.0
address:1.0
pk4:1.0
views:1.0
reflect:1.0
cornells:1.0
sue:1.0
dry:1.0
