pbhandar:1.0
tsegw.tse.com:1.0
parminder:1.0
bhandari:1.0
subject:1.0
info:1.0
audi:2.09861228866811
90:1.6931471805599454
used:1.6931471805599454
thinking:1.0
buying:1.0
auto:1.0
cars:2.09861228866811
look:1.0
good:1.6931471805599454
rep:1.0
europe:1.0
im:1.0
wondering:1.0
anything:1.0
know:1.0
parms:1.0
