pbhandar:1.0
tsegw.tse.com:1.0
parminder:1.0
bhandari:1.0
subject:1.0
new:1.6931471805599454
integra:1.6931471805599454
94:1.6931471805599454
ive:1.0
heard:1.0
unconfirmed:1.0
rumours:1.0
released:1.0
anybody:1.0
info:1.0
local:1.0
sales:1.0
people:1.0
know:1.0
much:1.0
throw:1.0
parms:1.0
still:1.0
sig:1.0
