sar28:1.0
cunixf.cc.columbia.edu:1.0
stuart:1.0
alexander:1.0
ridgway:1.6931471805599454
subject:1.0
mr2:2.09861228866811
seats:2.6094379124341005
sale:1.6931471805599454
article:1.6931471805599454
1993apr26.193657.10019:1.0
ultb.isc.rit.edu:1.0
adn6285:1.0
ritvax.isc.rit.edu:1.0
writes:1.6931471805599454
1993apr26.155800.29900:1.0
noao.edu:1.6931471805599454
groves:1.6931471805599454
lee:1.0
owner:1.6931471805599454
several:1.0
friends:1.0
uncomfortable:1.0
see:1.6931471805599454
ad:1.0
like:1.6931471805599454
seen:1.0
often:1.0
stolen:2.09861228866811
would:1.0
nice:1.0
statement:1.6931471805599454
saying:1.0
came:1.0
ill:1.0
give:1.0
seller:1.6931471805599454
benefit:1.6931471805599454
doubt:1.6931471805599454
people:1.0
aware:1.6931471805599454
vast:1.0
majority:1.0
market:1.0
especially:1.0
celicas:1.0
original:1.6931471805599454
poster:1.0
take:1.0
serious:1.0
offence:1.0
thinks:1.0
thee:1.0
dost:1.0
protest:1.0
much:1.0
1/2:1.0
please:1.0
future:1.0
think:1.0
make:1.0
allegations:1.6931471805599454
made:1.6931471805599454
specifically:1.0
gave:1.0
simply:1.0
net:1.6931471805599454
fact:1.0
many:1.0
watch:1.0
ask:1.0
questions:1.0
buying:1.6931471805599454
thats:1.0
good:1.0
advice:1.0
follow:1.0
anything:1.0
third:1.0
party:1.0
elsewhere:1.0
hurts:1.0
touchy:1.6931471805599454
mike.s:1.0
alex:1.0
