brother:1.0
mrcnext.cso.uiuc.edu:1.0
jesse:1.6931471805599454
mccabe:1.0
subject:1.0
theres:1.6931471805599454
rust:2.09861228866811
beamer:1.0
help:1.6931471805599454
actually:1.6931471805599454
wasnt:1.0
surprised:1.0
since:1.0
bought:1.0
got:1.0
ideas:1.0
getting:1.0
rid:1.0
cheaply:1.0
key:1.0
word:1.0
eaten:1.0
way:1.0
door:1.0
panels:1.0
use:1.0
bondo:1.0
also:1.0
good:1.0
paint:1.6931471805599454
bond:1.0
aluminum:1.0
rims:2.09861228866811
thati:1.0
peeled:1.0
looking:1.0
stuff:1.0
comes:1.0
pretty:1.0
easily:1.0
one:1.0
thing:1.0
done:1.0
self-painting:1.0
car:1.0
start:1.0
need:1.0
please:1.0
