cm:1.6931471805599454
cci632.cci.com:1.0
carl:1.6931471805599454
mercer:1.6931471805599454
subject:1.0
corvette:1.6931471805599454
car:1.6931471805599454
cover:2.09861228866811
sale:1.6931471805599454
im:1.6931471805599454
sure:1.0
made:1.0
ill:1.6931471805599454
try:1.0
ecklars:1.0
sp:1.0
canvas:1.0
outside:1.0
felt:1.0
inside:1.0
weather:1.0
proof:1.0
great:1.0
condition:1.0
asking:1.0
95.00:1.0
pay:1.0
shipping:1.0
originally:1.0
175.00:1.0
october:1.0
1992:1.0
cci.com:1.0
716:1.6931471805599454
359-0895:1.0
evening:1.0
654-2652:1.0
day:1.0
