finnegan:1.6931471805599454
nrlssc.navy.mil:1.6931471805599454
subject:1.0
v4:1.0
v6:1.0
v8:1.0
v12:1.0
vx:1.0
article:1.0
apr22.202724.24131:1.0
engr.washington.edu:1.0
eliot:2.09861228866811
stalfos.engr.washington.edu:1.0
writes:1.0
subarus:1.0
use:1.0
180:1.0
degree:1.0
vees:1.0
engines:1.0
wouldnt:1.0
make:1.0
i4:1.0
would:1.0
really:1.0
4:1.6931471805599454
henceforth:1.0
referred:1.0
underscore:1.0
kenneth:1.0
