jimb:1.0
hpindda.cup.hp.com:1.0
james:1.0
bruder:1.0
subject:1.0
vibration:1.6931471805599454
brakes:2.386294361119891
applied:1.6931471805599454
hi:1.0
javier:1.0
things:1.0
corp:1.0
old:1.0
stomping:1.0
ground:1.0
c-level:1.0
applying:1.0
caused:1.0
disc:1.0
least:1.0
warped:1.6931471805599454
rotors:2.09861228866811
results:1.0
uneven:1.0
pressure:1.0
rotor:1.6931471805599454
turning:1.6931471805599454
brake:1.6931471805599454
shop:1.6931471805599454
remedy:1.0
problem:1.6931471805599454
long:1.0
enough:1.0
width:1.0
left:1.0
i.e:1.0
within:1.0
spec:1.0
could:1.0
possible:1.0
front:1.0
end:1.0
suspension:1.0
able:1.0
confirm:1.0
visual:1.0
inspection:1.0
free:1.0
