goyal:1.6931471805599454
utdallas.edu:1.0
mohit:1.0
k:1.0
subject:1.0
radar:1.6931471805599454
detector:1.6931471805599454
buy:1.0
entered:1.0
market:1.0
looking:1.0
advice/recommendations/warnings/etc:1.0
anyone:1.0
group:1.0
email:1.0
preferred:1.0
thanks:1.0
