jdrout:1.6931471805599454
scott.skidmore.edu:1.6931471805599454
jtd:1.0
lost:1.0
subject:1.0
car:1.0
deloreans:1.0
never:1.0
factory:1.0
v8:1.0
considering:1.0
production:1.0
turbo:1.6931471805599454
twin:1.0
forget:1.0
version:1.0
standard:1.0
v6:1.0
produced:1.0
got:1.0
jonathan:1.0
