crh:1.6931471805599454
regent.e-technik.tu-muenchen.dbp.de:1.0
christian:1.0
huebner:1.0
subject:1.0
last:1.6931471805599454
v-8:1.0
interceptors:1.0
mad:1.6931471805599454
max:1.6931471805599454
asdch:1.0
acad2.alaska.edu:1.0
writes:1.0
tony:1.0
believe:1.0
first:1.0
maxs:1.0
car:1.6931471805599454
austrailian:1.0
built:1.0
dont:1.0
think:1.0
chopped:1.0
u.s:1.0
unit:1.0
v8:1.0
based:1.0
holden:1.6931471805599454
australia:1.0
linked:1.0
gm:1.0
vauxhall:1.0
gb:1.0
theyre:1.0
quite:1.0
unlikely:1.0
use:1.0
ford:1.0
parts:1.0
chris:1.0
regent.e-technik.tu-muenchen.de:1.0
