etxmst:1.0
sta.ericsson.se:1.0
markus:1.6931471805599454
strobl:1.0
98121:1.0
subject:1.0
license:1.6931471805599454
plates:1.6931471805599454
article:1.0
anl:1.0
ollie.solbourne.com:1.0
guerra:1.6931471805599454
solbourne.com:1.0
edi:1.0
writes:1.0
would:1.0
like:1.0
know:1.0
anyone:1.0
still:1.0
copy:1.0
list:1.0
posted:1.0
time:1.0
ago:1.0
regarding:1.0
special:1.0
names:1.0
sayings:1.0
thxs:1.0
edig:1.0
