jkjec:1.0
westminster.ac.uk:1.0
shazad:1.0
barlas:1.0
subject:1.0
car:2.09861228866811
saftey:1.0
important:1.6931471805599454
safety:2.09861228866811
criterium:1.0
buying:1.0
wont:1.0
buy:1.0
small:1.0
like:1.0
civic:1.0
whatever:1.0
great:1.0
handling:1.6931471805599454
speed:1.6931471805599454
evengreater:1.0
rich:1.0
ie:1.0
merc:1.0
600sel:1.0
