strait:2.386294361119891
cheetah.csl.uiuc.edu:1.0
jeffrey:1.0
c:1.0
subject:1.0
bmw:1.6931471805599454
parts:1.6931471805599454
greetings:1.0
automobile:1.0
enthusiasts:1.0
anyone:1.0
tell:1.0
mail:1.0
order:1.0
company:1.0
sells:1.0
discounted:1.0
cheaper:1.0
dealerships:1.0
sorry:1.0
faq:1.0
email:1.0
replies:1.0
much:1.0
appreciated:1.0
thanks:1.0
jeff:1.0
uicsl.csl.uiuc.edu:1.0
university:1.0
illinois:1.0
phone:1.0
217:1.0
333-6444:1.0
ladies:1.0
leave:1.0
island:1.0
survive:1.0
basic:1.0
recruit:1.0
training:1.0
weapon:1.0
minister:1.0
death:1.0
praying:1.0
war:1.0
