mobasser:1.0
vu-vlsi.ee.vill.edu:1.0
bijan:1.6931471805599454
mobasseri:1.0
subject:1.0
v4:1.0
v6:1.0
v8:1.0
v12:1.0
vx:1.0
seen:2.09861228866811
lots:1.0
discussion:1.0
automobile:1.0
engine:1.0
configuration:1.0
let:1.0
ask:1.0
similar:1.0
question:1.0
aviation:1.0
field:1.0
must:1.0
images:1.0
prop:1.6931471805599454
planes:1.0
cylinders:1.6931471805599454
exposed:1.0
8:1.6931471805599454
positioned:1.0
radially:1.0
circular:1.0
fashion:1.0
center:1.0
circle:1.0
arrangement:1.0
always:1.0
brings:1.0
geometric:1.0
dilemma:1.0
one:1.0
crankshaft:1.0
throw:1.0
accomodate:1.0
rods:1.0
pistons:1.0
displaced:1.0
visible:1.0
outside:1.0
