cheekeen:1.0
tartarus.uwa.edu.au:1.0
desmond:1.0
chan:1.0
subject:1.0
honda:1.0
clutch:2.6094379124341005
chatter:1.0
also:1.6931471805599454
experience:1.0
kinda:1.0
problem:1.0
89:1.0
bmw:1.0
318:1.0
cold:1.0
start:1.0
ups:1.0
seems:1.6931471805599454
sticky:1.0
everytime:1.0
drive:1.0
5km:1.0
stick:1.0
onto:1.0
somewhere:1.0
depress:1.0
whole:1.0
chassis:1.0
moves:1.0
along:1.0
preheating:1.0
becomes:1.0
smooth:1.0
think:1.0
suggestion:1.0
humudity:1.0
right:1.0
remedy:1.0
found:1.0
already:1.0
thin:1.0
still:1.0
alright:1.0
couple:1.0
grand:1.0
