cgs103:1.0
psuvm.psu.edu:1.0
subject:1.0
changing:2.09861228866811
oil:2.09861228866811
idiots:1.0
article:1.0
1993apr26.143540.29917:1.0
cs.tulane.edu:1.0
mark:1.6931471805599454
luke.cray.com:1.0
dean:1.0
says:1.0
quit:1.0
whining:1.0
net:1.0
cant:1.0
handle:1.0
simple:1.0
procedure:1.0
get:1.6931471805599454
somebody:1.0
else:1.0
hell:1.0
network:1.0
md:1.0
cool:1.0
people:1.0
much:1.0
right:1.0
btw:1.0
kind:1.0
friendly:1.0
helpful:1.0
service:1.0
expect:1.0
cray:1.0
