jml:1.0
norman.vi.ri.cmu.edu:1.0
subject:1.0
radar:1.0
jammers:1.0
stealth:1.0
cars:1.0
eric:1.0
h:1.0
taylor:1.0
writes:1.0
determined:1.0
go:1.0
faster:1.0
get:1.0
airplane:1.0
dont:1.6931471805599454
speed:1.0
limits:1.0
make:1.0
habit:1.0
buzzing:1.0
local:1.0
airport:1.0
200:1.0
knots:1.6931471805599454
250:1.0
youre:1.0
flying:1.0
jet:1.0
