harpe:2.6094379124341005
netnews.louisville.edu:1.0
mike:1.6931471805599454
subject:1.0
wanted:1.0
protel:1.0
easytrax:1.0
mac:1.0
title:1.0
says:1.0
contact:1.0
via:1.0
email:1.0
would:1.6931471805599454
help:1.0
university:1.6931471805599454
louisville:2.09861228866811
p.s:1.0
know:1.0
discontinued:1.0
want:1.0
someone:1.0
like:1.0
sell:1.0
old:1.0
copy:1.0
michael:1.0
programmer/analyst:1.0
information:1.0
technology:1.0
ormsby:1.0
bldg:1.0
hermes.louisville.edu:1.0
502:1.0
588-5542:1.0
ky:1.0
40292:1.0
hes:1.6931471805599454
man:1.0
remorseless:1.0
eating:1.0
machine:1.0
simpsons:1.0
