subject:1.6931471805599454
access:1.6931471805599454
bus:2.791759469228055
i2c:1.6931471805599454
srgxnbs:2.09861228866811
grace.cri.nz:1.6931471805599454
mx:1.6931471805599454
andy.macrae:2.386294361119891
corp.sun.com:2.791759469228055
6-apr-1993:1.0
06:48:34.96:1.0
cc:1.6931471805599454
subj:1.0
i^2c:1.6931471805599454
long:1.6931471805599454
haul:1.6931471805599454
serial:1.6931471805599454
also:2.09861228866811
axlo:1.6931471805599454
return-path:1.0
received:2.386294361119891
sun.com:1.6931471805599454
grv.grace.cri.nz:1.0
v3.1c:1.0
smtp:1.0
tue:1.0
06:1.0
apr:2.6094379124341005
1993:1.0
06:48:29:1.0
1300:1.0
lemay.corp.sun.com:1.0
4.1/smi-4.1:1.6931471805599454
id:2.09861228866811
aa24280:1.0
mon:2.386294361119891
5:2.386294361119891
93:2.386294361119891
11:48:08:1.0
pdt:2.386294361119891
grendal.corp.sun.com:2.09861228866811
4.1/elliemay:1.0
corpmail1:1.0
inbound:1.0
aa25933:1.0
11:48:07:1.0
aa05710:1.0
11:47:28:1.6931471805599454
date:1.0
andrew:1.6931471805599454
macrae:1.6931471805599454
message-id:1.0
9304051847.aa05710:1.0
content-length:1.0
693:1.0
article:1.0
1pii04innk6t:1.0
zephyr.grace.cri.nz:1.0
write:1.0
whats:1.0
required:1.0
get:1.0
onto:1.0
nice:1.0
thing:1.0
i/o:1.0
requires:1.0
one:1.0
8:1.0
16:1.0
pin:1.0
dil:1.0
chip:1.0
ie:1.0
cheap:1.0
easy:1.0
anyone:1.0
design:1.0
trouble:1.0
buses:1.0
require:1.0
host:1.0
interface:1.0
chips:1.0
often:1.0
on-board:1.0
intelligence:1.0
bruce:1.0
latest:1.0
information:1.6931471805599454
access.bus:1.6931471805599454
call:1.0
industry:1.0
group:1.6931471805599454
408:1.0
991-3517:1.0
sun:1.0
hosting:1.0
next:1.0
meeting:1.0
april:1.0
19th:1.0
mountain:1.0
view:1.0
reason:1.0
able:1.0
post:1.0
newsgroups:1.0
today:1.0
please:1.0
feel:1.0
free:1.0
pass:1.0
see:1.0
fit:1.0
