timd:1.6931471805599454
fenian.dell.com:1.6931471805599454
tim:2.09861228866811
deagan:1.6931471805599454
subject:1.0
homebuilt:1.0
pal:1.0
epld:1.0
programer:1.0
anyone:1.0
know:1.0
reasonable:1.0
circuit:1.0
programming:1.6931471805599454
pals:1.0
interested:1.0
wide:1.0
range:1.0
eplds:1.0
would:1.0
happy:1.0
something:1.0
could:1.0
handle:1.0
22v10:1.0
thereabouts:1.0
thanks:1.0
advance:1.0
rev:1.0
official:1.0
obnoxious:1.0
poster:1.0
one:1.0
responsible:1.0
anything:1.0
write:1.0
believe:1.0
preach:1.0
difficult:1.0
free:1.0
fools:1.0
chains:1.0
revere:1.0
voltaire:1.0
