robert.desonia:1.0
hal9k.ann-arbor.mi.us:1.6931471805599454
robert:1.0
desonia:1.0
subject:1.0
a/d:2.386294361119891
board:1.6931471805599454
bus:3.70805020110221
speed:2.6094379124341005
probl:1.0
c:3.5649493574615367
hi:1.0
486dx2-66mhz:1.0
computer:1.0
use:1.0
data:1.6931471805599454
acquisition:1.6931471805599454
im:1.0
problems:1.0
runs:2.09861228866811
12.5:1.6931471805599454
mhz:2.791759469228055
correct:1.0
conflict:1.0
read:1.0
somewhere:1.0
new:1.0
486dx2-66:1.0
cpu:1.0
33:1.6931471805599454
local:2.09861228866811
also:1.0
problem:1.0
run:1.0
non-turbo-mode:1.6931471805599454
goes:1.0
8:1.0
doesnt:1.6931471805599454
work:2.09861228866811
please:1.0
mail:1.6931471805599454
views:1.0
thanks:1.0
vincent:1.0
cyl5:1.0
musica.mcgill.ca:1.0
standard:1.6931471805599454
isa:1.6931471805599454
8mhz:1.0
non-stnadard:1.0
buses:1.0
higher:1.0
clock:1.0
rates:1.6931471805599454
careful:1.0
since:1.6931471805599454
boards:1.0
dont:1.0
faster:1.6931471805599454
instance:1.0
486:1.0
adjustable:1.0
speeds:1.0
pas16:1.0
audio:1.0
card:1.0
chokes:1.0
ad:1.0
10mhz:1.0
fact:1.0
weird:1.0
may:1.0
motherboard:1.0
hardware:1.0
bug:1.0
486dx2:1.0
66:1.0
refer:1.0
fyi:1.0
operates:1.0
asynchronously:1.0
linked:1.0
via:1.0
interface:1.0
one:1.0
function:1.0
chipset:1.0
rdd:1.0
winqwk:1.0
2.0b:1.0
0:1.0
unregistered:1.0
evaluation:1.0
copy:1.0
kmail:1.6931471805599454
2.95d:1.0
w-net:1.0
hq:1.0
1:1.6931471805599454
313:1.6931471805599454
663:2.09861228866811
4173:1.6931471805599454
3959:1.6931471805599454
hal:1.0
9000:1.0
bbs:1.0
qwk-to-usenet:1.0
gateway:1.0
four:1.0
14400:1.0
v.32bis:1.0
dial-ins:1.0
free:1.0
usenet:1.0
200:1.0
newsgroups:1.0
pcboard:1.0
14.5am:1.0
uupcb:1.0
call:1.0
member:1.0
eff:1.0
asp:1.0
asad:1.0
1500mb:1.0
disk:1.0
serving:1.0
ann:1.0
arbor:1.0
1988:1.0
