blakey:2.386294361119891
ug.cs.dal.ca:1.6931471805599454
jason:1.6931471805599454
subject:1.0
site:1.0
projects:1.6931471805599454
anyone:1.0
know:1.0
ftp:1.0
sites:1.0
deal:1.0
electronics:1.0
plans:1.0
etc:1.0
response:1.0
appreciated:1.0
jb:1.0
