rajan:2.386294361119891
cco.caltech.edu:1.6931471805599454
ranga:1.6931471805599454
subject:1.0
external:1.0
timer:2.386294361119891
wondering:1.0
anyone:1.0
knows:1.0
chip:1.6931471805599454
similar:1.0
internal:1.0
0:1.0
intel:1.6931471805599454
80c188:1.0
want:1.0
maxcount:1.0
b:1.0
output:1.0
intels:1.0
called:1.0
told:1.0
dont:1.0
make:1.0
suggestions:1.0
welcome:1.0
thanks:1.0
advance:1.0
e-mail:1.0
