vanderby:1.0
mprgate.mpr.ca:1.0
david:1.6931471805599454
vanderbyl:1.6931471805599454
subject:1.0
hv:1.0
diodes:1.0
article:1.0
1pohuq:1.0
4sq:1.0
grouper.mkt.csd.harris.com:1.6931471805599454
wdh:1.0
w:1.0
higgins:1.6931471805599454
writes:1.0
believe:1.0
thing:1.0
needs:1.0
correction:1.6931471805599454
mr:2.09861228866811
attitude:1.0
nope:1.0
myers:1.0
found:1.0
bad:1.0
mistake:1.0
posted:1.0
thank:1.0
god:1.0
acting:1.6931471805599454
child:1.0
wont:1.0
gain:1.0
favors:1.0
make:1.6931471805599454
whos:1.0
positive:1.6931471805599454
impression:1.6931471805599454
anybody:1.0
ghod:1.0
knows:1.0
youve:1.0
one:1.0
oh:1.0
havent:1.0
impressed:1.0
