rainer:2.09861228866811
spot.colorado.edu:1.0
malzbender:1.6931471805599454
subject:1.0
hc11:1.6931471805599454
blues:1.0
find:1.0
article:1.0
pat.734048757:1.0
fegmania.wustl.edu:1.0
pat:1.0
fegmania:1.0
patrick:1.0
niemeyer:1.0
writes:1.0
trouble:1.0
finding:1.0
hc11s:1.0
looked:1.0
back:1.0
id:1.0
interesting:1.0
hearing:1.0
anyone:1.0
knows:1.0
availability:1.0
newest:1.0
jdr:1.0
microdevices:1.0
catalog:1.0
least:1.0
one:1.0
variant:1.0
fyzzicks:1.0
cu:1.0
boulder:1.0
303:1.0
492-1366:1.0
