neale:1.6931471805599454
ee.rochester.edu:1.0
reg:1.0
subject:1.0
pioneer:1.6931471805599454
laser:1.0
player:1.0
im:1.0
trying:1.0
figure:1.0
operate:1.0
laserdisc:1.0
ld-1000:1.0
bought:1.0
surplus:1.0
store:1.0
reputedly:1.0
kind:1.0
computerised:1.0
viewing:1.0
and/or:1.0
ordering:1.0
system:1.0
may:1.0
hpib:1.0
connector:1.0
back:1.0
power:1.6931471805599454
front:1.0
panel:1.0
light:1.0
comes:1.0
activity:1.0
door:1.0
doesnt:1.0
open:1.0
anyone:1.0
experience:1.0
unit:1.0
ideas:1.0
obtain:1.0
documentation:1.0
