johnh:2.09861228866811
macadam.mpce.mq.edu.au:1.0
john:1.0
haddy:1.0
subject:1.0
help:1.0
ultra-long:1.0
timing:1.6931471805599454
article:1.0
c513wi.g5a:1.0
athena.cs.uga.edu:1.0
mcovingt:1.6931471805599454
aisun3.ai.uga.edu:1.0
michael:1.6931471805599454
covington:1.6931471805599454
writes:1.0
1:2.09861228866811
dont:1.0
use:1.6931471805599454
big:1.6931471805599454
capacitors:1.6931471805599454
unreliable:1.0
due:1.0
leakage:1.0
instead:1.0
quartz:1.6931471805599454
crystal:2.09861228866811
divide:1.0
frequency:1.6931471805599454
2:2.6094379124341005
40:2.09861228866811
times:1.0
something:1.0
like:1.0
mhz:1.0
divided:1.0
2^40:1.0
cycle:1.0
per:1.0
weeks:1.0
approximately:1.0
wouldnt:1.6931471805599454
expect:1.0
components:1.0
batteries:1.0
electrolytic:1.0
fail:1.0
c:1.0
f:1.0
matter:1.0
either:1.0
battery:1.0
going:1.0
problem:1.0
also:1.0
course:1.0
circuit:1.0
shouldnt:1.0
depend:1.0
exact:1.0
values:1.0
resistors:1.0
controlled:1.0
timer:1.0
wont:1.0
affected:1.0
cold:1.6931471805599454
gut:1.0
feeling:1.0
mechanically:1.0
resonating:1.0
device:1.0
extreme:1.0
likely:1.0
affect:1.0
compliance:1.0
terminology:1.0
hence:1.0
resonant:1.0
internet:1.0
ai.uga.edu:1.0
artificial:1.0
intelligence:1.0
programs:1.0
phone:1.0
706:1.6931471805599454
542-0358:1.0
university:1.6931471805599454
georgia:1.6931471805599454
fax:1.6931471805599454
542-0349:1.0
athens:1.0
30602-7415:1.0
u.s.a:1.0
amateur:1.0
radio:1.0
n4tmi:1.0
electronics:1.0
department:1.0
school:1.0
mpce:1.0
macquarie:1.0
sydney:1.0
australia:1.0
2109:1.0
email:1.0
mpce.mq.edu.au:1.0
ph:1.0
61:1.6931471805599454
805:1.6931471805599454
8959:1.0
8983:1.0
