rob:1.0
dexter.psych.umn.edu:1.6931471805599454
robert:1.6931471805599454
stephens:1.0
subject:1.0
compressor:1.6931471805599454
problem:1.0
stereo:1.0
compressor-limiter:1.0
audio:1.0
logic:1.0
model:1.0
mt-66:1.0
gates:1.0
work:1.0
seems:1.0
gone:1.0
one:1.6931471805599454
channel:1.0
weak:1.0
ill:1.0
probably:1.0
need:1.0
ocsilloscope:1.0
trace:1.0
pun:1.0
intended:1.0
experience:1.0
type:1.0
equipment:1.0
could:1.0
point:1.0
certain:1.0
direction:1.0
circuit:1.0
likely:1.0
fail:1.0
id:1.0
sure:1.0
appreciate:1.0
c:1.0
stephensrob:1.0
human:1.0
factors:1.0
research:1.0
lab:1.0
university:1.0
minnesota:1.0
