dtmedin:2.09861228866811
catbyte.b30.ingr.com:1.6931471805599454
dave:1.6931471805599454
medin:1.0
subject:1.0
zero:1.6931471805599454
db:3.4849066497880004
article:1.6931471805599454
sehari.733764410:1.0
vincent1.iastate.edu:1.0
sehari:2.09861228866811
iastate.edu:1.0
babak:1.6931471805599454
writes:1.6931471805599454
c4true.6aa:1.0
ms.uky.edu:1.0
msunde01:1.0
mik.uky.edu:1.0
mark:1.0
underwood:1.0
somewhat:1.0
familiar:1.0
measurements:1.0
apply:1.0
electrical:1.0
circuits:1.0
i.e:1.6931471805599454
gain:1.0
example:1.0
amplifier:1.0
measured:2.09861228866811
logarithmic:1.0
scale:1.0
however:1.6931471805599454
requires:1.0
reference:3.3978952727983707
value:1.0
ouput:1.0
20db:1.0
e.g:1.0
respect:1.0
input:1.0
signal:1.0
stuff:1.0
deleted:1.0
actually:1.0
talking:1.0
dbm:2.9459101490553135
terms:1.0
used:1.6931471805599454
loosely:1.0
people:1.6931471805599454
power:3.0794415416798357
respact:1.0
1mw:1.0
whereas:1.0
ratio:2.09861228866811
like:1.6931471805599454
two:1.6931471805599454
english:1.0
statement:1.0
1:2.6094379124341005
well:1.0
2:1.0
good:1.6931471805599454
similarly:1.0
usually:1.0
use:1.0
another:1.0
common:2.09861228866811
mistake:1.0
spelling:1.0
instead:1.0
see:1.0
b:2.09861228866811
bell:2.09861228866811
company:1.6931471805599454
mother:1.0
capitalized:1.0
highest:1.0
regards:1.0
gravy:1.0
decibels:1.6931471805599454
ratios:1.0
question:1.0
remains:1.0
unit:1.0
sometimes:1.0
milliwatt:1.6931471805599454
given:1.6931471805599454
certain:1.0
circuit:2.386294361119891
impedance:2.386294361119891
also:1.6931471805599454
included:1.6931471805599454
fine:1.0
print:1.0
known:1.0
50:1.0
ohms:2.09861228866811
rf:1.0
leading:1.6931471805599454
accepted:1.0
notation:2.386294361119891
maybe:1.6931471805599454
might:1.6931471805599454
dbv:1.6931471805599454
disregarding:1.0
developed:1.0
using:1.6931471805599454
volt:1.6931471805599454
amplitude:2.09861228866811
rather:1.0
arbitrary:1.0
omitted:1.0
plain:1.0
look:1.6931471805599454
way:1.0
implied:1.0
explicit:1.0
10*log:1.0
p:1.6931471805599454
20*log:1.0
bel:2.09861228866811
standard:1.0
term:1.0
log:1.0
base:1.0
10:1.0
named:1.0
alexander:1.0
graham:1.0
deci:1.0
1/10:1.0
nothing:1.0
telephone:1.0
except:1.0
founders:1.0
name:1.0
small:1.0
d/large:1.0
per:1.0
si:1.0
convention:1.0
dont:1.0
know:1.0
anyone:1.0
thats:1.0
crucified:1.0
messing:1.0
references:1.0
audio:1.0
0:2.6094379124341005
across:1.0
600:1.0
vu:2.386294361119891
meter:1.6931471805599454
4:1.0
pro:1.0
gear:1.6931471805599454
line:1.6931471805599454
level:1.6931471805599454
10dbv:1.0
consumer:1.0
often:1.0
times:1.0
amp:1.6931471805599454
aligned:1.0
rated:1.0
point:1.0
done:1.6931471805599454
whatever:1.0
reasonable:1.0
application:1.0
moment:1.0
note:1.0
unknown:1.0
linear:1.0
goes:1.0
many:1.0
increase:1.0
amount:1.0
proof:1.0
identities:1.0
law:1.0
medinphone:1.0
205:1.6931471805599454
730-3169:1.0
w:1.0
ssd:1.0
networking:1.0
837-1174:1.0
h:1.0
intergraph:1.0
corp:1.0
m/s:1.0
gd3004:1.0
internet:1.0
huntsville:1.0
al:1.0
35894uucp:1.0
uunet:1.0
ingr:1.0
b30:1.0
catbyte:1.0
everywhere:1.0
least:1.0
around:1.0
office:1.0
opinions:1.0
expressed:1.0
mine:1.0
machine:1.0
