wa2ise:1.0
cbnewsb.cb.att.com:1.0
robert.f.casey:1.0
subject:1.6931471805599454
2:2.9459101490553135
level:1.6931471805599454
brightness:3.0794415416798357
xmas:2.386294361119891
light:2.6094379124341005
set:2.791759469228055
easter:1.0
yes:1.0
know:1.0
nowhere:1.0
near:1.0
christmas:1.0
time:1.0
im:1.6931471805599454
gon:1.0
na:1.0
loose:1.0
net:1.0
access:1.0
days:1.0
maybe:1.0
week:1.0
lucky:1.0
wanted:1.0
post:1.0
interested:1.0
people:1.0
save:1.0
till:1.0
note:2.09861228866811
bell:1.0
labs:1.0
good:1.6931471805599454
place:1.6931471805599454
phd:1.0
boss:1.0
neither:1.0
levels:1.0
another:1.0
version:1.0
variable:1.0
starts:1.0
blinker:2.9459101490553135
35:1.0
bulb:2.09861228866811
string:3.3978952727983707
diagram:1.0
orginal:1.0
way:1.0
120v:2.386294361119891
b:2.6094379124341005
120rtn:1.0
modified:1.0
1:2.09861228866811
10k:2.09861228866811
5w:1.6931471805599454
rtn:1.0
mods:1.0
wiring:1.0
right:1.0
point:1.0
one:1.6931471805599454
used:1.0
would:1.0
much:1.6931471805599454
current:2.6094379124341005
thru:2.09861228866811
bulbs:1.6931471805599454
second:2.386294361119891
parallel:1.0
thats:1.0
use:1.6931471805599454
resistor:2.386294361119891
add:1.0
extra:1.0
make:1.0
shunted:1.0
glowing:1.6931471805599454
goes:1.0
open:1.6931471805599454
slight:1.0
effect:1.0
strings:1.6931471805599454
s1:1.0
slightly:1.6931471805599454
dimmer:1.0
s2:1.0
brighter:1.0
3w:1.0
get:1.0
caution:1.0
replace:1.0
standard:1.0
c9:1.6931471805599454
draw:1.0
burn:1.0
approx:1.0
7w:1.0
youll:1.0
see:1.0
working:1.0
powerup:1.0
full:1.0
lit:1.0
bypassing:1.0
making:1.6931471805599454
placing:1.0
series:1.0
glow:1.6931471805599454
low:1.0
reduced:1.0
sure:1.0
wire:1.0
insulate:1.0
splices:1.0
leads:1.0
cut:1.0
wires:1.0
safe:1.0
manner:1.0
