blakey:2.386294361119891
ug.cs.dal.ca:1.6931471805599454
jason:2.09861228866811
subject:1.0
ftp:1.6931471805599454
sites:1.6931471805599454
anyone:1.6931471805599454
hello:1.0
netters:1.0
know:1.0
projects:1.0
plans:1.0
etc:1.0
electrical:1.0
nature:1.0
