wayne:1.6931471805599454
alan:1.0
martin:1.6931471805599454
wm1h:1.0
andrew.cmu.edu:1.0
subject:1.0
help:1.0
ultra-long:1.0
timing:1.0
sounds:1.0
like:1.0
job:1.0
universal:1.0
time:1.0
reciever:1.6931471805599454
dont:1.0
know:1.0
logisitics:1.0
situation:1.0
could:1.0
place:1.6931471805599454
snow:1.0
oscillator:1.0
nice:1.0
lab:1.0
somewhere:1.0
else:1.0
problems:1.0
solved:1.0
suggestion:1.0
