jmichael:1.0
vnet.ibm.com:1.0
subject:1.0
hardware:1.0
pc:1.6931471805599454
find:1.0
copy:1.0
8088:1.0
assembler:1.6931471805599454
language:1.0
programming:1.0
ibm:1.0
willen:1.0
krantz:1.0
2nd:1.0
ed:1.0
pub:1.0
sams:1.0
discussion:1.0
game:1.0
control:1.0
adapter:1.0
monostable:1.0
multivibrators:1.0
conversion:1.0
uses:1.0
well:1.0
program:1.0
need:1.0
greater:1.0
accuracy:1.0
reason:1.0
couldnt:1.0
modify:1.0
approach:1.0
suit:1.0
needs:1.0
jim:1.0
