cobust:1.0
seagoon.ee.sun.ac.za:1.0
cobus:1.0
theunissen:1.0
subject:1.0
wide:1.6931471805599454
band:1.6931471805599454
analog:1.6931471805599454
time:1.6931471805599454
delay:2.09861228866811
hi:1.0
looking:1.0
phase:1.0
variable:1.0
200:1.0
microseconds:1.0
2:1.0
milliseconds:1.0
please:1.0
reply:1.0
via:1.0
email:1.0
rrc:1.0
firga.sun.ac.za:1.0
