rooi:2.386294361119891
duteca3.et.tudelft.nl:1.0
mark:1.6931471805599454
de:1.6931471805599454
subject:1.0
calculating:1.0
transformer:2.09861228866811
help:1.6931471805599454
needed:1.0
want:1.0
convert:1.0
500:1.0
volt:1.6931471805599454
sinewave:1.6931471805599454
frequency:1.6931471805599454
1:1.0
khz:1.6931471805599454
10:1.6931471805599454
means:1.0
secondary:1.0
current:1.0
6:1.0
600:1.0
kind:1.6931471805599454
use:1.6931471805599454
ferrite:1.0
buy:1.6931471805599454
one:2.09861228866811
need:1.0
partnumber:1.0
supplier:1.0
go:1.0
winding:1.0
core:1.0
big:1.0
must:1.0
order:1.0
saturate:1.0
thickness:1.0
copper:1.0
wire:1.0
many:1.0
turns:1.0
etc:1.0
know:1.0
little:1.0
analog:1.0
electronics:1.0
hope:1.0
soul:1.0
pointers:1.0
relevant:1.0
databooks:1.0
also:1.0
highly:1.0
appreciated:1.0
thanks:1.0
tpd.tno.nl:1.0
