victor:2.09861228866811
inqmind.bison.mb.ca:1.6931471805599454
laking:1.0
subject:1.6931471805599454
info:2.6094379124341005
nec:1.6931471805599454
3d:2.09861228866811
multisync:2.09861228866811
monitor:2.09861228866811
myers:1.6931471805599454
hpfcso.fc.hp.com:1.0
bob:1.0
writes:1.0
looking:1.0
get:1.0
know:2.386294361119891
plan:1.0
buying:1.0
one:1.6931471805599454
second-hand:1.0
depending:1.0
specs:1.0
anyone:1.6931471805599454
min/max:1.0
frequencies:1.0
whether:1.0
interlaced:1.6931471805599454
non-interlaced:1.6931471805599454
video:2.09861228866811
compatability:1.0
etc:1.0
seen:1.0
reference:1.0
28:1.0
pitch:1.6931471805599454
1024:2.386294361119891
x:2.386294361119891
720:1.0
resolution:1.6931471805599454
supports:1.0
svga:2.09861228866811
source:2.09861228866811
doesnt:1.0
support:1.0
another:1.0
neither:1.0
seemed:1.0
much:1.0
reliable:1.0
dont:2.386294361119891
want:1.0
take:1.6931471805599454
guess:1.0
im:2.09861228866811
home:1.0
right:1.6931471805599454
away:1.0
files:1.0
following:1.0
top:1.0
head:1.0
revision:1.0
worth-what-ya-pay-for-it:1.0
sort:1.6931471805599454
hear:1.0
spec:1.0
sheet:1.0
hand:1.0
e-mail:1.0
ill:1.6931471805599454
look:1.6931471805599454
remembering:1.0
correctly:1.0
14:1.6931471805599454
0.28:2.09861228866811
mm:1.0
covers:1.0
least:1.6931471805599454
vga:1.6931471805599454
31.5:1.6931471805599454
khz:2.09861228866811
horizontal:2.386294361119891
60:1.6931471805599454
hz:1.6931471805599454
vertical:1.0
768:2.09861228866811
going:1.0
48:1.0
may:1.0
go:1.0
somewhat:1.0
higher:1.0
wont:2.09861228866811
happy:1.0
anything:1.6931471805599454
beyond:1.0
tube:1.6931471805599454
probably:1.6931471805599454
thrilled:1.0
sync:1.0
display:2.09861228866811
prefer:1.0
16:1.0
since:1.0
800x600:1.0
itll:1.6931471805599454
range:1.0
goes:1.6931471805599454
lower:1.0
way:1.6931471805599454
straight:1.0
ntsc-rate:1.0
tv:1.0
need:1.6931471805599454
15.75:1.0
sweep:1.0
far:1.0
compatibility:1.0
reading:1.0
question:1.0
analog:1.0
rgb:1.0
inputs:1.6931471805599454
words:1.0
decode:1.0
ntsc:1.6931471805599454
y/c:1.0
would:1.0
board:1.0
conversion:1.0
like:1.0
sorts:1.0
things:1.0
let:1.0
hopefully:1.0
see:1.0
response:1.0
mine:1.0
remind:1.0
stuff:1.0
confirm:1.0
force:1.0
post:1.0
hasty:1.0
retraction:1.0
ok:1.0
impression:1.0
accepted:1.0
digital:1.0
input:1.0
still:1.0
sure:1.0
accepts:1.0
gotten:1.0
conflicting:1.0
inquiring:1.0
mind:1.0
bbs:1.0
winnipeg:1.0
manitoba:1.0
204:1.0
488-1607:1.0
