kenh:1.0
sail.labs.tek.com:1.0
ken:1.6931471805599454
hillen:1.0
subject:1.0
rf:1.0
data:2.09861228866811
transmission:1.0
need:1.0
off-the-shelf:1.0
method:1.0
transmitting:1.6931471805599454
small:1.0
amounts:1.0
300:1.0
feet:1.0
low:1.6931471805599454
speed:1.0
encoded:1.0
needed:1.0
power:1.0
end:1.0
would:1.6931471805599454
plus:1.0
fcc:1.0
certified:1.0
product:1.0
prefered:1.0
pointers:1.0
products:1.0
companies:1.0
id:1.0
appreciate:1.0
hearing:1.0
thanks:1.0
