hanavin:1.6931471805599454
huey.udel.edu:1.0
chuck:1.0
subject:1.0
heathkit/zenith:1.6931471805599454
article:1.0
c52egz.27t3:1.0
austin.ibm.com:1.6931471805599454
login:1.0
writes:1.0
anyone:1.0
toll-free:1.0
catalog:1.0
request:1.0
order:1.0
line:1.0
please:1.0
post:1.0
number:1.0
youve:1.0
got:1.0
thanks:1.0
1-800-253-0570:1.0
