gerald.belton:1.0
ozonehole.com:1.6931471805599454
gerald:1.0
belton:1.0
subject:1.6931471805599454
pc:1.6931471805599454
games:1.0
joystick:2.386294361119891
port:1.6931471805599454
says:1.0
could:1.0
someone:1.0
tell:1.0
pinout:1.0
type:1.0
analogue:1.0
1:2.09861228866811
5:2.6094379124341005
vdc:2.386294361119891
2:2.09861228866811
button:2.386294361119891
3:1.6931471805599454
x:1.6931471805599454
axis:2.386294361119891
4:1.0
ground:2.09861228866811
6:1.0
7:1.0
8:1.0
b:1.0
9:1.0
10:1.6931471805599454
11:1.0
12:1.0
13:1.0
14:1.0
15:1.0
slmr:1.0
2.1:1.0
soft:1.0
judges:1.0
make:1.0
hardened:1.0
criminals:1.0
ozone:1.0
hole:1.0
bbs:1.0
private:1.0
bulletin:1.0
board:1.0
service:1.6931471805599454
504:1.0
891-3142:1.0
full:1.0
nodes:1.0
usrobotics:1.0
16.8k:1.0
bps:1.0
gigs:1.0
100,000:1.0
files:1.0
skydive:1.0
new:1.0
orleans:1.0
rime:1.0
network:1.0
mail:1.0
hub:1.0
500:1.0
usenet:1.0
newsgroups:1.0
please:1.0
route:1.0
questions:1.0
inquiries:1.0
postmaster:1.0
