rsd:1.0
sei.cmu.edu:1.0
richard:1.0
dippolito:1.0
subject:1.0
zero:1.0
db:1.0
article:1.0
1pkveuinnduk:1.0
gap.caltech.edu:1.0
joseph:1.0
chiu:1.0
writes:1.0
ohmite:1.6931471805599454
company:1.6931471805599454
first:1.0
characterize:1.0
resistances:1.0
numbers:1.0
thus:1.0
use:1.0
ohms:1.0
yeah:1.0
right:1.0
started:1.0
george:1.0
simon:1.0
rich:1.0
