caryd:2.09861228866811
a.cs.okstate.edu:2.09861228866811
cary:2.09861228866811
david:2.09861228866811
allen:1.0
subject:1.0
self-modifying:2.386294361119891
hardware:2.386294361119891
permit:1.0
quote:1.0
fragments:1.0
praetzel:2.09861228866811
sunee.uwaterloo.cas:1.0
article:1.0
context:1.0
newsgroups:1.0
sci.electronics:1.0
comp.lsi.cad:1.0
sunee.uwaterloo.ca:1.0
eric:1.6931471805599454
date:1.0
10:1.0
feb:1.0
93:1.0
15:46:41:1.0
gmt:1.0
currently:1.0
xnf:1.0
format:2.09861228866811
propierty:1.0
know:1.6931471805599454
least:1.0
person:1.0
university:1.0
able:1.0
get:1.0
signing:1.0
non-disclosure:1.0
agreement:1.0
xilinx-bit:1.0
map:1.6931471805599454
pretty:1.0
well:1.0
top:1.0
secret:1.0
would:1.0
love:1.0
could:2.9459101490553135
make:2.386294361119891
self_modifying_hardware:1.0
reverse:1.6931471805599454
eng:1.0
xilinx:1.0
tools:1.0
dump:1.0
bit:1.0
fpga:1.0
runs:1.0
computer:1.0
key:1.0
interesting:1.0
computers:1.0
write:1.0
thier:1.0
programs:1.0
assemblers:1.0
compilers:1.0
immense:1.0
breakthrough:1.0
calculators:1.0
couldnt:1.0
eagerly:1.0
await:1.0
programmable:1.0
gate:1.0
array:1.0
uses:1.6931471805599454
pd:1.0
cost:1.0
first:1.6931471805599454
born:1.0
program:1.0
till:1.0
keep:1.0
engineering:2.09861228866811
whatever:1.0
one:1.6931471805599454
company:1.0
worked:1.0
gone:1.0
fpgas:1.0
needed:1.0
product:1.0
competitive:1.0
afford:1.6931471805599454
end:1.0
say:2.09861228866811
use:1.6931471805599454
management:1.0
discovered:1.0
late:1.0
condolences:1.0
cant:1.0
even:2.09861228866811
imagine:1.6931471805599454
self-modifing:1.0
software:1.0
though:1.0
teachers:1.0
thats:1.0
bad:1.0
worse:1.0
goto:1.0
check:1.0
experts:1.0
used:1.6931471805599454
code:1.6931471805599454
orders:2.791759469228055
rather:1.6931471805599454
opcodes:1.0
principles:1.0
large:1.0
scale:1.0
computing:1.0
machines:1.6931471805599454
goldstine:1.0
von:1.6931471805599454
neumann:1.6931471805599454
collected:1.6931471805599454
john:1.0
works:1.0
vol:1.0
v:2.09861228866811
reprinted:1.0
absolutely:1.6931471805599454
permission:1.0
anyone:1.0
plan:1.0
full:1.6931471805599454
size:1.6931471805599454
40:1.0
binary:2.09861228866811
digit:2.09861228866811
word:1.0
hold:1.0
either:1.0
contain:1.0
1:1.0
number:1.0
equivalent:1.0
12:1.0
decimal:1.0
digits:1.0
denote:1.0
sign:1.0
two:1.0
20:1.0
added:1.0
technique:1.0
automatic:1.0
substitutions:1.0
i.e:1.0
ability:1.6931471805599454
modify:2.09861228866811
control:1.0
ones:1.0
among:1.0
necessary:1.0
flexible:1.0
thus:1.0
part:1.0
memory:1.6931471805599454
function:1.6931471805599454
table:1.0
looking:1.6931471805599454
value:2.09861228866811
variable:1.6931471805599454
obtained:1.0
course:1.0
computation:1.0
requires:1.0
machine:2.09861228866811
reference:1.0
order:1.0
controls:1.0
modification:1.0
already:1.0
calculated:1.0
question:1.0
hand:1.0
things:1.0
makes:1.0
coding:1.0
non-trivial:1.0
operation:1.0
view:1.0
tenor:1.6931471805599454
e:2.386294361119891
comp:1.6931471805599454
finger:1.6931471805599454
227:1.6931471805599454
163:1.6931471805599454
ave:1.6931471805599454
tulsa:1.6931471805599454
ok:1.6931471805599454
74108-3310:1.6931471805599454
usa:1.6931471805599454
sol:1.6931471805599454
3:1.6931471805599454
universe:1.6931471805599454
1.2:1.6931471805599454
