koops:2.09861228866811
gaul.csd.uwo.ca:1.0
luke:1.6931471805599454
subject:1.0
speaker:1.0
design:1.0
software:2.09861228866811
hi:1.0
im:1.6931471805599454
looking:1.0
aid:1.0
friend:1.0
mine:1.0
designing:1.0
speakers:1.0
type:1.0
exist:1.0
anyone:1.0
point:1.0
toward:1.0
shareware:1.0
freeware:1.0
product:1.0
description:1.0
would:1.0
ideal:1.0
steve:1.0
van:1.0
der:1.0
burg:1.0
using:1.0
friends:1.0
account:1.0
p.s:1.0
excuse:1.0
terseness:1.0
message:1.0
difficulty:1.0
stringing:1.0
readable:1.0
sentences:1.0
together:1.0
today:1.0
reason:1.0
