jmichael:1.0
vnet.ibm.com:1.0
subject:1.0
electric:1.0
power:1.6931471805599454
line:1.0
balls:1.6931471805599454
lines:2.386294361119891
airplanes:1.6931471805599454
dont:1.0
mix:1.0
areas:1.0
strung:1.0
high:1.0
lot:1.0
crop:1.0
dusting:1.0
takes:1.0
place:1.6931471805599454
danger:1.0
flying:1.0
plastic:1.0
easier:1.0
spot:1.0
