heinboke:1.6931471805599454
tnt.uni-hannover.de:1.6931471805599454
andreas:1.6931471805599454
heinbokel:1.6931471805599454
subject:1.0
looking:1.6931471805599454
ad:2.09861228866811
pc-board:2.386294361119891
friend:1.0
mine:1.0
please:1.6931471805599454
send:1.6931471805599454
answers:1.0
directly:1.0
e-mail:1.0
adress:1.0
see:1.0
highspeed:1.6931471805599454
analog-digital:1.0
hello:1.0
ladies:1.0
gentleman:1.0
a/d:1.0
sampling:2.386294361119891
rate:2.09861228866811
250:1.0
mhz:1.0
resolution:1.0
8-bit:1.0
arranged:1.0
interleave:1.6931471805599454
mode:1.6931471805599454
time:1.0
equivalent:1.0
yields:1.0
2:1.0
4:1.0
8:1.0
times:1.0
higher:1.0
a/d-converter:1.6931471805599454
uses:1.0
non:1.0
board:1.0
must:1.0
content:1.0
similar:1.0
analog:1.0
devices:1.0
9028:1.0
9038:1.0
available:1.0
faster:1.0
16-bit:1.0
slot:1.0
isa:1.0
specification:1.0
better:1.0
email:1.0
hansch:1.6931471805599454
cdc2.ikph.uni-hannover.dbp.de:1.0
telefax:1.0
49:1.0
511:1.0
7629353:1.0
thanks:1.0
advance:1.0
help:1.0
sincerely:1.0
matthias:1.0
ikph:1.0
university:1.0
hannover:1.0
germany:1.0
wisdom:1.0
print:1.0
t-shirts:1.0
