rivero:1.0
sol.cie.unizar.es:1.0
subject:1.0
video:1.6931471805599454
io:1.0
ideas:1.0
anyone:1.0
idea:1.0
build:1.0
cheap:1.0
low:1.0
resolution:1.0
high:1.0
projector:1.6931471805599454
example:1.0
lcd:1.0
slide:1.0
