corleyg:1.0
ul.ie:1.0
subject:1.0
microstrip:2.09861228866811
help:1.6931471805599454
wanted:1.0
need:1.0
information:1.0
circuit:1.6931471805599454
design:2.09861228866811
especially:1.0
filter:1.0
1-3ghz:1.0
range:1.0
recommend:1.0
good:1.0
books:1.0
journals:1.0
software:1.0
appreciated:1.0
gerry:1.0
corley:1.0
ece:1.0
department:1.0
univesity:1.0
limerick:1.0
ireland:1.0
