gtalatin:1.6931471805599454
vartivar.ucs.indiana.edu:1.0
gerard:2.09861228866811
v:1.0
talatinian:1.6931471805599454
subject:1.0
low:1.6931471805599454
cost:1.6931471805599454
oscilloscopes:1.0
looking:1.0
buying:1.0
500:1.0
scope:1.0
general:1.0
purpose:1.0
use:1.0
recommendations:1.0
info:1.0
faq:1.0
somewhere:1.0
pointers:1.0
appreciated:1.0
thanks:1.0
network:1.0
systems:1.0
ucs.indiana.edu:1.0
university:1.6931471805599454
computing:1.0
services:1.0
fax:1.0
812:1.6931471805599454
855-8299:1.0
indiana:1.0
voice:1.0
855-0962:1.0
