smithr:1.0
teecs.uucp:1.0
robert:1.0
smith:1.0
subject:1.0
conductive:2.09861228866811
plastic:1.0
happened:1.0
youre:1.0
thinking:1.0
reactive:1.0
polymers:1.0
theyre:1.0
making:1.0
esd:1.6931471805599454
safe:1.0
contaux08iners:1.0
far:1.0
goes:1.0
anything:1.0
resistance:1.0
less:1.0
10:1.0
fouthx08x08rth:1.0
power:1.0
ohms:1.0
per:1.6931471805599454
cubic:1.0
measure:1.0
classed:1.0
mil-std-1686:1.0
protection:1.0
0.02:1.0
0.016:1.0
us:1.0
bob:1.0
