young_dick:1.0
macmail2.rtsg.mot.com:1.0
dick:1.6931471805599454
young:1.6931471805599454
subject:1.0
attn:1.0
h:1.0
wheaton:1.0
ucal:1.0
davis:1.0
tried:1.0
e-mail:1.6931471805599454
message:1.0
bounced:1.0
motorola:1.6931471805599454
university:1.0
support:1.0
program:1.0
ive:1.0
told:1.0
folks:1.0
schools:1.0
get:1.0
sample:1.0
quantities:1.0
parts:1.0
youd:1.0
like:1.0
try:1.0
route:1.0
address/phone:1.0
dont:1.0
wish:1.0
post:1.0
world:1.0
see:1.0
inc:1.0
doesnt:1.0
thing:1.0
opinions:1.0
theyre:1.0
fault:1.0
