dzenc:1.0
hal.gnu.ai.mit.edu:1.0
dan:1.6931471805599454
zenchelsky:1.0
subject:1.0
videotext/teletext:1.6931471805599454
descrambler:1.0
hi:1.0
looking:1.0
pc:1.0
card:2.09861228866811
european:1.6931471805599454
descrambling:1.0
pal:1.0
anyone:1.0
us:1.0
sell:1.0
saw:1.0
article:1.0
functionallity:1.0
elektor:1.0
magazine:1.0
wasnt:1.0
able:1.0
track:1.0
thanx:1.0
advance:1.0
