mneideng:1.6931471805599454
thidwick.acs.calpoly.edu:1.0
mark:1.6931471805599454
neidengard:1.6931471805599454
subject:1.0
zero:1.0
db:1.0
ohmite:1.0
company:1.0
first:1.0
characterize:1.0
resistances:1.0
numbers:1.0
thus:1.0
use:1.0
ohms:1.6931471805599454
dont:1.0
know:1.0
one:1.0
doesnt:1.6931471805599454
sound:1.0
right:1.6931471805599454
damn:1.0
come:1.0
greek:1.0
letter:1.0
omega:1.0
used:1.0
resistance/impedance:1.0
course:1.0
original:1.0
poster:1.0
may:1.0
facetious:1.0
lets:1.0
hope:1.0
cosmos.acs.calpoly.edu:1.0
