joseph:1.0
n:1.0
hosteny:1.0
jh8e:1.0
andrew.cmu.edu:1.0
subject:1.0
electric:1.0
power:1.6931471805599454
line:1.0
balls:1.0
know:1.0
airport:1.0
nearby:1.6931471805599454
may:1.0
markers:1.0
tell:1.0
pilots:1.0
small:1.0
planes:1.0
lines:1.0
joe:1.0
