rky57514:1.6931471805599454
uxa.cso.uiuc.edu:1.6931471805599454
tall:1.0
cool:1.0
one:1.0
subject:1.6931471805599454
use:1.6931471805599454
cd4052:1.0
analog:1.0
multiplexer:1.0
digital:2.09861228866811
signals:2.09861228866811
says:1.0
4052:1.0
dont:1.0
see:1.0
couldnt:1.0
handle:1.0
could:1.0
wrong:1.0
anyone:1.0
advice:1.0
thanks:1.0
i_______________________________________________________________________i:1.0
raymond:1.0
yeung:1.0
internet:1.0
nimbus:1.0
uiuc.edu:1.0
ee:1.0
student:1.0
university:1.0
illinois:1.0
compuserve:1.0
70700,1011:1.0
urbana-champaign:1.0
