obrien:1.6931471805599454
hri.com:1.0
jim:1.6931471805599454
subject:1.0
ibm-pc:1.6931471805599454
xt:1.6931471805599454
switch:1.0
settings:1.0
got:1.0
documents:1.0
true:1.0
ibm:1.0
wondering:1.0
anyone:1.0
definitions:1.0
2:1.0
8:1.0
position:1.0
dip:1.0
switches:1.0
thankx:1.0
