rich1:1.0
netcom.com:1.0
richard:1.0
soennichsen:1.0
subject:1.0
electronic:1.0
odometers:1.0
used:1.0
bmw:1.6931471805599454
question:1.0
speedo:1.0
triggered:1.0
reed:1.0
switchmagnet:1.0
assembly:1.0
differential:1.0
would:1.6931471805599454
think:1.0
signal:1.0
easy:1.0
reproduce:1.0
