wex:1.6931471805599454
cs.ulowell.edu:1.0
paul:1.0
wexelblat:1.0
subject:1.0
old:1.6931471805599454
256k:1.6931471805599454
simms:1.6931471805599454
article:1.0
1993apr15.100452.16793:1.0
csx.cciw.ca:1.6931471805599454
u009:1.0
g:1.0
stewart:1.0
beal:1.0
writes:1.0
wondering:1.0
people:1.6931471805599454
good:1.0
uses:1.0
bunch:1.0
apple:1.0
mac:1.0
know:1.0
lots:1.0
tried:1.0
sell:1.0
gotten:1.0
interest:1.0
use:1.0
christmas:1.0
tree:1.0
decorations:1.0
cat:1.0
doesnt:1.0
eat:1.0
