whit:1.0
carson.u.washington.edu:1.0
john:1.6931471805599454
whitmore:1.6931471805599454
subject:1.0
question:1.0
120vac:1.0
outlet:2.09861228866811
wiring:2.09861228866811
article:2.09861228866811
1qids1innebl:1.0
chnews.intel.com:1.0
crichmon:1.0
sedona.intel.com:1.0
chris:1.0
richmond:1.0
writes:2.09861228866811
1993apr14.193122.20818:1.0
mprgate.mpr.ca:1.6931471805599454
vanderby:1.0
david:1.0
vanderbyl:1.0
1993apr14.172145.27458:1.0
ecsvax.uncecs.edu:1.6931471805599454
crisp:1.6931471805599454
russ:1.0
im:1.0
considering:1.0
modernizing:1.0
old:1.6931471805599454
home:1.0
need:1.0
little:1.0
advice:1.0
several:1.0
outlets:1.6931471805599454
two:1.0
prong:1.0
type:1.0
without:1.6931471805599454
ground:3.3978952727983707
naturally:1.0
wire:3.0794415416798357
feeding:1.0
12/2:1.6931471805599454
noticed:1.0
fusebox:1.0
circuits:1.6931471805599454
tied:1.0
bus:1.0
neutral:2.09861228866811
white:1.6931471805599454
contrary:1.0
electrical:1.6931471805599454
code:1.0
fixed:1.0
well:1.0
house:1.0
built:1.0
last:1.0
year:1.0
breaker:2.09861228866811
box:2.09861228866811
wired:1.0
way:1.0
connection:2.09861228866811
also:1.0
place:1.0
building:1.0
occurs:1.0
i.e:1.0
boxes:1.0
grounding:2.09861228866811
conductor:2.09861228866811
plug:1.0
safe:1.6931471805599454
touch:2.09861228866811
green:1.0
protective:1.6931471805599454
carries:1.0
current:1.6931471805599454
unless:1.0
kind:1.0
fault:1.0
occurred:1.0
outlet-box:1.0
end:1.6931471805599454
potential:1.0
breaker-box:1.0
