vanderby:1.0
mprgate.mpr.ca:1.0
david:1.0
vanderbyl:1.0
subject:1.0
question:1.0
120vac:1.0
outlet:1.6931471805599454
wiring:1.0
olsen:1.0
vetmed.cvm.uiuc.edu:1.0
aart_olsen:1.0
writes:1.0
noticed:1.0
fusebox:1.0
circuits:1.6931471805599454
12/2:1.0
ground:2.6094379124341005
wire:2.09861228866811
tied:1.0
bus:1.6931471805599454
neutral:2.09861228866811
white:1.0
contrary:1.0
electrical:1.0
code:1.0
fixed:1.0
sorry:1.6931471805599454
exactly:1.0
according:1.0
nec:1.0
need:1.0
blew:1.0
one:1.0
main:1.0
breaker:1.6931471805599454
box:2.09861228866811
thick:1.0
leading:1.0
earth:1.0
hooked:1.0
etc:1.0
must:1.0
connected:1.0
together:1.0
