kludge:1.0
grissom.larc.nasa.gov:1.0
scott:1.6931471805599454
dorsey:1.0
subject:1.0
r/s:1.0
battery:1.0
month:1.0
club:1.0
article:1.0
jwaterma.93apr14214858:1.0
jade.tufts.edu:1.6931471805599454
jwaterma:1.0
jason:1.0
waterman:1.0
writes:1.0
talked:1.0
friend:1.0
works:1.0
radio:1.0
shack:1.0
said:1.0
deal:1.0
red:1.6931471805599454
batteries:2.09861228866811
much:1.0
lead:1.6931471805599454
condidering:1.0
life:1.0
cycle:1.0
shorter:1.0
mayflies:1.0
think:1.0
epa:1.0
worried:1.0
dumped:1.0
pardon:1.0
would:1.0
carbon-zinc:1.0
cells:1.0
