leek:1.0
qucdn.queensu.ca:1.0
subject:1.0
adc:2.386294361119891
card:1.6931471805599454
computer:2.386294361119891
article:1.0
1qi8e3:1.0
b5e:1.0
lll-winken.llnl.gov:1.0
say:1.6931471805599454
would:2.6094379124341005
like:2.09861228866811
digitize:1.0
output:1.0
squid:1.6931471805599454
magnetometer:1.0
range:1.6931471805599454
10:1.6931471805599454
v:1.6931471805599454
digital:2.09861228866811
signal:1.0
processing:1.0
macintosh:1.0
ii:1.0
486:1.0
pc:2.386294361119891
good:2.6094379124341005
16:1.0
bit:1.6931471805599454
linearity:1.0
high:1.6931471805599454
conversion:1.0
speed:1.6931471805599454
least:1.0
50:1.0
khz:1.6931471805599454
preferably:1.0
200:1.0
concerns:1.0
2:1.0
must:1.0
use:1.0
external:1.0
avoid:1.0
noise:2.791759469228055
feedback:1.0
sensitive:1.0
electronics:1.0
might:2.09861228866811
idea:1.6931471805599454
resolution:2.09861228866811
requested:1.0
0.3mv:1.0
order:1.0
get:1.6931471805599454
youve:1.0
paid:1.0
level:2.09861228866811
better:1.0
lower:1.0
kind:1.0
hard:1.0
noisy:1.0
box:1.0
expect:1.0
inside:1.0
pay:1.0
test:1.6931471805599454
sampling:1.6931471805599454
low:1.6931471805599454
distortion:1.0
sine:1.6931471805599454
wave:1.6931471805599454
think:1.0
cd:1.0
domain:1.0
possibly:1.0
thd:1.6931471805599454
sources:1.0
run:1.0
digitized:1.0
waveform:1.0
fft:1.0
transform:1.0
take:1.0
alook:1.0
floor:1.0
spectrum:1.0
thats:1.6931471805599454
give:2.09861228866811
indication:1.0
design:1.6931471805599454
data:1.6931471805599454
acquistion:1.0
system:2.09861228866811
designed:1.0
got:1.6931471805599454
maxim:2.09861228866811
sheet:1.0
live:1.0
14:1.0
recommend:2.09861228866811
looking:1.6931471805599454
max121:1.6931471805599454
308khz:1.0
complete:1.0
a/d:1.0
dsp:1.0
interface:1.6931471805599454
input:1.0
5v:1.0
uses:1.0
serial:1.0
easily:1.0
optically:1.0
isolated:1.0
elinimate:1.0
major:1.0
source:1.0
analog:1.0
guide:1.0
shows:1.0
100db:1.0
claim:1.0
77db:1.0
max:1.0
85:1.0
typ:1.0
looks:1.0
pretty:1.0
12:1.0
1000:1.0
pieces:1.0
evaluation:1.0
kit:1.0
available:1.0
want:1.0
nice:1.6931471805599454
folks:1.0
call:1.0
1-800-998-8800:1.0
fax:1.0
408:1.6931471805599454
737-7194:1.0
737-7600:1.0
ext4000:1.0
application:1.0
assistance:1.0
assumes:1.0
build:1.0
das:1.0
write:1.0
software:1.0
hey:1.0
free:1.0
sample:1.0
calling:1.0
1-800:1.0
appreciate:1.0
discussion:1.0
personal:1.0
experience:1.0
mac:1.0
based:1.0
find:1.0
gotten:1.0
otherwise:1.0
throwing:1.0
money:1.0
charles:1.0
cunningham:1.0
cec:1.0
imager.llnl.gov:1.0
k:1.0
c:1.0
lee:1.0
elec:1.0
eng:1.0
grad:1.0
student:1.0
connection:1.0
except:1.0
general:1.0
companies:1.0
samples:1.0
students:1.0
others:1.0
feel:1.0
deserve:1.0
