doherty:2.791759469228055
coolpro.melpar.esys.com:1.0
kevin:2.09861228866811
subject:1.0
hard:2.09861228866811
drive:1.6931471805599454
component:1.6931471805599454
costs:1.6931471805599454
anyone:1.0
information:1.0
relative:1.0
fraction:1.0
final:1.0
cost:1.6931471805599454
average:1.0
instance:1.0
im:1.0
pretty:1.0
sure:1.0
heads:1.0
platters:1.0
expensive:1.0
parts:1.0
assembly:1.0
running:1.0
close:1.0
third:1.0
electronics:1.0
likely:1.0
noise:1.0
numbers:1.0
percentage:1.0
thanks:1.0
e-systems/melpar:1.6931471805599454
division:1.6931471805599454
melpar.esys.com:1.6931471805599454
principal:1.6931471805599454
engineer:1.6931471805599454
falls:1.6931471805599454
church:1.6931471805599454
va:1.6931471805599454
22046:1.6931471805599454
703:1.6931471805599454
560-5000x2659:1.6931471805599454
