swalker:1.0
uts.edu.au:1.0
s87271077-s.walker-man-50:1.0
subject:1.0
nuclear:1.6931471805599454
sites:1.6931471805599454
cooling:1.6931471805599454
towers:1.6931471805599454
really:1.0
dont:1.0
know:1.6931471805599454
post:1.0
question:1.0
figured:1.0
board:1.0
would:1.0
appropriate:1.0
wondering:1.0
massive:1.0
concrete:1.0
cylinders:1.6931471805599454
ever:1.0
present:1.0
poer:1.0
look:1.0
like:1.0
pinched:1.0
middle:1.0
anybody:1.0
actual:1.0
purpose:1.0
things:1.0
hear:1.0
theyre:1.0
called:1.0
heck:1.0
cool:1.0
hope:1.0
someone:1.0
help:1.0
