markz:2.09861228866811
ssc.com:1.6931471805599454
mark:1.6931471805599454
zenier:1.6931471805599454
subject:1.0
trace:1.6931471805599454
size:1.0
15:1.0
amp:1.0
supply:1.0
r.g:1.0
keen:1.0
rg:1.0
futserv.austin.ibm.com:1.0
wrote:1.0
quick:1.6931471805599454
dirty:1.6931471805599454
way:1.0
get:1.6931471805599454
higher:1.0
current:1.0
carrying:1.0
capacity:1.0
pc:1.6931471805599454
board:1.6931471805599454
traces:1.0
one:1.0
few-of-a-kind:1.0
boards:1.0
strip:1.0
14:1.0
romex:1.0
house:1.0
wiring:1.0
cable:1.0
bare:1.6931471805599454
copper:1.6931471805599454
form:1.0
follow:1.0
solder:1.0
bus:1.0
bars:1.0
stamped:1.0
leads:1.0
insert:1.0
ssc.wa.com:1.0
