mike:1.6931471805599454
diack:1.0
mike-d:1.0
staff.tc.umn.edu:1.0
subject:1.0
husky:1.6931471805599454
programmer:1.6931471805599454
bits:1.0
reqd:1.0
help:1.6931471805599454
im:1.0
looking:1.0
isa:1.0
driver:1.6931471805599454
card:1.0
software:1.0
logical:1.0
devices:1.0
aint:1.0
mush:1.0
good:1.0
without:1.0
anyone:1.0
either:1.0
items:1.0
cheers:1.0
