wtm:1.6931471805599454
uhura.neoucom.edu:1.6931471805599454
bill:1.6931471805599454
mayhew:1.6931471805599454
subject:1.0
dumb:1.0
question:1.0
function:2.09861228866811
generator:2.386294361119891
1:2.09861228866811
output:2.09861228866811
offset:2.09861228866811
obtain:1.0
service:1.0
manual:1.0
oscilloscope:1.6931471805599454
adjust:1.0
internal:1.6931471805599454
contorl:1.0
virtual:1.0
certainty:1.0
ajustment:1.0
controls:1.0
zero:1.0
detent:1.0
position:1.0
2:1.0
verify:1.0
properly:1.0
loaded:1.6931471805599454
many:1.0
generators:1.0
expect:1.0
supply:1.0
50:2.386294361119891
ohm:2.6094379124341005
load:2.09861228866811
go:1.0
hamfest:1.0
flea:1.0
market:1.0
scrounge:1.0
around:1.0
pass-through:1.0
terminator:1.0
male:1.0
female:1.0
bnc:1.0
whatever:1.0
connector:1.0
calibrator:1.0
tektronix:1.0
scope:1.0
designed:1.0
put:1.0
4v:1.0
meg:1.0
volt:1.0
may:1.0
also:2.09861228866811
find:1.0
loading:1.6931471805599454
reduces:1.0
harmonic:1.0
distortion:1.0
build:1.0
attenuator:1.0
dont:1.0
use:1.6931471805599454
wouldnt:1.0
want:1.6931471805599454
input:1.6931471805599454
impedance:1.0
device:1.0
test:2.09861228866811
part:1.0
voltage:1.6931471805599454
divider:1.0
drop:1.0
consider:1.0
10k:1.0
gen:1.0
d.u.t:1.6931471805599454
think:1.6931471805599454
ratio:1.0
50/10k:1.0
accuracy:1.0
read:1.0
voltages:1.0
virtually:1.0
discount:1.0
millivolt:1.0
good:1.0
luck:1.0
neoucom:1.0
computer:1.0
services:1.0
department:1.0
rootstown:1.0
oh:1.0
44272-9995:1.0
usa:1.0
phone:1.0
216-325-2511:1.0
140.220.1.1:1.0
146.580:1.0
n8wed:1.0
