jmains:1.0
engr.latech.edu:1.0
john:1.0
p:1.0
mains:1.0
subject:1.0
electrical:1.6931471805599454
properties:1.0
elastomers:1.0
hello:1.0
looking:1.0
carbon-doped:1.0
rubber:1.0
highly:1.6931471805599454
elastic:1.0
material:1.6931471805599454
changes:1.0
resistivity:1.0
property:1.0
streched:1.0
could:1.0
email:1.0
info:1.0
may:1.0
names:1.0
companies:1.0
make:1.0
stuff:1.0
would:1.0
appreaciated:1.0
thanx:1.0
jp:1.0
biomedical:1.0
engineering:1.0
louisiana:1.0
tech:1.0
university:1.0
