subject:1.0
picking:1.0
cable:1.0
tv:1.0
aerial:1.0
ganter:2.386294361119891
ifi.unibas.ch:1.6931471805599454
robert:2.09861228866811
great:1.0
first:1.0
advantage:1.0
cheap:1.0
coax:1.0
ive:1.0
ever:1.0
heard:1.0
cheers:1.0
hb9nby:1.6931471805599454
universitaet:1.0
basel:1.0
fan:1.0
institut:1.0
fuer:1.0
informatik:1.0
plan:1.0
basel/switzerland:1.0
amateurradio:1.0
hb9nbypacket:1.0
hb9eas.che.eu:1.0
