donrm:1.6931471805599454
sr.hp.com:1.6931471805599454
montgomery:1.6931471805599454
subject:1.0
radio:1.6931471805599454
shack:1.6931471805599454
battery:1.6931471805599454
month:1.6931471805599454
club:1.6931471805599454
canceled:1.0
anyone:1.0
know:1.0
say:1.0
theyll:1.0
honor:1.0
existing:1.0
cards:1.6931471805599454
customer:1.0
hands:1.0
new:1.0
issued:1.0
