bill:2.6094379124341005
xpresso.uucp:1.6931471805599454
vance:1.6931471805599454
subject:1.0
help:1.0
construct:1.6931471805599454
home-built:1.6931471805599454
battery:1.6931471805599454
3rd:1.0
grade:1.6931471805599454
sci:1.0
report:1.6931471805599454
dean:2.09861228866811
anneser:2.9459101490553135
pwa-b.uucp:1.0
wrote:1.0
9:1.0
yr:1.0
old:1.0
son:1.0
signed:1.0
science:1.0
batteries:1.0
wondering:1.0
anyone:1.0
could:1.0
provide:1.0
information:1.0
school:1.0
days:1.0
remember:1.6931471805599454
seeing:1.0
ice:1.0
cube:1.0
tray:1.0
version:1.0
dont:1.0
use:1.0
good:1.0
electrolyte:1.0
easily:1.0
obtainable:1.0
metals:1.6931471805599454
thank:1.0
advance:1.0
w:1.6931471805599454
pratt:1.6931471805599454
whitney:1.6931471805599454
aircraft:1.6931471805599454
computer:1.6931471805599454
system:1.6931471805599454
specialist:1.6931471805599454
m.s:1.6931471805599454
161-05:1.6931471805599454
203:1.6931471805599454
565-9372:1.6931471805599454
desk:1.6931471805599454
5016:1.6931471805599454
fax:1.6931471805599454
400:1.6931471805599454
main:1.6931471805599454
st:1.6931471805599454
ooo:1.6931471805599454
v:1.6931471805599454
uucp:1.6931471805599454
uunet:1.6931471805599454
pwa-b:1.6931471805599454
east:1.6931471805599454
hartford:1.6931471805599454
ct:1.6931471805599454
06108:1.6931471805599454
live:1.6931471805599454
ride:1.6931471805599454
internet:1.0
pwfire.pweh.utc.com:1.0
one:2.09861228866811
test:1.0
result:1.0
worth:1.0
thousand:1.0
expert:1.0
opinions:1.0
wernher:1.0
von:1.0
braun:1.0
simplest:1.0
easy:1.0
take:1.0
lemon:1.0
citrus:1.0
type:1.0
fruit:1.0
stick:1.0
pair:1.0
metal:1.0
strips:1.6931471805599454
contacts:1.6931471805599454
two:1.0
must:1.0
disimelar:1.0
like:1.0
copper:1.0
zinc:1.0
connect:1.0
voltmeter:1.0
read:1.0
voltage:1.0
bothell:1.0
wa:1.0
rwing:1.0
xpresso:1.6931471805599454
listen:1.6931471805599454
uuxpresso:1.0
