lperez:1.6931471805599454
decserv2.eecs.wsu.edu:1.0
luis:1.6931471805599454
g:1.6931471805599454
perez:1.6931471805599454
subject:1.0
beam:1.0
robot:1.0
olympic:1.0
games:1.0
next:1.0
week:1.0
toronto:1.0
anybody:1.0
know:1.0
mailing:1.0
list:1.0
newsgroup:1.0
power:1.0
systems:1.0
related:1.0
areas:1.0
thanks:1.0
eecs.wsu.edu:1.0
