subject:1.0
exploding:1.0
tv:1.0
xhan:1.0
uceng.uc.edu:1.0
xiaoping:1.0
han:1.6931471805599454
article:1.0
1qk4hj:1.0
qos:1.0
vtserf.cc.vt.edu:1.0
prasad:2.09861228866811
vtaix.cc.vt.edu:1.0
ramakrishna:1.0
writes:1.0
would:1.0
picture:1.6931471805599454
tube:1.6931471805599454
explode:1.0
even:1.0
smoke:1.0
likely:1.0
flyback:1.0
emerson:1.0
cant:1.0
admire:1.0
prasadr:1.0
vtvm1.cc.vt.edu:1.0
