pat:2.09861228866811
fegmania.wustl.edu:1.0
niemeyer:1.0
subject:1.0
25:2.09861228866811
network:2.09861228866811
folks:1.0
lbl:1.6931471805599454
little:1.0
big:1.0
lan:1.0
75:1.0
think:1.0
get:1.0
50:1.0
already:1.0
works:1.0
arcnet:1.0
parallel:1.0
ports:1.6931471805599454
serial:2.09861228866811
combination:1.0
250:1.0
nodes:1.0
flames:1.0
please:1.0
picked:1.0
discussion:1.0
bit:1.0
late:1.0
really:1.0
curious:1.0
exactly:1.0
something:1.6931471805599454
hack:1.0
together:1.0
n:1.6931471805599454
cables:1.0
drivers:1.0
thanks:1.0
