heuvel:2.386294361119891
neptune.iex.com:1.6931471805599454
ted:1.6931471805599454
van:1.6931471805599454
den:1.6931471805599454
subject:1.0
motorola:1.0
mc14315:1.0
mc143120:1.6931471805599454
let:1.0
try:1.0
sending:1.0
message:1.0
botched:1.0
margins:1.0
first:1.0
time:1.0
sorry:1.0
bout:1.0
anyone:1.0
know:1.0
products:1.0
using:1.0
motorolas:1.0
neuron:1.0
r:1.0
chips:1.0
mc143150:1.0
utilizing:1.0
standard:1.0
network:1.0
variable:1.0
types:1.0
snvt:1.0
kx5p:1.0
