rsf:1.6931471805599454
cbnewsb.cb.att.com:1.0
roberto.s.freire:1.0
subject:1.0
fluke:2.09861228866811
scopemeter:1.0
anybody:1.0
used/tested:1.0
new:1.0
scopemeters:1.6931471805599454
compare:1.0
low-end:1.0
tectronix:1.0
oscilloscope:1.0
big:1.0
drawbacks:1.0
handheld:1.0
scopes:1.6931471805599454
compared:1.0
benchtop:1.0
price:1.0
range:1.0
1000:1.0
2000:1.0
info:1.0
would:1.0
greatly:1.0
appreciated:1.0
thanks:1.0
bob:1.0
freire:1.0
houxa.att.com:1.0
