martinkm:1.0
leland.stanford.edu:1.0
kenneth:1.0
michael:1.0
martin:1.6931471805599454
subject:1.0
pads:1.0
model:1.6931471805599454
68hc11:1.6931471805599454
anyone:1.0
done:1.6931471805599454
52:1.0
pin:1.0
version:1.0
doesnt:1.0
seem:1.0
big:1.0
job:1.0
someone:1.0
else:1.0
already:1.0
many:1.0
thanks:1.0
ken:1.0
