kolstad:2.09861228866811
cae.wisc.edu:1.0
joel:1.6931471805599454
subject:1.0
radio:1.6931471805599454
shack:1.6931471805599454
voice:1.6931471805599454
recognition:1.6931471805599454
chips:1.6931471805599454
hi:1.0
friend:1.0
whod:1.0
like:1.0
get:1.0
hold:1.0
bunch:1.0
simple:1.0
used:1.0
sell:1.0
longer:1.0
anybody:1.0
knows:1.0
source:1.0
please:1.0
e-mail:1.0
ill:1.0
forward:1.0
responses:1.0
thanks:1.0
