wb8foz:1.0
skybridge.scl.cwru.edu:1.6931471805599454
david:1.0
lesher:1.0
subject:1.0
exploding:1.0
tv:1.0
others:1.0
said:1.0
would:1.0
picture:1.0
tube:1.0
explode:1.0
even:1.0
smoke:1.0
naw:1.0
penguin:1.0
top:1.0
set:1.0
exploded:1.0
host:2.386294361119891
coast:1.0
coast..wb8foz:1.0
one:1.0
talk:1.0
thats:1.0
close:1.6931471805599454
301:1.0
56-linux:1.0
unless:1.0
isnt:1.0
pob:1.0
1433:1.0
busy:1.0
hung:1.0
dead:1.0
20915-1433:1.0
