mark-tarbell:2.09861228866811
suite.com:1.6931471805599454
subject:1.0
switch-mode:1.0
power:2.09861228866811
supply:2.6094379124341005
typical:1.0
component:1.0
set:1.0
components:1.0
fault:1.6931471805599454
switch:1.6931471805599454
mode:1.6931471805599454
goes:1.6931471805599454
south:1.6931471805599454
disk:1.6931471805599454
drive:1.6931471805599454
general:1.6931471805599454
hints:1.6931471805599454
would:1.6931471805599454
appreciated:1.6931471805599454
thanks:1.6931471805599454
x03x03x1b:1.0
bvhx1b:1.0
jx06:1.0
