peter.m:1.0
insane.apana.org.au:1.0
peter:1.6931471805599454
tryndoch:1.0
subject:1.0
swr:2.09861228866811
meter:1.6931471805599454
cb:2.09861228866811
radios:1.6931471805599454
allthe:1.0
devil:1.6931471805599454
reincarnateswr:1.0
td:3.0794415416798357
ssave:1.0
ole.cdac.com:1.0
reincarnate:1.0
organization:1.0
cdac:1.0
wa:1.0
good:1.0
choice:1.0
1/4:2.09861228866811
1/8:1.6931471805599454
wave:2.6094379124341005
read:1.0
installation:1.0
instructions:1.0
antenna:2.386294361119891
suggested:1.0
use:2.09861228866811
tune:1.0
channel:2.6094379124341005
12:1.6931471805599454
32:1.6931471805599454
minimum:1.0
reading:1.0
question:1.0
best:2.09861228866811
one:1.6931471805599454
let:1.0
probably:1.0
explanation:1.0
rest:1.0
makes:1.0
sense:1.0
cancell:1.0
btw:1.0
beastie:1.0
1/2:1.0
followed:1.0
etc:1.0
swring:1.6931471805599454
actually:1.0
trim:1.6931471805599454
correct:1.0
length:1.0
specific:1.0
wavelength:1.6931471805599454
transmitting:1.0
since:1.0
varies:1.0
recommended:1.0
using:1.0
middle:1.0
going:1.0
anyway:1.6931471805599454
beginning:1.0
cbs:1.0
new:1.0
antennas:1.6931471805599454
swred:1.0
nowdays:1.0
manufactures:1.0
almost:1.0
spot:1.0
theres:1.0
much:1.0
point:1.0
may:1.0
fanatic:1.0
whish:1.0
cheers:1.0
