sundar:1.6931471805599454
fiber-one.ai.mit.edu:1.0
narasimhan:1.0
subject:1.0
much:2.09861228866811
would:1.0
tektronix:2.386294361119891
2465a:1.6931471805599454
oscilloscope:1.0
fetch:1.6931471805599454
hi:1.0
id:1.0
like:1.0
know:1.0
foll:1.0
equipment:1.6931471805599454
used:1.0
market:1.0
without:1.0
manuals:1.0
accessories:1.0
1:1.0
2465:1.0
scope:1.6931471805599454
2:1.0
3:1.0
1240:1.0
logic:1.0
analyser:1.0
thanks:1.0
help:1.0
