billq:1.0
ms.uky.edu:1.6931471805599454
billy:1.0
quinn:1.0
subject:1.0
radio:1.6931471805599454
shack:1.6931471805599454
battery:2.09861228866811
month:1.6931471805599454
club:2.386294361119891
donrm:1.0
sr.hp.com:1.0
montgomery:1.0
writes:1.0
canceled:1.0
anyone:1.0
know:1.0
say:1.0
theyll:1.0
honor:1.0
existing:1.0
cards:1.6931471805599454
customer:1.0
hands:1.0
new:1.0
issued:1.0
told:1.6931471805599454
environmental:1.0
based:1.0
move:1.0
also:1.0
somthing:1.0
else:1.0
replace:1.0
like:1.0
maybe:1.0
360k:1.0
floppy:1.0
well:1.0
see:1.0
bill:1.0
quinnbillq:1.0
