henry:2.6094379124341005
zoo.toronto.edu:1.6931471805599454
spencer:1.6931471805599454
subject:1.0
74act:1.0
article:1.0
1qhrq9innlri:1.0
crcnis1.unl.edu:1.0
mpaul:1.0
unl.edu:1.0
marxhausen:1.0
paul:1.0
writes:1.0
ok:1.0
whats:1.0
quick:1.0
rundown:1.0
7400:1.0
series:1.6931471805599454
variations:1.6931471805599454
repairing:1.0
something:1.6931471805599454
74act00:1.0
question:1.0
arises:1.0
well:1.0
really:1.0
need:1.0
act:1.6931471805599454
part:1.0
flipping:1.0
digi-key:1.0
see:1.0
als:1.0
c:1.0
hc:1.0
ac:1.0
acq:1.0
hct:1.0
acht:1.0
hctls:1.0
heres:1.0
posted:1.0
years:1.0
ago:1.0
fully:1.0
date:1.0
new:2.09861228866811
different:1.0
manufacturers:1.0
synonyms:1.0
practical:1.0
terms:1.0
ignoring:1.0
technological:1.0
details:1.0
view:1.0
families:2.791759469228055
nb:1.0
giant:1.0
corporation:1.0
influences:1.0
views:1.0
things:2.09861228866811
like:2.09861228866811
availability:2.6094379124341005
backward:1.0
compatibility:2.386294361119891
74the:1.0
original:1.0
speed:3.1972245773362196
good:2.09861228866811
power:3.302585092994046
consumption:3.0794415416798357
fair:1.0
effectively:1.6931471805599454
obsolete:2.6094379124341005
use:2.791759469228055
74ls:2.09861228866811
later:1.0
except:1.6931471805599454
oddball:1.0
functions:1.0
7407:1.0
hard:1.6931471805599454
find:1.6931471805599454
newer:1.6931471805599454
74hmodification:1.0
74:2.791759469228055
higher:2.09861228866811
cost:2.09861228866811
74f:2.6094379124341005
74lmodification:1.0
lower:2.386294361119891
cmos:3.1972245773362196
74slater:1.0
modification:1.0
even:1.0
74lscombination:1.0
74l:1.0
74s:1.0
comparable:1.0
best:1.0
all-round:1.0
ttl:3.0794415416798357
widest:1.0
variety:1.0
devices:2.6094379124341005
74ffast:1.0
blazes:1.0
bad:1.0
clear:1.6931471805599454
choice:2.09861228866811
high:1.0
prices:1.6931471805599454
generally:1.6931471805599454
74asfailed:1.0
competitor:1.0
although:1.0
74as:1.0
parts:1.0
thus:1.0
still:2.09861228866811
useful:1.6931471805599454
74alspossible:1.0
replacement:1.0
souped:1.0
fairly:1.0
possibly:1.6931471805599454
problem:1.0
74cfairly:1.0
old:2.09861228866811
family:2.386294361119891
pinouts:1.0
competed:1.0
4000:2.791759469228055
successfully:1.0
thrown:1.6931471805599454
major:1.6931471805599454
non-74:1.0
non-ecl:1.0
logic:2.6094379124341005
viable:1.0
wide:1.6931471805599454
range:2.09861228866811
low:1.6931471805599454
supply:2.09861228866811
voltages:1.6931471805599454
fast:1.6931471805599454
forgiving:1.6931471805599454
easy:1.0
work:2.791759469228055
beware:1.6931471805599454
static:1.0
electricity:1.0
comment:1.0
applies:1.0
many:1.6931471805599454
modern:1.0
neat:1.0
exist:1.0
important:1.0
74hca:1.0
attempt:1.0
74-pinout:1.0
compared:1.6931471805599454
often:1.0
general-purpose:1.0
assuming:1.0
affordability:1.0
levels:1.6931471805599454
ones:1.0
limited:1.6931471805599454
older:1.0
also:1.0
rise:1.0
faster:1.0
speeds:1.0
74hct74hc:1.0
much:1.6931471805599454
comments:1.0
74hc:2.386294361119891
read:2.09861228866811
fine:1.0
print:1.0
involves:1.0
compromises:1.0
10k:2.386294361119891
freaks:1.6931471805599454
end:1.0
ecl:1.6931471805599454
various:1.0
sources:1.0
claim:1.0
easier:1.0
super-fast:1.0
serious:1.0
high-speed:1.0
less:1.6931471805599454
though:1.0
follow:1.0
rules:1.0
wont:1.0
hobbyists:1.0
expensive:1.0
100k:1.6931471805599454
real:1.0
hot:1.0
harder:1.0
handle:1.0
inconvenient:1.0
packages:1.0
datasheets:1.0
however:1.0
74c:1.6931471805599454
logic-level:1.0
compatible:1.6931471805599454
74x:1.0
drive:1.0
one:1.6931471805599454
74y:1.0
output:1.0
varies:1.0
enormously:1.0
x:1.0
specs:1.0
arithmetic:1.0
others:1.0
bit:1.6931471805599454
hassle:2.386294361119891
lot:1.0
depending:1.0
voltage:1.0
using:1.0
anything:1.0
else:1.0
considerable:1.0
sprinkling:1.0
interesting:1.0
havent:1.0
used:1.0
either:1.0
significantly:1.0
yet:1.0
mans:1.0
u:1.0
toronto:1.0
zoology:1.0
kipling:1.0
utzoo:1.0
