suwanto:1.6931471805599454
iastate.edu:1.6931471805599454
zapper:1.0
subject:1.0
2sc1096:2.09861228866811
2sa634:2.09861228866811
specs:1.0
could:1.0
kind:1.0
soul:1.0
post:1.0
max:2.09861228866811
power/voltage/current:1.0
ratings:2.09861228866811
transistors:1.0
conductance:1.0
types:1.0
pinouts:1.0
used:1.0
sweep:1.0
portion:1.0
tv:1.0
set:1.0
maximum:1.6931471805599454
vcbo:1.6931471805599454
40v:1.6931471805599454
vceo:1.6931471805599454
30v:2.386294361119891
ic:2.09861228866811
3a:1.6931471805599454
pc:1.6931471805599454
10w:1.6931471805599454
t=25c:1.6931471805599454
icbo:1.6931471805599454
1ua:1.6931471805599454
vcb:1.6931471805599454
cob:1.6931471805599454
55pf:1.0
q-point:1.6931471805599454
vce=5:1.0
ic=1a:1.0
hfe:1.6931471805599454
100:1.6931471805599454
75pf:1.0
vce:1.0
5v:1.0
1a:1.0
thats:1.0
get:1.0
data:1.0
book:1.0
hope:1.0
helps:1.0
