cyberman:2.09861228866811
toz.buffalo.ny.us:1.6931471805599454
subject:1.0
crt:1.0
driver:1.0
transistors:1.0
device:1.6931471805599454
lt1839:1.0
ic:2.386294361119891
50:1.0
v:3.3978952727983707
br:2.386294361119891
ceo:1.6931471805599454
70:1.0
ccb:1.6931471805599454
pf:1.6931471805599454
2.5:1.0
cbo:1.6931471805599454
120:1.0
vce:2.09861228866811
15:1.6931471805599454
max:2.386294361119891
300:1.6931471805599454
polarity:1.6931471805599454
npn:1.0
hfe:2.386294361119891
min:1.6931471805599454
20:1.0
package:1.6931471805599454
79-04:1.6931471805599454
60:2.09861228866811
material:1.6931471805599454
metal:1.6931471805599454
ft:1.6931471805599454
ghz:1.6931471805599454
1:1.0
price:1.6931471805599454
100:1.6931471805599454
lt5839:1.6931471805599454
65:1.0
1.5:1.6931471805599454
80:1.0
10:1.6931471805599454
pnp:1.0
anyone:1.0
know:1.0
source:1.0
parts:1.0
straight:1.0
motorolla:1.0
need:1.0
4:1.0
lt1839s:1.0
2:1.0
ive:1.0
tried:1.0
standard:1.0
said:1.0
stephen:1.0
mangled:1.0
fri:1.0
04-16-1993:1.0
13:50:28:1.0
theres:1.0
one:1.0
thing:1.0
cant:1.0
stand:1.0
intolerance:1.0
blue:1.0
wave/qwk:1.0
v2.12:1.0
