mustafa:2.386294361119891
seas.smu.edu:1.6931471805599454
kocaturk:1.6931471805599454
subject:1.0
starters:1.6931471805599454
work:1.6931471805599454
really:1.0
article:1.0
734953838.aa00509:1.0
insane.apana.org.au:1.6931471805599454
peter.m:1.0
peter:1.0
tryndoch:1.0
writes:1.0
turn:1.0
power:1.6931471805599454
causes:1.0
bulb:1.0
like:1.0
neon:2.386294361119891
heating:1.6931471805599454
shorting:1.0
thus:1.0
providing:1.0
loop:1.0
heaters:1.0
main:1.0
tube:2.6094379124341005
fires:2.09861228866811
insufficient:1.0
current:1.6931471805599454
runs:1.0
starter:2.09861228866811
keep:1.0
heat:1.6931471805599454
bi-metalic:1.0
strip:1.6931471805599454
straightens:1.0
o/c:1.0
imprecise:1.0
description:1.0
1:1.0
ignores:1.0
role:1.0
ballast:1.6931471805599454
2:1.0
misrepresents:1.0
effects:1.0
bimetalic:1.0
cools:1.0
immediately:1.0
contacts:2.386294361119891
short:1.0
circuit:1.0
discharge:1.6931471805599454
stops:1.0
much:1.0
less:1.0
generated:1.6931471805599454
i^2r:1.0
loss:1.0
metal:1.0
compared:1.0
open:1.0
actually:1.0
result:1.0
back-emf:1.0
immediate:1.0
opening:1.0
capacitor:1.0
connected:1.0
parallel:1.0
prevent:1.6931471805599454
excessive:1.0
arcing:1.0
firing:1.6931471805599454
reionizes:1.0
draw:1.0
sufficient:1.0
ee:1.0
dept:1.0
room:1.0
305a:1.0
caruth:1.0
bldg:1.0
home:1.0
214-706-5954:1.0
office:1.0
214-768-1475:1.0
smu:1.0
box:1.0
753190:1.0
dallas:1.0
tx:1.0
75275:1.0
