mlee:1.0
eng.sdsu.edu:1.0
mike:1.0
lee:1.0
subject:1.0
wire-amperage:1.0
table:1.6931471805599454
needed:1.6931471805599454
anyone:1.0
size:1.0
wire:1.0
amount:1.0
current:1.0
carry:1.0
probably:1.0
1-15amp:1.0
range:1.0
friend:1.0
interested:1.0
converting:1.0
mazda:1.0
electric:1.6931471805599454
car:1.0
information:1.0
estimation:1.0
thanks:1.0
advance:1.0
p.s:1.0
info:1.0
greatly:1.0
appreaciated:1.0
