griffin:1.0
camelot.bradley.edu:1.0
mark:1.0
valentine:1.0
subject:1.0
help:1.0
20ma:1.0
current:1.6931471805599454
loop:1.6931471805599454
rs232:1.6931471805599454
converter:1.0
needed:1.0
buy:1.0
build:1.0
device:1.0
convert:1.0
20:1.0
signals:1.0
voltages:1.0
know:1.0
old:2.09861228866811
terminals:1.0
came:1.0
option:1.0
none:1.0
ones:1.0
anyway:1.0
want:1.0
connect:1.0
computer:2.09861228866811
industrial:1.0
use:1.0
communications:1.0
software:1.0
console:1.0
instead:1.0
decwriter:1.0
please:1.0
e-mail:1.0
info:1.0
would:1.0
point:1.0
right:1.0
direction:1.0
