v064mb9k:1.0
ubvmsd.cc.buffalo.edu:1.0
neil:1.6931471805599454
b:1.0
gandler:2.09861228866811
subject:1.0
need:1.6931471805599454
diode:2.09861228866811
model:1.6931471805599454
pspice:1.6931471805599454
im:1.0
designing:1.0
circuit:1.0
silicon:1.0
dont:1.0
modify:1.0
parameters:1.0
problem:1.0
accept:1.0
following:1.0
statement:1.0
book:1.0
terrible:1.0
would:1.0
appreciate:1.0
help:1.0
electronics:1.0
home:1.0
automation:1.0
electronic:1.0
design:1.0
technology:1.0
