cyberman:2.09861228866811
toz.buffalo.ny.us:1.6931471805599454
subject:1.0
old:2.09861228866811
2:1.6931471805599454
jason:1.0
haines:1.0
said:1.0
256k:1.6931471805599454
04-15-93:1.0
04:38:1.0
jh:3.302585092994046
wondering:1.0
people:1.6931471805599454
good:1.0
uses:1.0
simms:1.6931471805599454
bunch:1.0
apple:1.0
mac:1.0
know:1.0
lots:1.0
tried:1.0
sell:1.0
gotten:1.0
interest:1.0
collecting:1.0
together:1.0
ie:1.0
everyones:1.0
selling:1.0
lot:1.0
thing:1.0
give:1.0
recycler:1.0
inovative:1.0
use:1.6931471805599454
want:1.0
buy:1.0
8:1.6931471805599454
would:1.6931471805599454
interested:1.0
hearing:1.0
free:1.0
send:1.0
real:1.0
cheap:1.0
intrested:1.0
hehehe:1.0
chip:1.6931471805599454
devices:1.6931471805599454
speed:1.0
seen:1.0
ram:2.09861228866811
disc:1.0
storage:1.0
pricey:1.0
plus:1.0
still:1.0
little:1.0
worried:1.0
data:1.0
stored:1.0
disk:1.0
stephen:1.0
mangled:1.0
fri:1.0
04-16-1993:1.0
19:58:29:1.0
badgers:1.6931471805599454
dont:1.0
need:1.0
steenking:1.0
blue:1.0
wave/qwk:1.0
v2.12:1.0
