thompson:2.09861228866811
cactus.org:1.0
charles:1.0
subject:1.0
differential:2.09861228866811
mode:1.0
gps:2.386294361119891
work:1.6931471805599454
understand:1.0
new:1.0
boxes:1.0
option:1.6931471805599454
known:1.0
ready:1.0
apparently:1.0
land-based:1.6931471805599454
beacons:1.6931471805599454
tranmit:1.0
correction:1.0
information:1.0
receiver:1.0
installed:1.0
system:1.0
frequency:1.0
used:1.0
thanks:1.0
advance:1.0
charlie:1.0
