ski:1.0
wpi.wpi.edu:1.0
joseph:1.0
mich:1.0
krzeszewski:1.0
subject:1.0
need:1.0
find:1.0
number:1.6931471805599454
phone:2.09861228866811
line:1.0
texas:1.0
well:1.0
corpus:1.0
christi:1.0
anyway:1.0
pick:1.0
dial:1.0
890:1.0
company:1.0
read:1.0
back:1.0
try:1.0
might:1.0
work:1.0
