adykes:1.6931471805599454
jpradley.jpr.com:1.0
al:1.6931471805599454
dykes:1.6931471805599454
subject:1.0
help:1.0
reduce:1.6931471805599454
rpms:1.0
boxer:2.09861228866811
fan:2.09861228866811
need:1.0
speed:1.0
30-50:1.0
recall:1.0
reading:1.0
somewhere:1.0
right:1.0
capacitor:1.0
series:1.0
isnt:1.0
case:1.0
brain:1.0
fade:1.0
someone:1.0
suggest:1.0
cap:1.0
value:1.0
specifics:1.0
real:1.0
tm:1.0
label:1.0
says:1.0
115:1.0
v:1.0
2:1.0
amps:1.0
jpr.com:1.0
