alee:1.0
ecs.umass.edu:1.0
subject:1.0
need:1.0
find:1.6931471805599454
number:2.09861228866811
phone:1.6931471805599454
line:2.09861228866811
greetings:1.0
situation:1.0
jack:1.0
mounted:1.0
wall:1.0
dont:1.6931471805599454
know:1.0
want:1.0
call:1.0
operator:1.0
place:1.0
trace:1.0
question:1.0
certain:1.0
device:1.0
use:1.0
thanks:1.0
response:1.0
al:1.0
