xandor:1.0
unixg.ubc.ca:1.0
john:1.0
gilbert:1.0
subject:1.6931471805599454
exploding:1.6931471805599454
tv:1.0
possible:1.0
interest:1.0
understanding:1.0
televisions:1.0
major:1.0
cause:1.0
domestic:1.0
accidents:1.0
soviet:1.0
union:1.0
past:1.0
years:1.0
