rcook:1.6931471805599454
gfx.engga.uwo.ca:1.6931471805599454
richard:1.6931471805599454
cook:1.6931471805599454
subject:1.0
need:1.0
find:1.6931471805599454
number:2.386294361119891
phone:1.6931471805599454
line:2.09861228866811
article:1.0
20756.2bd16dea:1.0
ecs.umass.edu:1.6931471805599454
alee:1.0
writes:1.0
greetings:1.0
situation:1.0
jack:1.0
mounted:1.0
wall:1.0
dont:1.6931471805599454
know:1.0
want:1.0
call:1.6931471805599454
operator:1.0
place:1.0
trace:1.0
question:1.0
certain:1.0
device:1.0
use:1.0
thanks:1.0
response:1.0
al:1.0
calling:1.0
someone:1.0
caller:1.0
id:1.0
service:1.0
back:1.0
519:1.6931471805599454
641-1985:1.0
e-mail:1.0
elect:1.0
eng:1.0
fax:1.0
661-3488:1.0
