berryh:1.0
huey.udel.edu:1.0
john:1.6931471805599454
berryhill:1.6931471805599454
ph.d:1.0
subject:1.0
nuclear:1.0
sites:1.0
cooling:2.09861228866811
towers:1.0
object:1.0
tower:1.0
distribute:1.0
dissolved:1.0
salts:1.0
water:1.0
large:1.0
areas:1.0
farmland:1.0
therefore:1.0
decrease:1.0
farm:1.0
subsidies:1.0
non-producers:1.0
rendering:1.0
land:1.0
infertile:1.0
side:1.0
effect:1.0
deficit-reduction:1.0
program:1.0
provide:1.0
low-t:1.0
reservoir:1.0
variety:1.0
industrial:1.0
processes:1.0
know:1.0
