mniederb:1.6931471805599454
pws2.itr.ch:1.0
niederberger:1.6931471805599454
markus:1.0
subject:1.6931471805599454
characterization:2.09861228866811
opamps:2.09861228866811
hi:1.0
right:1.0
dont:1.0
special:1.0
equipment:1.0
task:1.0
job:1.0
relativly:1.0
simple:1.0
equipments:1.0
frequency:1.0
sweeper:1.0
dso:1.0
etc:1.0
anyone:1.0
know:1.0
good:1.0
test:1.0
circuitry:1.0
especially:1.0
measuring:1.0
open-loop:1.0
gain:1.0
phase:1.0
margin:1.0
pssr:1.0
cmmr:1.0
books:1.0
application:1.0
notes:1.0
available:1.0
please:1.0
reply:1.0
vi:1.0
e-mail:1.6931471805599454
nn:1.0
thanks:1.0
mark:1.6931471805599454
itr.ch:1.0
