andrei:1.6931471805599454
labomath.univ-orleans.fr:1.0
yakovlev:1.0
subject:1.0
references:1.0
switched-capacitor:1.0
filter:1.0
ics:1.6931471805599454
wanted:1.0
hi:1.0
would:1.0
like:1.0
know:1.0
popular:1.0
type:1.0
capabilities:1.0
channels:1.0
et.c:1.0
prices:1.0
great:1.0
thanks:1.0
andrew:1.0
