kludge:1.0
grissom.larc.nasa.gov:1.0
scott:1.6931471805599454
dorsey:1.0
subject:1.0
need:1.0
find:1.6931471805599454
number:2.386294361119891
phone:1.6931471805599454
line:2.09861228866811
article:1.0
20756.2bd16dea:1.0
ecs.umass.edu:1.6931471805599454
alee:1.0
writes:1.0
greetings:1.0
situation:1.0
jack:1.0
mounted:1.0
wall:1.0
dont:1.6931471805599454
know:1.0
want:1.0
call:1.6931471805599454
operator:2.09861228866811
place:1.0
trace:1.0
question:1.0
certain:1.0
device:1.0
use:1.0
friend:1.0
long:1.0
distance:1.0
collect:1.0
ask:1.6931471805599454
speak:1.0
asks:1.0
wont:1.0
leave:1.0
shell:1.0
read:1.0
clear:1.0
