krouth:2.386294361119891
slee01.srl.ford.com:2.386294361119891
kevin:2.6094379124341005
routh:2.6094379124341005
subject:1.0
f.y.i:1.0
imagewriter:1.6931471805599454
windows:2.386294361119891
article:1.0
crossposted:1.0
comp.windows.ms:1.0
author:1.0
posted:1.0
19:1.0
apr:1.0
1993:1.0
12:35:55:1.0
gmt:1.0
information:1.0
hooked:1.0
com1:1.0
serial:1.0
port:1.6931471805599454
used:1.6931471805599454
c-itoh:1.0
8510:1.0
driver:1.0
3.1:1.0
cable:1.6931471805599454
using:1.0
straight-thru:1.0
connected:1.0
null:1.6931471805599454
modem:1.6931471805599454
adapter:1.0
got:1.0
radio:1.0
shack:1.0
catalog:1.0
26-1496a:1.0
4.95:1.0
seems:1.6931471805599454
work:1.0
fine:1.0
dos:1.6931471805599454
following:1.0
command:1.0
c:2.386294361119891
dosmode:1.0
com1:9600:1.0
n,8,1:1.0
p:1.0
set:1.0
way:1.0
ports:1.0
setup:1.0
connections:1.0
follows:1.0
1to1:1.0
2to3:1.0
3to2:1.0
4to5:1.0
5to4:1.0
6+8to20:1.0
20to6+8:1.0
7to7:1.0
printed:1.0
several:1.0
applications:1.0
ok:1.0
internet:2.09861228866811
ford:2.09861228866811
electronics:2.09861228866811
ibmmail:2.09861228866811
profs:2.09861228866811
usfmctmf:2.09861228866811
eld:2.09861228866811
ic:2.09861228866811
engineering:2.09861228866811
17000:2.09861228866811
rotunda:2.09861228866811
drive:2.09861228866811
b-121:2.09861228866811
voice:2.09861228866811
mail:2.09861228866811
313:2.791759469228055
337-5136:2.09861228866811
dearborn:2.09861228866811
mi:2.09861228866811
48121-6010:2.09861228866811
facsimile:2.09861228866811
248-6244:2.09861228866811
