gould:2.386294361119891
waterloo.hp.com:1.6931471805599454
dan:1.6931471805599454
subject:1.0
telephone:2.386294361119891
controlled:1.6931471805599454
power:2.6094379124341005
bar:1.6931471805599454
needed:1.0
would:1.6931471805599454
appreciate:1.0
help:1.0
locating:1.0
pc:2.09861228866811
unit:1.0
rings:1.0
keep:1.0
long:1.0
connection:1.0
present:1.0
also:1.0
need:1.0
able:1.0
use:1.0
external:1.0
timer:1.0
supply:1.0
contact:1.0
closure:1.0
summarize:1.0
post:1.0
results:1.0
query:1.0
thank:1.0
