sean:1.6931471805599454
dip1.ee.uct.ac.za:1.0
borman:1.0
subject:1.0
info:1.0
wanted:1.0
graphics:1.0
lcd:1.6931471805599454
displays:1.6931471805599454
hi:1.0
anyone:1.0
know:1.0
get:1.0
hold:1.0
data:1.0
well:1.0
stock:1.0
used:1.0
nintendo:1.0
gameboy:1.0
handheld:1.0
tv:1.0
game:1.0
machines:1.0
information:1.0
wouold:1.0
appreciated:1.0
please:1.0
e-mail:1.0
replies:1.0
arawstorne:1.0
eleceng.uct.ac.za:1.0
thanks:1.0
alex:1.0
