babb:2.6094379124341005
sciences.sdsu.edu:1.6931471805599454
j:1.0
subject:1.0
nuclear:1.0
sites:1.0
cooling:1.0
towers:1.0
really:1.0
dont:1.0
know:1.0
post:1.0
question:1.0
figured:1.0
board:1.0
would:1.0
appropriate:1.0
try:1.0
sci.energy:1.0
jeff:1.0
ucssun1.sdsu.edu:1.0
programmer:1.0
sdsu:1.0
larc:1.0
