domain:1.6931471805599454
cbnewsf.cb.att.com:1.0
george.d.hodge:1.6931471805599454
subject:1.0
dayton:2.09861228866811
hamfest:1.6931471805599454
weeks:1.0
ago:1.0
someone:1.6931471805599454
posted:1.0
article:1.6931471805599454
telling:1.0
computerfest:1.0
going:1.0
help:1.6931471805599454
oh:1.0
unfortunately:1.0
lost:1.0
wondering:1.0
could:1.0
repost:1.0
believe:1.0
held:1.0
23,24:1.0
25:1.0
month:1.0
convention:1.0
center:1.0
im:1.0
sure:1.0
details:1.0
would:1.0
greatly:1.0
appreciated:1.0
cbcat.att.com:1.0
