mjhill:1.0
eos.ncsu.edu:1.0
michael:1.0
james:1.0
hill:1.0
subject:1.0
new:2.386294361119891
applications:2.09861228866811
electronics:2.09861228866811
im:1.0
looking:1.0
brief:1.0
information:1.0
know:1.0
interesting:1.0
stuff:1.0
would:1.0
intrested:1.0
hearing:1.0
thanks:1.0
mjh:1.0
