kludge:1.0
grissom.larc.nasa.gov:1.0
scott:1.6931471805599454
dorsey:1.0
subject:1.0
mysterious:1.0
mosfet:1.6931471805599454
pulled:1.0
trygon:1.0
power:1.0
supply:1.0
manual:1.0
motorola:1.6931471805599454
part:1.0
1972:1.0
date:1.0
code:1.0
number:1.6931471805599454
285-4:1.0
folks:1.6931471805599454
assure:1.0
house:1.0
cant:1.6931471805599454
help:1.0
suggestions:1.0
put:1.0
curve:1.0
tracer:1.0
try:1.0
get:1.0
equivalent:1.0
since:1.0
completely:1.0
shot:1.0
