schuch:1.6931471805599454
phx.mcd.mot.com:1.0
john:1.6931471805599454
subject:1.0
food:1.6931471805599454
dehydrators:1.6931471805599454
anybody:1.6931471805599454
one:1.6931471805599454
ive:1.0
seeing:1.0
late-night:1.0
tv:1.0
recently:1.0
wondering:1.0
use:1.0
forced:1.0
air:1.0
heat:1.6931471805599454
theres:1.0
involved:1.0
know:1.0
temperature:1.0
run:1.0
wife:1.0
would:1.0
like:1.0
im:1.0
inclined:1.0
pay:1.0
100.00:1.0
box:1.0
fan:1.0
heater:1.0
seems:1.0
able:1.0
throw:1.0
dehydrator:1.0
together:1.0
bucks:1.0
heck:1.0
technology:1.0
1,000:1.0
years:1.0
old:1.0
