ski:1.0
wpi.wpi.edu:1.0
joseph:1.0
mich:1.0
krzeszewski:1.0
subject:1.6931471805599454
need:1.0
find:1.0
number:1.6931471805599454
phone:2.386294361119891
line:1.0
well:1.0
second:1.0
try:1.6931471805599454
posting:1.0
goes:1.0
texas:1.0
corpus:1.0
christi:1.0
least:1.0
pick:1.0
dial:1.0
890:1.0
company:1.0
read:1.0
back:1.0
believe:1.0
service:1.0
department:1.0
uses:1.0
make:1.0
certain:1.0
repairing:1.0
correct:1.0
lines:1.0
open:1.0
big:1.0
junction:1.0
boxes:1.0
dont:1.0
know:1.0
work:1.0
give:1.0
good:1.0
luck:1.0
