garyg:1.6931471805599454
warren.mentorg.com:1.6931471805599454
gary:1.6931471805599454
gendel:1.6931471805599454
subject:1.0
need:1.0
find:1.6931471805599454
number:2.6094379124341005
phone:2.386294361119891
lin:1.0
article:1.6931471805599454
1qub4minn7r3:1.0
rave.larc.nasa.gov:1.0
kludge:1.0
grissom.larc.nasa.gov:1.0
scott:1.6931471805599454
dorsey:1.0
writes:1.6931471805599454
20756.2bd16dea:1.0
ecs.umass.edu:1.6931471805599454
alee:1.0
greetings:1.0
situation:1.0
jack:1.0
mounted:1.0
wall:1.0
dont:1.6931471805599454
know:1.0
line:2.09861228866811
want:1.0
call:1.6931471805599454
operator:2.09861228866811
place:1.0
trace:1.0
question:1.0
certain:1.0
device:1.0
use:1.6931471805599454
friend:1.0
long:1.0
distance:1.0
collect:1.0
ask:1.6931471805599454
speak:1.0
asks:1.0
wont:1.0
leave:1.0
shell:1.0
read:1.0
clear:1.0
even:1.0
easier:1.0
area:1.0
supports:1.0
311:1.0
dial:1.0
recording:1.0
recites:1.0
techs:1.0
verify:1.0
installed:1.0
vice:1.0
president:1.0
current:1.0
consulting:1.0
assignment:1.0
genashor:1.0
corpmentor:1.0
graphics:1.0
corporation:1.0
9:1.0
piney:1.0
woods:1.0
drive15:1.0
independence:1.0
boulevard:1.0
belle:1.0
mead:1.0
nj:1.6931471805599454
08502warren:1.0
07059:1.0
908:2.09861228866811
281-0164phone:1.0
604-0883:1.0
fax:1.0
281-9607email:1.0
