harton:1.6931471805599454
owlnet.rice.edu:1.0
tracy:1.6931471805599454
brian:1.0
subject:1.0
wireless:2.09861228866811
transmitter/receivers:1.0
rs:1.0
anyone:1.0
know:1.0
frequencies:1.0
transmitter/receiver:1.0
microphone:1.0
systems:2.09861228866811
radio:1.0
shack:1.0
sells:1.0
operate:1.0
ive:1.0
tried:1.0
everything:1.0
short:1.0
opening:1.0
one:1.6931471805599454
actually:1.0
owning:1.0
makes:1.0
difficult:1.0
looking:1.0
help:1.0
would:1.0
greatly:1.0
appreciated:1.0
designed:1.0
pa:1.0
etc:1.0
thanks:1.0
