2575brooksr:1.0
vms.csd.mu.edu:1.0
subject:1.0
next:1.6931471805599454
cube:1.6931471805599454
board:1.0
monitor:1.6931471805599454
cable:1.6931471805599454
hi:1.0
quick:1.0
question:1.0
could:1.0
someone:1.0
please:1.0
send:1.0
pinout:1.0
goes:1.0
also:1.6931471805599454
interested:1.0
video:1.0
signal:1.0
sync:1.0
type:1.0
horz/vert:1.0
rate:1.0
information:1.0
would:1.0
greatly:1.0
appreciated:1.0
thanks:1.0
ryan:1.0
brooksryan:1.0
agnus.mcs.mu.edu:1.0
