bday:1.6931471805599454
lambda.msfc.nasa.gov:1.6931471805599454
brian:1.6931471805599454
day:1.6931471805599454
subject:1.0
8051:1.6931471805599454
microcontroller:1.0
mcole:1.0
spock:1.0
cole:1.0
writes:1.0
would:1.0
like:1.0
experiment:1.0
intel:1.0
family:1.0
anyone:1.0
know:1.0
good:1.0
ftp:1.0
sites:1.0
might:1.0
compiliers:1.0
assemblers:1.0
etc:1.0
try:1.0
lyman.pppl.gov:1.0
pub/8051:1.0
new:1.0
technology:1.0
inc:1.0
205:1.0
461-4584:1.0
mission:1.0
software:1.0
development:1.0
division:1.0
opinions:1.0
