wayne:1.6931471805599454
alan:1.0
martin:1.6931471805599454
wm1h:1.0
andrew.cmu.edu:1.0
subject:1.0
dayton:1.6931471805599454
hamfest:1.0
yes:1.0
23:1.0
24:1.0
25:1.0
anyone:1.0
directions:1.0
get:1.6931471805599454
thanks:1.0
