khairon:2.09861228866811
usc.edu:1.0
rosli:1.6931471805599454
bin:1.0
subject:1.0
looking:1.6931471805599454
address:1.6931471805599454
noise:1.6931471805599454
cancellation:1.6931471805599454
tech:1.0
new:1.0
newsgroup:1.0
apologise:1.0
appropriate:1.0
forum:1.0
ask:1.0
question:1.0
technologies:1.0
rather:1.0
important:1.0
help:1.0
regard:1.0
please:1.0
thank:1.0
aludra.usc.edu:1.0
