howeg:2.09861228866811
p4.cs.man.ac.uk:1.0
monty:1.6931471805599454
mole:1.0
subject:1.0
fm:1.6931471805599454
transmitter:1.6931471805599454
anyone:1.0
please:1.0
email:1.0
diagram:1.6931471805599454
give:1.0
details:1.0
ftp:1.0
site:1.0
simple:1.0
small:1.0
mono:1.0
voice:1.0
trasnmitting:1.0
90-104:1.0
range:1.0
preferably:1.0
100:1.0
mhz:1.0
short:1.0
distance:1.0
requiered:1.0
frequency:1.0
variation:1.0
important:1.0
must:1.0
run:1.0
9v:1.0
smaller:1.0
dc:1.0
supply:1.0
thanx:1.0
advance:1.0
uk.ac.man.cs:1.0
cs.man.ac.uk:1.0
save:1.0
vinyl:1.0
