morrow:2.386294361119891
cns.ucalgary.ca:1.6931471805599454
bill:1.6931471805599454
subject:1.0
need:1.6931471805599454
source:1.6931471805599454
old:1.6931471805599454
radio:1.6931471805599454
shack:1.6931471805599454
stereo:1.0
amp:2.09861228866811
chip:2.09861228866811
last:1.0
week:1.0
asked:1.0
help:1.0
getting:1.0
homemade:1.0
working:1.0
sun:1.0
cd-rom:1.0
drive:1.6931471805599454
turns:1.0
channel:1.6931471805599454
testing:1.0
burned:1.0
works:1.0
fine:1.0
new:1.0
amplifier:1.0
local:1.0
longer:1.0
carries:1.0
components:1.0
12:1.0
pin:1.0
sip:1.0
labelled:1.0
ba5406:1.0
502:1.0
515:1.0
anyone:1.0
thanks:1.0
clinical:1.0
neurosciences:1.0
university:1.0
calgary:1.6931471805599454
e-mail:1.0
voice:1.0
403:1.6931471805599454
220-6275:1.0
fax:1.0
283-8770:1.0
3330:1.0
hospital:1.0
nw:1.0
alberta:1.0
canada:1.0
t2n:1.0
4n1:1.0
