tron:2.09861228866811
ux1.cso.uiuc.edu:1.0
r:1.0
subject:1.0
modulation:1.0
rf:2.09861228866811
would:1.0
like:1.0
modulate:1.0
40khz:1.0
squarewave:1.6931471805599454
remote:1.0
control:1.0
project:1.0
high:1.0
5:1.0
v:1.0
low:1.0
0v:1.0
thanks:1.0
