loving:1.6931471805599454
lanai.cs.ucla.edu:1.0
mike:1.6931471805599454
subject:1.0
specs:1.6931471805599454
eprom:1.6931471805599454
data:1.6931471805599454
formats:1.6931471805599454
need:1.0
various:1.0
intel:1.6931471805599454
hex:1.6931471805599454
motorola:1.0
jedec:1.0
etc:1.0
anyone:1.0
provide:1.0
info:1.0
pointer:1.0
one:1.0
want:1.0
