mg:1.6931471805599454
cs.princeton.edu:1.6931471805599454
michael:1.6931471805599454
golan:1.6931471805599454
subject:1.0
0.022:2.09861228866811
uf:1.0
different:1.0
two:1.0
0.047:2.09861228866811
series:1.0
looking:1.0
amps:1.0
diagram:1.0
sony:1.0
1090/2090:1.0
receivers:1.0
amazed:1.0
find:1.0
difference:1.0
us:1.6931471805599454
canadian:1.6931471805599454
model:2.6094379124341005
capacitor:1.0
hangs:1.0
output:1.0
speakers:1.0
speaker:1.0
identical:1.6931471805599454
models:1.6931471805599454
amp:1.0
idnetical:1.0
10:1.0
world-wide:1.0
candian:1.0
gound:1.0
board:1.0
also:1.0
room:1.0
three:1.0
caps:2.09861228866811
us/can:1.0
versions:1.0
clearly:1.0
indicated:1.0
places:1.0
make:1.0
sense:1.0
0.047/2:1.0
0.0235:1.0
essentially:1.0
standard:1.0
special:1.0
w/type/precision:1.0
please:1.0
explain:1.0
