mtrek:1.6931471805599454
netcom.com:1.6931471805599454
chuck:1.0
l:1.0
peterson:1.0
subject:1.0
40mhz:1.0
oscilloscope:1.6931471805599454
sale:1.0
im:1.0
giving:1.0
hardware:1.0
design:1.0
selling:1.0
bk:1.0
precision:1.0
model:1.0
1541b:1.0
40:1.0
mhz:1.0
dual-trace:1.0
barely:1.0
used:1.0
450:1.0
firm:1.0
frys:1.0
sells:1.0
589+tax:1.0
prefer:1.0
people:1.0
silicon:1.0
valley:1.0
dont:1.0
ship:1.0
