dp:1.6931471805599454
cec1.wustl.edu:1.6931471805599454
david:2.09861228866811
prutchi:2.386294361119891
subject:1.0
oem:1.6931471805599454
weight:1.0
scale:1.6931471805599454
someone:1.0
sell:1.0
units:1.0
either:1.0
analog:1.0
digital:1.0
output:1.0
need:1.0
something:1.0
like:1.0
scales:1.0
used:1.0
supermarket:1.0
cash:1.0
registers:1.0
dynamic:1.0
range:1.0
pounds:1.0
reasonable:1.0
accuracy:1.0
sources:1.0
hc1dt:1.0
washington:1.0
university:1.0
mesun4.wustl.edu:1.0
campus:1.0
box:1.0
1185:1.0
one:1.0
brookings:1.0
drive:1.0
eng.tau.ac.il:1.0
st:1.0
louis:1.0
mo:1.0
63130-4899:1.0
