d2bohre:1.0
dtek.chalmers.se:1.0
henrik:1.6931471805599454
bohre:1.6931471805599454
subject:1.0
digital:1.0
answering:1.0
mach:1.0
anybody:1.0
know:1.0
anything:1.0
chips:1.6931471805599454
d6275a/d6235a/d6205a:1.0
dsp:1.0
telecommunications:1.0
inc:1.0
id:1.0
greatly:1.0
appreciate:1.0
information:1.0
price:1.0
pinouts:1.0
peripherals:1.0
regards:1.0
