ba1634807:1.0
ntuvax.ntu.ac.sg:1.0
subject:1.0
pwm:1.6931471805599454
control:2.09861228866811
thru:1.6931471805599454
software:2.09861228866811
currently:1.0
using:1.0
8051:1.0
microcontroller:1.0
external:1.0
eprom:1.0
order:1.0
drive:1.0
dc:1.0
motor:1.0
direction:1.0
use:1.0
pulse:1.6931471805599454
width:1.0
modultion:1.0
assembly:1.0
language:1.0
programming:1.0
however:1.0
afraid:1.0
overheads:1.0
thus:1.0
alter:1.0
timing:1.0
question:1.0
reliable:1.0
understand:1.0
port:1.0
0:1.0
latch:1.0
vary:1.0
duty:1.6931471805599454
cycle:1.6931471805599454
setting:1.0
high:1.0
first:1.0
desire:1.0
set:1.0
low:1.0
improments:1.0
