nwz96h:2.09861228866811
cheltenham-he.ac.uk:1.0
subject:1.0
hatley:1.6931471805599454
pirbhai:1.6931471805599454
help:1.6931471805599454
hello:1.0
anyone:1.6931471805599454
used:1.0
requirements:1.0
analsys:1.0
methodology:1.6931471805599454
british:1.0
final:1.0
year:1.0
real-time:1.0
degree:1.0
student:1.0
project:1.0
covering:1.0
would:1.0
grateful:1.0
could:1.0
give:1.0
views:1.0
method:1.0
please:1.0
mail:1.0
feel:1.0
send:1.0
questions:1.0
thanks:1.0
advance:1.0
david:1.0
phelps:1.0
chelt.ac.uk:1.0
