johnr:1.6931471805599454
col.hp.com:1.6931471805599454
john:1.6931471805599454
rasper:1.6931471805599454
subject:1.0
adcom:2.09861228866811
gtp500ii:1.0
ir:2.386294361119891
sensor:1.6931471805599454
repeater:2.6094379124341005
specs:1.0
anyone:1.6931471805599454
know:1.0
details:1.0
interface:1.0
5:2.09861228866811
wire:1.6931471805599454
din:1.6931471805599454
remote:1.0
2:1.6931471805599454
gtp-500ii:1.0
preamp:1.0
part:1.0
numbers:1.0
xr-500ii:1.0
spm-500ii:1.0
ira-500ii:1.0
cursory:1.0
physical:1.0
examination:1.0
pre-amp:1.0
connector:2.09861228866811
indicates:1.0
pin:2.791759469228055
may:1.0
provide:1.0
viewed:1.0
front:1.0
1:1.0
v:1.6931471805599454
4:1.0
3:1.6931471805599454
signal:2.09861228866811
ground:1.0
demodulated:1.0
v-pp:1.6931471805599454
polarity:1.0
drive:2.09861228866811
led:1.0
drives:1.0
150ohm:1.0
resistor:1.0
assume:1.0
connectors:1.0
mini-plugs:1.0
leds:1.0
directly:1.0
true:1.0
fill:1.0
thanks:1.0
hewlett-packard:1.0
col:1.0
p.o:1.0
box:1.0
2197:1.0
719:1.0
590-5895:1.0
colorado:1.0
springs:1.0
co:1.0
80901-2197:1.0
