kng:1.6931471805599454
pt.com:1.6931471805599454
ken:2.09861228866811
gravenstede:1.6931471805599454
subject:1.0
decent:1.0
cheap:1.0
20+mhz:1.0
scopes:1.6931471805599454
info:1.0
modern:1.0
20mhz:1.0
better:1.0
dual:1.0
trace:1.0
would:1.0
appreciated:1.0
buy:1.0
used:1.0
one:1.6931471805599454
new:1.6931471805599454
please:1.0
e-mail:1.0
thanks:1.0
advance:1.0
performance:1.0
technologies:1.0
incorporatedkng:1.0
315:1.0
science:1.0
parkway:1.0
rochester:1.0
york:1.0
14620:1.0
uupsi:1.0
ptsys1:1.0
