cantrell:2.09861228866811
sauron.msfc.nasa.gov:1.0
eric:1.6931471805599454
subject:1.0
eeg:1.6931471805599454
kit:1.0
awhile:1.0
back:1.0
someone:1.0
posted:1.0
information:1.0
get:1.6931471805599454
kits:1.0
build:1.0
anyone:1.0
remember:1.0
could:1.0
im:1.0
interested:1.0
getting:1.0
info:1.0
thanks:1.0
advance:1.0
sauron.msfc.nasa:1.0
