hl00:2.386294361119891
ns1.cc.lehigh.edu:1.0
hou-sheng:1.0
lin:1.0
subject:1.0
laser:2.09861228866811
vs:1.0
bubblejet:1.6931471805599454
well:1.0
im:1.0
sure:1.0
would:1.0
right:1.0
place:1.0
post:1.0
anyway:1.0
goes:1.0
noticing:1.0
current:1.0
printers:2.09861228866811
offers:1.0
360x360:1.0
resolution:1.6931471805599454
lot:1.0
lower:1.0
end:1.0
offer:1.0
300x300:1.0
however:1.0
still:1.0
seems:1.0
significantly:1.0
pricier:1.0
bubblejets:1.0
missing:1.0
something:1.0
thing:1.0
sheng:1.0
pl122.eecs.lehigh.edu:1.0
m180k.cc.lehigh.edu:1.0
lehigh.edu:1.0
