sehari:2.09861228866811
iastate.edu:1.0
babak:1.6931471805599454
subject:1.0
disks:1.0
copy:1.6931471805599454
protected:1.0
wondering:1.0
protection:1.0
techniques:1.0
avaliable:1.0
effective:1.0
anyone:1.0
experience:1.0
area:1.0
highest:1.0
regards:1.0
