wtm:1.6931471805599454
uhura.neoucom.edu:1.6931471805599454
bill:1.6931471805599454
mayhew:1.6931471805599454
subject:1.0
dayton:1.0
hamfest:1.0
yes:1.0
take:1.0
interstate:1.0
i-70:1.0
route:1.0
48:2.09861228866811
exit:1.0
go:1.0
south:1.0
2-1/2:1.0
miles:1.0
trun:1.0
right:1.0
shiloh:1.0
springs:1.6931471805599454
road:1.6931471805599454
hamvention:1.6931471805599454
harrah:1.0
arena:2.09861228866811
1:1.0
mile:1.6931471805599454
west:1.6931471805599454
north:1.0
side:1.0
parking:1.0
limited:1.0
lodging:1.0
probably:1.0
entirely:1.0
booked-up:1.0
within:1.0
40:1.0
radius:1.0
good:1.6931471805599454
luck:1.0
i75:1.0
i70:1.0
x:1.0
mall:2.09861228866811
possible:1.6931471805599454
park:1.0
shuttle:1.0
busses:1.0
running:1.0
get:1.0
montgomery:1.0
county:1.0
oh:1.6931471805599454
map:1.0
local:1.0
aaa:1.6931471805599454
office:1.0
free:1.0
member:1.0
dont:1.0
already:1.0
definite:1.0
plans:1.0
particularly:1.0
time:1.0
start:1.0
think:1.0
going:1.0
neoucom:1.0
computer:1.0
services:1.0
department:1.0
rootstown:1.0
44272-9995:1.0
usa:1.0
phone:1.0
216-325-2511:1.0
140.220.1.1:1.0
146.580:1.0
n8wed:1.0
