jung:1.0
rz.tu-ilmenau.de:1.6931471805599454
dirk:2.09861228866811
junghanns:2.09861228866811
subject:1.0
w86c451:1.0
w86c456:1.0
info:1.0
wanted:1.0
anybody:1.0
informations:1.0
w:1.6931471805599454
86:1.6931471805599454
c:1.6931471805599454
451:1.0
456:1.0
chips:1.0
40pin:1.0
dil:1.0
pckg:1.0
build:1.0
multifunction:1.0
io-card:1.0
pc:1.0
thanks:1.0
