chin:2.386294361119891
ee.ualberta.ca:1.0
jing:1.6931471805599454
subject:1.0
need:1.0
info:1.0
dsp:2.09861228866811
project:1.6931471805599454
want:1.0
start:1.0
maniplate:1.0
music:1.6931471805599454
stereo:1.0
cassette:1.0
chip:1.0
set:1.0
development:1.0
kit:1.0
and/or:1.0
compiler:1.6931471805599454
equilize/mix:1.0
ideally:1.0
system:1.0
d/a:1.0
a/d:1.0
converters:1.0
rough:1.0
estimate:1.0
cost:1.0
greately:1.0
appreciated:1.0
thanks:1.0
advance:1.0
regards:1.0
e-mail:1.0
address:1.0
bode.ee.ualberta.ca:1.0
