kushmer:1.6931471805599454
bnlux1.bnl.gov:1.6931471805599454
christopher:1.0
kushmerick:1.6931471805599454
subject:1.0
infra:1.6931471805599454
red:1.6931471805599454
position:1.6931471805599454
encoders:1.6931471805599454
looking:1.0
information:1.0
based:1.0
idea:1.0
would:2.09861228866811
bounce:1.0
infrared:1.0
source:1.0
wall:1.0
device:1.0
read:1.0
distance:1.0
preferable:1.0
rs-232:1.0
addressable:1.0
leads:1.0
chris:1.0
found:1.0
niche:1.0
life:1.0
didnt:1.0
fit:1.0
