dp:1.6931471805599454
cec1.wustl.edu:1.6931471805599454
david:2.09861228866811
prutchi:2.09861228866811
subject:1.0
long:1.0
distance:1.6931471805599454
ir:2.386294361119891
detection:1.0
article:1.0
1993apr20.183416.18744:1.0
dres.dnd.ca:2.09861228866811
sburton:1.6931471805599454
stan:1.6931471805599454
burton:1.6931471805599454
writes:1.0
would:2.09861228866811
like:1.6931471805599454
able:1.0
detect:1.6931471805599454
angular:1.0
position:2.791759469228055
low:1.0
accuracy:1.0
emitting:1.6931471805599454
source:2.386294361119891
100:1.0
meters:1.0
better:1.0
daylight:1.0
could:1.0
signature:1.0
im:1.0
leaning:1.0
toward:1.0
30:1.0
khz:1.0
square:1.6931471805599454
wave:1.0
50:1.6931471805599454
duty:1.6931471805599454
cycle:2.09861228866811
considering:1.6931471805599454
use:1.6931471805599454
quadrant:1.6931471805599454
detector:2.6094379124341005
centronic:1.0
inc:1.0
give:1.0
information:1.6931471805599454
pan/tilt:1.6931471805599454
head:1.0
point:1.0
sensor:1.0
thus:1.0
determine:1.6931471805599454
angles:1.0
wazing:1.6931471805599454
heck:1.0
led:2.6094379124341005
possibly:1.0
optek:1.0
op290:1.0
motorola:1.0
mled81:1.0
mean:1.0
least:1.0
1:2.6094379124341005
amp:1.0
current:1.6931471805599454
pulses:1.0
drops:1.0
10:1.0
need:1.6931471805599454
five:1.0
turn:1.0
get:1.0
required:1.6931471805599454
anyone:1.0
done:1.0
something:1.0
dnd/crad/dres/dtd/mss/agcg:1.0
403:1.0
544-4737:1.0
dre:1.0
suffield:1.0
box:1.6931471805599454
4000:1.0
medicine:1.0
hat:1.0
ab:1.6931471805599454
canada:1.0
t1a:1.0
8k6:1.0
method:1.0
directly:1.0
almost:1.0
provide:1.6931471805599454
require:1.0
commonly:1.0
used:2.09861228866811
coordinate:1.0
measurements:1.0
human:1.0
body:1.0
landmarks:1.0
eg:1.0
selspot:2.386294361119891
system:2.09861228866811
sweden:1.0
watsmart:1.0
lateral:1.6931471805599454
photoeffect:1.6931471805599454
detectors:2.09861228866811
lindholm:1.6931471805599454
oberg:1.6931471805599454
1974:1.6931471805599454
woltring:1.6931471805599454
marsolais:1.6931471805599454
1980:1.6931471805599454
spot:2.09861228866811
light:2.9459101490553135
projected:1.0
using:1.0
camera:1.0
lens:1.0
surface:1.0
escence:1.0
large:1.0
photodiode:1.0
four:1.6931471805599454
cathodes:1.6931471805599454
one:1.6931471805599454
sides:1.0
crystal:1.6931471805599454
single:1.0
anode:1.6931471805599454
back:1.0
produce:1.0
currents:1.0
proportional:1.0
face:1.0
lets:1.0
try:1.0
ascii:1.0
graphics:1.0
2-d:1.6931471805599454
two:2.09861228866811
linear:1.6931471805599454
cathode:1.6931471805599454
xxxxx:3.302585092994046
divider:1.6931471805599454
output:1.0
2:2.09861228866811
gnd:1.0
dot:1.0
projection:1.0
given:1.0
circuit:1.6931471805599454
regardless:1.0
level:1.0
illumina:1.0
tion:1.0
normalize:1.0
relative:1.0
total:1.0
received:1.0
power:1.0
presence:1.0
sources:1.0
way:1.0
tuning:1.0
sample:1.6931471805599454
msec:1.0
background:1.0
signal:2.09861228866811
equal:1.0
time:1.0
separately:1.0
difference:1.6931471805599454
hamamatsu:1.0
photonics:1.0
sells:1.0
also:1.0
sell:1.0
processing:1.0
electronics:1.0
ready-made:1.0
systems:1.0
others:1.0
cheap:1.0
l.e:1.0
k.e:1.0
optoelectronic:1.0
instrument:1.0
remote:1.0
on-line:1.0
movement:1.0
monitoring:1.0
biotelemetry:1.0
94-95:1.0
h.j:1.0
e.b:1.0
opto-electronic:1.0
gait:1.0
measure:1.0
ments:1.0
three:1.0
dimensional:1.0
space:1.0
preliminary:1.0
report:1.0
bull:1.0
pros:1.0
thetics:1.0
research:1.0
46-52:1.0
probably:1.0
technique:1.0
much:1.0
accurate:1.0
measurement:1.0
think:1.0
simplicity:1.0
beats:1.0
scanning:1.0
reach:1.0
zero:1.0
hc1dt:1.0
washington:1.0
university:1.0
mesun4.wustl.edu:1.0
campus:1.0
1185:1.0
brookings:1.0
drive:1.0
st:1.0
louis:1.0
mo:1.0
63130-4899:1.0
