vanderby:1.0
mprgate.mpr.ca:1.0
david:1.0
vanderbyl:1.0
subject:1.0
power:1.6931471805599454
signal:1.0
surges:1.0
home:1.0
drand:1.0
spinner.osf.org:1.0
douglas:1.0
rand:1.0
writes:1.0
hams:1.0
legally:1.0
run:1.0
1500:1.0
watts:1.0
unlikely:1.6931471805599454
however:1.0
ham:1.0
would:1.0
running:1.0
kind:1.0
car:1.0
possible:2.09861228866811
either:1.0
youd:1.0
need:1.0
300:1.0
amp:1.0
alternator:1.0
amplifier:1.0
original:1.0
poster:1.0
said:1.0
definately:1.0
say:1.0
batteries:1.0
