dp:1.6931471805599454
cec1.wustl.edu:1.6931471805599454
david:2.09861228866811
prutchi:2.09861228866811
subject:1.0
eeg:2.09861228866811
kit:1.0
article:1.0
cantrell.735330560:1.0
sauron.msfc.nasa.gov:1.6931471805599454
cantrell:2.09861228866811
eric:1.6931471805599454
writes:1.0
awhile:1.0
back:1.0
someone:1.0
posted:1.0
information:1.0
get:1.6931471805599454
kits:1.0
build:1.6931471805599454
anyone:1.0
remember:1.0
could:1.0
im:1.0
interested:1.0
getting:1.0
info:1.0
thanks:1.0
advance:1.0
sauron.msfc.nasa:1.0
contact:1.6931471805599454
circuit:1.0
cellar:1.0
inc:1.0
4:1.0
park:1.0
st:1.6931471805599454
suite:1.0
12:1.0
vernon:1.0
ct:1.0
06066:1.0
203:1.6931471805599454
875-2751:1.0
fax:1.6931471805599454
872-2204:1.0
inquire:1.0
hal-4:1.0
biofeedback:1.0
brainwave:1.0
analyzer:1.0
addition:1.0
want:1.0
system:1.0
board-level:1.0
compo:1.0
nents:1.0
biosignal:1.0
amplifiers:1.0
analog:1.0
isolators:1.0
isolated:1.0
multiplexers:1.0
davron:1.0
group:1.0
p.o:1.0
box:1.6931471805599454
237:1.0
deerfield:1.0
il:1.0
60015:1.0
708:1.0
948-9290:1.0
hc1dt:1.0
washington:1.0
university:1.0
mesun4.wustl.edu:1.0
campus:1.0
1185:1.0
one:1.0
brookings:1.0
drive:1.0
louis:1.0
mo:1.0
63130-4899:1.0
