johnh:2.09861228866811
macadam.mpce.mq.edu.au:1.0
john:1.0
haddy:1.0
subject:1.0
help:1.0
wanted:1.0
article:1.0
1993apr20.071549.24839:1.0
csc.canberra.edu.au:1.0
u934132:1.6931471805599454
student.canberra.edu.au:1.6931471805599454
ogawa:1.6931471805599454
taro:1.6931471805599454
stephen:1.0
ise:1.0
writes:1.0
could:1.0
someone:1.0
please:2.09861228866811
tell:1.0
1/4:1.0
decoder:3.0794415416798357
1:2.386294361119891
4:2.386294361119891
demultiplexer:1.6931471805599454
know:1.0
link:1.6931471805599454
2:2.386294361119891
get:1.0
8:1.0
output:2.6094379124341005
circuit:1.6931471805599454
5:1.0
make:2.09861228866811
1/16:1.0
multiplexer:1.0
sorry:1.0
seems:1.0
like:1.0
lame:1.0
question:1.0
im:1.0
newbie:1.0
electronics:1.6931471805599454
mail:1.0
droolproof:1.0
possible:1.0
thanx:1.0
need:1.6931471805599454
although:1.0
many:1.0
commercial:1.0
ssi:1.0
implementations:1.0
allow:1.0
use:1.6931471805599454
one:2.386294361119891
strictly:1.0
take:1.0
two:2.6094379124341005
lines:2.09861228866811
change:1.0
state:1.6931471805599454
according:1.0
inputs:2.386294361119891
demux:2.09861228866811
hand:1.0
uses:1.0
control:1.6931471805599454
determine:1.0
four:2.9459101490553135
outputs:1.6931471805599454
reflect:1.0
input:2.6094379124341005
signal:1.0
three:1.0
required:1.0
used:2.09861228866811
equipped:1.0
enable:2.6094379124341005
since:1.6931471805599454
data:1.6931471805599454
e.g:1.0
high:2.386294361119891
low:2.09861228866811
selected:1.0
eight:2.09861228866811
way:2.6094379124341005
created:1.0
using:1.0
order:2.09861228866811
bit:1.6931471805599454
select:1.0
demuxes:1.0
enabled:1.0
thus:1.0
achieve:1.0
aim:1.0
reflecting:1.0
bits:2.09861228866811
note:1.0
method:1.0
create:1.0
true:1.0
line:1.0
left:1.0
commit:1.0
intended:1.0
purpose:1.0
sixteen:1.0
obviously:1.0
requires:1.0
four-way:1.0
decoders:1.6931471805599454
plus:1.0
mechanism:1.0
time:1.0
therefore:1.0
fifth:1.0
attached:1.0
provide:1.0
course:1.0
must:1.0
connected:1.0
parallel:1.0
final:1.0
stage:1.0
give:1.0
credit:1.0
submit:1.0
homework:1.0
department:1.0
school:1.0
mpce:1.0
macquarie:1.0
university:1.0
sydney:1.0
australia:1.0
2109:1.0
email:1.0
mpce.mq.edu.au:1.0
ph:1.0
61:1.6931471805599454
805:1.6931471805599454
8959:1.0
fax:1.0
8983:1.0
