f92anha:1.0
fy.chalmers.se:1.0
anders:1.6931471805599454
hammarquist:1.0
subject:1.0
need:1.0
find:1.0
number:2.386294361119891
phone:2.09861228866811
line:1.0
article:1.0
23321:1.0
mindlink.bc.ca:1.6931471805599454
sean_oliver:1.0
sean:1.0
oliver:1.0
writes:1.6931471805599454
joseph:1.0
mich:1.0
krzeszewsk:1.0
890:1.0
company:1.0
read:1.0
live:1.0
use:1.0
bctel:1.0
dial:1.6931471805599454
211:1.0
result:1.0
ny:1.0
city:1.0
958:1.0
seems:1.0
different:1.6931471805599454
areas:1.0
