gray:2.6094379124341005
feline.uucp:1.6931471805599454
kelly:1.6931471805599454
subject:1.0
pinout:1.0
needed:1.0
til311:1.6931471805599454
according:1.0
ti:1.0
databook:1.0
pinouts:1.0
display:1.0
follows:1.0
pin:3.6390573296152584
1:1.0
led:2.386294361119891
supply:2.6094379124341005
voltage:2.386294361119891
2:1.0
latch:2.6094379124341005
data:2.386294361119891
input:2.791759469228055
b:1.0
3:1.0
4:1.0
left:1.0
decimal:1.6931471805599454
point:1.6931471805599454
cathode:1.6931471805599454
5:1.0
strobe:1.0
6:1.0
omitted:2.09861228866811
7:1.0
common:1.0
ground:1.0
8:1.0
blanking:1.0
9:1.0
10:1.0
right:1.0
11:1.0
12:1.0
13:1.0
c:1.0
14:1.0
logic:1.6931471805599454
vcc:1.0
5v:1.6931471805599454
60-90ma:1.0
also:1.0
need:1.0
particularly:1.0
well:1.0
regulated:1.0
drivers:1.0
chip:1.0
use:1.0
constant:1.0
current:1.0
source:1.0
intensity:1.0
affected:1.0
o_o:1.0
preferred:1.0
admin.humberc.on.ca:1.0
