blockley:2.386294361119891
csu.murdoch.edu.au:1.0
adrian:1.6931471805599454
subject:1.0
integrated:1.0
cct-type:1.0
um82c452l:1.0
manufac:1.0
umc:1.6931471805599454
buy:1.0
1:1.0
2:1.0
chips:1.0
pref:1.0
australia:1.6931471805599454
name:1.0
address:1.0
dan:1.0
may:1.0
say:1.0
something:1.0
profound:1.0
environmental:1.0
science:1.0
one:1.0
day:1.0
murdoch:1.0
university:1.0
western:1.0
6153:1.0
essun1.murdoch.edu.au:1.0
phone:1.0
09-360:1.0
2737:1.0
