dnewman:1.6931471805599454
lynx.dac.northeastern.edu:1.6931471805599454
david:1.0
f:1.0
newman:1.0
subject:1.0
arcade:1.6931471805599454
style:1.6931471805599454
buttons:1.0
joysticks:1.0
hi:1.0
anyone:1.0
tell:1.0
possible:1.0
purchase:1.0
controls:1.0
found:1.0
games:1.0
many:1.0
projects:1.0
working:1.0
would:1.0
greatly:1.0
augmented:1.0
could:1.0
implement:1.0
thanx:1.0
advance:1.0
dave:1.0
