pat:2.09861228866811
fegmania.wustl.edu:1.0
niemeyer:1.0
subject:1.0
radar:2.09861228866811
detector:1.6931471805599454
detectors:2.09861228866811
brands:1.0
quieter:1.0
others:1.0
yes:1.0
less:1.0
detectable:1.0
bel-966:1.0
looked:1.0
manual:1.0
yesterday:1.0
indeed:1.0
claim:1.0
undetectable:1.0
rdds:1.0
