fishman:2.386294361119891
panix.com:1.6931471805599454
harvey:2.09861228866811
subject:1.0
electronic:1.0
parts:1.0
nyc:1.0
also:1.0
couple:1.0
three:1.0
places:1.0
west:1.0
45th:1.0
fifth:1.0
sixth:1.0
dont:1.0
get:1.0
smart:1.0
except:1.0
asking:1.0
stupid:1.0
questions:1.0
718-258-7276:1.0
