cbruno:1.0
wpi.wpi.edu:1.0
christopher:1.0
james:1.0
bruno:1.0
subject:1.0
coil:1.6931471805599454
hey:1.0
everyone:1.0
im:1.0
new:1.0
newsgroup:1.0
please:1.0
excuse:1.0
dumb:1.0
question:1.0
want:1.0
build:1.0
crossover:1.0
stereo:1.0
need:1.6931471805599454
inductance:1.0
6.8mh:1.0
actually:1.0
4:1.0
wondering:1.0
anyone:1.0
knew:1.0
could:1.0
buy:1.0
make:1.0
ive:1.0
called:1.0
many:1.0
places:1.0
one:1.0
find:1.0
sells:1.0
answers:1.0
e:1.0
mail:1.0
thanks:1.0
advance:1.0
chris:1.0
