mtearle:2.09861228866811
gu.uwa.edu.au:1.0
mark:2.09861228866811
tearle:1.6931471805599454
subject:1.0
looking:1.6931471805599454
electronics:1.6931471805599454
dept:1.0
info:1.6931471805599454
austrailia:2.09861228866811
hjkim:1.0
hyowon.pusan.ac.kr:1.0
hojoong:1.0
kim:1.0
writes:1.0
hi:1.0
netters:1.0
list:1.0
universities:1.6931471805599454
department:2.386294361119891
considering:1.0
spend:1.0
year:1.6931471805599454
research:1.0
communication:1.6931471805599454
area:1.6931471805599454
interested:1.0
mobile:1.0
areas:1.0
spread:1.0
spectrum:1.0
communications:1.6931471805599454
etc:1.0
dont:1.6931471805599454
information:1.6931471805599454
austrailian:1.0
anybody:1.0
recommend:1.0
good:1.6931471805599454
university:2.09861228866811
coßmmunic÷³ation:1.0
comments:1.0
welcomed:1.0
suggest:1.0
western:2.09861228866811
australia:2.386294361119891
perth:1.0
weathers:1.0
great:2.09861228866811
people:1.6931471805599454
electronic:1.6931471805599454
engineering:1.6931471805599454
first:1.0
student:1.0
know:1.6931471805599454
much:1.0
projects:1.0
reputation:1.0
fields:1.0
dsp:1.0
ever:1.0
heard:1.0
qpsx:1.0
ex-uwa:1.0
gives:1.0
indication:1.0
like:1.0
email:1.6931471805599454
yianni:1.0
swanee.ee.uwa.edu.au:1.0
request:1.0
able:1.0
tell:1.0
write:1.0
electrical:1.0
stirling:1.0
highway:1.0
crawley:1.0
6009:1.0
tartarus.uwa.edu.au:1.6931471805599454
