mtearle:1.6931471805599454
gu.uwa.edu.au:1.0
mark:2.09861228866811
tearle:1.6931471805599454
subject:1.0
need:1.0
find:1.0
number:1.6931471805599454
phone:1.0
line:1.0
well:1.0
australia:1.0
dial:1.0
11544:1.6931471805599454
get:1.0
read:1.0
back:1.0
live:1.0
country:1.0
include:1.0
area:1.0
code:1.0
nearest:1.0
capital:1.0
city:1.0
eg:1.0
wa:1.0
09:1.0
email:1.0
tartarus.uwa.edu.au:1.0
