v064mb9k:1.0
ubvmsb.cc.buffalo.edu:1.0
neil:1.6931471805599454
b:1.0
gandler:1.6931471805599454
subject:1.0
radio:1.6931471805599454
electronics:1.6931471805599454
free:1.6931471805599454
information:2.09861228866811
card:1.0
cards:1.0
work:1.0
send:1.0
general:1.0
companies:1.0
advertise:1.0
magazine:1.0
also:1.0
give:1.0
sign:1.0
catalog:1.0
