wtm:1.6931471805599454
uhura.neoucom.edu:1.6931471805599454
bill:1.6931471805599454
mayhew:1.6931471805599454
subject:1.0
laser:2.791759469228055
vs:1.0
bubblejet:1.0
fyi:1.0
actual:1.0
horizontal:1.0
dot:1.0
placement:1.0
resoution:1.0
hp:1.6931471805599454
deskjet:1.0
1/600th:1.0
inch:2.09861228866811
electronics:1.0
dynamics:1.0
ink:2.791759469228055
cartridge:1.6931471805599454
however:1.0
limit:1.0
generating:1.0
dots:1.0
300:1.0
per:1.6931471805599454
almost:1.0
paper:1.0
wicks:1.0
1/300th:1.0
anyway:1.0
method:1.0
depositing:1.0
fusing:1.0
toner:1.6931471805599454
laster:1.0
printer:2.6094379124341005
results:1.0
much:2.09861228866811
less:1.6931471805599454
spread:1.0
drop:1.0
technology:1.0
doesnt:1.0
take:1.0
investigation:1.0
see:1.0
mechanical:1.0
electronic:1.0
complement:1.0
complex:1.0
inexpensive:1.0
jet:2.09861228866811
printers:2.6094379124341005
recall:1.0
also:1.0
offer:1.0
higher:1.6931471805599454
throughput:1.0
10:1.0
ppm:1.6931471805599454
versus:1.0
1:1.0
something:1.0
else:1.0
think:1.0
cost:1.0
consumables:1.6931471805599454
life:1.6931471805599454
3000:1.0
page:1.6931471805599454
yield:1.6931471805599454
us:1.6931471805599454
75-80:1.0
discount:1.6931471805599454
high:1.0
capacity:1.0
500-1000:1.0
cartridges:1.0
22:1.0
could:1.0
cycle:1.0
getting:1.0
progressively:1.0
closer:1.0
two:1.0
technologies:1.0
usually:1.0
desinged:1.0
duty:1.0
cycles:1.6931471805599454
pages:1.0
month:1.0
longer:1.0
product:1.0
replacement:1.0
neoucom:1.0
computer:1.0
services:1.0
department:1.0
rootstown:1.0
oh:1.0
44272-9995:1.0
usa:1.0
phone:1.0
216-325-2511:1.0
140.220.1.1:1.0
146.580:1.0
n8wed:1.0
