csulo:1.6931471805599454
csv.warwick.ac.uk:1.6931471805599454
mr:1.0
j:1.0
brown:1.6931471805599454
subject:1.0
600rpm:1.6931471805599454
floopy:1.0
drives:1.0
update:1.0
many:1.0
thanks:1.0
replied:1.0
appeal:1.0
info:1.0
drive:2.09861228866811
3.5:1.0
information:1.0
modify:1.0
use:1.0
bbc:1.0
b:1.0
computer:1.0
change:2.09861228866811
speed:1.6931471805599454
600:1.0
300:1.0
rpm:1.0
tried:1.0
also:1.6931471805599454
8:1.0
components:1.0
rec/play:1.0
section:1.0
allow:1.6931471805599454
lower:1.0
data:1.6931471805599454
rate:1.0
250kbit:1.0
500kbit:1.0
designed:1.0
recording:1.0
current:1.0
low:1.0
rate/rev:1.0
hopefully:1.0
sort:1.0
bad:1.6931471805599454
9:1.0
quid:1.6931471805599454
normally:1.0
32:1.0
upwards:1.0
jvc:1.0
mdp:1.0
series:1.0
michael:1.0
mjb:1.0
dcs.warwick.ac.uk:1.0
lost:1.6931471805599454
interest:1.0
ive:1.0
apathy:1.0
