cfb:1.0
fc.hp.com:1.0
charlie:1.6931471805599454
brett:1.6931471805599454
subject:1.0
fet-trons:1.6931471805599454
sp:1.0
anyone:1.0
ever:1.0
heard:1.0
fetrons:1.0
fettrons:1.0
fet:1.0
replacement:1.0
modules:1.0
vacuum:1.0
tubes:1.0
im:1.0
looking:1.0
applications:1.0
used:1.0
hp:1.0
ft:1.0
collins:1.0
