wayne:2.09861228866811
uva386.schools.virginia.edu:1.0
tony:1.6931471805599454
subject:1.0
speaker:2.09861228866811
impedance:1.6931471805599454
help:1.0
needed:1.0
want:1.0
connect:1.0
small:1.0
home-made:1.0
headphone:1.0
jack:1.0
macintosh:1.0
lc:1.0
experiment:1.0
dc:1.0
resistance:1.0
1:1.0
ohm:1.0
ideas:1.0
safely:1.0
think:1.0
need:1.0
kind:1.0
transformer:1.0
something:1.0
uva386.school.virginia.edu:1.0
