lgardi:1.6931471805599454
uwovax.uwo.ca:1.6931471805599454
subject:1.0
long:1.0
distance:1.6931471805599454
ir:2.386294361119891
detection:1.0
article:1.0
1993apr20.183416.18744:1.0
dres.dnd.ca:2.09861228866811
sburton:1.6931471805599454
stan:1.6931471805599454
burton:1.6931471805599454
writes:1.0
would:2.09861228866811
like:1.6931471805599454
able:1.0
detect:1.0
angular:1.0
position:1.0
low:1.0
accuracy:1.0
emitting:1.6931471805599454
source:2.09861228866811
100:1.0
meters:1.0
better:1.0
daylight:1.0
could:1.0
signature:1.0
im:1.0
leaning:1.0
toward:1.0
30:1.0
khz:1.6931471805599454
square:1.6931471805599454
wave:1.0
50:1.6931471805599454
duty:1.6931471805599454
cycle:2.09861228866811
considering:1.6931471805599454
use:1.6931471805599454
quadrant:1.0
detector:1.0
centronic:1.0
inc:1.0
give:1.6931471805599454
information:1.0
pan/tilt:1.0
head:1.0
point:1.0
sensor:1.0
thus:1.0
determine:1.0
angles:1.0
wazing:1.6931471805599454
heck:1.0
led:2.09861228866811
possibly:1.0
optek:1.0
op290:1.0
motorola:1.0
mled81:1.0
mean:1.0
least:1.0
1:1.0
amp:1.0
current:1.6931471805599454
pulses:1.0
drops:1.0
10:1.0
need:1.0
five:1.0
turn:1.0
get:1.0
required:1.0
anyone:1.0
done:1.0
something:1.0
dont:1.0
run:1.0
one:1.0
60:1.0
flip:1.0
flop:1.0
receiving:1.0
end:1.0
divide:1.0
2:1.0
good:1.0
30khz:1.0
signal:1.0
thought:1.0
lori:1.6931471805599454
dnd/crad/dres/dtd/mss/agcg:1.0
403:1.0
544-4737:1.0
dre:1.0
suffield:1.0
box:1.0
4000:1.0
medicine:1.0
hat:1.0
ab:1.0
canada:1.6931471805599454
t1a:1.0
8k6:1.0
red:1.0
fishy:1.0
wins:1.0
gardi:1.0
519:1.0
661-2111:1.0
ext:1.0
8695:1.0
dept:1.0
astronomy:1.0
university:1.0
western:1.0
ontario:1.0
london:1.0
n6a:1.0
3k7:1.0
