leblanc:2.09861228866811
cvm.msu.edu:1.0
pat:1.0
subject:1.0
wireless:1.6931471805599454
data:1.6931471805599454
transfer:1.6931471805599454
involved:1.0
michigan:1.0
company:1.0
application:1.0
requiring:1.0
expertise:1.0
information:1.0
may:1.0
assist:1.0
us:1.0
project:1.0
please:1.0
contact:1.0
internet:1.0
cvm.msu:1.0
edu:1.0
