jbore:2.09861228866811
cosmos.shearson.com:1.0
joe:1.6931471805599454
bore:1.6931471805599454
subject:1.0
need:1.0
find:1.6931471805599454
number:2.09861228866811
phone:1.6931471805599454
line:2.09861228866811
try:1.0
finding:1.0
friend:1.0
caller:1.0
id:1.0
give:1.0
call:1.6931471805599454
jb:1.0
article:1.0
20756.2bd16dea:1.0
ecs.umass.edu:2.09861228866811
alee:2.09861228866811
writes:1.0
path:1.0
shearson.com:2.09861228866811
uupsi:1.0
psinntp:1.0
uunet:1.6931471805599454
haven.umd.edu:1.0
darwin.sura.net:1.0
newsserver.jvnc.net:1.0
howland.reston.ans.net:1.0
noc.near.net:1.0
nic.umass.edu:1.0
risky.ecs.umass.edu:1.0
umaecs:1.0
newsgroups:1.0
sci.electronics:1.0
date:1.0
18:1.0
apr:1.0
93:1.0
15:04:10:1.0
gmt:1.0
lines:1.0
13:1.0
greetings:1.0
situation:1.0
jack:1.0
mounted:1.0
wall:1.0
dont:1.6931471805599454
know:1.0
want:1.0
operator:1.0
place:1.0
trace:1.0
question:1.0
certain:1.0
device:1.0
use:1.0
thanks:1.0
response:1.0
al:1.0
life:1.0
short:1.0
code:1.0
hard:1.0
212:1.6931471805599454
464-3431:1.0
beeper:1.0
396-4248:1.0
