henslelf:1.0
nextwork.rose-hulman.edu:1.0
lige:1.6931471805599454
f:1.0
hensley:1.0
subject:1.0
68hc16:2.09861228866811
public:1.6931471805599454
domain:1.6931471805599454
software:1.6931471805599454
article:1.0
murashiea.15:1.0
mail.beckman.com:1.0
writes:1.0
anyone:1.0
know:1.0
ftp:1.0
site:1.0
might:1.0
find:1.0
motorola:1.0
microprocessor:1.0
looking:1.0
basic:1.0
interpreter/compilier:1.0
c:1.0
compiler:1.0
thanks:1.0
advance:1.0
ed:1.0
murashie:1.0
yep:1.0
oak.oakland.edu:1.0
couple:1.0
different:1.0
things:1.0
pub/msdos/emulators:1.0
get:1.0
file:1.0
00-index.txt:1.0
list:1.0
