galen:2.09861228866811
picea.cfnr.colostate.edu:1.0
watts:1.6931471805599454
subject:1.0
beginners:1.6931471805599454
rf:1.6931471805599454
article:1.0
c5sr8h.jph:1.0
cbnewsl.cb.att.com:1.6931471805599454
klink:1.0
steven.r.klinkner:1.0
writes:1.0
anybody:1.0
recommend:1.0
good:1.6931471805599454
application-oriented:1.0
reference:1.0
circuits:1.0
steve:1.0
klinkner:1.0
bell:1.0
labs:1.0
srk:1.0
boeing.att.com:1.0
arrl:2.09861228866811
handbook:1.6931471805599454
radio:2.09861228866811
amateur:2.09861228866811
im:1.0
getting:1.0
solid:1.6931471805599454
state:1.6931471805599454
design:1.0
25:1.0
12:1.0
225:1.0
main:1.0
newington:1.0
ct:1.0
06111:1.0
able:1.0
find:1.0
electronics:1.0
stores:1.0
want:1.0
5:1.0
shipping:1.0
luck:1.0
kf0yj:1.0
