klink:1.0
cbnewsl.cb.att.com:1.0
steven.r.klinkner:1.0
subject:1.0
beginners:1.6931471805599454
rf:1.6931471805599454
anybody:1.0
recommend:1.0
good:1.6931471805599454
application-oriented:1.0
reference:1.0
circuits:1.6931471805599454
pretty:1.0
theory:1.0
know:1.0
different:1.6931471805599454
types:1.6931471805599454
modulation:1.6931471805599454
mean:1.0
dont:1.0
lot:1.0
practical:1.0
experience:1.0
book:1.0
detailing:1.0
working:1.0
power:1.0
frequency:1.0
legal:1.0
et:1.0
cetera:1.0
would:1.0
helpful:1.0
thanks:1.0
steve:1.0
klinkner:1.0
bell:1.0
labs:1.0
srk:1.6931471805599454
boeing.att.com:1.0
att:1.0
boeing:1.0
