rg:1.0
futserv.austin.ibm.com:1.0
r.g:1.6931471805599454
keen:1.0
subject:1.0
eico:2.09861228866811
tube:1.6931471805599454
tester:1.6931471805599454
repairs:1.0
good:1.0
luck:1.0
obtain:1.0
dynamic:1.0
conductance:1.0
song:1.0
unfortunately:1.0
little:1.0
key:1.0
thing:1.6931471805599454
wrong:1.0
open:1.0
meter:2.09861228866811
movement:2.386294361119891
anyone:1.0
know:1.0
find:1.6931471805599454
either:1.0
another:1.0
like:1.0
dead-but-not-the-meter-dead:1.0
unit:1.0
schematics:1.0
specify:1.0
current:1.6931471805599454
scale:1.6931471805599454
cut:1.0
paste:1.0
sensitive:1.0
full:1.0
still:1.0
contactable:1.0
model:1.0
666:1.0
nope:1.0
joke:1.0
sort:1.0
snide:1.0
reference:1.0
