babb:2.6094379124341005
sciences.sdsu.edu:1.6931471805599454
j:1.0
subject:1.0
circuit:1.6931471805599454
cellar:1.6931471805599454
ink:1.0
address:1.6931471805599454
article:1.0
1qvlmainnhuu:1.0
shelley.u.washington.edu:1.0
ptorre:1.0
hardy.u.washington.edu:1.0
phil:1.0
torre:1.0
wrote:1.0
cci:1.0
still:1.0
published:1.0
anyone:1.0
inc:1.0
4:1.0
park:1.0
st:1.0
suite:1.0
20:1.0
vernon:1.0
ct:1.0
06066:1.0
203:1.0
875-2751:1.0
jeff:1.0
ucssun1.sdsu.edu:1.0
programmer:1.0
sdsu:1.0
larc:1.0
