dclaar:1.0
cup.hp.com:1.0
doug:1.6931471805599454
claar:1.6931471805599454
subject:1.0
los:1.0
angeles:1.0
freeway:1.0
traffic:1.0
reports:1.0
oops:1.0
thats:1.0
knx:1.0
1070:1.0
knbr:1.0
frisco:1.0
680:1.0
san:1.0
fran:1.0
cant:1.0
city:1.0
jack:1.0
webb:1.0
told:1.0
