wayne:2.09861228866811
uva386.schools.virginia.edu:1.6931471805599454
tony:1.6931471805599454
subject:1.0
pink:1.6931471805599454
noise:1.6931471805599454
used:1.0
sound:1.0
experiments:1.0
