paula:2.386294361119891
nlbbs.com:1.6931471805599454
stockholm:1.6931471805599454
subject:1.0
need:1.0
find:1.0
number:1.0
phone:1.6931471805599454
line:1.0
areas:1.0
country:1.0
serviced:1.0
ess:1.0
cess:1.0
cumberland:1.0
maine:1.0
usa:1.0
