ulan:2.386294361119891
ee.ualberta.ca:1.6931471805599454
dale:1.6931471805599454
subject:1.0
part:1.0
mc68sec811e2:1.0
know:1.0
68hc811e2:1.0
im:1.0
trying:1.0
figure:1.0
68sec811e2:1.0
specifically:1.0
sec:1.0
stand:1.0
ve6dau:1.0
