cmwolf:1.6931471805599454
mtu.edu:1.6931471805599454
engineer:1.6931471805599454
day:1.0
asleep:1.0
night:1.0
subject:1.0
question:1.0
120vac:1.0
outlet:1.6931471805599454
wiring:1.0
dave:1.6931471805599454
martindale:1.0
imax.imax.com:1.0
wrote:1.0
require:1.0
two:1.0
separate:1.0
grounds:1.6931471805599454
one:1.0
ground:2.386294361119891
goes:1.0
pin:1.0
wire:1.0
connected:1.6931471805599454
outlets:1.0
mounting:1.0
tabs:1.0
thus:1.0
box:1.0
faceplate:1.6931471805599454
screw:1.0
metal:1.6931471805599454
thought:1.0
frame:1.0
socket:1.0
christopher:1.0
wolf:1.0
electrical:1.0
remember:1.0
even:1.0
win:1.0
rat:1.6931471805599454
race:1.0
youre:1.0
still:1.0
