mycal:2.386294361119891
netacsys.com:1.6931471805599454
subject:1.0
need:1.0
find:1.0
number:2.09861228866811
phone:1.0
line:1.6931471805599454
try:1.0
comp.dcom:1.0
reading:1.0
thread:1.0
back:1.0
800:1.0
could:1.6931471805599454
dial:1.0
worked:1.0
sales:1.0
sprint:1.0
think:1.0
telling:1.0
customers:1.0
numbers:1.0
using:1.0
ani:1.0
told:1.0
work:1.0
modern:1.0
switch:1.0
pgp:1.0
key:1.0
request:1.0
mycals:1.0
way:1.0
skiing:1.0
moguls:1.0
turn:2.09861228866811
air:1.0
survive:2.09861228866811
risk:1.0
rush:1.0
