rubin:2.386294361119891
cis.ohio-state.edu:1.6931471805599454
daniel:1.6931471805599454
j:1.0
subject:1.0
arcade:2.09861228866811
style:1.6931471805599454
buttons:1.6931471805599454
joysticks:1.6931471805599454
hi:1.0
anyone:1.0
tell:1.0
possible:1.0
purchase:1.0
controls:1.0
found:1.0
games:1.0
many:1.0
projects:1.0
working:1.0
would:1.0
greatly:1.0
augmented:1.0
could:1.0
implement:1.0
thanx:1.0
advance:1.0
try:1.0
parts:1.0
express:1.6931471805599454
dayton:1.6931471805599454
ohio:1.6931471805599454
also:1.0
complete:1.0
line:1.0
professional:1.0
etc:1.0
1-800:2.09861228866811
number:1.6931471805599454
call:1.0
1-800-555-1212:1.0
ask:1.0
part:1.0
love:1.0
free:1.0
directory:1.0
assistance:1.0
dan:1.0
joseph:1.0
go:1.6931471805599454
bengals:1.0
bucks:1.0
