mycal:2.09861228866811
netacsys.com:1.6931471805599454
subject:1.0
atari:1.0
2600:2.09861228866811
processors:1.0
people:1.0
interested:1.0
every:1.0
aspect:1.0
try:1.0
zine:1.0
connection:1.0
1:1.0
cash:1.0
timothy:1.0
duarte:1.0
po:1.0
box:1.0
n:1.0
664:1.0
westport:1.0
02790:1.0
sample:1.0
pgp:1.0
key:1.0
request:1.0
mycals:1.0
way:1.0
skiing:1.0
moguls:1.0
turn:2.09861228866811
air:1.0
survive:2.09861228866811
risk:1.0
rush:1.0
