hughes:2.386294361119891
jupiter.ral.rpi.edu:1.0
declan:1.6931471805599454
subject:1.0
manual:2.09861228866811
eprom:1.6931471805599454
blower:1.6931471805599454
logical:1.6931471805599454
devices:1.6931471805599454
prompro-8:1.6931471805599454
wanted:1.0
made:1.0
model:1.0
name:1.0
lost:1.0
anyone:1.0
spare:1.0
would:1.0
like:1.0
sell:1.0
ral.rpi.edu:1.0
