subject:1.0
electronic:1.0
parts:1.0
nyc:1.0
david:1.6931471805599454
tillyer:1.6931471805599454
datcc:1.6931471805599454
cunyvm.bitnet:1.0
anyone:1.0
know:1.0
find:1.0
modem:1.0
comm:1.0
software:1.0
apple:1.0
iie:1.0
would:1.6931471805599454
prefer:1.0
manhattan:1.0
new:1.0
jersey:1.0
work:1.0
cunyvm.cuny.edu:1.0
