mcovingt:1.6931471805599454
aisun1.ai.uga.edu:1.0
michael:1.6931471805599454
covington:1.6931471805599454
subject:1.0
radar:1.0
detector:1.0
detectors:1.0
microwave:1.0
tower:1.0
next:1.0
floridas:1.0
turnpike:1.0
could:1.0
watch:1.0
cars:1.0
hit:1.0
breaks:1.0
came:1.0
sight:1.0
every:1.0
morning:1.0
associate:1.0
research:1.0
scientist:1.0
artificial:1.0
intelligence:1.0
programs:1.0
ai.uga.edu:1.0
university:1.0
georgia:1.6931471805599454
phone:1.0
706:1.0
542-0358:1.0
athens:1.0
30602-7415:1.0
u.s.a:1.0
amateur:1.0
radio:1.0
n4tmi:1.0
