plumpe:1.6931471805599454
oasys.dt.navy.mil:1.0
david:1.0
subject:1.0
pink:2.6094379124341005
noise:3.1972245773362196
sci.electronics:1.0
wayne:1.6931471805599454
uva386.schools.virginia.edu:1.0
tony:1.0
writes:1.0
used:1.6931471805599454
sound:1.0
experiments:1.0
constant:1.6931471805599454
power:2.6094379124341005
per:1.6931471805599454
geometric:1.0
frequency:1.6931471805599454
increment:1.6931471805599454
octave:2.386294361119891
1/3:1.0
etc:1.6931471805599454
thus:1.6931471805599454
10khz-20khz:1.0
amount:1.6931471805599454
10hz-20hz:1.0
white:1.6931471805599454
arithmetic:1.0
hz:1.0
khz:1.0
10khz-10.1khz:1.0
band:1.6931471805599454
10hz-110hz:1.0
bands:2.09861228866811
100hz:1.0
wide:1.0
made:1.0
passing:1.0
thru:1.0
3db/octave:1.6931471805599454
filter:1.0
usually:1.0
approximated:1.0
network:1.6931471805599454
several:1.0
rc:1.0
pairs:1.0
note:1.0
cant:1.0
get:1.0
using:1.0
half:1.0
6db/octave:1.0
commonly:1.0
audio:1.6931471805599454
response:1.0
measurements:1.0
shows:1.0
spectrum:1.0
analyzers:1.0
octave-related:1.0
flat:1.0
line:1.0
across:1.0
davep:1.0
