mjcargil:1.0
dux.dundee.ac.uk:1.0
m.j.cargill:1.0
psychology:1.0
ext:1.0
4621:1.0
subject:1.6931471805599454
video:1.6931471805599454
recording:1.0
vga:1.6931471805599454
screen:1.0
hi:1.0
think:1.0
says:1.0
anyone:1.0
know:1.0
take:1.0
rgb/h/vsync:1.0
standard:1.0
connector:1.0
record:1.0
tape:1.0
help:1.0
appreciated:1.0
mark:1.0
j:1.0
cargill:1.0
program:1.6931471805599454
pc:1.0
want:1.0
videotape:1.0
show:1.0
people:1.0
works:1.0
presentation:1.0
giving:1.0
