bill:2.386294361119891
occs.cs.oberlin.edu:1.6931471805599454
mohler:1.6931471805599454
subject:1.0
need:1.0
hydrophone:2.09861228866811
info:1.0
dont:1.0
know:1.0
much:1.0
hydrophones:1.0
im:1.0
looking:1.0
information:1.6931471805599454
help:1.0
avoid:1.0
problems:1.0
havent:1.0
thought:1.0
would:1.6931471805599454
like:1.6931471805599454
inexpensive:1.0
amplifier:1.0
tape:1.0
line:1.0
level:1.0
outputs:1.0
something:1.0
edmund:1.0
sells:1.0
250:1.0
also:1.0
sell:1.0
microphone:1.0
head:1.0
24:1.0
one:1.0
construct:1.0
enclosure:1.0
greatly:1.0
appreciated:1.0
thanks:1.0
