wout:1.6931471805599454
dutentb.et.tudelft.nl:1.0
serdijn:1.0
subject:1.0
pink:2.791759469228055
noise:3.3978952727983707
tony:1.6931471805599454
wayne:1.0
writes:1.0
used:1.6931471805599454
sound:1.0
experiments:1.0
random:1.0
signal:2.09861228866811
low-frequency:1.6931471805599454
components:1.6931471805599454
white:2.386294361119891
look:1.0
frequency:2.386294361119891
spectrum:1.6931471805599454
analyzer:1.0
find:1.0
power:1.0
density:1.0
flat:1.0
means:1.0
every:1.0
present:1.0
often:1.0
obtained:1.0
integrating:1.0
low-pass:1.6931471805599454
filtering:1.0
therefore:1.0
contains:1.0
much:1.0
effect:1.0
sometimes:1.0
simulate:1.0
thunder:1.0
roaring:1.0
animals:1.0
additional:1.0
filter:1.0
variable:1.0
cutoff:1.0
explain:1.0
enjoy:1.0
wouter:1.0
