kolstad:1.6931471805599454
cae.wisc.edu:1.0
joel:1.0
subject:1.0
radio:1.0
freq:1.0
used:1.0
measure:1.0
distance:1.0
article:1.0
72020037:1.0
otter.hpl.hp.com:1.6931471805599454
tgg:1.0
tom:1.0
gardner:1.0
writes:1.0
difference:1.0
vertical:1.0
horizontal:1.0
gravity:1.6931471805599454
doesnt:1.0
pull:1.0
photons:1.0
cause:1.0
doppler:1.0
shift:1.0
something:1.0
kidding:1.0
