mchen:1.6931471805599454
terra.cs.psu.edu:1.0
michael:1.6931471805599454
chen:1.6931471805599454
subject:1.0
disks:1.0
copy:1.0
protected:1.0
companies:1.0
compressed:1.0
executables:1.0
lzw:1.0
andd:1.0
kind:1.0
encryption:1.0
process:1.0
change:1.0
two:1.0
bytes:1.0
thing:1.0
would:1.0
go:1.0
right:1.0
window:1.0
depths:1.0
lucid:1.0
horrors:1.0
spring:1.0
fond:1.0
hopes:1.0
pure:1.0
desires:1.0
cs.psu.edu:1.0
except:1.0
comes:1.0
hell:1.0
7/23/92:1.0
