schuster:2.6094379124341005
panix.com:1.6931471805599454
michael:1.0
subject:1.0
radio:1.6931471805599454
electronics:1.6931471805599454
free:1.6931471805599454
information:2.09861228866811
card:1.0
article:1.0
c5ulqg.i5:1.0
acsu.buffalo.edu:1.0
v064mb9k:1.0
ubvmsb.cc.buffalo.edu:1.0
neil:1.0
b:1.0
gandler:1.0
writes:1.0
cards:1.0
work:1.0
send:1.0
general:1.0
companies:1.0
advertise:1.0
magazine:1.0
also:1.0
give:1.0
sign:1.0
catalog:1.6931471805599454
varies:1.0
may:1.0
get:1.0
price:1.0
list:1.0
advertiser:1.0
ad:1.0
specific:1.0
product:1.6931471805599454
slec:1.0
sheet:1.0
line:1.0
mike:1.0
70346.1745:1.0
compuserve.com:1.0
shell.portal.com:1.0
genie:1.0
mschuster:1.0
