rgvander:1.6931471805599454
apgea.army.mil:1.0
richard:1.0
g:1.0
vanderbeek:1.6931471805599454
subject:1.0
magic:1.6931471805599454
layout:1.0
editor:1.0
heard:1.0
transported:1.0
macintosh:1.0
environment:1.0
anybody:1.0
know:1.0
get:1.0
hold:1.0
thanks:1.0
advance:1.0
responses:1.0
rich:1.0
dept:1.0
army:1.0
aberdeen:1.0
proving:1.0
ground:1.0
md:1.0
