swwynen:1.0
undergrad.math.uwaterloo.ca:1.0
steve:1.0
w:1.0
wynen:1.0
subject:1.0
68008:1.6931471805599454
cross:1.6931471805599454
compilers:1.0
assemblers:1.0
shareware:1.6931471805599454
anyone:1.6931471805599454
point:1.0
compiler:1.0
and/or:1.0
assembler:1.0
motorola:1.0
hosted:1.0
pc:1.0
compatible:1.0
preferable:1.0
free:1.0
also:1.0
know:1.0
gnu:1.0
cc:1.0
port:1.0
chip:1.0
thanks:1.0
advance:1.0
