ngupta:1.6931471805599454
geds01.jsc.nasa.gov:1.0
subject:1.0
wanted:1.0
scope:1.6931471805599454
looking:1.0
20/40:1.0
mhz:1.0
good:1.0
condition:1.0
please:1.0
email:1.0
call:1.0
713:1.0
280-2788:1.0
