koberg:2.09861228866811
spot.colorado.edu:1.6931471805599454
allen:1.0
subject:1.0
packet:1.6931471805599454
radio:1.6931471805599454
pc:1.6931471805599454
im:1.0
looking:1.0
information:1.0
regarding:1.0
implementation:1.0
software:1.0
hardware:1.0
whatever:1.0
please:1.0
e-mail:1.0
info:1.0
thanks:1.0
