anon0188:1.0
nyx.cs.du.edu:1.0
einstein:1.0
subject:1.0
need:1.0
access:1.6931471805599454
reports:1.6931471805599454
hall:1.0
effect:1.0
devices:1.0
anyone:1.0
know:1.0
whereabouts:1.0
technical:1.0
via:1.0
internet:1.0
