subject:1.0
help:1.0
phone:2.386294361119891
wire:2.09861228866811
ones:1.6931471805599454
tip:2.09861228866811
ring:2.09861228866811
mlevin:1.6931471805599454
husc8.harvard.edu:1.6931471805599454
michael:1.0
levin:1.6931471805599454
bought:1.0
little:2.09861228866811
gizmo:1.0
supposed:1.0
installed:1.0
series:1.0
lines:1.0
suppose:1.0
holding:1.0
regular:1.0
plastic:1.6931471805599454
tooth:1.0
square:1.0
thing:1.0
naked:1.0
lead:1.0
ends:1.0
plug:1.0
facing:1.0
away:1.0
4:1.0
wires:1.0
see:1.0
please:1.0
reply:1.0
mike:1.0
