mkrajci:1.6931471805599454
wilkes1.wilkes.edu:1.6931471805599454
martin:1.6931471805599454
k:1.0
subject:1.0
tunnel:1.6931471805599454
diodes:1.0
i-g:1.0
spice:1.6931471805599454
anybody:1.0
idea:1.0
model:1.0
diode:1.0
thank:1.0
krajci:1.0
