regmad:2.09861228866811
gsusgi2.gsu.edu:1.6931471805599454
michael:1.6931471805599454
de:1.6931471805599454
kraker:1.6931471805599454
subject:1.0
packet:2.09861228866811
radio:1.6931471805599454
pc:1.6931471805599454
koberg:2.09861228866811
spot.colorado.edu:1.6931471805599454
allen:1.0
writes:1.0
im:1.0
looking:1.0
information:1.0
regarding:1.0
implementation:1.0
software:1.0
hardware:1.0
whatever:1.0
please:1.0
e-mail:1.0
info:1.0
thanks:1.0
try:1.0
rec.radio.packet:1.0
georgia:1.0
state:1.0
university:1.0
404-651-2390:1.0
internet:1.0
bitnet:1.0
gsuvm1:1.0
kd4fkw:1.0
w4qo:1.0
iterate:1.0
human:1.0
recurse:1.0
devine:1.0
