mmm:1.0
cup.portal.com:1.0
mark:1.0
robert:1.0
thorson:1.0
subject:1.0
building:1.0
uv:2.09861228866811
flashlight:1.0
simplest:1.0
cheapest:1.0
soft:1.0
bulb:2.386294361119891
ar-1:1.0
argon:1.6931471805599454
works:1.0
like:1.0
neon:1.0
except:1.0
glows:1.0
purple:1.0
cause:1.0
stuff:1.0
fluoresce:1.0
requires:1.0
little:1.0
power:1.0
battery:1.0
oscillator:1.0
step-up:1.0
transformer:1.0
100:1.0
volts:1.0
electronic:1.0
goldmine:1.0
602:1.0
451-7454:1.0
several:1.0
lamps:1.0
pre-built:1.0
units:1.0
kits:1.0
ask:1.0
catalog:1.0
