john:2.09861228866811
gu.uwa.edu.au:1.0
west:1.6931471805599454
subject:1.0
atari:1.6931471805599454
2600:2.6094379124341005
processors:1.6931471805599454
ifarqhar:1.0
laurel.ocs.mq.edu.au:1.0
ian:1.0
farquhar:1.0
writes:1.6931471805599454
article:1.0
1993apr21.081317.599:1.0
das.harvard.edu:1.0
squish:1.0
endor.uucp:1.0
shishin:1.0
yamada:1.0
used:1.0
6502:2.09861228866811
cpu:1.0
like:2.386294361119891
entire:1.0
8-bit:1.0
line:2.386294361119891
400:1.0
800,1200,1400:1.0
1440:1.0
130xe:1.0
65xe:1.0
computers:1.0
well:1.0
5200:1.0
game:1.0
machine:1.6931471805599454
wrong:1.0
6507:2.09861228866811
would:1.6931471805599454
know:1.6931471805599454
without:1.0
irq:1.0
nmi:1.0
13:1.0
address:2.386294361119891
lines:1.6931471805599454
giving:1.0
8k:1.0
memory:2.09861228866811
space:1.0
one:2.09861228866811
custome:1.0
chip:2.791759469228055
asic:1.0
sense:1.0
word:1.0
understood:1.0
tia:2.386294361119891
sometimes:1.0
known:1.6931471805599454
6526:2.09861228866811
although:1.0
manufacturers:1.0
list:1.0
cia:1.6931471805599454
complex:1.0
interface:1.6931471805599454
adapter:1.6931471805599454
stands:1.0
television:1.0
handles:1.0
sound:1.0
paddles:1.0
minimal:1.0
video:1.0
hardware:1.0
possessed:1.0
didnt:1.0
called:1.0
thats:1.6931471805599454
found:1.0
commodore:1.0
64:1.0
dont:1.0
believe:1.0
existed:1.0
around:1.0
mapped:2.09861228866811
bottom:1.6931471805599454
128:2.09861228866811
bytes:2.09861228866811
page:2.9459101490553135
0:2.09861228866811
shadowed:1.6931471805599454
1:2.6094379124341005
get:1.0
image:1.0
screen:1.0
wait:1.6931471805599454
raster:1.0
picture:1.0
started:1.0
load:1.0
bitmaps:1.0
sprite:1.0
registers:1.6931471805599454
tell:1.0
x:1.0
positions:1.0
take:1.0
many:1.6931471805599454
duplicates:1.0
wanted:1.0
etc:1.0
next:1.0
took:1.0
time:1.6931471805599454
visible:1.0
portion:1.0
display:1.0
also:1.6931471805599454
standard:1.0
6532:1.0
ram:2.09861228866811
i/o:1.6931471805599454
timer:2.6094379124341005
riot:1.6931471805599454
plus:1.0
voltage:1.0
regulator:1.0
serves:1.0
555:1.0
top:1.6931471805599454
zero-page:1.0
addressing:1.0
mode:1.0
instructions:1.0
shorter:1.0
faster:1.0
normal:1.6931471805599454
ones:1.0
important:1.0
scratchpad:1.0
unfortunately:1.0
wants:1.0
stack:1.6931471805599454
pointer:1.0
8:2.09861228866811
bits:1.0
high:2.09861228866811
byte:1.0
hardwired:1.0
iot:1.0
section:1.0
2:2.386294361119891
somewhere:1.0
bit:2.09861228866811
cant:1.0
remember:1.0
could:1.0
independantly:1.0
set:1.6931471805599454
6522:1.0
programmable:1.0
prescaler:1.0
think:1.0
power:1.0
interrupts:1.0
system:1.0
games:1.0
go:1.0
away:1.0
something:1.0
else:1.0
sit:1.0
run:1.0
logic:1.0
box:1.0
decoding:1.0
least:1.0
select:1.6931471805599454
pins:1.0
probably:1.0
active:2.386294361119891
low:1.6931471805599454
imagine:1.0
much:1.0
various:1.0
fed:1.0
directly:1.0
selects:1.6931471805599454
likes:1.0
rom:1.0
right:1.0
use:1.0
roms:1.0
exactly:1.0
cartriges:1.0
7404:1.0
convert:1.0
usual:1.0
