kuusama:1.6931471805599454
kaarne.cs.tut.fi:1.0
juha:1.6931471805599454
vtt:1.0
subject:1.0
circuit:1.6931471805599454
boards:1.6931471805599454
green:1.6931471805599454
question:1.0
anything:1.0
important:1.0
still:1.0
curious:1.0
almost:1.0
printed:1.0
seen:1.0
blue:1.0
ones:1.0
red:1.0
yellow:1.0
company:1.0
logo:1.0
etc:1.0
technical:1.0
reason:1.0
could:1.0
marketing:1.0
geniuses:1.0
tought:1.0
yet:1.0
