subject:1.6931471805599454
pcmcia:2.09861228866811
martin.vuille:1.6931471805599454
synapse.org:1.6931471805599454
martin:1.0
vuille:1.0
newsgroup:1.0
sci.electronics:1.0
anyone:1.0
know:1.0
contact:1.0
obtain:1.0
copy:1.0
standard:1.0
thanks:1.0
mv:1.0
olx:1.0
2.1:1.0
td:1.0
procontrol:1.0
kemptville:1.0
04-22-93:1.0
9:34:1.0
pm:1.0
