subject:1.6931471805599454
electronic:2.09861228866811
design:2.09861228866811
mag:1.0
martin.vuille:1.6931471805599454
synapse.org:1.6931471805599454
martin:1.0
vuille:1.0
newsgroup:1.0
sci.electronics:1.0
anyone:1.0
know:1.0
telephone:1.0
number:1.0
circulation:1.0
department:1.0
magazine:1.0
mv:1.0
olx:1.0
2.1:1.0
td:1.0
procontrol:1.0
kemptville:1.0
04-22-93:1.0
9:35:1.0
pm:1.0
