skelly:1.0
amiganet.chi.il.us:1.0
sean:1.6931471805599454
kelly:1.6931471805599454
subject:1.0
pin-out:1.0
27c64:1.0
anyone:1.0
know:1.0
pin-outs:1.6931471805599454
27c512:1.0
eprom:1.0
bought:1.0
several:1.0
none:1.0
come:1.0
info:1.0
would:1.0
appreciated:1.0
sysop:1.0
amizon:1.0
bbs:1.0
312:1.0
594-1146:1.0
always:1.0
looking:1.0
classic:1.0
video:1.0
games:1.0
following:1.0
systems:1.0
atari:1.0
2600-atari:1.0
5200-colecovision-atari:1.0
5200-intellivision-vectrex:1.0
