mcole:1.6931471805599454
spock:1.0
cole:1.0
subject:1.0
hm8350:1.6931471805599454
hm8348:1.6931471805599454
mice:1.0
chip:1.0
numbered:1.0
able:1.0
find:1.0
information:1.0
help:1.0
would:1.0
appreciated:1.0
nmsu.edu:1.0
