baden:2.791759469228055
inqmind.bison.mb.ca:2.09861228866811
de:1.6931471805599454
bari:1.6931471805599454
subject:1.0
blue:1.6931471805599454
leds:2.09861228866811
whats:1.0
story:1.0
stuck:1.0
regular:1.0
green:1.0
red:1.0
yellow-orange:1.0
gives:1.0
anybody:1.0
scoop:1.0
fairly:1.0
low:1.0
priced:1.0
curiosity:1.0
course:1.0
inspiration:1.0
comes:1.0
sys6626.bison.mb.ca:1.0
seek:1.0
unknown:1.0
inquiring:1.0
mind:1.0
bbs:1.0
winnipeg:1.0
manitoba:1.0
204:1.0
488-1607:1.0
