gcarter:1.0
infoserv.com:1.0
george:1.0
carter:1.0
subject:1.0
someone:1.0
know:1.0
news:1.0
group:1.0
ieee:1.0
1993apr19.192953.22874:1.0
usl.edu:1.6931471805599454
yxy4145:1.6931471805599454
ucs.usl.edu:1.0
yu:1.0
yingbin:1.0
writes:1.0
thanks:1.0
lot:1.0
ieee.general:1.0
ieee.announce:1.0
frequently:1.0
used:1.0
groups:1.0
