uc532838:1.6931471805599454
mizzou1.missouri.edu:1.6931471805599454
handy:1.6931471805599454
subject:1.0
info:1.6931471805599454
wanted:1.0
standard:1.6931471805599454
phone:2.386294361119891
line:1.6931471805599454
greetings:1.0
im:1.6931471805599454
novice:1.0
area:1.0
trying:1.0
gather:1.0
settings:1.0
quick:1.0
questions:1.0
want:1.0
send:1.0
beep:1.0
lines:1.0
function:1.0
generator:1.0
tie:1.0
one:1.6931471805599454
wires:1.6931471805599454
connect:1.0
dtmf:1.0
chip:1.0
audio:1.0
help:1.0
would:1.0
much:1.0
appreciated:1.0
thankx:1.0
advance:1.0
trisakti:1.0
