wwerner:2.09861228866811
thor.mlb.semi.harris.com:1.6931471805599454
william:1.0
werner:2.09861228866811
subject:1.0
harris:2.386294361119891
semiconductors:1.6931471805599454
answerfax:2.9459101490553135
information:1.0
h:3.0794415416798357
rrrrr:2.386294361119891
iiiii:1.6931471805599454
ssss:2.09861228866811
r:3.4849066497880004
hhhhhh:1.0
aaaaa:1.0
semiconductor:1.6931471805599454
on-line:1.0
24:1.0
hours:1.0
day:1.0
7:1.0
days:1.0
week:1.0
instantly:1.0
receive:1.0
datasheets:1.0
application:1.6931471805599454
notes:1.6931471805599454
using:1.0
touch-tone:1.0
telephone:1.0
fax:1.6931471805599454
machine:1.0
number:1.6931471805599454
call:1.0
407:1.6931471805599454
724-3937:1.0
set:1.0
international:1.0
calls:1.0
time:1.0
general:1.0
decision:2.09861228866811
tree:1.0
follows:1.0
numbers:1.0
available:1.0
selections:1.0
welcome:1.0
1:2.6094379124341005
2:2.6094379124341005
select:2.791759469228055
familiar:1.0
explanation:1.0
order:2.09861228866811
document:2.09861228866811
list:1.6931471805599454
catalogs:1.6931471805599454
new:1.0
products:2.6094379124341005
linear:1.0
get:1.0
first:1.0
3:1.0
data:1.0
acquisition:1.0
4:1.0
digital:1.0
signal:1.0
processing:1.0
5:1.0
discrete:1.0
power:1.6931471805599454
intelligent:1.0
9:1.0
appropriate:1.6931471805599454
catalog:1.0
want:1.6931471805599454
anything:1.6931471805599454
else:1.6931471805599454
yes:1.6931471805599454
taken:1.6931471805599454
back:1.6931471805599454
selection:1.6931471805599454
phone:1.0
name:1.0
request:1.0
instructions:1.0
end:1.0
bill:1.6931471805599454
hsscam.mis.semi.harris.com:1.0
melbourne:1.0
florida:1.0
life:1.0
candle:1.0
729-5515:1.0
dream:1.0
give:1.0
flame:1.0
rush:1.0
caress:1.0
steel:1.0
