ddexter:1.6931471805599454
solaria.mil.wi.us:1.6931471805599454
david:1.0
dexter:1.0
subject:1.0
mk3801:1.6931471805599454
data:1.0
needed:1.0
hi:1.0
could:1.0
someone:1.0
please:1.0
send:1.0
enough:1.0
info:1.0
talk:1.0
kind:1.0
multifunction:1.0
peripheral:1.0
chip:1.0
made:1.0
mostek:1.0
believe:1.0
help:1.0
would:1.0
greatly:1.0
appreciated:1.0
thanks:1.0
advance:1.0
dave:1.0
technology:1.0
thru:1.0
broken:1.0
parts:1.0
