vanderby:1.0
mprgate.mpr.ca:1.0
david:1.0
vanderbyl:1.0
subject:1.0
pin-out:1.0
27c64:1.0
article:1.0
skelly.18aw:1.0
amiganet.chi.il.us:1.6931471805599454
skelly:1.0
sean:1.0
kelly:1.0
writes:1.0
anyone:1.0
know:1.0
pin-outs:1.6931471805599454
27c512:1.0
eprom:1.0
bought:1.0
several:1.0
none:1.0
come:1.0
info:1.0
would:1.6931471805599454
appreciated:1.0
good:1.0
source:1.0
information:1.0
data:1.6931471805599454
type:1.0
library:1.6931471805599454
particular:1.0
local:1.0
college:1.0
technical:1.0
school:1.0
offering:1.0
courses:1.0
electronics:1.0
books:1.0
nature:1.0
