little:1.6931471805599454
nuts2u.enet.dec.com:1.0
name:1.0
subject:1.0
sale:1.6931471805599454
omti:2.09861228866811
3527:1.6931471805599454
st-506:1.6931471805599454
rll:2.09861228866811
scsi:2.6094379124341005
adapters:1.6931471805599454
2:1.0
make:1.6931471805599454
drive:1.6931471805599454
look:1.0
like:1.0
disk:1.0
adapter:2.386294361119891
support:1.0
two:1.0
drives:1.0
used:1.6931471805599454
model:1.0
amiga:1.6931471805599454
a500:1.0
c-ltd:1.0
host:1.6931471805599454
without:1.0
problems:1.0
im:1.0
selling:1.0
got:1.0
time:1.0
decided:1.0
sell:1.0
instead:1.0
expand:1.0
never:1.0
even:1.0
cant:1.0
guarantee:1.0
work:1.0
every:1.0
essentially:1.0
new:1.0
box:1.0
paid:1.0
150/ea:1.0
offer:1.0
regards:1.0
todd:1.0
708:1.0
202-1030:1.0
pecan.enet.dec.com:1.0
