witr:1.6931471805599454
rwwa.com:1.6931471805599454
robert:1.6931471805599454
withrow:2.09861228866811
subject:1.0
cable:1.6931471805599454
tvi:1.0
interference:1.0
article:1.0
1qf44ainnll:1.0
rave.larc.nasa.gov:1.0
watson:1.6931471805599454
nimbus.larc.nasa.gov:1.0
catherine:1.0
writes:1.0
gave:1.0
year:1.0
letters:1.0
phone:1.0
calls:1.0
got:1.0
impression:1.0
fcc:1.6931471805599454
powerless:1.0
company:1.0
correct:1.0
situation:1.0
isnt:1.0
formal:1.0
action:1.0
citizen:1.0
take:1.0
requires:1.0
least:1.0
generate:1.0
paperwork:1.0
tel:1.0
1:1.6931471805599454
617:1.6931471805599454
598:1.6931471805599454
4480:1.0
fax:1.0
4430:1.0
net:1.0
r.w:1.0
associates:1.0
21:1.0
railroad:1.0
ave:1.0
swampscott:1.0
01907-1821:1.0
usa:1.0
