carr-c10973:1.0
email.comm.mot.com:1.0
eric:1.0
carr:1.0
subject:1.0
help:1.0
phone:2.386294361119891
wire:2.09861228866811
ones:1.6931471805599454
tip:2.6094379124341005
ring:2.6094379124341005
article:1.0
1993apr22.103922.23177:1.0
husc3.harvard.edu:1.0
mlevin:1.6931471805599454
husc8.harvard.edu:1.6931471805599454
michael:1.0
levin:1.6931471805599454
wrote:1.0
bought:1.0
little:2.09861228866811
gizmo:1.0
supposed:1.0
installed:1.0
series:1.0
lines:2.386294361119891
suppose:1.0
holding:1.0
regular:1.0
plastic:1.6931471805599454
tooth:1.0
square:1.0
thing:1.0
naked:1.0
lead:1.0
ends:1.0
plug:1.0
facing:1.0
away:1.0
4:1.0
wires:1.0
see:1.6931471805599454
please:1.0
reply:1.0
mike:1.0
assuming:1.0
refering:1.0
standard:1.0
pots:1.0
ground:2.791759469228055
start:2.09861228866811
looking:1.0
loop:1.0
idle:1.6931471805599454
conditions:1.6931471805599454
conductor:2.386294361119891
one:1.6931471805599454
approximately:1.6931471805599454
48:1.6931471805599454
52:1.6931471805599454
vdc:1.6931471805599454
respect:1.0
near:1.0
potential:1.6931471805599454
sure:1.0
reference:1.6931471805599454
telco:1.6931471805599454
taking:1.0
measurements:1.6931471805599454
dealing:1.0
would:1.0
look:1.0
like:1.0
floating:1.0
may:1.0
line:1.0
capacitance:1.0
bleed:1.0
time:1.0
remember:1.0
use:1.0
making:1.0
67:1.0
caprice:1.0
sport:1.0
coupe:1.0
