vanderby:1.0
mprgate.mpr.ca:1.0
david:1.0
vanderbyl:1.0
subject:1.0
question:1.0
addressing:1.0
correction:1.6931471805599454
little:1.0
previous:1.0
post:1.0
hour:1.0
ago:1.0
please:1.0
replace:1.0
term:1.6931471805599454
eeprom:1.0
eprom:1.0
wherever:1.0
appears:1.0
dont:1.0
added:1.0
extra:1.0
e:1.0
every:1.0
time:1.0
