erini:2.09861228866811
enterprise.ifp.uiuc.edu:1.6931471805599454
doss:1.0
subject:1.0
cellular:1.6931471805599454
antennas:1.0
need:1.0
get:1.0
info:1.0
a.s.a.p:1.0
antenna:1.0
market:1.0
right:1.0
main:1.0
companies:1.0
making:1.0
much:1.0
cost:1.0
specs:1.0
gain:1.0
directivity:1.0
etc:1.0
contact:1.0
person:1.0
group:1.0
us:1.0
univ.of:1.0
il:1.0
researching:1.0
technology:1.0
personally:1.0
mail:1.0
copy:1.0
entire:1.0
busineess:1.0
plan:1.0
paper:1.0
help:1.0
e-mail:1.0
