baden:2.6094379124341005
sys6626.bison.mb.ca:1.6931471805599454
de:1.6931471805599454
bari:1.6931471805599454
subject:1.0
help:1.0
need:1.6931471805599454
3479p:1.0
would:1.0
anyone:1.6931471805599454
extra:1.0
3479ps:1.0
lying:1.0
around:1.6931471805599454
could:1.0
buy:1.0
problem:1.0
perchase:1.0
30:1.0
quantities:1.0
dont:1.0
cant:1.0
take:1.0
financially:1.0
right:1.0
accomodate:1.0
please:1.0
reply:1.0
following:1.0
mailing:1.0
addresses:1.0
thanks:1.0
inqmind.bison.mb.ca:1.0
true:1.0
life:1.0
experianced:1.0
fear:1.0
death:1.0
