erini:2.09861228866811
enterprise.ifp.uiuc.edu:1.0
doss:1.0
subject:1.0
cellular:1.6931471805599454
antennas:1.0
need:1.0
know:1.0
market:1.6931471805599454
antenna:1.0
technology:1.0
today:1.0
main:1.0
companies:1.0
much:1.0
selling:1.0
contact:1.0
people:1.0
specs:1.0
mail:1.0
oyou:1.0
reserach:1.0
far:1.0
youcan:1.0
help:1.0
us:1.0
ifp.uiuc.edu:1.0
