mark:1.6931471805599454
yeck:1.0
my10:1.6931471805599454
andrew.cmu.edu:1.6931471805599454
subject:1.0
g:1.0
h:1.0
type:2.09861228866811
amplifiers:1.6931471805599454
hey:1.0
someone:1.0
clue:1.0
weird:1.0
types:1.0
brief:1.0
intro:1.0
concepts:1.0
behind:1.0
would:1.0
cool:1.0
clues:1.0
b:1.0
ab:1.0
already:1.0
stuff:1.0
ones:1.0
mentioned:1.0
occasionally:1.0
dont:1.0
know:1.0
think:1.0
like:1.0
pwm:1.0
scheme:1.0
something:1.0
thanx:1.0
advanced:1.0
