rpo:1.0
trsvax.tandy.com:1.0
subject:1.0
ir:1.6931471805599454
detector:1.0
cards:1.0
radio:1.6931471805599454
shack:1.6931471805599454
stores:1.0
sell:1.0
states:1.0
sure:1.0
intertan:1.0
carrying:1.0
australia:1.0
cost:1.0
6:1.0
usd:1.0
charge:1.0
fluorescent:1.0
glow:1.0
exposed:1.0
paul:1.0
opitz:1.0
publications:1.0
