jeh:2.09861228866811
cmkrnl.com:1.6931471805599454
subject:1.0
los:1.6931471805599454
angeles:1.6931471805599454
freeway:1.0
traffic:1.0
reports:1.0
article:1.0
c5slmb.9w6:1.0
cup.hp.com:1.6931471805599454
dclaar:1.0
doug:1.0
claar:1.0
writes:1.0
driving:1.0
middle:1.0
nowhere:1.0
picked:1.0
knbr:1.6931471805599454
1070:1.6931471805599454
clear-channel:1.0
station:1.0
based:1.0
knx:1.0
la:1.0
unhappy:1.0
hear:1.0
im:1.0
sure:1.0
isnt:1.0
bay:1.0
area:1.0
jamie:1.0
hanrahan:1.0
kernel:1.0
mode:1.0
systems:1.0
san:1.0
diego:1.0
ca:1.0
internet:1.0
uucp:1.0
uunet:1.0
cmkrnl:1.0
cis:1.0
74140,2055:1.0
