adrian:2.09861228866811
tasman.cc.utas.edu.au:1.0
lewis:1.0
subject:1.0
cleaning:1.0
electronic:1.6931471805599454
equipment:2.09861228866811
hi:1.0
quick:1.0
question:1.0
standard:1.0
lab:1.0
solvents:1.0
used:1.0
clean:1.0
components:1.0
safely:1.0
ie:1.0
corrode:1.0
dissolve:1.0
short-out:1.0
etc:1.6931471805599454
water:1.0
methanol:1.0
ccl4:1.0
electronics:1.0
type:1.0
surprise:1.6931471805599454
want:1.0
avoid:1.0
using:1.0
freons:1.0
thanks:1.0
