cpuig:1.6931471805599454
infoserv.com:1.6931471805599454
carlos:1.6931471805599454
puig:1.6931471805599454
subject:1.0
analog:2.386294361119891
switches/balanced:1.0
demodulators:1.0
msf:1.0
skaro.as.arizona.edu:1.0
michael:1.0
fulbright:1.0
writes:1.0
trying:1.0
build:1.0
synchronous:1.0
demodulator:1.0
ive:1.6931471805599454
hit:1.0
snag:1.0
application:1.0
want:1.6931471805599454
able:1.6931471805599454
change:1.0
gain:1.6931471805599454
op:1.6931471805599454
amp:1.6931471805599454
amplifier:1.0
1:2.09861228866811
controlable:1.0
via:1.0
digital:1.0
input:2.09861228866811
obvious:1.0
way:1.6931471805599454
come:1.0
use:2.09861228866811
switches:1.0
adjust:1.0
switch:2.09861228866811
experience:1.0
4066:2.791759469228055
unfortunately:1.0
ac:1.0
signal:2.09861228866811
goes:1.0
5v:1.6931471805599454
positive:1.0
signals:1.0
recently:1.0
used:1.0
bipolar:2.386294361119891
simply:1.0
ran:1.0
supply:2.386294361119891
8v:2.09861228866811
case:1.6931471805599454
long:1.0
stays:1.0
rails:1.0
work:1.0
fine:1.0
course:1.0
control:1.6931471805599454
logic:2.6094379124341005
must:2.09861228866811
low:1.0
high:1.0
reference:1.0
either:1.0
driving:1.0
4000:1.0
cmos:1.0
2:1.0
provide:1.0
kind:1.0
voltage:1.0
level:1.0
shifting:1.0
circuit:1.0
kj6st:1.0
san:1.0
jose:1.0
ca:1.0
408:1.0
289-8174:1.0
