mike:1.0
diack:1.0
mike-d:1.0
staff.tc.umn.edu:1.0
subject:1.0
blue:1.6931471805599454
leds:1.6931471805599454
article:1.0
zw6f3b1w165w:1.0
inqmind.bison.mb.ca:1.6931471805599454
baden:1.6931471805599454
de:1.0
bari:1.0
writes:1.0
anybody:1.0
scoop:1.0
fairly:1.0
low:1.0
priced:1.0
hosfelt:1.0
t-1:1.0
stock:1.0
25-214:1.0
t-1-3/4:1.0
25-213:1.0
1.29:1.0
vf:1.0
3.0..3.4:1.0
470nm:1.0
3mcd:1.0
10ma:1.0
mfg:1.0
liton:1.0
call:1.0
1-800-524-6464:1.0
disclaimer:1.0
dont:1.0
know:1.0
guys:1.0
bar:1.0
soap:1.0
price:1.0
looks:1.0
reasonable:1.0
