rwong1:1.0
ugly.uvic.ca:1.0
richard:1.0
wong:1.0
subject:1.0
voice:1.6931471805599454
synth:1.0
chips:1.6931471805599454
anyone:1.0
know:1.0
get:1.0
synthesis:1.0
looking:1.0
something:1.0
like:1.0
ones:1.0
time:1.0
date:1.0
stamp:1.0
answering:1.0
machines:1.0
