mcorbin:1.6931471805599454
oucsace.cs.ohiou.edu:1.6931471805599454
max:1.0
corbin:1.0
subject:1.0
1-bit:1.6931471805599454
a/d:1.6931471805599454
converter:1.6931471805599454
upon:1.0
time:1.0
long:1.6931471805599454
ago:1.0
news:1.0
group:1.0
someone:1.0
posted:1.0
schematic:1.6931471805599454
well:1.0
found:1.0
use:1.0
little:1.0
monster:1.0
anyone:1.6931471805599454
still:1.0
got:1.0
text:1.0
file:1.0
flip-flop:1.0
resistor:1.0
cap:1.0
comparator/op-amp:1.0
think:1.0
would:1.0
extremely:1.0
thankful:1.0
could:1.0
mail:1.0
post:1.0
news-group:1.0
beware:1.0
light:1.0
end:1.0
tunnel:1.0
may:1.0
oncoming:1.0
dragon:1.0
c:1.0
u:1.0
