mmoss:2.09861228866811
ic.sunysb.edu:1.6931471805599454
matthew:2.09861228866811
moss:1.6931471805599454
subject:1.6931471805599454
build:1.6931471805599454
neural:1.6931471805599454
networks:1.0
says:1.0
though:1.0
specify:1.0
im:1.0
looking:1.0
solutions:1.0
dont:1.0
require:1.0
purchasing:1.0
specific:1.0
chips:1.0
etc:1.0
words:1.0
sort:1.0
network:1.0
circuit:1.0
could:1.0
visit:1.0
local:1.0
r-shack:1.0
david:1.0
blessed:1.0
pure:1.0
heart:1.0
internet:1.0
see:1.0
god:1.0
bitnet:1.0
sbccmail:1.0
5:8:1.0
