u19250:1.0
uicvm.uic.edu:1.0
subject:1.0
multiple:1.0
inputs:1.0
pc:2.386294361119891
anyone:1.0
offer:1.0
suggestion:1.0
problem:1.6931471805599454
several:1.0
boards:2.09861228866811
whose:1.0
sole:1.0
purpose:1.0
decode:1.0
dtmf:1.0
tones:1.0
send:1.6931471805599454
resultant:1.0
ascii:1.0
run:1.6931471805599454
serial:1.6931471805599454
interface:1.0
need:1.6931471805599454
somwehat:1.0
simultaneously:1.0
able:1.0
ho:1.0
ok:1.0
hook:1.0
8:1.0
devices:1.0
one:1.0
inexpensivley:1.0
data:1.0
simulataneously:1.0
close:1.0
help:1.0
would:1.0
greatly:1.0
appreciated:1.0
abhin:1.0
singla:1.0
