dws30:1.0
p1hdb01cd.amdahl.com:1.0
david:1.0
sharpe:1.0
subject:1.0
pink:2.09861228866811
noise:2.386294361119891
white:1.0
equal:1.0
amounts:1.0
frequencies:1.0
cases:1.0
around:1.0
20-3.3k:1.0
hz:1.0
range:1.0
pink/white:1.0
used:1.0
adjust:1.0
room:1.0
dynamics:1.0
stuff:1.0
like:1.0
eqs:1.0
market:1.0
built:1.0
audio:1.0
control:1.0
know:1.0
c-101:1.0
