subject:1.0
pc:1.0
board:1.0
layout:1.0
help:1.0
eh1qc:1.0
cunyvm.bitnet:1.0
hi:1.0
questions:1.0
laying:1.6931471805599454
pcb:1.6931471805599454
using:1.0
easytrax:1.0
dos:1.0
great:1.6931471805599454
program:1.0
question:1.0
traces:1.6931471805599454
thickness:1.0
mainly:1.0
designing:1.0
low:1.6931471805599454
voltage:1.0
current:1.0
boards:1.6931471805599454
micro:1.0
controller:1.0
apps:1.0
pad:1.0
sizes:1.0
resistors:1.0
turning:1.0
commercial:1.0
maker:1.0
produce:1.0
1s:1.0
wondering:1.0
minimum:1.0
distance:1.0
well:1.0
info:1.0
would:1.0
thanks:1.0
anton:1.0
