nelson:2.09861228866811
sun.soe.clarkson.edu:1.6931471805599454
russ:1.6931471805599454
subject:1.0
proposal:1.0
alt.fan.tesla:1.0
discussion:1.0
nikolai:1.0
tesla:1.0
else:1.0
businesses:1.0
persuade:1.0
governments:1.0
force:1.0
