shiekh:2.386294361119891
ictp.trieste.it:1.0
andy:1.6931471805599454
subject:1.0
2:1.6931471805599454
silver:2.09861228866811
solder:1.6931471805599454
seen:1.0
existance:1.0
electronics:1.0
content:1.0
seems:1.0
good:1.0
wetting:1.0
fatique:1.0
reatings:1.0
anyone:1.0
tell:1.0
used:1.0
expensive:1.0
metal:1.0
anwar:1.0
feel:1.0
obliged:1.0
believe:1.0
international:1.0
centre:1.0
god:1.0
endowed:1.0
us:1.6931471805599454
sense:1.0
theoretical:1.0
physics:1.0
reason:1.0
intellect:1.0
intended:1.0
trieste:1.0
italy:1.0
forgo:1.0
use:1.0
itsictp.bitnet:1.0
galileo:1.0
galilei:1.0
