jaeger.ka.sub.org:1.6931471805599454
stephan:2.6094379124341005
jaeger:2.09861228866811
subject:1.0
study:1.6931471805599454
audio:1.6931471805599454
control:1.6931471805599454
engineer:1.0
u.s.a:2.09861228866811
hi:1.0
folks:1.0
dont:1.6931471805599454
know:2.09861228866811
whether:1.6931471805599454
right:1.6931471805599454
newsgroup:2.09861228866811
question:1.0
completely:1.0
wrong:1.0
group:1.0
could:2.09861228866811
mail:1.0
name:1.0
correct:1.0
friend:1.0
mine:1.0
studying:1.0
electronics:1.0
technical:1.0
university:1.0
karlsruhe/germany:1.0
since:1.0
one:1.0
year:1.0
wants:1.0
possibilities:1.0
engineering:1.0
anybody:1.0
get:1.6931471805599454
information:2.386294361119891
studies:1.6931471805599454
send:1.6931471805599454
like:1.0
e-mail:2.386294361119891
adresses:1.0
universities:2.09861228866811
quality:1.0
possible:1.0
directly:1.0
via:1.6931471805599454
please:1.0
answer:1.0
read:1.0
regularly:1.0
thanks:1.0
advance:1.0
space:1.0
rent:1.0
contact:1.0
rheinstr.40:1.0
d-7500:1.0
karlsruhe:1.0
21:1.0
49:1.0
721:1.0
554293:1.0
