hubich:1.6931471805599454
mercury.cs.uregina.ca:1.0
chad:1.6931471805599454
subject:1.0
asynchronous:1.0
receiver:1.0
recommendations:1.0
looking:1.0
suitable:1.0
uart:1.0
project:1.0
require:1.0
stand:1.0
alone:1.0
device:1.0
i.e:1.0
cpu:1.0
controlled:1.0
receive:1.0
1200:1.0
baud:1.0
rs232:1.0
also:1.0
nice:1.0
extra:1.0
would:1.0
received:1.0
data:1.0
buffer:1.0
please:1.0
reply:1.0
info:1.0
thanks:1.0
hubichuniversity:1.0
reginadept:1.0
computer:1.0
science:1.0
