oscar:3.0794415416798357
oscar.austin.ibm.com:1.6931471805599454
r:1.6931471805599454
mitchell:1.6931471805599454
subject:1.0
development:1.6931471805599454
tools:2.09861228866811
65c816:1.6931471805599454
article:1.0
1ree36inndmp:1.0
darkstar.ucsc.edu:1.0
speth:2.09861228866811
cats.ucsc.edu:1.6931471805599454
james:1.6931471805599454
gustave:1.0
writes:1.0
could:1.0
someone:1.0
point:1.0
toward:1.0
source:1.0
ftp/bbs/whatever:1.0
8051:1.6931471805599454
microprocessor:1.0
specifically:1.0
looking:1.0
macintosh:1.0
cross-assembler/disassembler:1.0
also:1.0
mailing-list:1.0
dedicated:1.0
discussing:1.0
thanks:1.6931471805599454
email:1.0
pgp:1.0
compatible:1.0
public-key:1.0
question:1.0
6502:1.0
derivative:1.0
processor:1.6931471805599454
designed:1.0
western:1.0
design:2.09861228866811
center:1.0
ibm:2.791759469228055
advanced:1.6931471805599454
workstations:1.6931471805599454
systems:2.386294361119891
division:1.6931471805599454
risc:1.6931471805599454
system/6000:1.6931471805599454
tm:1.6931471805599454
future:1.6931471805599454
hardware:1.6931471805599454
architecture:1.6931471805599454
group:1.6931471805599454
mail:1.0
stop:1.0
zip:1.0
9461:1.0
11400:1.0
burnet:1.0
road:1.0
austin:1.0
texas:1.0
78758:1.0
usa:2.386294361119891
phone:1.0
512:1.6931471805599454
823-0000:1.0
tieline:1.0
678-8513:1.0
fax:1.0
838-8561:1.0
vnet:1.0
ausvm6:1.0
internet:2.09861228866811
austin.ibm.com:1.6931471805599454
include:1.0
standard.disclaimer:1.0
speak:1.0
corporation:1.0
