speth:2.09861228866811
cats.ucsc.edu:1.6931471805599454
james:1.6931471805599454
gustave:1.0
subject:1.0
development:1.6931471805599454
tools:1.6931471805599454
8051:2.09861228866811
could:1.0
someone:1.0
point:1.0
toward:1.0
source:1.0
ftp/bbs/whatever:1.0
microprocessor:1.0
specifically:1.0
looking:1.0
macintosh:1.0
cross-assembler/disassembler:1.0
also:1.0
mailing-list:1.0
dedicated:1.0
discussing:1.0
thanks:1.0
email:1.0
pgp:1.0
compatible:1.0
public-key:1.0
