dpierce:1.0
world.std.com:1.0
richard:1.0
pierce:1.6931471805599454
subject:1.0
pink:2.9459101490553135
noise:3.70805020110221
article:1.0
34t302tw40n601:1.0
juts.ccc.amdahl.com:1.0
dws30:1.0
p1hdb01cd.amdahl.com:1.0
david:1.0
sharpe:1.0
writes:1.0
white:2.6094379124341005
equal:1.6931471805599454
amounts:1.0
frequencies:2.09861228866811
cases:1.0
around:1.0
20-3.3k:1.0
hz:2.9459101490553135
range:1.0
pink/white:1.0
used:2.09861228866811
adjust:1.0
room:1.0
dynamics:1.0
stuff:1.0
like:1.0
eqs:1.0
market:1.0
built:1.0
audio:1.0
control:1.0
know:1.0
c-101:1.0
wrong:2.09861228866811
completely:1.0
little:1.0
misleading:1.0
random:1.6931471805599454
whose:2.6094379124341005
energy:2.791759469228055
density:1.6931471805599454
constant:2.6094379124341005
bandwidth:2.386294361119891
5:2.386294361119891
wide:2.386294361119891
band:2.386294361119891
20:2.386294361119891
precisely:1.0
amount:1.0
khz:1.6931471805599454
precentage:1.0
thus:1.0
1:1.0
contain:1.0
1000:1.0
often:1.6931471805599454
spectrum:1.0
analyzers:1.6931471805599454
bandwidths:1.6931471805599454
audio-type:1.0
real-time:1.0
centert-frequency:1.0
dependent:1.0
described:1.0
1/3:1.0
octave:2.09861228866811
1/2:1.0
terminology:1.0
relative:1.6931471805599454
high:1.0
rate:1.6931471805599454
3:1.6931471805599454
db:1.0
per:1.0
low:1.0
equl:1.0
db/octave:1.0
dick:1.0
loudspeaker:1.0
software:1.0
consulting:1.0
17:1.0
sartelle:1.0
street:1.0
pepperell:1.0
01463:1.0
508:1.0
433-9183:1.0
voice:1.0
fax:1.0
