sean_oliver:1.0
mindlink.bc.ca:1.6931471805599454
sean:1.6931471805599454
oliver:1.6931471805599454
subject:1.0
descrambling:1.0
channels:1.0
live:1.0
british:1.0
columbia:1.0
canada.the:1.0
cable:1.6931471805599454
company:1.0
use:1.6931471805599454
called:1.0
rogers:1.0
anyone:1.0
know:1.0
scrambling:1.0
techniques:1.0
ways:1.0
getting:1.0
around:1.0
suggestions:1.0
might:1.0
internet:1.0
address:1.0
a8647:1.0
mindlink:1.0
bbs:1.0
604:1.0
576-1412:1.0
