fuchs:1.6931471805599454
tsar.princeton.edu:1.0
ira:1.0
h:1.0
subject:1.0
removing:1.6931471805599454
battery:1.6931471805599454
corrosion:1.0
readily:1.0
available:1.0
solvent:1.0
good:1.0
job:1.0
corrosion/encrustation:1.0
collects:1.0
terminals:1.0
usually:1.0
cathode:1.0
using:1.6931471805599454
alkaline:1.0
batteries:1.0
accurately:1.0
long:1.0
time:1.0
