jsm:1.0
shade.princeton.edu:1.0
john:1.0
scott:1.6931471805599454
mccauley:1.0
jr:1.0
subject:1.0
get:1.0
rid:1.0
flyback:1.6931471805599454
whine:1.6931471805599454
recently:1.0
took:1.0
apart:1.0
color:1.0
sony:1.0
tv:1.6931471805599454
clean:1.0
volume:1.0
pushbuttons:1.0
put:1.0
beast:1.0
back:1.0
together:1.0
got:1.0
much:1.0
louder:1.0
easy:1.0
fix:2.09861228866811
part:1.0
resonating:1.0
heard:1.0
rumors:1.0
spray:1.0
noise:1.0
simple:1.0
thing:1.0
repairman:1.0
thanks:1.0
