squish:1.6931471805599454
endor.uucp:1.6931471805599454
shishin:1.6931471805599454
yamada:1.6931471805599454
subject:1.0
atari:2.9459101490553135
2600:3.0794415416798357
processors:1.0
article:1.6931471805599454
1r7e14:1.0
l2c:1.0
sunb.ocs.mq.edu.au:1.0
ifarqhar:1.0
laurel.ocs.mq.edu.au:1.0
ian:2.09861228866811
farquhar:1.0
writes:2.09861228866811
1993apr21.081317.599:1.0
das.harvard.edu:1.0
used:2.09861228866811
6502:2.09861228866811
cpu:1.0
like:1.6931471805599454
entire:1.0
8-bit:1.0
line:2.09861228866811
400:1.0
800,1200,1400:1.0
1440:1.0
130xe:1.0
65xe:1.0
computers:2.09861228866811
well:1.0
5200:1.0
game:1.0
machine:1.0
wrong:1.6931471805599454
6507:1.6931471805599454
sorry:1.6931471805599454
havent:1.6931471805599454
toyed:1.0
several:1.0
years:2.09861228866811
seen:1.0
insides:1.0
quite:1.6931471805599454
saw:1.0
post:1.0
lagging:1.0
days:1.0
thought:1.0
id:1.0
toss:1.0
0.02:1.0
assume:1.0
functionally:1.0
similar:1.0
also:2.6094379124341005
made:1.6931471805599454
mos:1.0
technologies:1.0
really:1.0
versed:1.0
based:1.6931471805599454
came:1.0
later:2.6094379124341005
extra:1.0
asic:1.6931471805599454
chips:2.09861228866811
basically:1.0
modified:1.0
graphics:1.6931471805599454
pias:1.0
joysticks:1.0
one:2.386294361119891
custome:1.0
chip:2.386294361119891
sense:1.0
word:1.0
understood:1.0
tia:2.09861228866811
sometimes:1.0
known:1.0
6526:1.0
although:1.0
manufacturers:1.0
list:1.0
cia:1.6931471805599454
complex:1.0
interface:2.09861228866811
adapter:2.09861228866811
stands:1.0
television:1.6931471805599454
handles:1.0
sound:1.0
paddles:1.0
minimal:1.0
video:1.0
hardware:1.0
possessed:1.0
refer:1.0
sounds:1.0
awful:1.0
lot:1.6931471805599454
ctia:1.0
color:1.0
early:1.0
models:1.0
upgraded:1.0
gtia:1.6931471805599454
colorful:1.0
literature:1.0
stated:1.0
might:1.6931471805599454
stood:1.0
george:1.0
developer:1.0
standard:1.0
6532:1.0
ram:2.9459101490553135
i/o:1.0
timer:1.6931471805599454
riot:1.6931471805599454
plus:1.0
voltage:1.0
regulator:1.0
memory:1.6931471805599454
serves:1.0
555:1.0
thats:1.0
model:1.6931471805599454
incorporated:1.0
many:1.0
asci:1.0
weight:1.0
machines:1.0
part:1.0
count:1.0
decreased:1.0
according:1.0
servicing:1.0
documentation:1.0
change:1.0
intenally:1.0
much:2.09861228866811
funny:1.0
old:1.6931471805599454
new:1.0
significantly:1.0
heavier:1.0
additionally:1.0
think:1.0
2k:2.09861228866811
4k:2.6094379124341005
8k:1.6931471805599454
rom:1.6931471805599454
games:2.09861228866811
roms:1.0
mapped:1.6931471805599454
upper:1.0
6507s:1.0
address:2.386294361119891
space:2.09861228866811
fine:1.0
16k:1.0
needed:1.0
bank:1.0
switching:1.0
others:1.0
huge:1.0
cartridges:1.6931471805599454
idea:1.0
work:1.6931471805599454
would:1.0
hazard:1.0
guess:1.0
2:1.0
way:1.0
first:1.0
microcontroller:1.0
built:1.0
mc68701:1.0
chipset:1.0
128:2.09861228866811
bytes:2.09861228866811
onboard:1.0
easy:1.0
addtion:1.0
small:1.0
on-board:1.0
eprom:1.0
multiply:1.0
page:1.6931471805599454
0:1.0
pseudo-registers:1.0
1:1.0
stack:1.0
throughout:1.0
bottom:1.0
registers:1.0
sat:1.0
somewhat:1.0
limiting:1.0
carried:1.0
interesting:1.0
provided:1.0
write:1.0
cart:1.0
managed:1.0
mapping:1.0
reads:1.0
range:1.0
another:1.0
time:1.0
scheme:1.0
ate:1.0
scarce:1.0
