hugo:2.09861228866811
cats.ucsc.edu:1.0
calendar:1.0
subject:1.0
universal:1.0
phones:1.0
days:1.0
im:1.6931471805599454
wondering:1.0
tote:1.0
american:1.0
touch:1.0
tone:1.0
phone:1.0
around:1.0
sweden:1.0
germany:1.0
dc:1.0
powered:1.0
buy:1.6931471805599454
special:1.0
adapter:1.0
europe:1.0
question:1.0
general:1.0
electronics:1.0
work:1.0
different:1.0
wall:1.0
plug:1.0
refit:1.0
sure:1.0
id:1.0
would:1.0
trick:1.0
thanks:1.0
