red:2.09861228866811
tina.dei.unipd.it:1.0
piergiorgio:1.0
sartor:1.0
274199/il:1.0
subject:1.0
pals:1.6931471805599454
gals:1.6931471805599454
anyone:1.0
know:1.0
get:1.0
detailed:1.0
information:1.0
please:1.0
reply:1.0
via:1.0
e-mail:1.0
thanks:1.0
lot:1.0
advance:1.0
paola.dei.unipd.it:1.0
maya.dei.unipd.it:1.0
