lhe:1.6931471805599454
sics.se:1.6931471805599454
lars-henrik:1.6931471805599454
eriksson:1.6931471805599454
subject:1.0
universal:1.0
phones:1.0
days:1.0
article:1.6931471805599454
wd.93apr26122020:1.0
sam.cs.tu-berlin.de:1.0
wd:1.0
cs.tu-berlin.de:1.0
wolfgang:1.0
diestelkamp:1.0
writes:1.6931471805599454
1rg36hinnsr6:1.0
darkstar.ucsc.edu:1.0
hugo:1.6931471805599454
cats.ucsc.edu:1.0
calendar:1.0
im:1.6931471805599454
wondering:1.0
tote:1.0
american:1.0
touch:1.0
tone:2.386294361119891
phone:2.09861228866811
around:1.0
sweden:2.09861228866811
germany:1.6931471805599454
dc:1.0
powered:1.0
buy:1.6931471805599454
special:1.0
adapter:1.0
europe:1.0
question:1.0
general:1.0
electronics:1.0
work:1.0
different:1.0
wall:1.0
plug:1.0
refit:1.0
sure:1.6931471805599454
id:1.0
would:1.0
trick:1.0
two:1.0
things:1.0
watch:1.0
think:1.0
holds:1.0
connections:1.0
handle:1.6931471805599454
dialing:1.6931471805599454
make:1.0
set:1.0
pulse:1.0
virtually:1.0
swedish:1.6931471805599454
exchanges:1.6931471805599454
dialling:1.6931471805599454
many:1.0
older:1.0
electromechanical:1.0
modified:1.0
accept:1.0
internet:1.0
institute:1.0
computer:1.0
science:1.0
intnl:1.0
46:1.6931471805599454
8:1.6931471805599454
752:1.6931471805599454
15:1.6931471805599454
09:1.6931471805599454
box:1.0
1263:1.0
telefon:1.0
natl:1.0
08:1.0
s-164:1.0
28:1.0
kista:1.0
fax:1.0
751:1.0
72:1.0
30:1.0
