blumenow:2.09861228866811
underdog.ee.wits.ac.za:1.6931471805599454
warren:2.09861228866811
subject:1.0
rf:1.6931471805599454
communications:1.0
link:2.09861228866811
hi:1.0
problem:1.0
following:1.0
design:1.0
distance:1.0
250:1.0
using:1.0
standard:1.0
rs232:1.0
waves:1.6931471805599454
square:1.0
pulses:1.0
modulating:1.6931471805599454
carrier:1.0
wave:1.0
sinusoidal:1.0
bidirectional:1.0
would:1.0
appreciate:1.0
advice:1.0
type:1.0
techniques:1.0
antennas:1.0
use:1.0
please:1.0
internet:1.0
email:1.0
us:1.0
007gjf3:1.0
witsvma.wits.ac.za:1.6931471805599454
nando:1.0
007bww3:1.0
thank:1.0
much:1.0
advance:1.0
n:1.0
w:1.0
