cyberman:2.09861228866811
toz.buffalo.ny.us:1.6931471805599454
subject:1.0
blue:3.1972245773362196
leds:2.9459101490553135
gladman:1.0
aviv:1.0
said:1.0
04-24-93:1.0
01:51:1.0
ga:2.9459101490553135
order:1.0
emit:1.6931471805599454
light:2.09861228866811
semiconductor:1.0
must:1.0
band:1.6931471805599454
gap:1.6931471805599454
energy:1.0
within:1.0
region:1.0
2.6:1.0
2.8:1.0
electron:1.0
volts:1.0
according:1.0
physical:1.0
electronics:1.0
prof:1.0
cant:1.6931471805599454
get:1.0
led:1.6931471805599454
thats:1.0
dont:1.0
find:1.0
matter:1.0
colour:1.0
say:1.0
found:1.0
ive:1.0
seen:1.0
sold:1.0
typical:1.0
visible:1.0
plastic:1.0
covering:1.0
didnt:1.0
much:1.0
true:1.0
make:1.0
2.80:1.0
digikey:1.0
470nm:1.0
wavelength:1.0
way:1.0
stephen:1.0
mangled:1.0
sun:1.0
04-25-1993:1.0
13:33:46:1.0
think:1.0
640k:1.0
enough:1.0
bill:1.0
gates:1.0
1981:1.0
wave/qwk:1.0
v2.12:1.0
