kpjone01:2.09861228866811
ulkyvx.louisville.edu:1.6931471805599454
subject:1.0
type:1.0
ic:2.09861228866811
greets:1.0
need:1.0
help:1.6931471805599454
identifying:1.6931471805599454
8-pin:1.0
following:1.0
label:1.0
w03563:1.0
9144w4:1.0
would:1.0
greatly:1.0
appreciated:1.0
chip:1.0
kevin:1.6931471805599454
jones:1.0
ulkyvx.ct.louisville.edu:1.0
lab:1.0
supervisor:1.0
computing:1.0
telecommunications:1.0
phone:1.0
502-588-6303:1.0
university:1.0
louisville:1.0
ky:1.0
fax:1.0
502-588-0150:1.0
good:1.0
racist:1.6931471805599454
dead:1.0
