kniha:1.6931471805599454
carson.u.washington.edu:1.6931471805599454
dagmar:1.6931471805599454
amtmann:1.0
subject:1.0
universal:1.0
phones:1.6931471805599454
days:1.0
dont:1.6931471805599454
know:1.6931471805599454
much:1.0
germany:1.0
bought:1.0
phone:1.0
u.s:1.0
mother:1.0
lives:1.0
bratislava:1.0
slovakia:1.0
works:1.0
fine:1.0
problem:1.0
wall:2.09861228866811
jacks:1.6931471805599454
like:1.0
wire:1.0
without:1.0
jack:1.0
end:1.0
sticking:1.0
need:1.0
connect:1.0
wires:1.0
im:1.0
sure:1.0
western:1.0
europe:1.0
may:1.0
hope:1.0
helps:1.0
