ruck:2.9459101490553135
beach.cis.ufl.edu:1.0
john:1.6931471805599454
ruckstuhl:1.6931471805599454
subject:1.0
solvent:2.09861228866811
duct-tape:1.6931471805599454
adhesive:1.6931471805599454
know:1.6931471805599454
long:1.0
shot:1.0
anyone:1.0
use:1.0
clean:1.6931471805599454
carpet:1.6931471805599454
someone:1.0
taped:1.0
wires:1.0
time:1.0
move:1.0
whats:1.0
used:1.0
goop:1.0
coax:1.0
whatever:1.0
barely:1.0
ties:1.0
query:1.0
sci.electronics:1.0
thanks:1.0
help:1.0
best:1.0
regards:1.0
r:1.0
jr:1.0
alpha.ee.ufl.edu:1.0
dept:1.0
electrical:1.0
engineering:1.0
cis.ufl.edu:1.6931471805599454
uflorida:1.0
university:1.0
florida:1.0
sphere:1.6931471805599454
