galen:1.6931471805599454
picea.cfnr.colostate.edu:1.0
watts:1.6931471805599454
subject:1.0
type:1.0
ic:2.09861228866811
article:1.0
1993apr26.104008.1:1.0
ulkyvx.louisville.edu:1.6931471805599454
kpjone01:1.0
writes:1.0
need:1.0
help:1.0
identifying:1.0
8-pin:1.0
following:1.0
label:1.0
w03563:1.6931471805599454
9144w4:2.09861228866811
date:1.6931471805599454
code:1.6931471805599454
none:1.0
books:1.0
list:1.0
tell:1.0
us:1.0
kind:1.0
circuit:1.0
odd:1.0
case:1.0
nte:1.0
says:1.0
9144-60:1.0
reciever:1.0
subsystem:1.6931471805599454
9144-61:1.0
fm:1.0
16:1.0
pin:1.0
packages:1.0
info:1.0
please:1.0
galewn:1.0
kf0yj:1.0
