mgc:1.0
unislc.slc.unisys.com:1.0
marc:1.6931471805599454
christensen:1.6931471805599454
subject:1.0
descrambling:1.0
channels:1.0
sean:1.0
oliver:1.0
sean_oliver:1.0
mindlink.bc.ca:1.0
wrote:1.0
live:1.0
british:1.0
columbia:1.0
canada.the:1.0
cable:2.09861228866811
company:1.0
use:1.6931471805599454
called:1.0
rogers:1.6931471805599454
anyone:1.0
know:1.6931471805599454
scrambling:1.0
techniques:1.0
ways:1.0
getting:1.0
around:1.0
suggestions:1.0
might:1.0
dont:1.0
answer:1.0
question:1.6931471805599454
sure:1.6931471805599454
tool:1.0
libery:1.0
forwarding:1.0
touch:1.0
