me170pjd:1.0
emba-news.uvm.edu.uucp:1.0
peter:1.0
j:1.0
demko:1.0
subject:1.0
removing:1.6931471805599454
battery:1.6931471805599454
corrosion:1.6931471805599454
article:1.0
1993apr25.201129.1239:1.0
princeton.edu:1.0
fuchs:1.6931471805599454
tsar.princeton.edu:1.0
ira:1.0
h:1.0
readily:1.0
available:1.0
solvent:1.0
good:1.0
job:1.0
corrosion/encrustation:1.0
collects:1.0
terminals:1.0
usually:1.0
cathode:1.0
using:1.6931471805599454
alkaline:1.0
batteries:1.0
accurately:1.0
long:1.0
time:1.6931471805599454
generally:1.0
signal:1.0
send:1.0
recyclers:1.0
youre:1.0
desperate:1.0
cheap:1.0
try:1.0
baking:1.0
soda:1.0
wire:1.0
brush:1.0
use:1.0
gloves:1.0
goggles:1.0
please:1.0
