rowley:1.6931471805599454
netcom.com:1.0
thomas:1.0
subject:1.0
voice:1.0
synth:1.0
chips:1.0
alltronics:1.0
san:1.0
jose:1.0
408:1.0
943-9773:1.0
sells:1.6931471805599454
votrax:1.0
sc-01:1.0
speech:1.6931471805599454
synthesis:1.0
chip:1.6931471805599454
5.00:1.0
also:1.0
noticed:1.0
radio:1.0
shack:1.0
isd:1.0
store:1.0
small:1.0
amounts:1.0
digitized:1.0
good:1.0
luck:1.0
