u95_dgold:1.0
vaxc.stevens-tech.edu:1.0
subject:1.0
emi:1.6931471805599454
filter:1.6931471805599454
whats:1.6931471805599454
could:1.0
someone:1.0
tell:1.0
cornell-dubilier:1.0
fil:1.0
3363-001:1.0
rated:1.0
13a:1.0
115/250vac:1.0
50/60hz:1.0
movs:1.0
ferrite:1.0
dave:1.0
n2mxx:1.0
stevens:1.0
institute:1.0
technology:1.0
hoboken:1.0
new:1.0
jersey:1.0
