bsc_graham:1.6931471805599454
vd.seqeb.gov.au:1.0
subject:1.0
fm:2.09861228866811
transmitter:2.09861228866811
ics:1.0
help:1.6931471805599454
trying:1.0
design:1.0
small:1.0
90mw:1.0
472mhz:1.0
remote:1.0
alarm:1.0
use:1.0
ic:1.0
available:1.0
used:1.0
purpose:1.0
circuits:1.0
info:1.0
etc:1.0
greatfully:1.0
accepted:1.0
please:1.0
reply:1.0
seqeb.gov.au:1.0
thanks:1.0
advance:1.0
graham:1.0
castledine:1.0
