malmedal:2.09861228866811
ulke.dhmolde.no:1.0
terje:1.6931471805599454
subject:1.0
ranger2.0:1.0
shareware:1.6931471805599454
hello:1.0
last:1.0
issue:1.0
electronics:1.0
world:1.0
describes:1.0
ranger:1.0
2.0:1.0
pcb:1.0
cad:1.0
program:1.6931471805599454
according:1.0
article:1.0
crippled:1.0
version:1.0
available:1.0
anybody:1.0
know:1.0
ftp:1.0
sites/bbses:1.0
may:1.0
found:1.0
thanks:1.0
advance:1.0
unix01.dhmolde.no:1.0
