wesw:1.6931471805599454
sr.hp.com:1.6931471805599454
wes:1.6931471805599454
whiteley:1.6931471805599454
subject:1.0
solvent:1.0
duct-tape:1.0
adhesive:1.0
used:1.0
product:1.0
called:1.0
goof-off:1.0
comes:1.0
little:1.0
yellow:1.0
size:1.0
deck:1.0
playing:1.0
cards:1.0
worked:1.0
well:1.0
removing:1.0
kinds:1.0
sticker:1.0
tape:1.0
residues:1.0
note:1.0
always:1.0
test:1.0
small:1.0
area:1.0
inconspicuous:1.0
place:1.0
using:1.0
good:1.0
luck:1.0
707:1.0
577-5292:1.0
