gvolk:1.0
nyx.cs.du.edu:1.0
greg:1.0
volk:1.0
subject:1.0
solvent:1.0
duct-tape:1.0
adhesive:1.0
usually:1.0
use:1.6931471805599454
stuff:1.6931471805599454
good:1.0
glass:1.6931471805599454
either:1.0
acetone:1.0
little:1.0
benzene:1.0
latter:1.0
two:1.6931471805599454
bit:1.0
dangerous:1.0
possibly:1.0
carcinogen:1.0
sp:1.0
usualy:1.0
gets:1.0
job:1.0
done:1.0
imagine:1.0
solvents:1.0
metals:1.0
well:1.0
keep:1.0
away:1.0
plastic:1.0
better:1.0
yet:1.0
may:1.0
want:1.0
go:1.0
local:1.0
hardware:1.0
store:1.0
ask:1.0
