wlsmith:1.0
valve.heart.rri.uwo.ca:1.0
wayne:1.0
smith:1.0
subject:1.0
pre-fab:1.0
pc:2.09861228866811
case/power:1.0
supplies:1.6931471805599454
csa/ul/fcc:1.6931471805599454
stuff:1.0
kind:1.0
approval:2.09861228866811
60:1.0
mail-order:1.6931471805599454
computer:1.0
cases:1.6931471805599454
power:2.09861228866811
assume:1.0
certification:2.09861228866811
process:1.0
small-scale:1.0
custom:1.0
hardware:1.0
ie:1.0
digital/analog:1.0
circuitry:1.0
reduced:1.0
even:1.6931471805599454
eliminated:1.0
use:2.09861228866811
case:1.0
certified:1.6931471805599454
supply:1.6931471805599454
also:1.0
assuming:1.0
satisfied:1.0
requirements:1.0
csa/ul:1.0
possibly:1.0
fcc:2.09861228866811
well:1.0
satisfy:1.0
necessary:1.0
scientific:1.0
non-commercial/non-residential:1.0
