dhollman:1.0
phage.cshl.org:1.0
cshl:1.0
subject:1.0
disks:1.0
copy:1.0
protected:1.0
still:1.0
think:1.0
major:1.0
point:1.0
missed:1.0
worried:1.0
software:1.6931471805599454
pirates:1.0
nothing:1.0
stop:1.0
people:1.0
crack:1.6931471805599454
mostly:1.0
games:1.0
daily:1.0
fun:1.6931471805599454
usually:1.0
find:1.0
around:1.0
anything:1.0
especially:1.0
manufacturer:1.0
leaves:1.0
hole:1.0
thing:1.0
yet:1.0
