nilesh:2.386294361119891
shakti.ncst.ernet.in:1.6931471805599454
parikh:1.6931471805599454
subject:1.0
help:1.0
wanted:1.0
pinouts:1.6931471805599454
oki:2.09861228866811
58321:1.6931471805599454
rtc:1.6931471805599454
anybody:1.0
send:1.0
real:1.0
time:1.0
clock:1.0
ic:1.6931471805599454
semiconductors:1.0
wish:1.0
know:1.0
inbuilt:1.0
crystal:1.6931471805599454
rather:1.0
external:1.0
32.768khz:1.0
thanks:1.0
advance:1.0
