blockley:2.386294361119891
csu.murdoch.edu.au:1.0
adrian:1.6931471805599454
subject:1.0
programming:1.0
motorola:1.0
xc68hc705p9:1.0
anyone:1.0
successfully:1.0
programmed:1.0
beast:1.0
using:1.0
bootloader:1.0
pgm:1.0
circuit:1.0
described:1.0
little:1.0
green:1.0
handbook:1.0
pg:1.0
9-1:1.0
dan:1.0
may:1.0
say:1.0
something:1.0
profound:1.0
environmental:1.0
science:1.0
one:1.0
day:1.0
murdoch:1.0
university:1.0
western:1.0
australia:1.0
6153:1.0
essun1.murdoch.edu.au:1.0
phone:1.0
09-360:1.0
2737:1.0
