jtsilla:1.6931471805599454
damon.ccs.northeastern.edu:1.6931471805599454
james:1.6931471805599454
tsillas:1.6931471805599454
subject:1.0
universal:1.0
phones:1.0
days:1.0
sent:1.0
2400:1.0
baud:1.0
modem:1.0
cousin:1.0
greece:1.0
u.s:1.6931471805599454
working:1.0
fine:1.0
also:1.0
worked:1.0
jim:1.6931471805599454
work:1.0
508:1.0
898-2800:1.0
home:1.0
617:1.0
641-0513:1.0
hop:1.0
pop:1.0
dr:1.0
seuss:1.0
