baden:2.6094379124341005
sys6626.bison.mb.ca:1.6931471805599454
de:1.6931471805599454
bari:1.6931471805599454
subject:1.0
fax:1.6931471805599454
machine:1.6931471805599454
scanners:2.09861228866811
mono-computer:1.0
wondering:1.0
since:1.0
ive:1.0
got:1.0
intact:1.0
could:1.0
integrated:1.0
pc:1.0
environment:1.0
mono-scanner:1.0
start:1.0
thanks:1.0
inspiration:1.0
comes:1.0
inqmind.bison.mb.ca:1.0
seek:1.0
unknown:1.0
