u9035710:1.6931471805599454
wraith.cs.uow.edu.au:1.6931471805599454
scott:1.6931471805599454
anthony:1.0
barnett:1.0
subject:1.0
filter:2.09861228866811
design:1.6931471805599454
software:1.0
ibm-pc:1.0
anyone:1.6931471805599454
got:1.0
active:1.0
program:1.0
runs:1.0
ibm:1.0
pc:1.0
something:1.0
easily:1.0
let:1.0
specify:1.0
bandpass:1.0
parameters:1.0
give:1.0
appropriate:1.0
component:1.0
values:1.0
public:1.0
domain:1.0
one:1.0
could:1.0
mail:1.0
thanks:1.0
advance:1.0
p.s:1.0
run:1.0
windows:1.0
necessary:1.0
