baden:2.6094379124341005
sys6626.bison.mb.ca:1.6931471805599454
de:1.6931471805599454
bari:1.6931471805599454
subject:1.0
phosphorescent:1.0
pads:2.09861228866811
ago:1.0
saw:1.0
translucent:1.0
6:1.0
x8:1.0
could:1.0
plugged:1.0
something:1.0
would:1.6931471805599454
glow:1.0
one:1.0
red:1.0
another:1.6931471805599454
green:1.0
blue:1.0
interresting:1.0
wondering:1.0
anyone:1.0
feed:1.0
anything:1.0
nature:1.0
price:1.0
oh:1.0
rubber-like:1.0
floppy:1.0
like:1.0
1cm:1.0
thick:1.0
thanks:1.0
inspiration:1.0
comes:1.0
inqmind.bison.mb.ca:1.0
seek:1.0
unknown:1.0
