baden:2.6094379124341005
sys6626.bison.mb.ca:1.6931471805599454
de:1.6931471805599454
bari:1.6931471805599454
subject:1.0
pc:1.6931471805599454
parallel:1.0
i/o:1.0
erickson:1.6931471805599454
azure.nmt.edu:1.0
alan:1.0
writes:1.0
im:1.6931471805599454
trying:1.0
bring:1.6931471805599454
8:1.0
bits:1.6931471805599454
would:1.6931471805599454
like:1.0
use:1.0
interrupt-driven:1.0
routines:1.0
without:1.0
buying:1.0
io:1.0
board:1.6931471805599454
making:1.6931471805599454
new:1.6931471805599454
port:2.791759469228055
lpt:1.0
seems:1.0
inputs:1.6931471805599454
ive:1.0
heard:1.0
rumours:1.0
lpts:1.6931471805599454
bidirectional:1.0
lines:2.6094379124341005
anybody:1.0
know:1.6931471805599454
fer:1.0
sure:1.0
bi-d:1.0
boards:1.0
ill:1.0
running:1.0
386dx-33:1.0
yes:1.0
possible:1.0
7:1.6931471805599454
stepper:1.0
controller:1.0
digital:1.6931471805599454
18:1.0
outputs:1.0
one:1.0
main:1.0
thing:1.0
tell:1.0
whether:1.0
bi-directional:1.6931471805599454
bus:1.0
tranceiver:1.0
look:1.0
chip:1.0
numbered:1.0
74ls245:1.0
dont:1.0
probably:1.0
74ls244:1.0
good:1.0
reading:1.0
245:1.0
following:1.0
first:1.0
find:1.0
address:2.09861228866811
decimal:1.6931471805599454
either:1.6931471805599454
888:1.6931471805599454
632:1.0
pascal:1.6931471805599454
write:1.0
xxx:2.09861228866811
hex:1.0
status:1.6931471805599454
pins:1.0
14:1.0
16:1.0
17:1.0
well:1.0
strobe:1.0
pin:1.0
1:1.0
read:2.09861228866811
base:1.0
2:1.0
890:1.0
also:1.0
output:1.0
fashion:1.0
data:1.0
value:1.0
hope:1.0
helps:1.0
let:1.0
need:1.0
help:1.0
inspiration:1.0
comes:1.0
inqmind.bison.mb.ca:1.0
seek:1.0
unknown:1.0
