baden:2.6094379124341005
sys6626.bison.mb.ca:1.6931471805599454
de:1.6931471805599454
bari:1.6931471805599454
subject:1.0
wanting:1.0
3479ps:1.0
anyone:1.0
would:1.0
low:1.0
quantity:1.0
distributer:1.0
little:1.0
beasts:1.0
3479p:1.0
motorola:1.0
please:1.0
let:1.0
know:1.0
inqmind.bison.mb.ca:1.0
true:1.0
life:1.0
experianced:1.0
fear:1.0
death:1.0
