jmichael:1.0
vnet.ibm.com:1.0
subject:1.0
solvent:2.09861228866811
duct-tape:1.0
adhesive:1.0
acetone:1.0
likely:1.0
damage:1.0
carpet:1.0
first:1.0
try:2.09861228866811
denatured:1.6931471805599454
alcohol:2.9459101490553135
waste:1.0
time:1.0
rubbing:1.0
use:1.6931471805599454
methyl:1.0
instead:1.0
want:1.0
cocktail:1.0
removing:1.0
goo:1.0
pure:1.0
grain:1.0
work:1.6931471805599454
carbon:1.0
tetrachloride:1.0
neither:1.0
may:1.0
need:1.0
stronger:1.0
works:1.0
adhesives:1.0
good:1.0
luck:1.0
jim:1.0
