rbhurtha:1.0
cs1.uct.ac.za:1.0
r:1.0
bhurtha:1.0
subject:1.0
hd-tv:1.6931471805599454
sound:1.6931471805599454
systems:1.6931471805599454
would:1.0
like:1.0
get:1.0
information:1.0
current:1.0
used:1.0
systems.thanks:1.0
