mcole:1.6931471805599454
spock:1.0
cole:1.0
subject:1.0
disk:1.0
drive:1.6931471805599454
read:1.0
write:1.6931471805599454
working:1.0
project:1.0
need:1.0
information:1.6931471805599454
regarding:1.0
currents:1.6931471805599454
head:1.0
needed:1.0
hard:1.0
produced:1.0
reading:1.0
anyone:1.0
would:1.0
much:1.0
appreciated:1.0
nmsu.edu:1.0
