pguello:1.0
uwsuper.edu:1.0
paul:1.0
guello:1.0
subject:1.0
solvent:1.6931471805599454
duck:1.0
tape:1.0
adhesive:1.0
want:1.0
try:1.0
non-toxic:1.0
theres:1.0
one:1.6931471805599454
made:1.0
citrus:1.0
works:1.0
well:1.0
doesnt:1.0
take:1.0
skin:1.0
process:1.0
brand:1.0
name:1.0
ive:1.0
used:1.0
citra-solve:1.0
others:1.0
