deaddio:2.386294361119891
ski.bellcore.com:1.0
michael:1.6931471805599454
subject:1.0
acceleration:2.09861228866811
sensor:1.6931471805599454
anyone:1.0
know:1.0
type:1.0
electrical:1.0
output:1.0
sort:1.0
would:1.0
sense:1.0
one:1.0
direction:1.0
thanx:1.0
mike:1.0
mts:1.0
work:1.0
hard:2.09861228866811
play:1.0
bell:1.0
communication:1.0
research:1.0
problem:1.0
thumper.bellcore.com:1.0
playing:1.0
makes:1.0
201-829-5024:1.0
working:1.0
harder:1.0
mre:1.0
2q-260:1.0
