inelson:1.6931471805599454
gopher.cc.ucf.edu:1.0
ian:1.6931471805599454
nelson:1.6931471805599454
r:1.0
ibm:1.0
consultant:1.0
subject:1.0
old:1.6931471805599454
schematics:1.0
wonder:1.0
anyone:1.0
would:1.0
know:1.0
could:1.0
find:1.0
schematic:1.0
timex-sinclare:1.0
sp:1.0
computer:1.0
even:1.0
pin:1.0
expansion:1.0
bus:1.0
thanks:1.0
advance:1.0
ucf1vm.cc.ucf.edu:1.0
