zlau:2.09861228866811
arrl.org:2.09861228866811
zack:2.09861228866811
lau:2.09861228866811
subject:1.0
circuit:1.6931471805599454
boards:3.0794415416798357
green:2.09861228866811
sci.electronics:1.0
swanee:1.6931471805599454
megadata.mega.oz.au:1.0
geoff:1.6931471805599454
swan:1.6931471805599454
writes:1.0
rubbish:1.0
reason:1.6931471805599454
colour:1.6931471805599454
depends:1.0
solder:2.9459101490553135
may:1.0
1993:1.0
cover:1.0
qst:1.0
picture:1.0
three:1.0
different:1.6931471805599454
without:1.0
mask:3.0794415416798357
tell:1.0
copper:1.0
colored:1.0
traces:2.09861228866811
box:1.6931471805599454
labeled:1.0
2304:1.0
transverter:1.0
brown:1.0
teflon/glass:1.0
board:2.386294361119891
one:1.6931471805599454
center:1.0
grayish:1.0
exposed:1.0
left:1.0
fiberglass:1.0
looks:1.0
see:1.0
putting:1.0
used:2.386294361119891
covers:1.0
wonder:1.0
manufacturer:1.0
actually:1.0
puts:1.0
low:1.0
noise:1.0
microwave:1.6931471805599454
preamps:1.0
often:1.0
circuits:1.6931471805599454
odd:1.0
bits:1.0
wire/foil/metal:1.0
attached:1.0
wherever/whatever:1.0
necessary:1.0
make:2.09861228866811
unit:1.0
work:1.0
properly:1.0
commercial:1.0
product:1.0
would:1.0
certainly:1.0
tougher:1.0
never:1.0
mind:1.0
finding:1.0
something:1.0
minimally:1.0
degrades:1.0
q:1.6931471805599454
dope:1.0
coils:1.0
improve:1.0
holds:1.0
things:1.0
together:1.0
minimal:1.0
loss:1.0
kh6cp/1:1.6931471805599454
internet:1.6931471805599454
working:1.6931471805599454
24:1.6931471805599454
ghz:2.791759469228055
ssb/cw:1.6931471805599454
gear:1.6931471805599454
operating:1.6931471805599454
interests:1.6931471805599454
10:2.386294361119891
cw/ssb/fm:1.6931471805599454
us:1.6931471805599454
mail:1.6931471805599454
c/o:1.6931471805599454
arrl:1.6931471805599454
lab:1.6931471805599454
80/40/20:1.6931471805599454
cw:1.6931471805599454
225:1.6931471805599454
main:1.6931471805599454
street:1.6931471805599454
station:1.6931471805599454
capability:1.6931471805599454
qrp:1.6931471805599454
1.8:1.6931471805599454
mhz:1.6931471805599454
newington:1.6931471805599454
ct:1.6931471805599454
06111:1.6931471805599454
modes:1.6931471805599454
cw/ssb/fm/packet:1.6931471805599454
amtor/baudot:1.6931471805599454
phone:1.6931471805599454
really:1.6931471805599454
203-666-1541:1.6931471805599454
older:1.0
bakelite:1.0
phenolic:1.0
rarely:1.0
suited:1.0
well:1.0
automatic:1.0
stuffing:1.0
soldering:1.6931471805599454
techniques:1.0
hence:1.0
compound:1.0
days:1.0
made:1.0
fibreglass:1.0
general:1.0
purpose:1.0
uses:1.0
applied:2.386294361119891
prevent:1.6931471805599454
close:1.0
shorting:1.0
another:1.6931471805599454
also:1.0
decomposition:1.0
harsh:1.0
environments:1.0
light:1.0
dark:1.0
ofter:1.0
seen:1.0
dry:1.0
film:1.6931471805599454
usually:1.0
complete:1.0
photographically:1.0
produced:1.0
blue:1.0
red:1.0
orange:1.0
two-part:1.0
epoxy:1.0
liquid-imageable:1.0
resist:1.0
formulation:1.0
manner:1.0
theres:1.0
lot:1.0
info:1.0
pros:1.0
cons:1.0
thats:1.0
story:1.0
sla/n:1.0
go:1.0
fo/ill:1.0
risky:1.0
b:1.0
research:1.0
development:1.0
mega.com.au:1.0
megadata:1.0
pty:1.0
ltd:1.0
2/37:1.0
waterloo:1.0
rd:1.0
north:1.0
ryde:1.0
61:1.6931471805599454
2:1.6931471805599454
805:1.0
0899:1.0
nsw:1.0
2113:1.0
australia:1.0
v:1.0
fax:1.0
887:1.0
4847:1.0
