jeffj:1.6931471805599454
cbnewsm.cb.att.com:1.0
jeffrey.n.jones:1.0
subject:1.0
spice:1.6931471805599454
xt:2.09861228866811
co-processer:1.6931471805599454
want:1.6931471805599454
run:1.6931471805599454
learn:1.0
amplifiers:1.0
oscilators:1.0
version:1.0
math:1.0
get:1.0
thanks:1.0
help:1.0
jeff:1.6931471805599454
jones:1.0
ab6mb:1.0
oppose:1.0
north:1.0
american:1.0
free:1.6931471805599454
trade:1.6931471805599454
agreement:1.0
seeker.mystic.com:1.0
canada/usa:1.0
cost:1.0
canada:1.0
400,000:1.0
jobs:1.0
infolinc:1.0
bbs:1.0
415-778-5929:1.0
guess:1.0
many:1.0
well:1.0
lose:1.0
mexico:1.0
