me170pjd:1.6931471805599454
emba-news.uvm.edu.uucp:1.0
peter:1.6931471805599454
j:1.6931471805599454
demko:1.6931471805599454
subject:1.0
pc:1.6931471805599454
parallel:1.0
i/o:1.0
article:1.0
qekn3b4w165w:1.0
sys6626.bison.mb.ca:2.09861228866811
baden:2.6094379124341005
de:1.6931471805599454
bari:1.6931471805599454
erickson:1.6931471805599454
azure.nmt.edu:1.0
alan:1.0
writes:1.0
im:2.09861228866811
trying:1.0
bring:1.6931471805599454
8:1.6931471805599454
bits:2.09861228866811
would:1.6931471805599454
like:1.0
use:1.0
interrupt-driven:1.0
routines:1.0
without:1.0
buying:1.0
io:1.0
board:1.6931471805599454
making:1.6931471805599454
new:1.6931471805599454
port:2.791759469228055
lpt:1.0
seems:1.0
inputs:1.6931471805599454
ive:1.0
heard:1.0
rumours:1.0
lpts:1.6931471805599454
bidirectional:1.0
lines:2.6094379124341005
anybody:1.0
know:1.6931471805599454
fer:1.0
sure:1.0
bi-d:1.0
boards:1.0
ill:1.0
running:1.0
386dx-33:1.0
yes:1.0
possible:1.0
7:1.6931471805599454
stepper:1.6931471805599454
controller:1.0
digital:1.6931471805599454
18:1.0
outputs:1.6931471805599454
one:1.0
main:1.0
thing:1.0
tell:1.0
whether:1.0
bi-directional:1.6931471805599454
bus:1.0
tranceiver:1.0
look:1.0
chip:1.0
numbered:1.0
74ls245:1.0
dont:1.0
probably:1.0
74ls244:1.0
good:1.0
reading:1.0
245:1.0
following:1.0
first:1.0
find:1.0
address:2.09861228866811
decimal:1.6931471805599454
either:1.6931471805599454
888:1.6931471805599454
632:1.0
pascal:1.6931471805599454
write:1.0
xxx:2.09861228866811
hex:1.0
status:1.6931471805599454
pins:1.0
14:1.0
16:1.0
17:1.0
well:1.0
strobe:1.0
pin:1.0
1:1.0
read:2.09861228866811
base:1.0
2:1.0
890:1.0
also:1.6931471805599454
output:2.09861228866811
fashion:1.0
data:1.0
value:1.0
hope:1.0
helps:1.0
let:1.0
need:1.0
help:1.0
inspiration:1.0
comes:1.0
inqmind.bison.mb.ca:1.0
seek:1.0
unknown:1.0
happens:1.0
youve:1.0
helped:1.0
quite:1.0
bit:1.0
considering:1.0
building:1.0
similar:1.0
device:1.0
something:1.0
summer:1.0
idea:1.0
code:1.0
multiple:1.0
2-bit:1.0
current-amplified:1.0
channels:1.0
software:1.0
handle:1.6931471805599454
way:1.0
amplified:1.0
manipulated:1.0
magic:1.0
box:1.6931471805599454
applications:1.0
motors:1.0
looking:1.0
robot:1.0
arm:1.0
cheap:1.0
attach:1.0
wow:1.0
impress:1.0
friends:1.0
hints:1.0
uvm.edu:1.0
