ftqz:1.0
aurora.alaska.edu:1.0
subject:1.0
looking:1.0
good:1.0
book:1.0
pspice:1.0
5.2:1.6931471805599454
article:1.0
c65egz.bg1:1.0
acsu.buffalo.edu:1.0
v064mb9k:1.0
ubvmsb.cc.buffalo.edu:1.0
neil:1.6931471805599454
b:1.0
gandler:1.6931471805599454
writes:1.0
got:1.0
copy:1.0
spice:1.0
would:1.6931471805599454
like:1.0
know:1.0
published:1.0
books:1.0
market:1.0
yet:1.0
could:1.0
get:1.0
one:1.0
appreciate:1.0
help:1.0
thank:1.0
isbn:1.0
0-13-747270-6:1.0
