rdell:1.0
cbnewsf.cb.att.com:1.0
richard.b.dell:1.0
subject:1.0
lead:1.6931471805599454
acid:1.0
batteries:1.0
part:1.0
2:1.0
article:1.6931471805599454
1993apr27.211036.1:1.0
ulkyvx.louisville.edu:2.09861228866811
jhwhit01:1.6931471805599454
writes:1.6931471805599454
1993apr26.221422.17208:1.0
mprgate.mpr.ca:1.6931471805599454
vanderby:1.0
david:1.0
vanderbyl:1.0
lots:1.0
stuff:1.0
deleted:1.6931471805599454
lead-acid:1.0
secondary:1.0
cell:1.0
discharge:1.6931471805599454
reaction:1.6931471805599454
exothermic:1.0
glad:1.0
dispute:1.0
point:1.0
dont:1.0
want:1.0
storage:2.09861228866811
battery:2.9459101490553135
stored:1.0
charged:1.0
state:1.6931471805599454
equilibrium:1.0
winter:1.6931471805599454
ground:2.09861228866811
covered:1.0
concrete:2.386294361119891
dirt:1.6931471805599454
wood:1.6931471805599454
maintains:1.0
cooler:1.6931471805599454
temperature:3.302585092994046
average:1.6931471805599454
surrounding:1.6931471805599454
air:3.0794415416798357
heat:2.386294361119891
capacity:1.0
less:1.0
heats:1.0
faster:1.6931471805599454
conversely:1.0
cools:1.0
normal:1.0
procedure:1.0
leave:1.0
unheated:1.6931471805599454
garage:1.0
basement:1.6931471805599454
surface:1.0
often:1.0
somewhere:1.0
in-between:1.0
e.g:1.0
may:1.0
70:1.0
f:2.09861228866811
floor:2.386294361119891
65:1.0
66:1.0
higher:1.0
going:1.6931471805599454
move:1.6931471805599454
gradient:1.0
lower:1.0
incredible:1.0
sink:1.0
might:1.0
depend:1.0
live:1.0
know:1.0
locally:1.0
within:1.0
sheds:1.0
garages:1.0
signifacantly:1.0
warmer:2.09861228866811
get:1.0
day:1.0
night:1.0
definitely:1.0
especially:1.0
protected:1.0
walls:1.0
albedo:1.0
effect:1.0
nights:1.0
longer:1.0
several:1.0
hours:1.0
days:1.0
rest:1.0
quoted:1.0
text:1.0
jeff:1.0
white:1.0
richard:1.0
dell:1.0
