rdell:1.6931471805599454
cbnewsf.cb.att.com:1.6931471805599454
richard.b.dell:1.6931471805599454
subject:1.0
lead:2.09861228866811
acid:1.6931471805599454
batteries:2.09861228866811
part:1.0
2:1.0
article:2.386294361119891
c6728h.luy:1.0
cbfsb.cb.att.com:1.0
writes:2.09861228866811
1993apr27.211036.1:1.0
ulkyvx.louisville.edu:2.09861228866811
jhwhit01:1.6931471805599454
1993apr26.221422.17208:1.0
mprgate.mpr.ca:1.6931471805599454
vanderby:1.0
david:1.0
vanderbyl:1.0
lots:1.0
stuff:1.0
deleted:1.6931471805599454
lead-acid:1.0
secondary:1.0
cell:1.0
discharge:1.6931471805599454
reaction:1.6931471805599454
exothermic:1.6931471805599454
glad:1.0
dispute:1.0
point:1.0
dont:1.0
want:1.0
storage:2.09861228866811
battery:3.0794415416798357
stored:1.0
charged:1.0
state:1.6931471805599454
equilibrium:1.0
winter:1.6931471805599454
ground:2.09861228866811
covered:1.0
concrete:2.6094379124341005
dirt:1.6931471805599454
wood:1.6931471805599454
maintains:1.0
cooler:1.6931471805599454
temperature:3.4849066497880004
average:1.6931471805599454
surrounding:1.6931471805599454
air:3.0794415416798357
heat:3.0794415416798357
capacity:1.0
less:1.0
heats:1.0
faster:1.6931471805599454
conversely:1.0
cools:1.0
normal:1.0
procedure:1.0
leave:1.0
unheated:1.6931471805599454
garage:1.0
basement:1.6931471805599454
surface:1.0
often:1.0
somewhere:1.0
in-between:1.0
e.g:1.0
may:1.6931471805599454
70:1.0
f:2.09861228866811
floor:2.6094379124341005
65:1.0
66:1.0
higher:1.0
going:1.6931471805599454
move:1.6931471805599454
gradient:1.0
lower:1.0
incredible:1.0
sink:1.6931471805599454
might:2.09861228866811
depend:1.0
live:1.0
know:1.0
locally:1.0
within:1.0
sheds:1.0
garages:1.0
signifacantly:1.0
warmer:2.09861228866811
get:1.0
day:1.0
night:1.0
definitely:1.0
especially:1.0
protected:1.0
walls:1.0
albedo:1.0
effect:1.6931471805599454
nights:1.0
longer:1.0
several:1.0
hours:1.0
days:1.0
rest:1.0
quoted:1.0
text:1.0
jeff:1.0
white:1.0
richard:1.6931471805599454
dell:1.6931471805599454
sorry:1.0
following:1.0
wanted:1.0
continue:1.0
missed:1.0
important:1.0
thing:1.0
differences:1.0
per:1.0
se:1.0
action:1.0
sinking:1.0
perhap:1.0
someone:1.0
could:1.0
conduct:1.0
experiment:1.0
taking:1.0
two:1.0
identical:1.0
placing:1.0
wooden:1.0
shelves:1.0
putting:1.0
one:1.6931471805599454
water:1.0
bath:1.0
designed:1.0
act:1.0
would:1.0
eliminate:1.0
keep:1.0
ambient:1.0
think:1.0
argument:1.0
temperatures:1.0
pertinent:1.0
conductance:1.0
removing:1.0
validity:1.0
