andrey:1.6931471805599454
cco.caltech.edu:1.6931471805599454
andre:2.09861228866811
yew:1.6931471805599454
subject:1.0
16:1.0
million:1.0
vs:1.0
65:1.0
thousand:1.0
colors:2.09861228866811
d9hh:1.0
dtek.chalmers.se:1.0
henrik:1.0
harmsen:1.0
writes:1.0
1-4:1.0
bits:2.09861228866811
per:1.6931471805599454
r/g/b:1.6931471805599454
gives:1.6931471805599454
horrible:1.0
machbanding:2.386294361119891
visible:2.09861228866811
almost:1.6931471805599454
picture:2.09861228866811
5:1.0
32768:1.0
65000:1.0
color-gradient:1.6931471805599454
color-resolution:1.0
see:2.09861228866811
small:1.0
smooth:1.6931471805599454
situiations:1.0
get:1.0
mach-banding:1.6931471805599454
even:1.0
24:1.0
bit:1.0
card:1.0
create:1.0
color:1.6931471805599454
gradient:1.0
dark-green-white-yellow:1.0
something:1.0
turn:1.0
contrast:1.0
monitor:1.0
probably:1.0
dont:1.6931471805599454
mean:1.0
damn:1.0
henriks:1.0
attempt:1.0
helpful:1.0
hes:1.0
using:1.0
common:1.0
misconception:1.0
corrected:1.0
mach:1.0
banding:1.0
occur:1.0
image:1.0
quantization:1.0
enough:1.0
human:1.0
eyes:1.0
response:1.0
transitions:1.0
edges:1.0
intensities:1.0
result:1.0
near:1.0
transistion:1.0
look:1.0
brighter:1.6931471805599454
side:1.6931471805599454
darker:1.6931471805599454
131.215.139.2:1.0
