oehler:2.386294361119891
picard.cs.wisc.edu:1.6931471805599454
eric:1.6931471805599454
subject:1.0
translating:1.6931471805599454
tttddd:1.6931471805599454
dxf:1.6931471805599454
swiv3d:1.0
mac-user:1.0
comes:1.0
graphics:1.0
thats:1.0
software:1.6931471805599454
hardware:1.0
ive:1.0
recently:1.0
come:1.0
across:1.0
large:1.0
number:1.0
format:1.0
modeling:1.0
databases:1.0
mac:1.0
unix:1.0
something:1.0
could:1.0
use:1.0
like:1.0
please:1.0
reply:1.0
via:1.0
email:1.0
thanx:1.0
