joth:1.6931471805599454
ersys.edmonton.ab.ca:1.6931471805599454
joe:2.09861228866811
tham:2.09861228866811
subject:1.0
find:1.0
sipp:2.09861228866811
recently:1.0
got:1.0
file:1.0
describing:1.0
library:1.6931471805599454
rendering:1.6931471805599454
routines:1.6931471805599454
called:1.0
simple:1.0
polygon:1.0
processor:1.0
could:1.0
anyone:1.0
tell:1.0
ftp:1.0
source:1.0
code:1.0
newest:1.0
version:1.0
around:1.0
also:1.0
ive:1.0
never:1.0
used:1.0
renderman:1.6931471805599454
wondering:1.0
like:1.0
ie:1.0
one:1.0
uses:1.0
make:1.0
program:1.0
creates:1.0
image:1.0
thanks:1.0
