cst:1.6931471805599454
garfield.catt.ncsu.edu:1.6931471805599454
caroline:1.6931471805599454
tsang:1.6931471805599454
subject:1.0
graphics:1.6931471805599454
library:1.6931471805599454
package:1.6931471805599454
hi:1.0
looking:1.0
recommandation:1.0
good:1.6931471805599454
royalty:1.0
free:1.0
c:1.6931471805599454
program:1.0
mainly:1.0
use:1.0
write:1.0
children:1.0
games:1.0
education:1.0
software:1.0
heard:1.0
someone:1.0
mentioned:1.0
genus:1.0
also:1.0
gfx:1.0
please:1.0
pardon:1.0
question:1.6931471805599454
sounds:1.0
little:1.0
strange:1.0
asking:1.0
friend:1.0
thanks:1.0
advance:1.0
