steveq:1.6931471805599454
dialix.oz.au:1.0
steve:1.6931471805599454
quartly:1.0
subject:1.0
wanted:1.0
sird:1.6931471805599454
alogorythmn:1.0
hi:1.0
im:1.0
interested:1.0
writing:1.0
program:1.0
generate:1.0
picture:1.6931471805599454
know:1.6931471805599454
stereogram:1.0
cross:1.0
eyes:1.0
becomes:1.0
3d:1.0
anyone:1.0
one:1.6931471805599454
get:1.0
please:1.0
e-mail:1.0
sndcrft.dialix.oz.au:1.0
replies:1.0
many:1.0
thanks:1.0
help:1.0
q:1.0
