teckjoo:1.6931471805599454
iti.gov.sg:1.6931471805599454
chua:1.6931471805599454
teck:1.6931471805599454
joo:1.6931471805599454
subject:1.0
visuallib:2.386294361119891
3d:1.6931471805599454
graphics:2.09861228866811
windows:1.6931471805599454
currently:1.0
looking:1.0
library:1.0
runs:1.0
ms:1.0
3.1:1.0
libraries:1.0
must:1.0
run:1.6931471805599454
vga:1.0
require:1.0
add-on:1.0
cards:1.0
metaware:1.0
high:1.0
c:1.0
compiler:1.0
v3.0:1.0
email:1.6931471805599454
contact:1.0
author:1.0
help:1.0
would:1.0
much:1.0
appreciated:1.0
thanks:1.0
information:1.0
technology:1.0
institute:1.0
71:1.0
science:1.0
park:1.0
drive:1.0
phone:1.0
65:1.6931471805599454
772-0237:1.0
singapore:1.0
0511:1.0
fax:1.0
779-1827:1.0
