scrowe:1.0
hemel.bull.co.uk:1.0
simon:1.6931471805599454
crowe:1.6931471805599454
subject:1.0
bgi:1.6931471805599454
drivers:2.09861228866811
svga:1.0
require:1.0
super:1.6931471805599454
vga:1.0
displays:1.6931471805599454
xvga:1.0
anyone:1.0
know:1.0
could:1.0
obtain:1.0
relevant:1.0
ftp:1.0
sites:1.0
regards:1.0
