jk87377:1.0
lehtori.cc.tut.fi:1.0
kouhia:1.6931471805599454
juhana:1.6931471805599454
subject:1.0
gray:1.0
levels:2.386294361119891
screen:2.386294361119891
article:1.0
1993apr6.011605.909:1.0
cis.uab.edu:1.6931471805599454
sloan:1.6931471805599454
kenneth:1.0
writes:1.0
didnt:1.0
create:1.0
8:2.09861228866811
grey-level:1.0
images:2.09861228866811
display:1.0
1,2,4,8,16,32,64,128:1.0
time:1.0
slices:1.0
grey:1.0
level:1.6931471805599454
mean:1.0
items:1.0
1bit:1.6931471805599454
work:1.6931471805599454
doesnt:1.0
intensity:1.6931471805599454
non-linear:1.0
2:1.0
bit:1.6931471805599454
per:1.0
pixel:1.0
could:1.0
1*c_1:1.6931471805599454
4*c_2:1.0
timing:1.0
gives:1.0
16:1.6931471805599454
linear:1.6931471805599454
2*c_2:1.0
works:1.0
find:1.0
best:1.6931471805599454
compinations:1.6931471805599454
theres:1.0
10:1.6931471805599454
choises:1.0
must:1.0
chosen:1.0
different:1.0
varies:1.0
keeps:1.0
order:1.0
readers:1.0
verify:1.0
wrote:1.0
