situnaya:1.0
ibm3090.bham.ac.uk:1.0
subject:1.0
help:1.0
wanted:1.0
dmorf:1.6931471805599454
please:1.6931471805599454
bear:1.0
new:1.0
game:1.0
apologize:1.0
unreservedly:1.0
hav:1.0
e:1.0
posted:1.0
another:2.09861228866811
message:1.0
earlier:1.0
mistake:1.0
digress:1.0
could:1.0
anyone:1.0
th:1.0
ere:1.0
explain:1.0
exactly:1.0
dtax.exe:1.0
simply:1.0
fade:1.0
one:1.6931471805599454
bitmap:1.6931471805599454
reshape:1.0
excuse:1.0
ignor:1.0
ance:1.0
