renouar:1.0
amertume.ufr-info-p7.ibp.fr:1.0
renouard:1.0
olivier:1.0
subject:1.6931471805599454
pov:1.6931471805599454
previewer:1.0
actually:1.0
trying:1.0
write:1.0
something:1.0
like:1.0
encounter:1.0
problems:1.0
amongst:1.0
drawing:1.0
3d:1.0
wireframe:1.0
view:1.0
quadric/quartic:1.6931471805599454
requires:1.0
explicit:1.6931471805599454
equation:1.6931471805599454
x:1.0
z:1.0
functions:1.0
parameters:1.0
convert:1.0
implicit:1.0
used:1.0
one:1.0
mathematically:1.0
always:1.0
possible:1.0
dont:1.0
enough:1.0
math:1.0
find:1.0
anybody:1.0
heard:1.0
useful:1.0
books:1.0
