renouar:1.0
amertume.ufr-info-p7.ibp.fr:1.0
renouard:1.0
olivier:1.0
subject:1.0
looking:1.6931471805599454
ctds:1.6931471805599454
cant:1.0
find:1.0
connect:1.0
dots:1.0
smoother:1.0
france:1.0
commercial:1.0
program:1.0
ill:1.0
happily:1.0
pay:1.0
whatever:1.0
may:1.0
cost:1.0
take:1.0
litterally:1.0
please:1.0
help:1.0
lots:1.0
pov:1.0
sources:1.0
texture:1.0
images:1.0
animations:1.0
though:1.0
something:1.0
tell:1.0
