situnaya:1.0
ibm3090.bham.ac.uk:1.0
subject:1.0
none:1.0
set:1.0
bear:1.0
im:1.0
new:1.0
game:1.0
could:1.0
anyone:1.0
explain:1.0
exactly:1.0
dmorf:1.0
simply:1.0
fade:1.0
one:1.6931471805599454
bitmap:1.0
another:1.6931471805599454
shape:1.0
bitma:1.0
p:1.0
please:1.0
excuse:1.0
ignorance:1.0
even:1.0
sure:1.0
ive:1.0
posted:1.0
thi:1.0
message:1.0
correctly:1.0
