stgprao:1.0
st.unocal.com:1.0
richard:1.0
ottolini:1.0
subject:1.0
rumours:1.0
3do:1.0
need:1.0
hit:1.6931471805599454
software:2.09861228866811
product:1.6931471805599454
encourage:1.0
sales:1.0
i.e:1.0
pong:1.0
pacman:1.0
visicalc:1.0
dbase:1.0
pagemaker:1.0
multi-media:1.6931471805599454
digital:1.0
television:1.0
products:1.0
already:1.0
albeit:1.0
capable:1.0
3dos:1.0
compelling:1.0
reasons:1.0
buy:1.0
yet:1.0
perhaps:1.0
someone:1.0
news:1.0
group:1.0
write:1.0
