pallis:1.6931471805599454
server.uwindsor.ca:1.0
dimitrios:1.0
subject:1.0
genoa:1.6931471805599454
blitz:1.0
24:1.0
hits:1.0
1600x1200x256:1.0
ni:1.0
sorry:1.0
card:1.0
nothing:1.0
ati:1.6931471805599454
ultra:1.0
plus:1.6931471805599454
2mb:1.0
cant:1.0
costs:1.0
330:1.0
us:1.0
street:1.0
price:1.0
