sas58295:1.6931471805599454
uxa.cso.uiuc.edu:1.0
lord:1.6931471805599454
soth:1.6931471805599454
subject:1.0
mpeg:1.6931471805599454
ms-dos:1.0
anyone:1.0
know:1.0
ftp:1.0
dos:1.0
thanks:1.0
help:1.0
advance:1.0
email:1.6931471805599454
preferred:1.0
posting:1.0
fine:1.0
scott:1.0
knight:1.0
lordsoth:1.0
uiuc:1.0
black:1.0
rose:1.0
next:1.0
sumter.cso.uiuc.edu:1.0
clue:1.0
want:1.0
say:1.6931471805599454
wont:1.0
anything:1.0
