dsnyder:1.6931471805599454
falcon.aamrl.wpafb.af.mil:2.09861228866811
subject:1.0
real:1.0
time:1.0
graphics:1.0
article:1.6931471805599454
1993apr5.114428.2061:1.0
writes:1.6931471805599454
c4va9r.kk7:1.0
taurus.cs.nps.navy.mil:1.0
stockel:1.6931471805599454
oahu.oc.nps.navy.mil:1.0
jim:1.0
hi:1.0
opps:1.0
typed:1.0
phone:1.0
numbers:1.6931471805599454
wrong:1.0
correct:1.0
commerical:1.0
package:1.6931471805599454
try:1.6931471805599454
wave:1.0
precision:1.0
visuals:1.0
303-530-9000:1.0
free:1.0
khoros:1.0
university:1.0
new:1.0
mexico:1.0
505-277-6563:1.0
ftp:1.6931471805599454
ptrg.eece.unm.edu:1.0
login:1.0
anonyomus:1.0
valid:1.0
email:1.0
address:1.0
password:1.0
cd:1.0
pub/khoros/release:1.0
