ranjan:1.6931471805599454
cs.ubc.ca:1.0
vishwa:1.6931471805599454
subject:1.0
complex:2.09861228866811
i.e:1.0
real:1.0
imaginary:1.0
parts:1.0
bio-medical:1.6931471805599454
images:1.6931471805599454
available:1.0
anywhere:1.0
net:1.0
experimentation:1.0
mean:1.0
every:1.0
sampled:1.0
data:1.0
point:1.0
magnitude:1.0
phase:1.0
information:1.0
thanks:1.0
pointers:1.0
