bsaffo01:1.6931471805599454
cad.gmeds.com:1.6931471805599454
brian:1.6931471805599454
h:1.6931471805599454
safford:1.6931471805599454
subject:1.0
iges:2.09861228866811
viewer:1.6931471805599454
dos/windows:1.6931471805599454
anybody:1.0
know:1.0
need:1.0
able:1.0
display:1.0
computervision:1.0
files:1.0
pc:1.0
running:1.0
windows:1.0
3.1:1.0
thanks:1.0
advance:1.0
email:1.0
electronic:1.6931471805599454
data:1.6931471805599454
systems:1.6931471805599454
phone:1.0
313:1.0
696-6302:1.0
note:1.0
views:1.0
opinions:1.0
expressed:1.0
herein:1.0
mine:1.0
reflect:1.0
corp:1.0
