mbh2:1.0
engr.engr.uark.edu:1.0
barton:1.0
hodges:1.0
subject:1.6931471805599454
stereoscopic:1.6931471805599454
imaging:1.6931471805599454
interested:1.0
information:1.6931471805599454
sun:1.0
workstation:1.0
part:1.0
need:1.0
know:1.0
hardware:1.0
available:1.0
interface:1.0
system:1.0
whether:1.0
refresh:1.0
rates:1.0
sufficient:1.0
produce:1.0
quality:1.0
image:1.0
representations:1.0
would:1.0
greatly:1.0
appreciated:1.0
thanks:1.0
