brr1:1.0
ns1.cc.lehigh.edu:1.0
brant:1.6931471805599454
richard:1.0
ritter:1.6931471805599454
subject:1.0
computer:1.6931471805599454
graphics:1.0
vcr:1.6931471805599454
help:1.6931471805599454
friend:1.0
class:1.0
project:1.0
trying:1.0
make:1.0
animated:1.0
movie:1.0
sorts:1.0
disney:1.0
animation:1.0
would:1.0
like:1.0
put:1.0
possible:1.0
easy:1.0
relatively:1.6931471805599454
cheap:1.0
386:1.0
ibm:1.0
compatibles:1.0
clueless:1.0
computers:1.0
could:1.0
please:1.0
thanx:1.0
moshing:1.0
cosmic:1.0
cesspool:1.0
physical:1.0
delight:1.0
kiedas:1.0
rhcp:1.0
