george:1.6931471805599454
ccmail.larc.nasa.gov:1.0
brown:1.0
subject:1.0
qc/msc:1.0
code:1.6931471805599454
view/save:1.0
images:1.6931471805599454
dear:1.0
binary:1.0
newsers:1.0
looking:1.0
quick:1.0
c:1.6931471805599454
microsoft:1.0
image:1.0
decoding:1.0
file:1.0
vga:1.0
viewing:1.0
saving:1.0
from/to:1.0
gif:1.0
tiff:1.0
pcx:1.0
jpeg:1.0
format:1.0
scoured:1.0
internet:1.6931471805599454
like:1.6931471805599454
trying:1.0
find:1.0
dr:1.0
seuss:1.0
spell:1.0
checker:1.0
tsr:1.0
must:1.0
theres:1.0
need:1.0
reinvent:1.0
wheel:1.0
thanx:1.0
advance:1.0
black:1.0
hole:1.0
