mlee:1.6931471805599454
eng.sdsu.edu:1.6931471805599454
mike:1.0
lee:1.0
subject:1.0
mpeg:1.6931471805599454
x-windows:1.6931471805599454
mono:1.0
needed:1.0
hello:1.0
thank:1.0
reading:1.0
request:1.0
viewer:1.0
run:1.0
running:1.0
monochrome:1.0
monitor:1.0
need:1.0
mono-driver:1.0
mpeg_play:1.0
please:1.0
post:1.0
location:1.0
file:1.0
better:1.0
yet:1.0
e-mail:1.0
