rob:1.6931471805599454
rjck.uucp:1.6931471805599454
robert:1.6931471805599454
j.c:1.6931471805599454
kyanko:1.6931471805599454
subject:1.0
vga:2.09861228866811
640x400:1.6931471805599454
graphics:1.6931471805599454
mode:2.386294361119891
gchen:1.0
essex.ecn.uoknor.edu:1.0
writes:1.0
article:1.0
c55doh.2ai:1.0
constellation.ecn.uoknor.edu:1.0
greetings:1.0
anybody:1.0
know:1.0
possible:1.0
set:1.0
instead:1.0
640x480:1.6931471805599454
info:1.0
appreciated:1.0
vesa:2.09861228866811
bioss:1.0
support:2.09861228866811
0x100:1.0
able:1.0
256:1.0
colors:1.0
since:1.0
requires:1.0
256,000:1.0
bytes:1.0
8514/a:1.6931471805599454
tsr:1.0
supports:1.0
card:1.0
due:1.0
restrictions:1.0
wd/paradise:1.0
responsible:1.0
anything:1.0
say:1.0
im:1.0
opinion:1.0
