fischer:2.386294361119891
iesd.auc.dk:1.6931471805599454
lars:2.09861228866811
peter:1.0
subject:1.0
rumours:1.0
3do:1.0
archer:2.386294361119891
bad:1.0
cop:1.0
surly:1.0
elysium.esd.sgi.com:1.0
interactive:1.0
sex:1.0
madonna:1.0
sexium:1.0
short:1.0
takes:1.0
uncommon:1.0
mind:1.0
think:1.0
cs:1.0
dept:1.0
aalborg:1.0
univ:1.0
denmark:1.0
things:1.0
calvin:1.0
