rubery:1.6931471805599454
saturn.aitc.rest.tasc.com:1.0
dan:1.0
subject:1.0
graphic:1.0
formats:2.09861228866811
writing:1.0
utilies:1.0
convert:2.09861228866811
regis:1.0
tektonic:1.0
esacpe:1.0
sequences:1.0
useful:1.0
would:2.09861228866811
rather:1.6931471805599454
goto:1.0
bitmap:1.0
format:1.6931471805599454
window:1.0
meta:1.0
files:1.6931471805599454
easily:1.0
enough:1.0
corel:1.0
draw:1.0
cdr:1.0
ms:1.0
power:1.0
point:1.0
ppt:1.0
microsoft:1.0
give:1.0
wondering:1.0
anybody:1.0
knows:1.0
two:1.0
applications:1.0
