graeme:2.09861228866811
labtam.labtam.oz.au:1.0
gill:1.6931471805599454
subject:1.0
looking:1.0
circle:1.0
algorithm:2.386294361119891
faster:1.0
bresenhams:2.09861228866811
article:1.0
1993apr13.025240.8884:1.0
nwnexus.wa.com:1.0
mpdillon:1.0
halcyon.com:1.0
michael:1.0
dillon:1.0
writes:1.0
similar:1.0
line:1.6931471805599454
drawing:1.6931471805599454
draws:1.0
stepping:1.0
along:1.0
minor:1.0
axis:1.0
slices:1.6931471805599454
like:1.0
aaaa:1.6931471805599454
bbbb:1.6931471805599454
cccc:1.6931471805599454
following:1.6931471805599454
diagram:1.0
yes:1.0
thats:1.0
known:1.0
run:1.0
length:1.6931471805599454
slice:1.0
incremental:1.6931471805599454
lines:1.6931471805599454
see:1.0
fundamental:1.0
algorithms:1.0
computer:2.09861228866811
graphics:2.09861228866811
springer-verlag:1.0
berlin:1.0
heidelberg:1.0
1985:1.0
tried:1.0
extrapolate:1.0
circles:1.6931471805599454
cant:1.0
figure:1.0
determine:1.0
ideas:1.0
hmm:1.0
dont:1.0
think:1.0
help:1.0
might:1.0
take:1.0
look:1.0
double-step:1.6931471805599454
generation:1.6931471805599454
x:1.6931471805599454
wu:1.6931471805599454
j:1.6931471805599454
g:1.6931471805599454
rokne:1.6931471805599454
image:1.0
processing:1.0
vol:1.0
37:1.0
4:1.0
mar:1.0
1987:1.0
pp:1.6931471805599454
331-334:1.0
ellipses:1.0
ieee:1.0
applications:1.0
may:1.0
1989:1.0
56-69:1.0
