hrs1:1.0
cbnewsi.cb.att.com:1.0
herman.r.silbiger:1.0
subject:1.0
ansi/aiim:1.0
ms-53:1.0
standard:1.0
image:1.6931471805599454
file:1.6931471805599454
format:1.6931471805599454
wing:1.0
suggestion:1.0
stu:1.0
lynne:1.0
posted:1.0
executable:1.0
source:1.0
code:1.0
alt.sources:1.0
herman:1.0
silbiger:1.0
