dave:1.6931471805599454
watson:2.791759469228055
maths.uwa.edu.au:1.6931471805599454
subject:1.0
delaunay:2.386294361119891
triangulation:2.09861228866811
zyeh:1.0
caspian.usc.edu:1.0
zhenghao:1.0
yeh:1.0
writes:1.0
anybody:1.0
know:1.0
reference:1.0
geometrical:1.0
dual:1.0
voronoi:2.386294361119891
tessellation:1.6931471805599454
constructions:1.0
derived:1.0
natural:1.6931471805599454
neighbor:1.0
order:1.0
aurenhammer:1.0
f:1.0
1991:1.0
diagrams:1.6931471805599454
survey:1.0
fundamental:1.0
geometric:1.0
data:1.0
structure:1.0
acm:1.0
computing:1.6931471805599454
surveys:1.0
23:1.0
3:1.0
p:2.09861228866811
345-405:1.0
okabe:1.0
boots:1.0
b:1.0
sugihara:1.0
k:1.0
1992:1.0
spatial:1.0
tessellations:1.0
concepts:1.0
applications:1.0
wiley:1.0
sons:1.0
new:1.0
york:1.0
isbn:1.0
0:1.0
471:1.0
93430:1.0
5:1.0
532p:1.0
d.f:1.6931471805599454
1981:1.0
n-dimensional:1.0
application:1.0
polytopes:1.0
computer:1.6931471805599454
j:1.6931471805599454
24:1.0
2:1.0
167-172:1.0
1985:1.0
neighbour:1.0
sorting:1.0
australian:1.0
17:1.0
4:1.0
189-193:1.0
internet:1.0
department:1.0
mathematics:1.0
university:1.0
western:1.0
australia:1.6931471805599454
tel:1.0
61:1.6931471805599454
9:1.6931471805599454
380:1.6931471805599454
3359:1.0
nedlands:1.0
wa:1.0
6009:1.0
fax:1.0
1028:1.0
