g9134255:1.0
wampyr.cc.uow.edu.au:1.0
coronado:1.0
emmanuel:1.0
abad:1.0
subject:1.0
fonts:1.6931471805599454
pov:1.6931471805599454
seen:1.0
several:1.0
ray-traced:1.0
scenes:1.0
mtv:1.0
rayshade:1.0
stroked:1.0
appearing:1.0
objects:1.0
image:1.0
fonts/chars:1.0
color:1.0
depth:1.0
even:1.0
textures:1.0
associated:1.0
wondering:1.0
possible:1.0
thanks:1.0
noel:1.0
