scrowe:1.0
hemel.bull.co.uk:1.0
simon:1.6931471805599454
crowe:1.0
subject:1.6931471805599454
point:1.6931471805599454
within:1.0
polygon:1.6931471805599454
looking:1.0
algorithm:1.0
determine:1.0
given:1.0
bound:1.0
anyone:1.0
code:1.0
reference:1.0
book:1.0
containing:1.0
information:1.0
regards:1.0
