lm001:1.0
rrz.uni-koeln.de:1.0
erwin:1.6931471805599454
h:1.0
keeve:2.09861228866811
subject:1.0
polygon:1.6931471805599454
reduction:2.09861228866811
marching:2.09861228866811
cubes:2.09861228866811
dear:1.0
reader:1.0
iam:1.6931471805599454
searching:1.0
implementation:1.6931471805599454
algorithm:2.09861228866811
surfaces:1.6931471805599454
think:1.0
best:1.0
one:1.0
schroeder:1.0
et:1.0
al:1.0
siggraph:1.0
92:1.0
would:1.0
nice:1.0
could:1.0
leave:1.0
also:1.0
looking:1.0
fast:1.0
connectivity:1.0
test:1.0
help:1.0
hints:1.0
useful:1.0
thanks:1.0
lot:1.0
ooo:1.6931471805599454
adress:1.0
peter-welter-platz:1.0
2:1.0
w-5000:1.0
cologne:1.6931471805599454
1:1.0
germany:1.0
dept:1.0
computergraphics:1.0
phone:1.0
49-221-20189-132:1.0
192:1.0
computeranimation:1.0
fax:1.0
49-221-20189-17:1.0
academy:1.0
media:1.0
arts:1.0
email:1.0
khm.uni-koeln.de:1.0
