kreyling:1.6931471805599454
lds.loral.com:1.0
ed:1.0
6966:1.0
subject:1.0
sun-os:1.0
8bit:1.0
ascii:2.09861228866811
graphics:1.0
would:1.0
like:1.0
know:1.0
anyone:1.0
luck:1.0
using:1.0
upper:1.0
128:1.0
characters:2.09861228866811
sun:2.09861228866811
station:1.0
trying:1.0
convert:1.0
fortran:1.0
program:1.0
run:1.0
write:1.0
character:1.0
buffers:1.0
contain:1.0
char:2.09861228866811
218:1.0
196:1.0
197:1.0
etc:1.0
get:1.0
screen:1.0
standard:1.0
tables:1.0
ideas:1.0
help:1.0
appreciated:1.0
