msc_wdqn:1.0
jhunix.hcf.jhu.edu:1.0
daniel:1.0
q:1.0
naiman:1.6931471805599454
subject:1.0
geometry:1.0
package:1.6931471805599454
looking:1.0
takes:1.0
inputs:1.0
set:1.0
geometric:1.0
objects:1.0
defined:1.0
unions:1.6931471805599454
convex:1.0
polytopes:1.0
specified:1.0
manner:1.0
say:1.0
inequalities:1.0
equalities:1.0
determines:1.0
reasonable:1.0
form:1.0
things:1.0
like:1.0
intersections:1.0
etc:1.6931471805599454
anyone:1.0
know:1.0
find:1.0
thing:1.0
dan:1.0
department:1.0
mathematical:1.0
sciences:1.0
johns:1.0
hopkins:1.0
university:1.0
