ferdinan:1.0
oeinck.waterland.wlink.nl:1.0
ferdinand:1.0
oeinck:1.0
subject:1.0
distance:2.386294361119891
two:1.6931471805599454
bezier:1.6931471805599454
curves:2.09861228866811
pes:1.0
hutcs.cs.hut.fi:1.0
pekka:1.6931471805599454
siltanen:1.6931471805599454
writes:1.0
suppose:1.0
cubic:1.0
control:1.6931471805599454
points:1.6931471805599454
v1:1.6931471805599454
v4:1.6931471805599454
w1:1.6931471805599454
w4:1.6931471805599454
equal:1.0
first:1.6931471805599454
last:1.0
get:1.0
upper:1.0
bound:1.0
one:1.0
point:1.6931471805599454
ti:1.6931471805599454
curve:1.6931471805599454
parameter:1.0
u:1.0
references:1.0
appreciated:1.0
thanks:1.0
anvance:1.0
