af774:1.6931471805599454
cleveland.freenet.edu:1.6931471805599454
chad:2.386294361119891
cipiti:2.09861228866811
subject:1.0
good:1.6931471805599454
shareware:1.6931471805599454
paint:1.6931471805599454
and/or:1.0
animation:1.6931471805599454
software:2.09861228866811
sgi:1.6931471805599454
anyone:1.0
know:1.0
machine:1.0
ive:1.0
exhausted:1.0
everyplace:1.0
net:1.0
find:1.0
still:1.0
dont:1.0
hava:1.0
nice:1.0
piece:1.0
thanks:1.0
alot:1.0
knock:1.6931471805599454
whos:1.0
bobcat.ent.ohiou.edu:1.0
might:1.0
heisenberg:1.0
voxel.zool.ohiou.edu:1.0
