emm:1.6931471805599454
tamarack202.cray.com:1.0
mike:1.6931471805599454
mcconnell:1.6931471805599454
subject:1.0
interleaf:1.6931471805599454
cgm:1.6931471805599454
anyone:1.0
successfully:1.0
converted:1.0
graphics:1.0
even:1.0
heard:1.0
done:1.0
wed:1.0
love:1.0
hear:1.0
cray.com:1.0
