rgc3679:1.0
bcstec.ca.boeing.com:1.0
robert:1.0
g:1.0
carpenter:1.6931471805599454
subject:1.0
please:2.09861228866811
recommend:1.0
3d:1.6931471805599454
graphics:1.6931471805599454
library:1.6931471805599454
mac:1.0
hi:1.0
netters:1.0
im:1.0
building:1.0
cad:1.0
package:1.0
need:2.09861228866811
handle:1.0
rudimentry:1.0
tasks:1.0
hidden:1.0
line:1.0
removal:1.0
shading:1.0
animation:1.0
etc:1.0
offer:1.0
recommendations:1.0
ill:1.0
also:1.0
contact:1.0
info:1.0
name:1.0
address:1.0
email:1.0
find:1.0
thanks:1.0
post:1.0
responses:1.0
case:1.0
others:1.0
bob:1.0
