ivanov:1.6931471805599454
sergey:1.0
serge:2.09861228866811
argus.msk.su:1.6931471805599454
subject:1.0
vga:1.0
640x400:1.0
graphics:1.0
mode:1.6931471805599454
8514/a:1.0
vesa:1.0
tsr:1.0
supports:1.0
report:1.0
crt:1.0
register:1.0
state:1.0
thanks:1.0
