cywang:1.6931471805599454
ux1.cso.uiuc.edu:1.6931471805599454
crying:1.0
freeman:1.0
subject:1.0
whats:1.0
good:1.6931471805599454
assembly:1.0
vga:1.6931471805599454
programming:1.6931471805599454
book:1.6931471805599454
someone:1.0
give:1.0
title:1.0
graphics:1.0
please:1.0
respond:1.0
email:1.0
thanks:1.0
yuan:1.0
che-yuan:1.0
wang:1.0
cw21219:1.0
uxa.cso.uiuc.edu:1.0
