rjs002c:1.0
parsec.paradyne.com:1.0
robert:1.0
synoski:1.0
subject:1.0
24:1.6931471805599454
bit:1.0
graphics:1.0
cards:2.09861228866811
looking:1.0
eisa:1.0
vesa:1.0
local:1.0
bus:1.0
graphic:1.0
support:2.09861228866811
least:1.0
1024x786x24:1.0
resolution:1.0
know:1.6931471805599454
matrox:1.0
one:1.0
expensive:1.0
resoultion:1.0
striaght:1.0
isa:1.0
also:1.0
x:1.0
servers:1.0
unix:1.0
pc:1.0
bits:1.0
thanks:1.0
