kshin:1.0
stein.u.washington.edu:1.0
kevin:1.6931471805599454
shin:1.0
subject:1.0
thinning:1.6931471805599454
algorithm:1.6931471805599454
hi:1.0
netters:1.0
looking:1.0
source:1.0
code:1.0
reads:1.0
ascii:1.0
file:1.6931471805599454
bitmap:1.0
produced:1.0
thinned:1.0
image:1.6931471805599454
example:1.0
preprocess:1.0
character:1.0
want:1.0
apply:1.0
thanks:1.0
