geigel:2.09861228866811
seas.gwu.edu:1.6931471805599454
joseph:1.0
subject:1.0
looking:1.0
autocad:1.6931471805599454
dxf:1.6931471805599454
file:1.6931471805599454
parser:1.0
hello:1.0
anyone:1.0
know:1.0
c:1.6931471805599454
function:1.0
libraries:1.0
public:1.0
domain:1.0
assist:1.0
parsing:1.0
please:1.0
e-mail:1.0
thanks:1.0
jogle:1.0
