jxl9011:1.6931471805599454
ultb.isc.rit.edu:1.0
j.x:1.0
lee:1.0
subject:1.0
job:2.386294361119891
opportunity:1.0
seri:1.0
systems:2.386294361119891
engineering:2.386294361119891
research:2.6094379124341005
institute:2.9459101490553135
kist:1.0
korea:2.791759469228055
science:2.09861228866811
technology:2.09861228866811
looking:1.0
resumes:1.6931471805599454
following:1.0
position:1.0
need:1.0
end:1.0
june:1.0
6/30:1.0
interested:1.0
send:1.0
cad/cae:1.6931471805599454
lab:1.6931471805599454
6th:1.6931471805599454
floor:1.6931471805599454
yousung-gu:1.6931471805599454
eoeun-dong:1.6931471805599454
daejon:2.09861228866811
305-600:1.6931471805599454
company:1.0
title:1.0
senior:1.0
scientist:1.0
description:1.0
depth:1.0
knowledge:2.6094379124341005
c:1.0
working:2.09861228866811
computer:1.6931471805599454
aided:1.0
design:1.0
graphics:1.0
virtual:1.6931471805599454
reality:1.6931471805599454
skills:1.0
required:1.0
desirable:1.0
data:1.0
modeling:1.0
experience:1.0
understanding:1.0
client/server:1.0
architecture:1.0
requirement:1.0
ph.d:1.0
location:1.0
contact:1.0
info:1.0
chul-ho:1.0
lim:1.0
phone:1.0
82-42-869-1681:1.0
fax:1.0
82-42-861-1999:1.0
e-mail:1.0
129.21.200.201:1.0
