zyeh:1.0
caspian.usc.edu:1.0
zhenghao:1.0
yeh:1.6931471805599454
subject:1.0
delaunay:1.6931471805599454
triangulation:1.6931471805599454
anybody:1.0
know:1.0
reference:1.0
useful:1.0
creating:1.0
3-d:1.0
objects:1.0
yes:1.0
whats:1.0
advantage:1.0
thanks:1.0
advance:1.0
usc:1.0
