mtoivakk:1.6931471805599454
abo.fi:1.6931471805599454
martti:1.6931471805599454
toivakka:1.6931471805599454
pap:1.0
subject:1.0
compiled:1.6931471805599454
version:1.0
vogl-library:1.0
pc:1.0
anybody:1.0
vogl-graphics:1.0
library:1.0
ibm-pc:1.0
need:1.0
call:1.0
ms-fortran:1.0
dont:1.0
ms-c:1.0
compile:1.0
sources:1.0
thanks:1.0
help:1.0
