djmst19:1.0
unixd2.cis.pitt.edu:1.0
david:1.0
j:1.0
madura:1.0
subject:1.0
rumours:1.0
3do:2.09861228866811
dave:1.6931471805599454
optimla.aimla.com:1.0
ziedman:1.0
writes:1.0
still:1.0
concept:1.6931471805599454
software:2.09861228866811
sells:1.0
determine:1.0
success:1.0
apparantly:1.0
dont:1.0
keep:1.0
news:1.0
shown:1.0
ces:1.0
developers:1.0
others:1.0
private:1.0
showings:1.0
300:1.0
licensees:1.0
currently:1.0
developing:1.0
would:1.0
say:1.0
lot:1.0
