lcd:1.6931471805599454
umcc.umcc.umich.edu:1.0
leon:1.6931471805599454
dent:1.6931471805599454
subject:1.0
mpeg:1.0
x-windows:1.0
mono:2.386294361119891
needed:1.0
sunsite.unc.edu:1.0
pub/multimedia/utilities/unix:1.0
find:1.6931471805599454
mpeg_play-2.0.tar.z:1.0
works:1.0
best:1.6931471805599454
mpeg_play:2.09861228866811
dither:1.6931471805599454
threshold:1.0
though:1.0
use:1.0
face:1.0
viewing:1.0
situation:1.0
also:1.0
someone:1.0
made:1.0
patch:1.6931471805599454
gives:1.0
two:1.0
modes:1.0
mono2:1.0
halftone:1.0
jan:1.6931471805599454
pandonia.canberra.edu.au:1.0
newmarch:1.0
found:1.0
csc.canberra.edu.au:1.0
137.92.1.1:1.0
pub/motif/mpeg2.0.mono.patch:1.0
umcc.umich.edu:1.0
