geoffrey_hansen:1.6931471805599454
mindlink.bc.ca:1.6931471805599454
geoffrey:1.0
hansen:1.0
subject:1.0
vesa:2.09861228866811
speedstar:1.6931471805599454
24:1.6931471805599454
using:1.0
vmode:2.09861228866811
command:1.0
need:1.0
type:1.0
dos:1.0
prompt:1.0
included:1.0
used:1.0
mode:1.0
autodesk:1.0
animator:1.0
pro:1.0
inumerable:1.0
confusions:1.0
feeling:1.0
despair:1.0
invariably:1.0
emerge:1.0
periods:1.0
great:1.0
technological:1.0
cultural:1.0
transition:1.0
marshall:1.0
mcluhan:1.0
