weber:2.386294361119891
sipi.usc.edu:1.6931471805599454
allan:1.6931471805599454
g:1.0
subject:1.0
need:1.0
help:1.6931471805599454
mitsubishi:2.09861228866811
p78u:2.09861228866811
image:1.6931471805599454
printer:1.6931471805599454
group:1.0
recently:1.0
bought:1.6931471805599454
video:2.386294361119891
could:1.0
use:1.0
thing:2.386294361119891
1:2.09861228866811
parallel:2.6094379124341005
data:1.6931471805599454
input:1.0
addition:1.0
usual:1.0
signal:2.09861228866811
inputs:1.6931471805599454
2:1.0
claimed:1.0
print:2.09861228866811
256:1.6931471805599454
gray:1.0
level:2.09861228866811
images:2.791759469228055
however:1.6931471805599454
manual:1.0
came:1.0
describes:1.0
format:1.0
4:1.6931471805599454
bit/pixel:2.791759469228055
initial:1.0
problems:1.0
interface:1.0
running:1.0
port:1.0
hewlett-packard:1.0
workstation:1.0
fine:1.0
called:1.0
people:1.0
asked:1.0
claim:1.0
said:1.0
available:1.0
used:1.0
mentioned:1.0
sales:1.0
literature:1.0
say:1.0
6:1.6931471805599454
64:1.0
mode:1.0
didnt:1.0
information:1.6931471805599454
program:1.0
would:1.6931471805599454
call:1.0
japan:1.0
etc:1.0
frankly:1.0
find:1.0
hard:1.0
believe:1.0
8:2.09861228866811
source:1.0
cant:1.0
store:1.0
bits/pixel:1.0
memory:1.6931471805599454
like:1.0
expensive:1.0
anybody:1.0
getting:1.0
even:1.0
greatly:1.0
appreciate:1.0
sending:1.0
thanks:1.0
processing:1.0
institute:1.0
university:1.0
southern:1.0
california:1.0
