rschmitt:1.6931471805599454
shearson.com:1.6931471805599454
robert:1.6931471805599454
schmitt:1.6931471805599454
subject:1.0
please:1.0
recommend:1.0
3d:1.0
graphics:1.0
library:1.0
f:1.0
hardware:1.0
plan:1.0
run:1.0
workstation:1.0
pc:1.0
cost:1.0
level:1.0
run-time:1.0
licensing:1.0
needs:1.0
bob:1.0
applied:1.0
derivatives:1.0
technology:1.0
lehman:1.0
brothers:1.0
