subject:1.0
rendering:1.6931471805599454
software:2.386294361119891
multi-processor:1.6931471805599454
computer:1.6931471805599454
wcarter:1.6931471805599454
trident.datasys.swri.edu:1.0
william:1.0
carter:1.6931471805599454
hello:1.0
searching:1.0
developed:1.0
specifically:1.0
take:1.0
advantage:1.0
systems:1.0
pointers:1.0
would:1.0
greatly:1.0
appreciated:1.0
thanks:1.0
billy:1.0
engineering:1.0
section:1.0
southwest:1.0
research:1.0
institute:1.0
swri.edu:1.0
