subject:1.6931471805599454
xga-2:2.09861228866811
info:1.6931471805599454
rleberle:1.6931471805599454
sparc2.cstp.umkc.edu:1.6931471805599454
rainer:2.09861228866811
leberle:1.6931471805599454
hi:1.0
anyone:1.0
chipset:1.0
hw-funcs:1.0
truecolor:1.0
resolutions:1.0
boards:1.0
yet:1.0
thanks:1.0
university:1.0
kansas:1.0
city:1.0
mo:1.0
new:1.0
mail:1.0
clinton:1.0
whitehouse.dc.gov:1.0
specified:1.0
