lvandyke:1.6931471805599454
balboa.eng.uci.edu:1.6931471805599454
lee:2.09861228866811
van:1.6931471805599454
dyke:1.6931471805599454
subject:1.0
wanted:1.0
map:1.6931471805599454
world:1.0
type:1.6931471805599454
gifs:2.09861228866811
hi:1.0
anyone:1.0
direct:1.0
interesting:1.0
cartography:1.0
would:1.0
find:1.0
useful:1.0
tia:1.0
uucp:1.0
infotec:1.0
infotec.com:1.0
sunkist.west.sun.com:1.0
