lusardi:1.6931471805599454
cs.buffalo.edu:1.0
christopher:1.0
subject:1.0
program:1.6931471805599454
included:1.0
2:3.0794415416798357
edge:1.6931471805599454
detection:1.6931471805599454
algorithms:1.0
doesnt:1.6931471805599454
detect:1.0
edges:2.09861228866811
compass:2.09861228866811
operators:1.0
laplacian:1.6931471805599454
operator:1.0
output:1.6931471805599454
raw:1.0
grey-scale:1.0
images:1.0
look:1.0
like:1.0
novicee:1.0
terms:1.0
correct:1.0
errors:1.0
improvements:1.0
welcome:1.0
ill:1.0
even:1.0
accept:1.0
corrected:1.0
code:1.0
convolve:1.0
input.image:1.6931471805599454
digital:1.0
gaussian:1.0
7:1.6931471805599454
remove:1.0
noise:1.0
get:1.0
improvement:1.0
types:1.0
include:1.6931471805599454
stdio.h:1.0
math.h:1.0
define:1.6931471805599454
imagewidth:3.0794415416798357
300:1.6931471805599454
imageheight:3.0794415416798357
unsigned:2.6094379124341005
char:3.1972245773362196
input_image:3.3978952727983707
angles_wanted:1.0
magnitude_image:2.9459101490553135
int:4.295836866004329
laplace_op1:1.6931471805599454
3:3.8903717578961645
0:4.332204510175204
1:5.204692619390966
1,4:1.0
compass_op1:1.6931471805599454
0,0:1.6931471805599454
compass_op2:1.6931471805599454
1,0:2.791759469228055
compass_op3:1.6931471805599454
compass_op4:1.6931471805599454
compass_op5:1.6931471805599454
compass_op6:1.6931471805599454
compass_op7:1.6931471805599454
compass_op8:1.6931471805599454
void:1.6931471805599454
row:4.218875824868201
col:4.218875824868201
value:3.772588722239781
op_rows:4.332204510175204
op_cols:4.332204510175204
compass1:2.6094379124341005
compass2:2.6094379124341005
compass3:2.6094379124341005
compass4:2.6094379124341005
compass5:2.6094379124341005
compass6:2.6094379124341005
compass7:2.6094379124341005
compass8:2.6094379124341005
else:2.09861228866811
laplace1:1.6931471805599454
main:1.0
file:2.09861228866811
original_image_fp:2.09861228866811
laplace1_mag_fp:2.09861228866811
laplace2_mag_fp:1.0
laplace3_mag_fp:1.0
compass_mag_fp:2.09861228866811
algo_count:2.791759469228055
fopen:2.09861228866811
rb:1.0
laplace1_magnitude:1.0
wb:1.6931471805599454
compass_magnitude:1.0
fread:1.0
sizeof:2.09861228866811
fwrite:1.6931471805599454
lot:1.0
au:1.0
music:1.0
ftp:1.0
sounds.sdsu.edu:1.0
cat:1.0
file.au:1.0
dev/audio:1.0
ub:1.0
library:1.0
catalog:1.0
telnet:1.0
bison.acsu.buffalo.edu:1.0
14261:1.0
doubt:1.0
ask:1.0
xarchie:1.0
xgopher:1.0
xwais:1.0
