ednobles:1.0
sacam.oren.ortn.edu:1.0
edward:1.0
nobles:1.6931471805599454
subject:1.0
windows:1.0
imagine:1.6931471805599454
anyone:1.6931471805599454
ordered:1.0
new:1.0
pc:1.0
version:1.0
actually:1.6931471805599454
recieved:1.0
yet:1.0
im:1.0
ready:1.0
order:1.0
reading:1.0
posts:1.0
people:1.0
still:1.0
awaiting:1.0
delivery:1.0
making:1.0
little:1.0
paranoid:1.0
held:1.0
piece:1.0
software:1.0
hands:1.0
later:1.0
jim:1.0
