rgc3679:1.0
bcstec.ca.boeing.com:1.0
robert:1.0
g:1.0
carpenter:1.0
subject:1.0
please:1.0
recommend:1.0
3d:1.6931471805599454
graphics:1.0
library:1.0
f:1.0
sorry:1.0
mentioning:1.0
platform:1.0
original:1.0
post:1.6931471805599454
mac.programmer:1.0
decided:1.0
comp.graphics:1.0
id:1.0
like:1.0
software:1.0
run:1.0
primarily:1.0
mac:1.6931471805599454
either:1.0
c:1.0
object:1.0
pascal:1.0
think:1.0
mpw:1.0
ill:1.0
port:1.0
windows:1.6931471805599454
later:1.0
package:1.6931471805599454
runs:1.0
version:1.0
would:1.0
ideal:1.0
im:1.0
looking:1.0
low:1.0
upfront:1.0
costs:1.6931471805599454
reasonable:1.0
licensing:1.0
course:1.0
bobc:1.0
