rgc3679:1.0
bcstec.ca.boeing.com:1.0
robert:1.0
g:1.0
carpenter:1.0
subject:1.0
please:1.0
recommend:1.0
3d:1.6931471805599454
graphics:1.6931471805599454
library:1.0
mac:1.0
searched:1.0
u:1.0
mich:1.0
archives:1.0
fairly:1.0
thoroughly:1.0
packages:1.0
always:1.0
thought:1.0
mirror:1.0
sumex-aim.stanford.edu:1.0
wrong:1.0
ill:1.0
look:1.0
grafsys:1.0
sound:1.0
interesting:1.0
thanks:1.0
cheinan:1.0
bobc:1.0
