spencer:2.09861228866811
med.umich.edu:1.6931471805599454
w:1.6931471805599454
thomas:1.6931471805599454
subject:1.0
cylinder:2.386294361119891
ray:1.0
sketch:1.0
rotate:1.0
axis:1.6931471805599454
z:1.6931471805599454
intersect:1.6931471805599454
x/y:1.0
projection:1.0
line:2.386294361119891
projected:1.0
similar:1.0
easier:1.0
sphere:1.0
intersection:2.386294361119891
result:1.0
one:1.0
two:1.0
intersections:1.6931471805599454
parameterized:1.0
along:1.0
t0:2.386294361119891
t1:2.386294361119891
look:1.0
compute:1.0
top:1.0
bottom:1.0
planes:1.0
gives:1.0
interval:1.0
bit:1.0
details:1.0
left:1.0
exercise:1.0
reader:1.0
info:1.0
tech:1.0
networking:1.0
b1911:1.0
cfob:1.0
0704:1.0
genome:1.0
informatician:1.0
univ:1.0
michigan:1.0
ann:1.0
arbor:1.0
mi:1.0
48109:1.0
spencer.w.thomas:1.0
313-764-8065:1.0
fax:1.0
313-764-4133:1.0
