lars.jorgensen:1.0
p7.syntax.bbs.bad.se:1.6931471805599454
lars:1.6931471805599454
jorgensen:1.0
subject:1.0
externel:1.6931471805599454
processes:2.09861228866811
3d:1.6931471805599454
studio:1.6931471805599454
hi:1.0
anybody:1.0
source:1.0
code:1.0
comes:1.0
mabe:1.0
som:1.0
kind:1.0
doc:1.0
writing:1.0
self:1.0
author:1.0
lars_jorgensen:1.0
syntax:1.0
bbs:1.0
denmark:1.0
golded:1.0
2.41:1.0
