dkusswur:1.6931471805599454
falcon.depaul.edu:1.6931471805599454
daniel:1.0
c:1.0
kusswurm:1.0
subject:1.0
siggraph:2.09861228866811
1987:1.6931471805599454
course:1.6931471805599454
notes:2.09861228866811
looking:1.0
copy:1.6931471805599454
following:1.0
publication:1.0
gomez:1.0
j.e:1.0
comments:1.0
event:1.0
driven:1.0
annimation:1.0
10:1.0
anyone:1.0
knows:1.0
location:1.0
obtain:1.0
would:1.0
appreciate:1.0
could:1.0
let:1.0
know:1.0
thanks:1.0
