rob:2.09861228866811
rjck.uucp:2.09861228866811
robert:2.09861228866811
j.c:2.09861228866811
kyanko:2.09861228866811
subject:1.0
vga:2.386294361119891
640x400:2.09861228866811
graphics:1.0
mode:2.386294361119891
dutc0006:1.0
student.tc.umn.edu:1.0
writes:1.0
article:1.0
c5g7qb.bmp:1.0
news2.cis.umn.edu:1.0
vesa:2.386294361119891
bioss:1.0
support:2.09861228866811
0x100:1.0
able:1.0
640x480:1.6931471805599454
256:1.6931471805599454
colors:1.0
since:1.0
requires:1.0
256,000:1.6931471805599454
bytes:1.6931471805599454
8514/a:1.6931471805599454
tsr:1.6931471805599454
supports:1.0
card:1.6931471805599454
due:1.0
restrictions:1.0
wd/paradise:1.0
responsible:1.6931471805599454
anything:1.6931471805599454
say:1.6931471805599454
im:1.6931471805599454
opinion:1.6931471805599454
ahh:1.0
possibly:1.0
punched:1.0
wrong:1.6931471805599454
numbers:1.6931471805599454
calculator:1.0
color:1.0
modes:1.0
take:1.0
byte:1.0
per:1.0
pixel:1.0
640:1.0
time:1.0
480:1.0
307,200:1.0
300k:1.0
exact:1.0
640x400x256:1.0
takes:1.0
250k:1.0
dont:1.0
think:1.0
bios:1.6931471805599454
wouldnt:1.0
bet:1.6931471805599454
cards:1.0
either:1.0
512k:1.0
definition:1.0
svga:1.6931471805599454
though:1.0
high:1.0
yes:1.0
punch:1.0
working:1.0
many:1.0
late:1.0
nites:1.0
intended:1.0
stating:1.0
