rws2v:1.6931471805599454
uvacs.cs.virginia.edu:1.6931471805599454
richard:1.6931471805599454
stoakley:1.6931471805599454
subject:1.0
need:1.6931471805599454
good:1.6931471805599454
concave:1.6931471805599454
convex:1.6931471805599454
polygon:1.6931471805599454
algorithm:1.0
conversion:1.0
routine:1.0
ive:1.0
tried:1.0
couple:1.0
without:1.0
much:1.0
luck:1.0
please:1.0
e-mail:1.0
responses:1.0
post:1.0
summary:1.0
replies:1.0
thank:1.0
