camter28:1.0
astro.ocis.temple.edu:1.0
carter:1.0
ames:1.0
subject:1.0
alt.raytrace:1.6931471805599454
potential:1.0
group:1.6931471805599454
yes:1.0
please:1.0
create:1.0
soon:1.0
im:1.0
hooked:1.0
pov:1.0
geez:1.0
like:1.0
dont:1.0
anything:1.0
better:1.0
oh:1.0
dave:1.0
letterman:1.0
