bob:2.386294361119891
black.ox.ac.uk:1.0
douglas:1.6931471805599454
subject:1.6931471805599454
sphere:3.1972245773362196
4:2.791759469228055
points:3.0794415416798357
article:1.6931471805599454
2406:1.0
hcrlgw92.crl.hitachi.co.jp:1.0
steve:1.6931471805599454
hcrlgw:1.0
steven:1.0
collins:1.0
writes:1.6931471805599454
1qkgbuinns9n:1.0
shelley.u.washington.edu:1.0
bolson:1.6931471805599454
carson.u.washington.edu:1.0
edward:1.0
boy:1.0
embarassing:1.0
trivial:1.0
faq:1.0
given:1.0
non:1.0
coplanar:1.0
one:1.6931471805599454
find:3.3978952727983707
center:1.0
radius:1.6931471805599454
exactly:1.0
fitting:1.0
know:1.0
circle:3.0794415416798357
3:2.09861228866811
immediately:1.0
see:1.6931471805599454
straightforward:1.0
way:1.0
3-d:1.0
checked:1.0
geometry:1.0
books:1.0
graphics:1.0
gems:1.0
farin:1.0
still:1.0
loss:1.0
please:1.0
mercy:1.0
provide:1.0
solution:1.0
wouldnt:1.0
require:1.0
hyper-sphere:1.0
3-space:1.6931471805599454
specifies:1.0
far:1.0
unless:1.0
prove:1.0
point:3.0794415416798357
exists:1.6931471805599454
equi-distant:1.0
may:1.0
necessarily:1.0
happen:1.0
correct:1.0
im:1.0
wrong:1.0
quite:1.0
possibly:1.0
sorry:1.0
call:1.0
four:1.6931471805599454
b:2.6094379124341005
c:2.6094379124341005
three:1.6931471805599454
must:2.09861228866811
non-collinear:1.0
otherwise:1.6931471805599454
could:1.0
lie:2.6094379124341005
surface:1.6931471805599454
coplaner:1.0
either:1.0
define:1.6931471805599454
infinity:1.0
perpendicular:2.386294361119891
bisectors:1.6931471805599454
ab:2.09861228866811
bc:1.0
ca:1.0
meet:1.0
p:2.9459101490553135
say:1.0
centre:2.09861228866811
desired:2.09861228866811
consider:1.0
normal:3.1972245773362196
plane:3.4849066497880004
abc:3.302585092994046
passing:1.6931471805599454
equidistant:1.0
fact:1.0
diameter:1.0
take:1.6931471805599454
containing:2.386294361119891
lies:2.09861228866811
right:1.6931471805599454
angles:1.6931471805599454
let:1.0
e:2.386294361119891
normally:1.0
two:1.0
circumference:1.0
need:1.0
q:2.6094379124341005
eq:1.0
dq:1.0
intersection:2.09861228866811
bisector:1.6931471805599454
ed:2.386294361119891
since:1.0
algorithm:1.0
well:1.0
defined:1.0
1:2.09861228866811
check:2.09861228866811
coincident:1.0
failure:2.09861228866811
2:2.09861228866811
line:2.386294361119891
yes:1.0
ac:1.0
n:2.791759469228055
l:1.6931471805599454
5:1.0
pictures:1.0
right-angles:1.0
numerically:1.0
ep:1.0
close:1.0
relative:1.0
error:1.0
best:1.0
choose:1.0
least:1.0
ad:1.0
bd:1.0
cd:1.0
larger:1.0
choice:1.0
computing:1.0
services:1.0
university:1.0
oxford:1.6931471805599454
internet:1.0
oxford.ac.uk:1.0
address:1.0
13:1.0
banbury:1.0
road:1.0
ox2:1.0
6nn:1.0
uk:1.0
telephone:1.0
44-865-273211:1.0
