saz:1.0
hook.corp.mot.com:1.0
scott:1.6931471805599454
zabolotzky:1.0
subject:1.0
gif:1.6931471805599454
bmp:1.6931471805599454
im:1.0
sure:1.0
correct:1.0
place:1.0
ask:1.0
question:1.0
please:1.6931471805599454
forgive:1.0
point:1.0
right:1.0
direction:1.0
anybody:1.0
know:1.0
program:1.0
converts:1.0
files:1.6931471805599454
ftp:1.0
help:1.0
would:1.0
greatly:1.0
appreciated:1.0
respond:1.0
via:1.0
e-mail:1.0
read:1.0
group:1.0
often:1.0
thanks:1.0
