rcb:1.6931471805599454
slacvm.slac.stanford.edu:1.6931471805599454
subject:1.0
sphere:2.09861228866811
4:2.386294361119891
points:2.6094379124341005
bolson:1.6931471805599454
carson.u.washington.edu:1.0
edward:1.0
given:1.6931471805599454
non:1.0
coplanar:1.0
one:1.0
find:1.0
cnter:1.0
radius:1.6931471805599454
exactly:1.0
fitting:1.0
equation:1.6931471805599454
x1:1.6931471805599454
y1:1.6931471805599454
z1:1.6931471805599454
x4:1.6931471805599454
y4:1.6931471805599454
z4:1.6931471805599454
x^2+y^2+z^2:1.6931471805599454
x1^2+y1^2+z1^2:1.0
x4^2+y4^2+z4^2:1.0
x:1.6931471805599454
0:1.6931471805599454
z:1.6931471805599454
1:2.09861228866811
5:1.6931471805599454
determininant:1.0
expanded:1.0
first:1.0
column:1.0
get:1.0
form:1.6931471805599454
bx:1.0
cy:1.0
dz:1.0
e:1.0
need:1.0
center:1.0
jyst:1.0
divide:1.0
zero:1.0
non-degenerate:1.0
tetrahedron:1.0
complete:1.0
square:1.0
obtain:1.0
x-xc:1.0
2:2.09861228866811
y-yc:1.0
z-zc:1.0
r^2:1.0
bob:1.0
beach:1.0
