cormackj:1.6931471805599454
access.digex.com:1.6931471805599454
john:1.6931471805599454
cormack:1.6931471805599454
subject:1.0
vesa:1.6931471805599454
speedstar:1.6931471805599454
24:1.0
need:1.0
driver:1.0
diamond:1.0
24x:1.0
works:1.0
ive:1.0
tried:1.0
several:1.0
none:1.0
work:1.0
hicolor:1.0
modes:1.0
