ukrphil:1.0
prlhp1.prl.philips.co.uk:1.0
m.j.phillips:1.0
subject:1.0
rumours:1.0
3do:1.0
68070:1.0
exist:1.0
number:1.0
licensed:1.0
philips:1.6931471805599454
make:1.0
variant:1.0
chip:1.0
includes:1.0
extra:1.0
featurfes:1.0
i/o:1.0
ports:1.0
i2c:1.0
bus:1.0
making:1.0
microcontroller:1.0
like:1.6931471805599454
confusion:1.0
numbering:1.0
products:1.0
range:1.0
68:1.0
core:1.0
given:1.0
differend:1.0
numbers:1.0
pcf:1.0
pcd7:1.0
something:1.0
