haston:2.386294361119891
utkvx.utk.edu:1.6931471805599454
donald:1.0
wayne:1.6931471805599454
subject:1.0
church:1.0
related:1.0
graphics:1.6931471805599454
looking:1.0
good:1.0
quality:1.0
files:1.0
suitable:1.0
use:1.0
church-related:1.0
presentations:1.0
prefer:1.0
vector:1.0
anything:1.0
would:1.0
helpful:1.0
know:1.0
bulletin:1.0
boards:1.0
collections:1.0
nature:1.0
commercial:1.0
products:1.0
please:1.0
inform:1.0
email:1.0
