ricardo:2.6094379124341005
rchland.vnet.ibm.com:1.6931471805599454
hernandez:1.6931471805599454
muchado:1.6931471805599454
subject:1.0
rumours:1.0
3do:1.6931471805599454
article:1.6931471805599454
1993apr15.164940.11632:1.0
mercury.unt.edu:1.0
sean:2.386294361119891
mcmains:2.386294361119891
unt.edu:1.6931471805599454
writes:1.6931471805599454
1993apr15.144843.19549:1.0
rchland.ibm.com:1.0
cd-is:1.0
cpu:1.0
doesnt:1.0
help:1.0
much:1.0
either:1.6931471805599454
understand:1.0
68070:2.09861228866811
supposedly:2.09861228866811
variation:1.0
68000/68010:1.0
running:2.09861228866811
something:1.6931471805599454
like:2.09861228866811
7mhz:1.0
speed:1.6931471805599454
truly:1.0
need:1.0
sprites:1.0
wow:1.0
id:1.0
interested:1.0
get:1.6931471805599454
hands:1.0
one:1.6931471805599454
especially:1.0
considering:1.0
fact:1.0
motorola:1.0
yet:1.0
released:1.0
68060:1.0
next:1.0
680x0:1.0
lineup:1.0
8-d:1.0
exists:1.0
animation:2.09861228866811
playback:1.0
lawrence:1.0
referring:1.0
earlier:1.0
post:1.0
plain:1.0
old:1.6931471805599454
quicktime:2.6094379124341005
1.5:1.6931471805599454
compact:1.0
video:2.09861228866811
codec:1.0
ive:1.0
seen:1.0
digitized:1.6931471805599454
apples:1.0
early:1.0
commercials:1.0
precise:1.0
centris:2.09861228866811
650:1.0
30fps:2.386294361119891
nicely:1.6931471805599454
16-bit:1.0
color:1.0
depth:1.0
would:1.6931471805599454
expect:1.0
using:2.6094379124341005
algorithm:1.0
risc:1.0
processor:1.6931471805599454
able:1.0
approach:1.0
full-screen:1.0
full-motion:1.0
though:1.0
youve:1.0
implied:1.0
taxed:1.0
highly:1.0
dynamic:1.0
material:1.0
check:1.0
gopher:1.0
phone:817.565.2039:1.0
university:1.0
north:1.0
texas:1.0
new:2.09861228866811
bands:1.0
info:1.0
server:1.0
fax:1.0
817.565.4060:1.0
p.o:1.0
box:1.6931471805599454
13495:1.0
seanmac.acs.unt.edu:1.0
e-mail:2.09861228866811
denton:1.0
tx:1.0
76203:1.0
dont:2.6094379124341005
want:1.6931471805599454
mini-war:1.0
going:1.0
say:1.6931471805599454
little:1.6931471805599454
bit:2.09861228866811
skeptic:1.0
performance:1.0
claiming:1.0
youll:1.0
see:1.0
please:1.0
no-flames:1.0
reserve:1.0
c.s.m.a:1.0
chicago:1.0
last:1.0
consumer:1.6931471805599454
electronics:1.0
show:1.0
apple:1.0
booth:1.0
walked:1.0
showing:1.0
real-time:1.0
capture:1.0
radious:1.0
supermac:1.0
card:1.0
digitize:1.0
make:1.6931471805599454
right:1.0
spot:1.0
movies:1.0
think:2.386294361119891
guy:1.6931471805599454
talking:1.0
160x2xx:1.0
played:1.0
back:1.6931471805599454
quite:1.0
real:1.0
time:1.0
expanded:1.0
window:1.0
resized:1.0
25x:1.0
3xx:1.0
320:1.6931471805599454
frame:1.0
rate:1.0
decreased:1.0
enough:1.0
notice:1.0
wasnt:1.6931471805599454
anymore:1.0
dropped:1.6931471805599454
15:1.0
fps:1.6931471805599454
increased:1.0
10:1.0
12:1.0
asked:1.0
mac:1.6931471805599454
quadra:1.6931471805599454
know:1.0
model:1.0
900:1.0
telling:1.0
guys:1.0
could:1.6931471805599454
play:1.0
even:1.6931471805599454
lcii:1.0
well:1.0
spoiled:1.0
claim:1.6931471805599454
since:1.0
68040:1.0
trouble:1.0
hardisk:1.6931471805599454
memory:1.0
saw:1.0
newer:1.0
version:1.0
hardware:1.0
assisted:1.0
another:1.0
software:1.0
product:1.0
macrominds:1.0
accelerator:1.0
misunderstand:1.0
clarify:1.0
sake:1.0
posting:1.0
computer:1.6931471805599454
320x200:1.0
tad:1.0
overscan:1.0
done:1.0
256,000:1.6931471805599454
colors:1.6931471805599454
scala:1.0
mm210:1.0
agree:1.0
consider:1.0
mpeg:1.0
stuff:1.0
multimedia:1.0
low-priced:1.0
lot:1.0
market:1.0
longer:1.0
cd-i:1.0
raist:1.0
a1200:1.0
owner:1.0
1280:1.0
x:1.0
200:1.0
600:1.0
24-bit:1.0
palette:1.0
love:1.0
low:1.0
fat:1.0
sig:1.0
valid:1.0
address:1.0
send:1.0
