cliff:2.386294361119891
watson.ibm.com:1.6931471805599454
subject:1.0
reprints:2.6094379124341005
left:1.0
chapters:1.6931471805599454
book:1.0
visions:1.0
future:1.6931471805599454
include:1.0
3:1.6931471805599454
probably:1.0
interest:1.0
readers:1.0
forum:1.0
including:1.0
1:1.0
current:1.0
techniques:1.0
development:1.0
computer:1.6931471805599454
art:1.0
franz:1.0
szabo:1.0
2:1.0
forging:1.0
career:1.6931471805599454
sculptor:1.0
programmer:1.0
stewart:1.0
dickson:1.0
fractals:1.0
genetics:1.0
h:1.0
joel:1.0
jeffrey:1.0
id:1.0
happy:1.0
send:1.6931471805599454
free:1.0
researchers:1.0
scholarly:1.0
purposes:1.0
run:1.0
name:1.0
address:1.0
thanks:1.0
