seth:2.09861228866811
north1.acpub.duke.edu:1.0
wandersman:1.0
subject:1.0
oak:1.6931471805599454
driver:1.6931471805599454
needed:1.0
30d:1.0
studio:1.6931471805599454
hi:1.0
im:1.0
looking:1.0
3-d:1.0
card:1.6931471805599454
1:1.0
ram:1.0
would:1.0
greatly:1.0
mean:1.0
appreciated:1.0
maybe:1.0
gotten:1.0
well:1.0
know:1.0
thanks:1.0
acpub.duke.edu:1.0
