khan0095:1.6931471805599454
nova.gmi.edu:1.6931471805599454
mohammad:1.6931471805599454
razi:1.0
khan:1.6931471805599454
subject:1.0
looking:1.0
good:1.6931471805599454
book:1.6931471805599454
beginners:1.0
wanted:1.0
know:1.0
recommend:1.0
graphics:1.0
still:1.0
animated:1.0
vga/svga:1.0
thanks:1.0
advance:1.0
r:1.0
july:1.0
93:1.0
please:1.0
send:1.0
mail:1.0
mkhan:1.0
nyx.cs.du.edu:1.0
