kuryakin:1.6931471805599454
bcstec.ca.boeing.com:1.6931471805599454
rick:2.09861228866811
pavek:1.6931471805599454
subject:1.0
vision-3d:1.6931471805599454
site:1.0
email:1.0
unavailable:1.0
used:1.0
information:1.0
provided:1.0
recent:1.0
resource:1.0
listings:1.0
tried:1.0
ftp:1.0
ccu1.aukland.ac.nz:1.6931471805599454
130.216.1.5:1.0
ftp/mac/architec:1.0
facet:1.0
received:1.0
unknown:1.0
host:1.0
message:1.0
mail:1.0
paul:1.0
bourke:1.0
pdbourke:1.0
bounces:1.0
basically:1.0
problem:1.0
whered:1.0
go:1.0
never:1.0
ask:1.0
droid:1.6931471805599454
outdo:1.0
program:1.0
seattle:1.0
wa:1.0
wastes:1.0
time:1.0
annoys:1.0
