subject:1.0
pd:1.0
3d:1.6931471805599454
viewer:1.6931471805599454
wanted:1.0
qiaok:1.0
bones.et.byu.edu:1.0
kun:1.0
qiao:1.0
looking:1.0
public:1.0
domain:1.0
fancy:1.0
features:1.0
want:1.0
simple:1.6931471805599454
wireframe:1.0
display:1.0
flat:1.0
shading:1.0
transformation:1.0
would:1.0
nice:1.0
hidden:1.0
line:1.0
information:1.0
appreciated:1.0
