osprey:1.0
ux4.cso.uiuc.edu:1.0
lucas:1.6931471805599454
adamski:1.0
subject:1.0
fast:1.6931471805599454
polygon:1.6931471805599454
routine:2.09861228866811
needed:1.0
may:1.0
fairly:1.6931471805599454
request:1.0
im:1.0
looking:1.0
used:1.0
3d:1.0
game:1.0
one:1.6931471805599454
works:1.0
right:1.0
slow:1.0
could:1.0
anyone:1.0
point:1.0
pref:1.0
asm:1.0
well:1.0
documented:1.0
flexible:1.0
thanx:1.0
