orourke:1.6931471805599454
sophia.smith.edu:1.0
joseph:1.0
subject:1.0
fast:2.09861228866811
polygon:2.09861228866811
routine:2.386294361119891
needed:1.0
article:1.0
c5n3x0.b5l:1.0
news.cso.uiuc.edu:1.0
osprey:1.0
ux4.cso.uiuc.edu:1.0
lucas:1.0
adamski:1.0
writes:1.0
may:1.0
fairly:1.0
request:1.0
im:1.0
looking:1.0
used:1.0
3d:1.0
game:1.0
