harti:1.6931471805599454
mikro.ee.tu-berlin.de:1.6931471805599454
stefan:1.6931471805599454
hartmann:1.6931471805599454
behse:1.0
subject:1.0
genoa:1.6931471805599454
graphics:1.6931471805599454
board:1.6931471805599454
drivers:2.386294361119891
ftp:2.6094379124341005
site:1.6931471805599454
hi:1.0
well:1.0
opened:1.0
getting:1.0
latest:1.6931471805599454
software:1.0
cards:1.0
access:1.0
192.109.42.11:1.0
login:1.0
password:1.0
cd:1.6931471805599454
pub/genoa:1.0
ls:1.0
l:1.0
binary:1.0
prompt:1.0
hash:1.0
wan:1.0
na:1.0
7900:1.0
7000series:1.0
mget:1.0
quit:1.0
sequence:1.0
get:1.0
question:1.0
please:1.0
email:1.6931471805599454
best:1.0
regards:1.0
