fineman:1.0
stein2.u.washington.edu:1.0
twixt:1.0
toes:1.0
subject:1.0
anyone:1.0
know:1.0
use:1.0
rayshade:1.6931471805599454
im:1.6931471805599454
using:1.0
u.w:1.6931471805599454
computers:1.0
id:1.0
like:1.0
input:1.0
users:1.0
perhaps:1.0
swap:1.0
ideas:1.0
could:1.0
post:1.0
uuencoded:1.0
gifs:1.0
ray:1.0
code:1.0
anyones:1.0
interested:1.0
trouble:1.0
coming:1.0
colors:1.0
metallic:1.0
i.e:1.0
brass:1.0
steel:1.0
rgb:1.0
values:1.0
youre:1.0
machines:1.0
check:1.0
fineman/rle.files/*.rle:1.0
stein.u.washington.edu:1.0
ive:1.0
got:1.0
dan:1.0
