osprey:1.6931471805599454
ux4.cso.uiuc.edu:1.6931471805599454
lucas:2.09861228866811
adamski:1.6931471805599454
subject:1.0
fast:2.09861228866811
polygon:2.09861228866811
routine:2.386294361119891
needed:1.0
article:1.6931471805599454
1993apr17.192947.11230:1.0
sophia.smith.edu:1.6931471805599454
orourke:1.6931471805599454
joseph:1.0
writes:1.6931471805599454
c5n3x0.b5l:1.0
news.cso.uiuc.edu:1.0
may:1.0
fairly:1.0
request:1.0
im:1.0
looking:1.0
used:1.0
3d:1.0
game:1.6931471805599454
draw:1.6931471805599454
polygons:1.6931471805599454
course:1.0
vga:1.0
mode:1.0
13h:1.0
320x200:1.0
done:1.0
c:1.0
asm:1.0
need:1.0
faster:1.0
way:1.0
concave:1.0
method:1.0
right:1.0
slow:1.0
