rbarris:1.6931471805599454
orion.oac.uci.edu:1.6931471805599454
robert:1.0
c:1.0
barris:1.6931471805599454
subject:1.0
rumours:1.0
3do:2.6094379124341005
article:2.09861228866811
1993apr16.212441.34125:1.0
rchland.ibm.com:1.6931471805599454
ricardo:2.6094379124341005
rchland.vnet.ibm.com:1.6931471805599454
hernandez:1.6931471805599454
muchado:1.6931471805599454
writes:2.09861228866811
1993apr15.164940.11632:1.0
mercury.unt.edu:1.0
sean:1.0
mcmains:1.6931471805599454
unt.edu:1.0
1993apr15.144843.19549:1.0
cd-is:1.0
cpu:1.0
doesnt:1.0
help:1.0
much:1.6931471805599454
either:1.6931471805599454
understand:1.0
68070:1.0
supposedly:1.6931471805599454
variation:1.0
68000/68010:1.0
running:2.09861228866811
something:1.6931471805599454
like:2.386294361119891
7mhz:1.0
speed:1.6931471805599454
truly:1.0
need:1.0
sprites:1.0
snip:1.6931471805599454
68000:1.0
animation:2.09861228866811
playback:1.0
lawrence:1.0
referring:1.0
earlier:1.0
post:1.0
plain:1.0
old:1.6931471805599454
quicktime:2.791759469228055
1.5:1.6931471805599454
compact:1.0
video:2.09861228866811
codec:1.6931471805599454
ive:1.0
seen:1.0
digitized:1.6931471805599454
apples:1.0
early:1.0
commercials:1.0
precise:1.0
centris:1.6931471805599454
650:1.0
30fps:2.386294361119891
nicely:1.6931471805599454
16-bit:1.0
color:1.0
depth:1.0
would:1.6931471805599454
expect:1.0
using:2.791759469228055
algorithm:1.0
risc:1.6931471805599454
processor:2.09861228866811
able:1.0
approach:1.0
full-screen:1.6931471805599454
full-motion:1.0
though:1.0
youve:1.0
implied:1.0
taxed:1.0
highly:1.0
dynamic:1.6931471805599454
material:2.09861228866811
booth:1.0
walked:1.0
showing:1.6931471805599454
real-time:1.0
capture:1.0
radious:1.0
supermac:1.0
card:1.0
digitize:1.0
make:1.0
right:1.0
spot:1.0
movies:2.09861228866811
think:1.6931471805599454
one:2.09861228866811
guy:1.6931471805599454
talking:1.0
160x2xx:1.0
played:1.0
back:2.386294361119891
quite:1.6931471805599454
real:1.0
time:1.0
expanded:1.0
window:1.0
resized:1.0
25x:1.0
3xx:1.0
320:1.0
frame:1.6931471805599454
rate:1.6931471805599454
decreased:1.0
enough:1.0
notice:1.0
wasnt:1.6931471805599454
anymore:1.0
dropped:1.6931471805599454
15:1.0
fps:1.6931471805599454
increased:1.0
bit:2.09861228866811
10:1.0
12:1.0
asked:1.0
mac:1.6931471805599454
quadra:1.6931471805599454
dont:2.09861228866811
know:1.0
model:1.0
900:1.0
telling:1.0
guys:1.0
could:1.6931471805599454
play:1.6931471805599454
even:1.6931471805599454
lcii:1.0
well:1.0
spoiled:1.0
claim:1.0
say:1.0
since:1.0
68040:1.0
little:2.09861228866811
trouble:1.0
hardisk:1.0
memory:1.0
saw:1.0
newer:1.0
version:1.0
hardware:1.0
assisted:1.0
another:1.0
software:1.6931471805599454
product:1.0
macrominds:1.0
accelerator:1.0
misunderstand:1.0
want:1.0
clarify:1.0
box:1.6931471805599454
based:1.0
arm:2.09861228866811
two:1.0
custom:1.0
graphics:1.6931471805599454
chips:1.6931471805599454
dsp:1.0
double-speed:1.0
cdrom:1.0
2mb:1.0
ram/vram:1.6931471805599454
im:2.09861228866811
fuzzy:1.0
breakdown:1.0
capacity:1.0
demonstrated:1.0
recent:1.0
gathering:1.0
electronic:1.0
cafe:1.0
santa:1.0
monica:1.0
ca:1.0
rj:1.0
mical:1.0
amiga/lynx:1.0
fame:1.0
hal:1.0
josephson:1.0
sp:1.0
talk:1.0
machine:1.0
plan:1.0
got:1.0
see:1.0
unit:1.0
displaying:1.0
compactvideo:1.6931471805599454
nice:1.0
blockiness:1.0
clips:1.0
jaws:1.0
backdraft:1.0
high:1.0
boot:1.0
note:1.0
however:1.0
3dos:1.0
screen:1.0
resolution:1.0
320x240:1.0
pretty:1.0
amazing:1.0
also:1.0
wanted:1.0
point:1.0
indeed:1.0
slow:1.0
dynamically:1.0
resizes:1.0
stated:1.0
sure:1.6931471805599454
compressed:1.0
large:1.0
size:1.6931471805599454
fine:1.0
q950:1.0
price:1.0
generality:1.0
personally:1.0
use:1.0
sizing:1.0
often:1.0
ever:1.0
playing:1.0
stuff:1.0
original:1.0
plenty:1.0
quick:1.0
latest:1.0
040:1.6931471805599454
machines:1.0
centris/20mhz:1.0
stacks:1.0
25:1.0
mhz:1.0
obviously:1.0
faster:1.0
rob:1.0
quicksilver:1.0
inc:1.0
