mike_peredo:1.0
mindlink.bc.ca:1.0
mike:1.0
peredo:1.0
subject:1.0
fake:1.0
virtual:2.09861228866811
reality:1.6931471805599454
ridiculous:1.0
example:1.0
vr-exploitation:1.0
ive:1.0
seen:1.0
far:1.6931471805599454
clothing:1.6931471805599454
company:1.0
recently:1.0
opened:1.0
vancouver:1.0
tell:1.0
another:1.0
chic:1.0
clothes:1.0
spot:1.0
although:1.0
would:1.0
interesting:1.0
selling:1.0
e-mail:1.0
want:1.0
dig:1.0
phone:1.0
probably:1.0
get:1.0
promotional:1.0
lit:1.0
mp:1.0
8:1.0
