craig:2.6094379124341005
toontown.columbiasc.ncr.com:1.6931471805599454
williamson:1.6931471805599454
subject:1.0
video:1.6931471805599454
in/out:1.0
im:1.0
getting:1.0
ready:1.0
buy:1.0
multimedia:1.0
workstation:1.0
would:1.0
like:1.0
little:1.0
advice:1.0
need:1.0
graphics:1.0
card:1.0
windows:1.6931471805599454
originally:1.0
thinking:1.0
targa:1.0
doesnt:1.0
work:1.0
cards:1.0
looking:1.0
thanks:1.0
forgive:1.0
divine:1.0
airhead:1.0
human:1.0
craig.williamson:1.0
columbiasc.ncr.com:1.0
balki:1.0
bartokomas:1.0
home:1.0
perfect:1.0
strangers:1.0
