cavalier:2.09861228866811
blkbox.com:1.6931471805599454
bill:1.6931471805599454
egan:1.6931471805599454
subject:1.0
weitek:1.6931471805599454
p9000:1.6931471805599454
jgreen:1.0
amber:1.0
joe:1.0
green:1.0
writes:1.0
anyone:1.0
know:1.0
graphics:1.6931471805599454
chip:2.09861228866811
weiteks:1.0
address/phone:1.0
number:1.0
id:1.0
like:1.0
get:1.0
information:1.0
yes:1.0
interested:1.0
please:1.0
follow:1.0
email:1.6931471805599454
houston:1.0
texas:1.0
