uk02183:1.0
nx10.mik.uky.edu:1.0
bryan:1.0
k:1.0
williams:1.0
subject:1.0
cview:1.6931471805599454
answers:1.0
majority:1.0
users:1.0
readding:1.0
floppy:1.0
well:1.6931471805599454
us:1.0
1400-picture:1.0
cd-roms:1.0
would:1.0
like:1.0
use:1.0
fast:1.0
works:1.0
cant:1.0
moron:1.0
lacked:1.0
foresight:1.0
create:1.0
temp:1.0
file:1.0
programs:1.0
path:1.0
current:1.0
didrectory:1.0
