subject:1.0
gl:1.6931471805599454
fli:1.6931471805599454
specs:1.6931471805599454
arthur:2.6094379124341005
qedbbs.com:1.6931471805599454
choung:1.6931471805599454
somebody:1.0
point:1.0
find:1.0
files:1.0
found:1.0
pcs:1.0
qed:1.6931471805599454
bbs:1.0
310:1.0
420-9327:1.0
