ednobles:1.0
sacam.oren.ortn.edu:1.0
edward:1.0
nobles:1.6931471805599454
subject:1.0
pov:1.0
tgas:1.0
speedstar:2.09861228866811
24:2.386294361119891
finally:1.0
got:1.0
bit:1.0
viewer:1.0
povray:1.0
generated:1.0
tga:1.6931471805599454
files:1.6931471805599454
written:1.0
c:1.0
sean:1.0
malloy:1.0
kindly:1.0
sent:1.0
copy:1.0
wrote:1.0
purpose:1.0
view:1.0
using:1.0
works:1.0
send:1.0
copies:1.0
since:1.0
program:1.6931471805599454
believe:1.0
author:1.0
may:2.09861228866811
release:1.0
version:1.0
future:1.0
time:1.0
developed:1.0
comment:1.0
pleases:1.0
thanks:1.0
helpful:1.0
regards:1.0
jim:1.0
