pbenson:1.0
ecst.csuchico.edu:1.0
paul:1.0
benson:1.0
subject:1.0
cd-rom:1.0
indexes:1.0
available:1.6931471805599454
file:1.0
contents:1.0
listings:1.0
knowledge:1.6931471805599454
media:1.6931471805599454
resource:1.6931471805599454
library:1.6931471805599454
graphics:1.0
1:1.6931471805599454
audio:1.0
anonymous:1.0
ftp:1.0
cdrom.com:1.0
