dgf1:1.6931471805599454
quads.uchicago.edu:1.0
dr:1.0
eldon:1.0
tyrell:1.0
subject:1.0
fastest:1.0
windows:1.0
video:1.6931471805599454
c:1.0
article:1.6931471805599454
1993apr17.054600.24917:1.0
exu.ericsson.se:1.0
ebuhcb:1.0
ebu.ericsson.se:1.0
writes:1.6931471805599454
16apr199309101156:1.0
trentu.ca:1.6931471805599454
ayounes:1.0
amro:1.0
younes:1.0
trent:1.0
university:1.6931471805599454
c.c:1.0
314:1.0
peterborough:1.0
canada:1.0
k9j:1.0
7b8:1.0
705:1.0
749-0391:1.0
ati:2.09861228866811
graphics:2.09861228866811
ultra:1.6931471805599454
pro:1.6931471805599454
eisa:1.6931471805599454
version:2.09861228866811
must:1.0
admit:1.0
received:1.0
bad:1.0
press:1.0
due:1.0
faulty:1.0
drivers:1.6931471805599454
pc:1.6931471805599454
magazine:1.6931471805599454
seems:1.0
impressed:1.0
card:1.6931471805599454
recent:1.0
reviews:1.0
april:1.0
13th:1.0
issue:1.6931471805599454
rate:1.0
editors:1.6931471805599454
choice:1.6931471805599454
noted:1.0
improved:1.0
since:1.0
tested:1.6931471805599454
isa:1.0
january:1.0
cuyler:1.0
yeah:1.0
also:1.0
gave:1.0
run-down:1.0
accelerators:1.0
previous:1.0
bought:1.0
returned:1.0
mine:1.0
conclusion:1.0
come:1.0
wildly:1.0
different:1.0
ways:1.0
determining:1.0
worthiness:1.0
david:1.0
farley:1.0
chicago:1.6931471805599454
library:1.0
312:1.0
702-3426:1.0
1100:1.0
east:1.0
57th:1.0
street:1.0
jrl-210:1.0
midway.uchicago.edu:1.0
illinois:1.0
60637:1.0
