jer114:1.0
psuvm.psu.edu:1.0
subject:1.0
scanned:1.0
grey:1.6931471805599454
color:2.386294361119891
equations:2.09861228866811
back:1.0
someone:1.6931471805599454
several:1.0
could:1.0
used:1.6931471805599454
changing:1.0
3:2.09861228866811
f:1.0
iltered:1.0
scale:1.0
images:1.0
one:1.0
true:1.0
image:1.0
possible:1.0
theory:1.0
scanners:1.0
looking:1.0
obv:1.0
ious:1.0
solution:1.0
buy:1.0
scanner:1.0
need:1.0
equat:1.0
ions:1.0
becasue:1.0
starting:1.0
write:1.0
software:1.0
automate:1.0
conversion:1.0
process:1.0
would:1.6931471805599454
really:1.0
appreciate:1.0
repost:1.0
unknowns:1.0
thanks:1.0
help:1.0
