wbdst:1.0
pitt.edu:1.0
william:1.0
b:1.0
dwinnell:1.0
subject:1.0
vesa:2.386294361119891
graphics:2.09861228866811
standard:2.09861228866811
ux08ibm:1.0
pc:1.0
world:1.0
much:1.0
become:1.0
svga:1.0
know:1.0
lots:1.0
graphics-board:1.0
companies:1.0
well:1.0
several:1.0
chips:1.0
manufacturers:1.0
adhering:1.0
effect:1.0
is/will:1.0
local:1.0
bus:1.0
anyone:1.0
