agiacalo:1.0
nmsu.edu:1.0
toni:1.6931471805599454
giacalo:1.0
subject:1.0
need:1.6931471805599454
algorithm:2.386294361119891
reading:2.09861228866811
displaying:1.0
bitmap:1.6931471805599454
files:1.6931471805599454
im:1.0
making:1.0
customized:1.0
paint:1.6931471805599454
program:1.0
dos:1.0
like:1.0
gif:1.0
pcx:1.6931471805599454
bmp:1.0
anyone:1.0
ive:1.0
tried:1.0
copying:1.0
one:1.0
book:1.0
format:1.6931471805599454
doesnt:1.0
work:1.0
take:1.0
created:1.0
windows:1.0
thanks:1.0
