tdawson:1.0
engin.umich.edu:1.0
chris:1.0
herringshaw:1.0
subject:1.0
paintprogram:1.6931471805599454
wanted:1.0
excuse:1.0
sheer:1.0
newbieness:1.0
post:1.0
looking:1.0
decent:1.0
save:1.0
various:1.0
file:1.0
formats:1.0
bmp:1.0
pcx:1.0
etc:1.6931471805599454
via:1.0
ftp:1.0
freeware:1.0
shareware:1.0
would:1.0
like:1.0
check:1.6931471805599454
available:1.0
programs:1.0
little:1.0
commercial:1.0
market:1.0
thanks:1.0
advance:1.0
help:1.0
direction:1.0
give:1.0
daemon:1.0
