ken:2.09861228866811
cs.ualberta.ca:1.6931471805599454
huisman:1.6931471805599454
kenneth:1.0
subject:1.0
images:1.6931471805599454
earth:1.6931471805599454
looking:1.0
graphic:1.0
shot:1.0
space:1.0
preferably:1.0
24-bit:1.0
color:1.6931471805599454
256:1.0
gifs:1.0
anyways:1.0
anyone:1.0
knows:1.0
ftp:1.0
site:1.0
find:1.0
id:1.0
greatly:1.0
appreciate:1.0
could:1.0
pass:1.0
information:1.0
thanks:1.0
please:1.0
send:1.0
email:1.0
