d91-hes:1.0
tekn.hj.se:1.0
stefan:1.6931471805599454
hermansson:1.0
subject:1.0
vesa:1.0
speedstar:2.09861228866811
24:1.6931471805599454
posting:1.0
john:1.0
cormack:1.0
wanted:1.0
tell:1.0
slight:1.0
difference:1.0
24x:1.0
