cb:2.386294361119891
wixer.bga.com:1.6931471805599454
cyberspace:1.6931471805599454
buddha:1.6931471805599454
subject:1.0
cview:2.6094379124341005
answers:1.0
renew:1.0
blade.stack.urc.tue.nl:1.0
rene:1.0
walter:1.0
writes:1.0
places:1.6931471805599454
temp:1.6931471805599454
files:1.0
current:1.0
directory:1.0
beg:1.0
differ:1.0
point:1.0
batch:1.0
file:1.6931471805599454
use:1.0
launch:1.0
cds:1.0
dir:1.6931471805599454
resides:1.0
invokes:1.0
every:1.0
time:1.0
crash:1.0
0-byte:1.0
found:1.0
root:1.0
drive:1.0
0.13:1.0
looking:1.0
knowledge:1.0
pay:1.0
attention:1.0
already:1.0
know:1.0
wixer.cactus.org:1.0
get:1.0
chair:1.0
hillary:1.0
god:1.0
peace:1.0
