neideck:1.0
nestvx.enet.dec.com:1.6931471805599454
burkhard:1.6931471805599454
neidecker-lutz:1.6931471805599454
subject:1.0
rumours:1.0
3do:1.6931471805599454
article:1.0
2bd07605.18974:1.0
news.service.uci.edu:1.0
rbarris:1.0
orion.oac.uci.edu:1.0
robert:1.0
c:1.0
barris:1.0
writes:1.0
im:1.0
sure:1.0
centris/20mhz:1.0
040:1.0
stacks:1.0
25:1.6931471805599454
mhz:1.6931471805599454
arm:2.09861228866811
box:1.0
obviously:1.0
faster:1.6931471805599454
much:1.6931471805599454
would:1.0
probably:1.0
assuming:1.0
efficient:1.0
mips:1.6931471805599454
r3000:1.6931471805599454
integer:1.0
calculations:1.0
compact-video-like:1.0
digital:1.6931471805599454
video:1.6931471805599454
codec:1.0
easy:1.0
task:1.0
software:1.6931471805599454
motion:1.6931471805599454
pictures:1.6931471805599454
lot:1.0
like:1.0
compact:1.0
though:1.0
predates:1.0
get:1.0
48:1.0
frames/sec:1.0
320x240:1.0
decstation:1.0
5000/200:1.0
machine:1.0
distributed:1.0
multimedia:1.6931471805599454
group:1.0
cec:1.0
karlsruhe:1.0
eerp:1.0
portfolio:1.0
manager:1.0
berkom:1.0
ii:1.0
project:1.0
base:1.0
technology:1.0
equipment:1.0
corporation:1.0
neidecker:1.0
