n020ba:1.0
tamvm1.tamu.edu:1.0
subject:1.0
help:1.6931471805599454
need:1.6931471805599454
3-d:1.6931471805599454
graphics:1.0
code/package:1.0
dos:1.6931471805599454
code/package/whatever:1.0
take:1.0
data:1.6931471805599454
turn:1.0
wireframe:1.0
surface:1.0
hidden:1.0
lines:1.0
removed:1.0
im:1.6931471805599454
using:1.6931471805599454
machine:1.0
code:1.0
ansi:1.6931471805599454
c:1.6931471805599454
fortran:1.0
basic:1.0
forms:1.0
rectangular:1.0
grid:1.0
please:1.0
post:1.0
replies:1.0
net:1.0
others:1.0
may:1.0
benefit:1.0
imho:1.0
general:1.0
interest:1.0
question:1.0
thank:1.0
