sean:1.6931471805599454
whiting.mcs.com:1.0
gum:1.0
subject:1.0
cview:2.386294361119891
answers:1.0
renew:1.0
blade.stack.urc.tue.nl:1.0
rene:1.0
walter:1.0
writes:1.0
kind:1.0
soul:1.0
mailed:1.0
reply:1.0
bugs:1.6931471805599454
since:1.0
isnt:1.0
position:1.0
post:1.6931471805599454
asked:1.0
leave:1.0
name:1.0
comes:1.0
quite:1.0
number:1.0
one:1.0
mention:1.0
perhaps:1.0
stupid:1.0
question:1.0
run:1.0
get:1.0
still:1.0
need:1.0
gif:1.0
viewer:1.0
linux:1.0
without:1.0
x-windows:1.0
thanks:1.0
