ricky:1.0
watson.ibm.com:1.0
rick:1.6931471805599454
turner:1.0
subject:1.6931471805599454
images:1.6931471805599454
earth:1.6931471805599454
look:1.0
pub/space:1.0
directory:1.0
ames.arc.nasa.gov:1.0
number:1.0
may:1.0
hunt:1.0
around:1.0
subdirectories:1.0
things:1.0
tend:1.0
filed:1.0
mission:1.0
ie:1.0
apollo:1.0
rather:1.0
image:1.0
