ezzie:1.0
lucs2.lancs.ac.uk:1.0
one:1.0
daze:1.0
subject:1.0
borland:1.6931471805599454
turbo:1.6931471805599454
c:2.09861228866811
libraries:1.6931471805599454
s3:1.6931471805599454
graphics:1.0
card:1.6931471805599454
ive:1.0
recently:1.0
got:1.0
hold:1.0
pc:1.0
id:1.0
like:1.0
programming:1.0
let:1.0
access:1.0
high:1.0
resolution:1.0
modes:1.0
available:1.0
via:1.0
andy:1.0
