hahm:1.6931471805599454
fossi.hab-weimar.de:1.0
peter:1.6931471805599454
subject:1.0
radiosity:2.386294361119891
sources:1.0
wanted:1.0
read:1.6931471805599454
comp.graphics:1.0
group:1.0
never:1.0
found:1.0
something:1.0
anybody:1.0
interested:1.0
would:1.0
glad:1.0
hear:1.0
somebody:1.0
looking:1.0
source-code:1.0
radiosity-method:1.0
already:1.0
common:1.6931471805599454
literature:1.0
e:1.0
g.foley:1.0
think:1.0
little:1.0
examples:1.0
could:1.0
help:1.6931471805599454
understand:1.0
works:1.0
languages:1.0
c:1.6931471805599454
pascal:1.0
prefered:1.0
hope:1.0
