dwestner:1.0
cardhu.mcs.dundee.ac.uk:1.0
dominik:1.6931471805599454
westner:1.0
subject:1.6931471805599454
need:1.0
viewer:1.6931471805599454
gl:1.6931471805599454
files:1.6931471805599454
hi:1.0
says:1.0
pd:1.0
x:1.0
thanks:1.0
