sp1marse:1.6931471805599454
lina:1.0
marco:1.6931471805599454
seirio:1.6931471805599454
subject:1.0
surface:1.0
intersections:1.6931471805599454
problem:1.0
two:1.0
surfaces:1.0
anybody:1.0
easy:1.0
understand:1.0
algorithm:1.0
maybe:1.0
even:1.0
c:1.0
source:1.0
real:1.0
life:1.0
caligula.his.s:1.0
