havardn:1.0
edb.tih.no:1.0
haavard:1.6931471805599454
nesse:1.6931471805599454
o92a:1.0
subject:1.0
help:1.6931471805599454
grasp:1.6931471805599454
hi:1.0
could:1.0
anyone:1.0
tell:1.0
possible:1.0
save:1.0
frame:1.0
gl:1.0
animation:1.0
gif:1.0
jpg:1.0
iff:1.0
picture:1.0
formats:1.0
ive:1.0
got:1.0
animations:1.0
id:1.0
like:1.0
transfer:1.0
amiga:1.0
really:1.0
hope:1.0
someone:1.0
cheers:1.0
trondheim:1.6931471805599454
college:1.0
engineering:1.0
norway:1.0
