sean:2.386294361119891
whiting.mcs.com:2.09861228866811
gum:1.6931471805599454
subject:1.0
cview:1.6931471805599454
answers:1.0
bryanw:1.0
rahul.net:1.0
bryan:1.0
woodworth:1.0
writes:1.6931471805599454
1993apr16.114158.2246:1.0
stupid:1.0
question:1.0
run:1.0
get:1.0
still:1.0
need:1.0
gif:1.6931471805599454
viewer:1.0
linux:2.9459101490553135
without:2.09861228866811
x-windows:1.6931471805599454
thanks:1.6931471805599454
ho:1.0
boy:1.0
way:1.6931471805599454
hell:1.0
going:1.0
able:1.0
view:1.6931471805599454
gifs:1.0
graphics:2.09861228866811
x:2.09861228866811
windows:2.09861228866811
love:1.0
easy:1.0
learn:1.0
want:2.386294361119891
text:1.6931471805599454
okay:1.0
use:2.09861228866811
simple:1.0
painless:1.0
required:1.0
includes:1.0
fancy:1.0
word:1.0
processors:1.0
like:1.6931471805599454
doc:1.0
image:1.6931471805599454
viewers:1.0
xv:1.0
etc:1.0
ummm:1.0
beg:1.0
differ:1.0
kind:1.0
soul:1.0
sent:1.0
program:1.0
called:1.0
dpg-view:1.6931471805599454
exactly:1.0
images:1.0
support:1.0
1024x768:1.0
biggest:1.0
complaint:1.0
painfully:1.0
slow:1.6931471805599454
takes:1.6931471805599454
1:1.0
minute:1.0
display:1.0
cshow:1.0
dos:1.0
split:1.0
second:1.0
idea:1.0
anybody:1.6931471805599454
anything:1.0
better:1.0
plus:1.0
docs:1.0
