thinman:1.6931471805599454
netcom.com:1.6931471805599454
technically:1.0
sweet:1.0
subject:1.0
surface:1.0
intersections:1.6931471805599454
sp1marse:1.6931471805599454
lina:1.0
marco:1.6931471805599454
seirio:1.6931471805599454
writes:1.0
problem:1.6931471805599454
two:1.0
surfaces:1.0
anybody:1.0
easy:1.0
understand:1.0
algorithm:1.0
maybe:1.0
even:1.0
c:1.0
source:1.0
real:1.0
life:1.0
caligula.his.s:1.0
also:1.0
severe:1.0
news:1.0
headers:1.0
ftp:1.0
cs.purdue.edu:1.0
pub/vanecek:1.0
pull:1.0
proxima.tar.z:1.0
proxima.ps.z:1.0
tres:1.0
spif:1.0
lance:1.0
norskog:1.0
data:1.0
information:1.0
knowledge:1.0
wisdom:1.0
