sp1marse:1.6931471805599454
kristin:1.0
marco:1.6931471805599454
seirio:1.6931471805599454
subject:1.0
flat:1.0
globe:2.09861228866811
anybody:1.0
algorithm:1.0
flattening:1.0
parametric:1.0
surface:1.0
definied:1.0
parametrically:1.0
would:1.0
like:1.0
take:1.0
sheet:1.0
paper:1.6931471805599454
knife:1.0
able:1.0
calculate:1.0
must:1.0
cut:1.0
fold:1.0
object:1.0
real:1.0
life:1.0
caligula.his.se:1.0
