sasst11:1.6931471805599454
pitt.edu:1.6931471805599454
scott:2.09861228866811
snowiss:1.6931471805599454
subject:1.0
imagine:2.09861228866811
hello:1.0
netters:1.0
finally:1.0
received:1.6931471805599454
information:1.0
pc:1.6931471805599454
presently:1.0
shipping:1.6931471805599454
version:1.6931471805599454
2.0:2.09861228866811
software:1.0
release:1.0
3.0:1.6931471805599454
first:1.0
quarter:1.0
1993:1.0
say:1.0
upgrade:1.0
100.00:1.0
purchase:1.0
costs:1.0
495.00:1.0
upgrading:1.0
another:1.0
eligible:1.0
call:1.0
info:1.6931471805599454
modeler:1.0
200.00:1.0
plus:1.0
handling:1.0
requires:1.0
4:1.0
megs:1.0
math:1.0
coprocessor:1.0
dos:1.0
5.0:1.0
microsoft:1.0
mouse:1.0
svga:1.0
card:1.0
thanks:2.09861228866811
replies:2.09861228866811
product:1.0
many:1.0
contrasting:1.0
scrounge:1.0
money:1.0
together:1.0
think:1.0
take:1.0
plunge:1.0
impulse:1.6931471805599454
want:1.0
find:1.0
get:1.0
sheet:1.0
sent:1.0
inc:1.0
8416:1.0
xerxes:1.0
avenue:1.0
north:1.0
minneapolis:1.0
mn:1.0
55444:1.0
1-800-328-0184:1.0
turn:1.0
jack:1.6931471805599454
