sloan:2.6094379124341005
cis.uab.edu:1.6931471805599454
kenneth:2.6094379124341005
subject:1.0
removing:1.6931471805599454
distortion:2.791759469228055
bitmapped:1.0
drawings:1.0
article:1.6931471805599454
1993apr19.141034.24731:1.0
sctc.com:1.6931471805599454
boebert:1.6931471805599454
earl:1.0
writes:1.0
lets:1.0
say:1.0
scanned:1.6931471805599454
image:1.0
line:1.0
drawing:2.791759469228055
case:2.09861228866811
boat:1.0
could:2.09861228866811
anything:1.0
set:1.6931471805599454
reference:3.3978952727983707
points:3.4849066497880004
whose:1.0
true:2.09861228866811
x:3.8903717578961645
positions:2.386294361119891
known:2.386294361119891
digitize:1.6931471805599454
manually:1.0
using:2.09861228866811
yaron:1.0
danons:1.0
excellent:1.0
program:1.6931471805599454
use:1.6931471805599454
converts:1.0
cursor:1.0
saves:1.0
values:2.386294361119891
click:1.0
mouse:1.0
upon:1.0
digitizing:1.6931471805599454
notice:1.0
point:2.9459101490553135
come:1.0
process:2.09861228866811
differ:1.0
small:1.0
significant:1.0
ways:1.0
understandable:1.0
reproduction:1.0
original:1.6931471805599454
successive:1.0
sources:1.0
differential:1.0
expansion:1.0
contraction:1.0
paper:1.0
errors:2.9459101490553135
introduced:1.0
printing:1.0
scanner:1.0
uniform:1.0
entire:1.0
global:1.0
adjustments:1.0
stretching/contracting:1.0
uniformly:1.0
rotating:1.0
whole:2.09861228866811
satisfactory:1.0
question:1.0
kind:1.0
soul:1.0
know:2.09861228866811
algorithm:1.0
particular:1.0
three:1.0
sets:1.0
distortedreference:1.6931471805599454
distorteddata:2.09861228866811
unknown:1.0
function:1.0
distorted:1.6931471805599454
apply:1.0
remove:1.6931471805599454
suspect:1.0
problem:1.6931471805599454
solved:1.0
treating:1.0
resulting:1.0
projection:1.0
bumpy:1.0
3d:1.0
surface:1.6931471805599454
solving:1.0
flattening:1.0
data:1.6931471805599454
helps:1.0
idea:1.0
source:1.0
least:1.0
reasonable:1.0
model:1.0
class:1.0
short:1.0
description:1.0
questions:1.0
feel:1.0
free:1.0
poke:1.0
via:1.0
e-mail:1.0
assume:1.0
locally:1.0
smooth:1.0
0:1.0
compute:2.386294361119891
delaunay:1.0
triangulation:1.6931471805599454
defines:1.0
neighbors:1.0
naturally:1.0
convex:2.09861228866811
may:1.6931471805599454
long:1.0
edges:2.09861228866811
hull:1.6931471805599454
consider:2.09861228866811
deleting:1.0
1:1.0
two:1.0
goals:1.0
move:2.386294361119891
b:2.09861228866811
keep:1.6931471805599454
length:2.386294361119891
e:1.6931471805599454
measured:1.6931471805599454
current:2.386294361119891
close:1.0
possible:1.0
digitizedlength:2.09861228866811
digitized:1.6931471805599454
2:1.6931471805599454
every:2.386294361119891
displacement:1.6931471805599454
based:1.0
example:1.6931471805599454
alpha0:1.6931471805599454
slowly:1.0
towards:1.0
examine:1.0
edge:2.386294361119891
would:1.0
make:1.0
correct:1.6931471805599454
take:1.0
vector:1.0
sum:1.0
displacements:1.0
alpha1*sumofedgedisplacements:1.0
triangulated:1.0
mesh:1.6931471805599454
consistent:1.0
3:1.0
iterate:1.0
happy:1.0
moves:1.0
much:1.6931471805599454
alpha1:1.0
need:1.0
determined:1.0
experimentation:1.0
believe:1.0
i.e:1.0
absolutely:1.0
insist:1.0
final:1.0
exactly:1.0
matching:1.6931471805599454
references:1.0
want:1.0
balance:1.0
error:1.0
changes:1.0
warning:1.0
couple:1.0
geometric:1.0
invariants:1.0
must:1.0
observed:1.0
essentially:1.0
cant:1.6931471805599454
allow:1.6931471805599454
change:1.6931471805599454
triangles:1.6931471805599454
fold:1.0
neighboring:1.0
handled:1.0
either:1.0
special:1.0
checks:1.0
motion:1.0
individual:1.0
periodically:1.0
re-triangulating:1.0
still:1.0
calculating:1.0
first:1.6931471805599454
time:1.0
prohibitive:1.0
motivated:1.0
try:1.0
code:1.0
working:1.0
production:1.0
mode:1.0
5:1.0
years:1.6931471805599454
might:1.6931471805599454
go:1.0
back:1.0
re-triangulate:1.0
iteration:1.0
power:1.0
interact:1.0
read:1.0
linear:1.0
solutions:1.0
n-body:1.0
lots:1.0
papers:1.0
last:1.0
10:1.0
siggraph:1.0
proceedings:1.6931471805599454
springs:1.0
constraints:1.0
energy:1.0
calculations:1.0
relevant:1.0
method:1.0
described:1.0
less:1.0
detail:1.0
inproceedings:1.0
sloan86:1.0
author:2.09861228866811
jr:1.0
r:1.0
david:2.09861228866811
meyers:2.09861228866811
christine:2.09861228866811
a.~curcio:2.09861228866811
title:2.09861228866811
reconstruction:2.09861228866811
display:2.09861228866811
retina:1.0
booktitle:1.0
graphics:1.0
interface:1.6931471805599454
86:1.6931471805599454
vision:1.6931471805599454
address:1.6931471805599454
vancouver:1.0
canada:1.0
pages:1.6931471805599454
385:1.0
389:1.0
month:1.6931471805599454
year=1986:1.0
techreport:1.0
curcio87b:1.0
r.~sloan:1.6931471805599454
computer:2.386294361119891
methods:1.6931471805599454
sampling:1.6931471805599454
analysis:1.6931471805599454
retinal:1.6931471805599454
mounts:1.6931471805599454
number:1.0
tr:1.0
87-12-03:1.0
institution:1.0
department:1.0
science:1.0
university:1.6931471805599454
washington:1.0
seattle:1.0
wa:1.0
december:1.0
year=1987:1.0
curcio89:1.0
journal:1.0
research:1.0
volume=29:1.0
number=5:1.0
529:1.0
540:1.0
year=1989:1.0
information:1.0
sciences:1.0
alabama:1.0
birmingham:1.6931471805599454
205:1.6931471805599454
934-2213:1.0
115a:1.0
campbell:1.0
hall:1.0
uab:1.0
station:1.0
934-5473:1.0
fax:1.0
al:1.0
35294-1170:1.0
