dave.mikelson:1.0
almac.co.uk:1.0
dave:1.6931471805599454
mikelson:1.0
subject:1.0
pcx:1.6931471805599454
ad994:1.0
freenet.carleton.ca:1.0
jw:2.791759469228055
1:1.0
book:1.6931471805599454
code:1.0
teach:1.0
read:1.0
write:1.0
dbf:1.0
gif:1.0
files:1.0
2:1.0
access:1.0
extra:1.0
ram:1.0
paradise:1.6931471805599454
video:1.0
board:1.0
paging:1.0
higher:1.0
vga:1.6931471805599454
modes:1.0
ie:1.0
320x200x256:1.0
800x600x256:1.0
3:1.0
anybody:1.0
got:1.0
line:1.0
good:1.6931471805599454
help:1.0
answer:1.0
question:1.0
graphics:1.6931471805599454
file:1.0
formats:1.0
kay:1.0
levine:1.0
isbn:2.09861228866811
0-8306-3059-7:1.0
supercharged:1.0
bitmapped:1.0
rimmer:1.0
0-8306-3788-5:1.0
programmers:1.0
guide:1.0
ega:1.0
cards:1.0
ferraro:1.0
0-201-57025-4:1.0
whole:1.0
chapter:1.0
svga:1.0
deluxe./386:1.0
1.12:1.0
8993:1.0
