235wardell:1.0
gw.wmich.edu:1.0
subject:1.0
vga:2.386294361119891
passthrough:1.6931471805599454
cables:1.0
anyone:1.0
know:1.0
phone:1.0
number:1.0
place:1.0
get:1.0
want:1.0
hook:1.0
card:2.09861228866811
xga:1.0
whcih:1.0
need:1.0
cable:1.6931471805599454
connects:1.0
type:1.0
would:1.0
connect:1.0
say:1.0
video:1.0
blaster:1.0
something:1.0
thanks:1.0
brad:1.0
