ferdinan:1.0
oeinck.waterland.wlink.nl:1.0
ferdinand:1.6931471805599454
oeinck:1.0
subject:1.0
detecting:1.6931471805599454
double:1.6931471805599454
points:1.0
bezier:1.6931471805599454
curves:1.0
im:1.0
looking:1.0
information:1.0
and/or:1.6931471805599454
calculating:1.0
point:1.0
cusp:1.0
curve:1.0
algorithm:1.0
literature:1.0
reference:1.0
mail:1.0
appreciated:1.0
