eylerken:2.09861228866811
stein.u.washington.edu:1.0
ken:1.6931471805599454
eyler:1.0
subject:1.0
stand:1.6931471805599454
alone:1.0
editing:1.6931471805599454
suite:1.0
need:1.6931471805599454
help:1.0
upgrading:1.0
animation/video:1.0
looking:1.0
different:1.0
type:1.0
setups:1.6931471805599454
a/b:1.0
roll:1.0
cuts:1.0
station:1.0
would:1.6931471805599454
like:1.0
controlled:1.0
computer:1.0
brand:1.0
doesnt:1.0
matter:1.0
maybe:1.0
mac:1.0
amiga:1.0
low:1.0
end:1.6931471805599454
high:1.0
system:2.6094379124341005
helpful:1.0
use:1.6931471805599454
might:1.0
could:1.0
mail:1.6931471805599454
requirements:1.0
used:1.0
hardware:1.0
software:1.0
necessary:1.0
set:1.0
info:1.0
u.washington.edu:1.6931471805599454
thanks:1.0
advance:1.0
