james:2.09861228866811
kewageshig:2.09861228866811
james.kewageshig:1.6931471805599454
canrem.com:1.6931471805599454
subject:1.0
articles:2.09861228866811
flocking:1.6931471805599454
hi:1.6931471805599454
someone:1.0
point:1.0
towards:1.0
boids:1.0
algorithms:1.0
also:1.0
particle:1.0
animation:1.0
formulas:1.0
would:1.0
nice:1.0
0:1.6931471805599454
uucp:1.0
n:1.0
e:1.0
w:1.0
r:1.0
k:1.0
v:1.0
fidonet:1.0
1:229/15:1.0
0______________________________________________________________________0:1.0
deluxe:1.0
1.25:1.0
8086:1.0
head:1.0
co:1.6931471805599454
xv:1.0
signature:1.0
virus:1.0
canada:1.0
remote:1.0
systems:1.0
toronto:1.0
ontario:1.0
416-629-7000/629-7044:1.0
