stjohn:1.0
math1.kaist.ac.kr:1.0
ryou:1.0
seong:1.0
joon:1.0
subject:1.0
wanted:1.0
multi-page:1.6931471805599454
gif:1.6931471805599454
hi:1.0
searching:1.0
packages:1.0
could:1.0
handle:1.0
files:1.0
ftp:1.0
servers:1.0
ill:1.0
appreciate:1.0
one:1.0
works:1.6931471805599454
pc:1.0
either:1.0
dos:1.0
windows:1.0
3.0/3.1:1.0
package:1.0
unix:1.0
ok:1.0
thanks:1.0
advance:1.0
