eapu207:1.6931471805599454
orion.oac.uci.edu:1.6931471805599454
john:1.6931471805599454
peter:1.0
kondis:1.0
subject:1.0
physics:1.0
lab:1.0
loses:1.0
number:1.0
please:1.0
need:1.0
starting:1.0
address:1.0
pointer:1.0
beginning:1.0
color:1.0
information:1.0
rgb:1.0
vga:1.0
mode:1.0
68h:1.0
thats:1.0
68:1.0
hex:1.0
gee:1.0
duh:1.0
thanks:1.0
soooo:1.0
much:1.0
hugs:1.0
kisses:1.0
advance:1.0
uci:1.0
e-mail:1.0
