se92psh:1.6931471805599454
brunel.ac.uk:1.6931471805599454
peter:1.6931471805599454
hauke:1.6931471805599454
subject:1.0
grayscale:2.09861228866811
printer:1.6931471805599454
jian:1.6931471805599454
lu:1.0
coos.dartmouth.edu:1.0
wrote:1.0
interested:1.0
purchasing:1.0
offers:1.0
good:1.0
resoltuion:1.0
medical:1.0
images:1.0
anybody:1.0
give:1.0
recommendations:1.0
products:1.0
market:1.0
particular:1.0
5000:1.0
thank:1.0
advice:1.0
brunel:1.0
university:1.0
