markus:2.9459101490553135
octavia.anu.edu.au:2.09861228866811
buchhorn:2.09861228866811
subject:1.0
hdf:2.6094379124341005
readers/viewers:1.0
gday:1.0
anybody:1.0
point:1.0
utility:1.6931471805599454
read/convert/crop/whatnot:1.0
display:1.0
image:1.0
files:1.6931471805599454
ive:1.0
look:1.6931471805599454
stuff:1.6931471805599454
ncsa:1.6931471805599454
must:1.0
take:1.0
award:1.0
odd:1.0
directory:1.0
structure:1.0
strange:1.0
storage:1.0
approaches:1.0
minimalist:1.0
documentation:1.0
part:1.6931471805599454
problem:1.0
want:1.0
large:1.0
5mb:1.0
crop:1.0
section:1.0
ideally:1.0
would:1.0
like:1.0
hdftoppm:1.0
type:1.0
use:1.0
pbmplus:1.0
quite:1.0
merrily:1.0
convert:1.0
cropped:1.0
another:1.0
format:1.0
viewing/animation:1.0
otherwise:1.0
someone:1.0
please:1.0
explain:1.0
set:1.0
visualisation:1.0
s/w:1.0
3.2.r5:1.0
3.3beta:1.0
cropping/etc:1.0
suns:1.0
sunos:1.0
4.1.2:1.0
help:1.0
greatly:1.0
appreciated:1.0
ta:1.0
muchly:1.0
cheers:1.0
parallel:1.6931471805599454
computing:1.6931471805599454
research:1.6931471805599454
facility:1.6931471805599454
email:1.6931471805599454
australian:1.6931471805599454
national:1.6931471805599454
university:1.6931471805599454
canberra:1.6931471805599454
0200:1.6931471805599454
australia:2.386294361119891
international:1.6931471805599454
61:1.6931471805599454
6:1.6931471805599454
06:1.6931471805599454
phone:1.6931471805599454
2492930:1.6931471805599454
fax:1.6931471805599454
2490747:1.6931471805599454
