g9134255:1.0
wampyr.cc.uow.edu.au:1.0
coronado:1.0
emmanuel:1.0
abad:1.0
subject:1.0
need:1.0
polygon:2.6094379124341005
splitting:1.0
algo:1.0
idea:1.0
clip:1.0
one:2.09861228866811
using:1.0
another:1.6931471805599454
necessarily:1.0
rectangular:1.0
window:1.0
problem:1.0
finding:1.0
new:1.0
vertices:1.0
resulting:1.0
subpolygons:1.0
first:1.0
simply:1.0
matter:1.0
extending:1.0
usual:1.0
algorithm:1.0
whereby:1.0
edges:1.0
checked:1.0
simpler:1.0
way:1.0
comments:1.0
welcome:1.0
noel:1.0
