un034214:1.0
wvnvms.wvnet.edu:1.0
subject:1.0
m-motion:1.6931471805599454
video:2.09861228866811
card:1.0
yuv:1.6931471805599454
rgb:2.09861228866811
trying:1.0
convert:1.0
ibm:1.0
file:1.0
format:1.6931471805599454
data:1.0
portion:1.0
byte:2.09861228866811
0-255:1.0
v:2.09861228866811
127-127:1.6931471805599454
color:1.0
u:2.09861228866811
intensity:1.0
anyone:1.0
ideas:1.0
algorhtyms:1.0
programs:1.0
someone:1.0
tell:1.0
get:1.0
info:1.6931471805599454
television:1.0
signal:1.0
need:1.0
reply:1.0
e-mail:1.0
address:1.0
basically:1.0
converting:1.0
digital:1.0
ntsc:1.0
vga:1.0
displaying:1.0
captured:1.0
pictures:1.0
thanks:1.0
