wdm:1.6931471805599454
world.std.com:1.6931471805599454
wayne:1.6931471805599454
michael:1.6931471805599454
subject:1.0
xv:1.6931471805599454
ms-dos:1.6931471805599454
e-mail:1.0
address:1.6931471805599454
eicn.etna.ch:1.0
writes:1.0
hi:1.0
recently:1.0
found:1.0
subdirectory:1.0
gnu-cc:1.0
gnuish:1.0
please:1.0
tell:1.0
ftpd:1.0
would:1.6931471805599454
like:1.0
copy:1.0
mailed:1.0
post:1.0
indicates:1.0
mail:1.0
