oved3b:1.0
kih.no:1.6931471805599454
ove:2.09861228866811
petter:1.6931471805599454
tro:1.6931471805599454
subject:1.6931471805599454
need:1.0
viewer:1.6931471805599454
gl:1.6931471805599454
files:1.6931471805599454
article:1.0
1qu36i:1.0
kh7:1.0
dux.dundee.ac.uk:1.0
dwestner:1.0
cardhu.mcs.dundee.ac.uk:1.0
dominik:1.0
westner:1.0
writes:1.0
says:1.0
pd:1.0
x:1.6931471805599454
try:1.0
xviewgl:1.0
filename:1.0
xviewgl_v1.1.tar.z:1.0
lots:1.0
bases:1.0
think:1.0
yep:1.0
real:1.0
life:1.0
ford:1.0
fairlane:1.0
kongsberg:1.0
college:1.0
engineering:1.0
norway:1.0
email:1.0
ovep:1.0
