ricardo:2.6094379124341005
rchland.vnet.ibm.com:2.09861228866811
hernandez:1.6931471805599454
muchado:1.6931471805599454
subject:1.0
rumours:1.0
3do:1.0
article:2.09861228866811
1993apr19.121925.14451:1.0
microware.com:1.6931471805599454
jejones:1.0
james:1.6931471805599454
jones:1.6931471805599454
writes:2.09861228866811
1993apr15.164940.11632:1.0
mercury.unt.edu:1.0
sean:1.0
mcmains:1.6931471805599454
unt.edu:1.0
1993apr15.144843.19549:1.0
rchland.ibm.com:1.0
cd-is:1.0
cpu:1.0
doesnt:1.6931471805599454
help:1.0
much:1.0
either:1.0
understand:2.09861228866811
68070:2.9459101490553135
supposedly:1.6931471805599454
variation:1.0
68000/68010:1.0
running:2.386294361119891
something:1.6931471805599454
like:1.6931471805599454
7mhz:1.6931471805599454
speed:1.6931471805599454
truly:1.0
need:1.6931471805599454
sprites:1.6931471805599454
wow:1.0
id:1.0
interested:1.0
get:1.6931471805599454
hands:1.0
one:1.0
especially:1.0
considering:1.0
fact:1.0
motorola:1.6931471805599454
yet:1.0
released:1.0
68060:1.0
next:1.0
680x0:1.0
lineup:1.0
8-d:1.0
dont:2.09861228866811
excited:1.0
signetics:1.0
gave:1.0
number:1.0
rightly:1.0
uses:1.0
68000:1.0
instruction:1.0
set:1.0
on-chip:1.0
serial:1.0
port:1.0
dma:1.0
run:1.6931471805599454
15:1.0
mhz:1.0
im:1.0
typing:1.0
computer:1.0
using:1.0
rate:1.6931471805599454
know:1.0
seriously:1.0
doubt:1.0
clock:1.0
claims:1.0
upto:1.0
15mhz:1.6931471805599454
mean:1.0
cd-i:1.0
said:1.0
sure:1.0
think:1.0
read:1.6931471805599454
long:1.0
time:1.0
ago:1.0
anyway:1.0
still:1.0
lot:1.0
tricks:1.0
making:1.0
cool:1.0
awesome:1.0
games:1.0
psygnosis:1.0
raist:1.0
new:1.6931471805599454
a1200:1.0
owner:1.0
320:1.0
1280:1.0
x:1.0
200:1.0
600:1.0
256,000:1.0
colors:1.0
24-bit:1.0
palette:1.0
love:1.0
low:1.0
fat:1.0
sig:1.0
e-mail:1.6931471805599454
valid:1.0
address:1.0
send:1.0
