koolish:1.6931471805599454
bbn.com:1.0
dick:1.0
subject:1.0
flat:1.0
globe:2.09861228866811
sp1marse:1.0
kristin:1.0
marco:1.0
seirio:1.0
writes:1.0
anybody:1.0
algorithm:1.0
flattening:1.0
parametric:1.0
surface:1.0
definied:1.0
parametrically:1.0
would:1.0
like:1.0
take:1.0
sheet:1.0
paper:1.6931471805599454
knife:1.0
able:1.0
calculate:1.0
must:1.0
cut:1.0
fold:1.0
object:1.0
library:1.0
map:1.0
projections:1.0
charon.er.usgs.gov:1.0
pub/proj.4.1.3.tar.z:1.0
