sigma:1.6931471805599454
rahul.net:1.6931471805599454
kevin:1.6931471805599454
martin:1.6931471805599454
subject:1.0
stay:1.0
away:1.0
mag:1.6931471805599454
innovision:1.0
16bb58b33.d1sar:1.0
vm1.cc.uakron.edu:1.6931471805599454
d1sar:1.0
steve:1.0
rimar:1.0
writes:1.0
mx15f:1.0
works:1.0
fine:1.0
mine:1.0
beautiful:1.0
year:1.0
half:1.0
went:1.0
foomp:1.0
bought:1.0
viewsonic:1.0
6fs:1.0
instead:1.0
another:1.6931471805599454
great:1.0
monitor:1.0
imho:1.0
got:1.0
ta:1.0
get:1.0
hat:1.0
