mini:2.6094379124341005
csd4.csd.uwm.edu:1.6931471805599454
padmini:1.0
srivathsa:1.0
subject:1.6931471805599454
wanted:1.0
info:1.0
image:1.6931471805599454
databases:1.6931471805599454
guess:1.0
says:1.0
would:1.0
like:1.0
references:1.0
introductory:1.0
material:1.0
please:1.0
send:1.0
pointers:1.0
point.cs.uwm.edu:1.6931471805599454
thanx:1.0
advance:1.0
