glp:2.09861228866811
phillson.cray.com:1.0
gordon:2.09861228866811
phillips:2.09861228866811
subject:1.0
lyon:1.0
lamb:1.0
minivas-2:1.6931471805599454
control:1.0
abekas:2.386294361119891
a66:1.6931471805599454
want:1.0
record:1.6931471805599454
functions:1.0
working:1.0
go:1.0
set:1.0
minivas:1.6931471805599454
hangs:1.0
sending:1.0
smpte:1.0
time:1.0
code:2.09861228866811
anyone:1.0
compare:1.0
done:1.0
ftp:1.0
site:1.0
cray.com:1.6931471805599454
