sigma:1.6931471805599454
rahul.net:1.6931471805599454
kevin:1.6931471805599454
martin:1.6931471805599454
subject:1.0
xv:1.6931471805599454
ms-dos:1.0
1993apr20.083731.260:1.0
eicn.etna.ch:1.6931471805599454
e-mail:1.0
address:1.0
writes:1.0
somenone:1.0
know:1.0
solution:1.0
run:1.0
help:1.0
would:1.6931471805599454
apprecied:1.0
guess:1.0
requires:1.6931471805599454
x:1.6931471805599454
almost:1.0
certainly:1.0
dv/x:1.6931471805599454
commonly:1.0
uses:1.0
go32:1.0
djgpp:1.0
setup:1.0
programs:1.0
dont:1.0
running:1.0
cant:1.0
get:1.6931471805599454
anything:1.0
interfacing:1.0
got:1.0
ta:1.0
another:1.0
hat:1.0
