lasse:2.09861228866811
mits.mdata.fi:1.6931471805599454
reinikainen:1.0
subject:1.0
wanted:1.0
multi-page:1.6931471805599454
gif:1.6931471805599454
article:1.0
1993apr20.053250.24854:1.0
worak.kaist.ac.kr:1.0
stjohn:1.0
math1.kaist.ac.kr:1.0
ryou:1.0
seong:1.0
joon:1.0
writes:1.0
hi:1.0
searching:1.0
packages:1.0
could:1.0
handle:1.0
files:1.0
looking:1.0
viewer:1.0
try:1.0
vpic60:1.0
