dotzlaw:2.386294361119891
ccu.umanitoba.ca:1.6931471805599454
helmut:1.6931471805599454
subject:1.0
anti-aliasing:2.09861228866811
utility:1.0
wanted:1.0
currently:1.0
using:1.0
povray:1.0
mac:1.0
wondering:1.0
anyone:1.0
netland:1.0
knows:1.0
public:1.0
domain:1.0
utilities:1.0
skip:1.0
step:1.0
pov:1.0
slow:1.0
machine:1.0
suggestions:1.0
opinions:1.0
post-trace:1.0
would:1.0
greatly:1.0
appreciated:1.0
dept:1.0
biochemistry:1.0
molecular:1.0
biology:1.0
university:1.0
manitoba:1.0
winnipeg:1.0
canada:1.0
