madler:1.0
cco.caltech.edu:1.0
mark:1.6931471805599454
adler:1.0
subject:1.0
images:1.0
earth:1.0
sue:1.0
newspaper:1.6931471805599454
got:1.0
printing:1.0
article:1.0
didnt:1.0
say:1.0
anything:1.0
copyrights:1.0
im:1.0
sure:1.0
whole:1.0
copyrighted:1.0
could:1.0
gotten:1.0
permission:1.0
use:1.0
image:1.0
copyright:1.0
