lmp8913:1.0
rigel.tamu.edu:1.0
preston:1.0
lisa:1.6931471805599454
subject:1.0
another:1.0
cview:2.09861228866811
question:1.0
answers:1.0
anybody:1.6931471805599454
gotten:1.0
work:1.6931471805599454
32k:1.0
64k:1.0
color:1.0
mode:1.0
trident:1.6931471805599454
8900c:1.0
hi-color:1.0
card:1.0
best:1.0
colors:1.0
come:1.0
screwed:1.0
worst:1.0
program:1.0
hangs:1.0
loaded:1.0
vesa:1.0
driver:1.0
thing:1.0
happens:1.0
2:1.0
different:1.0
machines:1.0
doesnt:1.0
know:1.0
viewer:1.0
thanx:1.0
