jfreund:1.0
taquito.engr.ucdavis.edu:1.0
jason:1.6931471805599454
freund:1.6931471805599454
subject:1.0
info:1.0
medical:1.6931471805599454
imaging:1.6931471805599454
systems:1.0
hi:1.0
anyone:1.0
good:1.0
ray:1.0
tracing:1.0
background:1.0
im:1.0
interested:1.0
field:1.0
could:1.0
point:1.0
sources:1.0
better:1.0
yet:1.0
experience:1.0
want:1.0
talk:1.0
whats:1.0
going:1.0
youre:1.0
working:1.0
thanks:1.0
