jbrandt:1.6931471805599454
neosoft.com:1.6931471805599454
j:1.0
brandt:1.6931471805599454
subject:1.0
beta:2.386294361119891
testers:1.0
wanted:1.0
graphics:3.0794415416798357
libraries:1.0
visual:2.09861228866811
numerics:1.6931471805599454
inc:1.0
formerly:1.0
imsl:1.0
precision:1.0
visuals:1.0
process:1.0
securing:1.0
sites:1.0
testing:1.6931471805599454
x:2.9459101490553135
exponent:2.791759469228055
1.0:2.09861228866811
c:3.1972245773362196
2.0:1.6931471805599454
3gl:1.0
products:2.09861228866811
period:1.0
april:1.0
26:1.0
june:1.0
18:1.0
platform:1.0
hp9000/700:1.0
running:1.0
os:1.0
8.07:1.0
ansi:1.0
8.71:1.0
compiler:1.0
media:1.0
sent:1.0
4mm:1.0
dat:1.0
cartridge:1.0
tape:1.0
key:2.09861228866811
facts:2.09861228866811
two:1.0
1:1.6931471805599454
complete:1.6931471805599454
collection:2.09861228866811
high-level:1.6931471805599454
2d:1.6931471805599454
3d:1.6931471805599454
application:2.6094379124341005
plot:2.791759469228055
types:1.6931471805599454
available:1.6931471805599454
large:1.6931471805599454
resources:1.0
2:1.6931471805599454
cstom:1.0
widget:1.6931471805599454
osf/motif:1.0
developers:1.0
3:1.6931471805599454
built-in:1.0
interactive:2.09861228866811
gui:2.09861228866811
customization:2.09861228866811
4:1.6931471805599454
easily-implemented:1.0
callbacks:1.0
customized:1.0
feedback:1.0
5:1.0
xeg:1.6931471805599454
built:1.0
xt:1.0
toolkit:1.0
provides:1.0
user:2.9459101490553135
library:1.6931471805599454
conforms:1.6931471805599454
expected:1.0
syntax:1.0
standards:1.6931471805599454
familar:1.0
programmers:1.0
6:1.0
also:1.0
sold:1.0
bundle:1.0
edges:1.0
uim/x:1.0
product:1.0
enable:1.0
use:1.6931471805599454
builder:1.0
create:1.0
graphical:1.0
layout:1.0
written:1.6931471805599454
programmers/developers:1.0
100:1.0
programming:1.6931471805599454
interface:1.0
taking:1.0
advantage:1.0
fo:1.0
desirable:1.0
features:1.0
build-in:1.0
mouse:1.6931471805599454
interaction:1.0
graph:1.6931471805599454
output:1.0
control:2.386294361119891
200:1.0
attributes:1.0
functions:1.0
two-call:1.0
creation:1.0
wide:1.0
variety:1.0
minimal:1.0
effort:1.0
ability:1.0
interrupt:1.0
event:2.386294361119891
controlling:1.0
loop:2.09861228866811
manipulate:1.0
allow:1.0
ceg:1.0
anyone:1.0
interested:1.0
either:1.0
please:1.0
contact:1.0
wendy:1.0
hou:1.6931471805599454
via:1.0
email:1.0
imsl.com:1.0
call:1.0
713-279-1066:1.0
jaclyn:1.0
