jk87377:1.0
lehtori.cc.tut.fi:1.0
kouhia:1.6931471805599454
juhana:1.6931471805599454
subject:1.0
xv:3.8903717578961645
problems:2.09861228866811
please:1.0
note:1.6931471805599454
newsgroups:1.0
recent:1.0
discussion:1.0
xvs:1.6931471805599454
held:1.0
newsgroup:1.0
text:1.6931471805599454
users:1.0
might:1.0
find:1.0
interesting:1.0
added:1.0
collection:1.0
article:1.0
read:1.6931471805599454
even:1.6931471805599454
articles:1.0
ago:1.6931471805599454
hope:1.0
author:1.6931471805599454
corrects:1.0
best:2.09861228866811
fine:1.0
program:2.791759469228055
worth:1.0
improving:1.0
also:2.09861228866811
minor:1.6931471805599454
ideas:1.0
24bit:3.0794415416798357
e-mail:1.0
misundertanding:1.0
mine:1.0
understandable:1.0
clip:3.0794415416798357
deleted:2.09861228866811
saves:1.0
8bit/rasterized:2.386294361119891
images:2.791759469228055
means:1.0
saved:1.0
jpegs:2.09861228866811
like:1.0
jpeg-to-gif-to-jpeg:1.0
quality:1.6931471805599454
theres:1.6931471805599454
three:1.0
kind:1.0
8bit:1.6931471805599454
quantizers:2.09861228866811
final:1.0
image:3.8903717578961645
depends:1.0
situation:1.0
jpeg:2.386294361119891
faq:1.0
imho:1.0
design:2.6094379124341005
error:2.386294361119891
confusing:1.0
errors:2.386294361119891
programs:1.0
two:1.0
allows:1.6931471805599454
saving:2.791759469228055
original:1.6931471805599454
instead:1.0
special:2.09861228866811
case:2.09861228866811
made:1.0
quantizer:2.386294361119891
main:1.0
quantizes:1.6931471805599454
available:1.0
file:1.0
lousier:1.0
viewing:1.0
purposes:1.0
cases:1.0
limit:1.6931471805599454
8bit/quantized/rasterized:1.0
stored:1.0
designed:1.6931471805599454
matter:1.0
fact:1.0
im:2.09861228866811
sure:1.6931471805599454
displays:1.0
known:1.0
bad:1.6931471805599454
time:1.0
formats:1.0
included:1.0
whole:1.0
changed:1.0
support:1.0
done:1.6931471805599454
violate:1.0
format:1.6931471805599454
human:1.6931471805599454
interface:1.6931471805599454
otherway:1.0
drop:1.0
without:1.0
clearly:1.0
saying:1.0
expected:1.0
normal:1.0
use:1.6931471805599454
new:1.0
items:1.0
follows:1.0
seen:1.0
sometimes:1.0
poorly:1.6931471805599454
best24:2.09861228866811
option:2.09861228866811
default:2.09861228866811
reason:1.0
surely:1.0
used:2.386294361119891
surprise:1.0
ppmquant:2.09861228866811
remember:1.0
tested:1.6931471805599454
test:1.6931471805599454
found:1.0
rlequant:1.6931471805599454
comes:1.0
djpeg:1.0
fbmquant:1.0
order:1.0
suggeeded:1.0
actually:1.0
gave:1.0
artifacts:1.0
dont:1.0
know:1.0
improved:1.0
expect:1.0
good:1.6931471805599454
idea:1.6931471805599454
suggest:1.6931471805599454
changes:1.0
one:1.6931471805599454
rle-people:1.0
gives:1.0
permission:1.0
another:1.0
could:1.0
imagemagick:1.0
say:1.0
nothing:1.0
bugs:1.0
key:1.6931471805599454
pressings:1.6931471805599454
cursor:1.6931471805599454
clicks:1.0
goes:1.0
buffer:1.6931471805599454
often:1.6931471805599454
happens:1.6931471805599454
make:1.0
click:1.0
press:1.0
keyboard:1.6931471805599454
wrong:1.0
place:1.0
annoying:1.6931471805599454
waited:1.0
come:1.0
five:1.0
minutes:1.0
gone:1.6931471805599454
away:1.0
immediately:1.0
cleaned:1.0
complete:1.0
wait:1.6931471805599454
seconds:1.0
activating:1.0
mouse:1.0
completed:1.0
pops:1.0
screen:1.0
quickly:1.0
writing:1.0
something:1.6931471805599454
editor:1.6931471805599454
go:1.0
weird:1.0
color:1.6931471805599454
turn:1.0
meter:1.0
release:1.0
updates:1.0
impossible:1.0
change:1.0
rgb:1.0
values:1.0
first:1.0
get:1.0
updated:1.6931471805599454
setting:1.0
ready:1.0
yet:1.0
adding:1.0
apply:1.0
button:1.0
update:1.0
exchanges:1.0
