johnh:1.6931471805599454
jhunix.hcf.jhu.edu:1.6931471805599454
john:2.09861228866811
j:1.6931471805599454
humpal:1.6931471805599454
subject:1.0
images:1.0
earth:1.0
article:1.6931471805599454
1993apr20.143434.5069:1.0
cs.ruu.nl:1.6931471805599454
clldomps:1.0
louis:1.0
van:1.0
dompselaar:1.0
writes:1.0
sue:1.0
newspaper:1.6931471805599454
got:1.0
printing:1.0
didnt:1.0
say:1.0
anything:1.0
copyrights:1.0
almost:1.0
certainly:1.0
copyrighted:1.6931471805599454
entirety:1.0
newspapers:1.0
generally:1.0
employ:1.0
legal:1.0
staffs:1.0
make:1.0
sure:1.0
get:1.0
permission:1.0
use:1.0
image:1.0
text:1.0
short:1.0
sig:1.0
std:1.0
disclaimer:1.0
