srlnjal:1.0
grace.cri.nz:1.0
subject:1.0
coreldraw:1.6931471805599454
bitmap:1.0
scodal:1.6931471805599454
anyone:1.0
know:1.0
software:1.0
allow:1.0
convert:1.0
cdr:1.0
files:1.0
containing:1.0
bitmaps:1.0
format:1.0
bureaus:1.0
filmrecorder:1.0
recognises:1.0
jeff:1.0
lyall:1.0
inst.geo.nuc.sci.ltd:1.0
lower:1.0
hutt:1.0
new:1.0
zealand:1.0
