ednobles:1.0
sacam.oren.ortn.edu:1.0
edward:1.0
nobles:1.6931471805599454
subject:1.0
windows:1.0
imagine:1.0
sent:1.0
copy:1.0
today:1.0
snail:1.0
mail:1.0
hope:2.09861228866811
get:1.0
back:1.0
ten:1.0
days:1.0
impulse:1.0
said:1.0
week:1.0
good:1.0
claim:1.0
jim:1.0
takes:1.0
use:1.0
