se92psh:1.6931471805599454
brunel.ac.uk:1.6931471805599454
peter:2.09861228866811
hauke:1.6931471805599454
subject:1.0
tiff:1.0
philosophical:1.0
significance:1.0
42:1.6931471805599454
joachim:1.6931471805599454
lous:1.0
kih.no:1.0
wrote:1.6931471805599454
ulrich:1.0
galki.toppoint.de:1.0
anyone:1.0
suggestions:1.0
came:1.0
yep:1.0
heres:1.0
theory:1.0
heard:1.0
bandied:1.0
around:1.0
rather:1.0
thinking:1.0
number:1.0
think:1.0
sound:1.0
tea:2.386294361119891
two:2.386294361119891
sort:1.0
anagram:1.0
brunel:1.0
university:1.0
