quan:2.386294361119891
sol.surv.utas.edu.au:1.6931471805599454
stephen:1.6931471805599454
subject:1.0
fast:2.6094379124341005
polygon:2.386294361119891
routine:2.791759469228055
needed:1.0
osprey:1.6931471805599454
ux4.cso.uiuc.edu:1.6931471805599454
lucas:1.6931471805599454
adamski:1.6931471805599454
writes:2.09861228866811
article:1.6931471805599454
1993apr17.192947.11230:1.0
sophia.smith.edu:1.6931471805599454
orourke:1.6931471805599454
joseph:1.0
c5n3x0.b5l:1.0
news.cso.uiuc.edu:1.0
im:1.0
looking:1.0
used:1.0
3d:1.0
game:1.6931471805599454
draw:1.0
polygons:1.0
course:1.0
vga:1.6931471805599454
mode:2.09861228866811
13h:2.09861228866811
320x200:1.0
hi:1.0
ive:1.0
come:1.0
across:1.0
triangle:1.6931471805599454
fill-draw:1.0
calling:1.0
enough:1.0
times:1.0
drawing:1.0
think:1.0
ftped:1.0
wuarchive.wustl.edu:1.0
pub/msdos_uploads/programming:1.0
copy:1.0
reupload:1.0
triangle.txt:1.0
file:1.0
say:1.0
c:1.0
inline:1.0
assembly:1.0
source:1.0
drawer:1.0
tel:1.6931471805599454
002:1.6931471805599454
202844:1.6931471805599454
local:1.6931471805599454
research:1.0
fellow:1.0
computer:1.0
scientist:1.0
fax:1.6931471805599454
240282:1.6931471805599454
centre:1.0
spatial:1.0
information:1.0
systems:1.0
61:1.6931471805599454
02:1.6931471805599454
university:1.0
tasmania:1.0
australia:1.0
