ricky:1.0
watson.ibm.com:1.0
rick:1.6931471805599454
turner:1.0
subject:1.0
coreldraw:1.6931471805599454
bitmap:1.0
scodal:1.0
3.0.whatever:1.0
write:1.0
scodl:1.0
files:1.0
directly:1.0
look:1.0
file|export:1.0
main:1.0
menu:1.0
