jr0930:2.09861228866811
eve.albany.edu:1.6931471805599454
regan:1.0
james:1.0
p:1.0
subject:1.0
pascal-fractals:1.0
albnyvms.bitnet:1.0
go:1.6931471805599454
heavy:1.0
home:1.0
