yoo:2.09861228866811
engr.ucf.edu:1.6931471805599454
hoi:1.6931471805599454
subject:1.0
ribbon:1.0
information:1.0
anyone:1.0
know:1.0
kind:1.0
utility:1.0
program:1.6931471805599454
ribbons:2.09861228866811
popular:1.0
representation:1.0
2d:1.6931471805599454
shape:1.6931471805599454
trying:1.0
find:1.0
symmetry:1.0
axis:1.0
given:1.0
using:1.0
suggestions:1.0
greatly:1.0
appreciated:1.0
start:1.0
thanks:1.0
much:1.0
advance:1.0
