subject:1.0
need:1.6931471805599454
rgb:1.0
data:1.0
saved:1.0
images:1.0
jer114:1.0
psuvm.psu.edu:1.0
could:1.0
someone:1.0
please:1.0
help:1.6931471805599454
find:1.0
program:1.6931471805599454
figure:1.0
extract:1.0
li:1.0
st:1.0
r:1.6931471805599454
g:1.6931471805599454
b:1.6931471805599454
values:1.6931471805599454
pixel:1.0
image:1.0
convert:1.0
tga:1.0
everal:1.0
popular:1.0
formats:1.0
use:1.0
writing:1.0
thanks:1.0
