jr0930:2.09861228866811
eve.albany.edu:1.6931471805599454
regan:1.0
james:1.0
p:1.0
subject:1.0
pascal-fractals:1.0
apparently:1.0
editor:1.0
didnt:1.0
wanted:1.0
ill:1.0
try:1.0
im:1.0
looking:1.0
programs:1.0
code:1.0
simple:1.0
animation:1.0
and/or:1.0
drawing:1.0
using:1.0
fractals:1.0
turbopascal:1.0
ibm:1.0
thanks:1.0
advance:1.0
albnyvms.bitnet:1.0
go:1.6931471805599454
heavy:1.0
home:1.0
