borst:1.6931471805599454
cs.utwente.nl:1.0
pim:1.0
subject:1.0
pbm-plus:1.6931471805599454
sources:1.6931471805599454
hi:1.0
everybody:1.0
anyone:1.0
name:1.0
anonymous:1.0
ftp-site:1.0
find:1.0
package:1.0
portable:1.0
bit/gray/pixel:1.0
map:1.0
would:1.0
like:1.0
compile:1.0
run:1.0
sun:1.0
sparcstation:1.0
thanks:1.0
