cs89ssg:1.0
brunel.ac.uk:1.0
sunil:1.0
gupta:1.0
subject:1.0
rtrace:1.6931471805599454
8.2.0:1.6931471805599454
comp:1.0
graphics/cad:1.0
cgcad:1.0
bart.inescn.pt:1.0
wrote:1.0
new:1.0
version:1.0
ray-tracing:1.0
package:1.0
asterix.inescn.pt:1.0
192.35.246.17:2.09861228866811
directory:1.0
pub/rtrace:1.0
check:1.0
readme:1.0
file:1.0
cant:1.0
seem:1.0
reach:1.0
site:1.0
ping:1.0
icmp:1.6931471805599454
net:1.0
unreachable:1.0
gateway:1.0
nsn-fix-pe.sura.net:1.0
192.80.214.253:1.0
ccws-24.brunel.ac.uk:1.0
134.83.176.30:1.0
possible:1.0
upload:1.0
mainstream:1.0
ftp:1.0
place:1.0
