fombaron:2.09861228866811
ufrima.imag.fr:1.6931471805599454
marc:2.09861228866811
subject:1.0
3d-studio:1.0
v2.01:1.6931471805599454
differences:1.6931471805599454
previous:1.0
version:1.0
significant:1.0
v2.00:1.0
thank:1.0
helping:1.0
e-mail:1.0
marc.fombaron:1.0
grenoble:1.0
