schmidt:2.09861228866811
prakinf.th-ilmenau.de:1.0
subject:1.0
irit:1.0
pov:1.6931471805599454
anybody:1.0
made:1.0
converter:1.0
irits:1.0
irt:1.0
dat:1.0
format:1.6931471805599454
thanks:1.0
sebastian:1.0
tu:1.0
ilmenau:1.0
institut:1.0
f:1.0
praktische:1.0
informatik:1.0
