emarciniak:1.0
email.bony.com:1.0
subject:1.0
image:1.0
pictures:1.6931471805599454
hi:1.0
looking:1.0
advice:1.0
software/hardware:1.0
package:1.0
making:1.0
storing:1.0
processing:1.0
ideal:1.0
software:1.0
would:1.6931471805599454
allow:1.0
cahnge:1.0
size:1.0
picture:1.0
edit:1.0
means:1.0
add:1.0
text:1.0
important:1.0
dos:1.0
command:1.0
interface:1.0
thank:1.0
advance:1.0
emanuel:1.0
marciniak:1.0
bank:1.0
new:1.0
york:1.0
