lulagos:1.6931471805599454
cipres.cec.uchile.cl:1.0
admirador:1.0
subject:1.0
oak:1.6931471805599454
vga:1.0
1mb:1.6931471805599454
please:1.6931471805599454
needd:1.0
vesa:1.6931471805599454
tsr:1.6931471805599454
8:1.0
hi:1.0
well:1.0
386/40:1.0
svga:1.0
chip:1.0
077:1.0
dont:1.0
program:1.0
card:1.0
need:1.0
anybody:1.0
help:1.0
mail:1.0
araucaria.cec.uchile.cl:1.0
thanks:1.0
mackk:1.0
o.o:1.0
u:1.0
ack:1.0
