kinder:1.0
nervm.nerdc.ufl.edu:1.0
jim:1.0
cobb:1.0
subject:1.0
et:1.0
4000:1.0
w32:1.6931471805599454
vl-bus:1.6931471805599454
cards:1.0
anyone:1.0
know:1.0
video:1.0
card:1.6931471805599454
based:1.0
et4000:1.0
much:1.0
cost:1.0
get:1.0
one:1.0
come:1.0
1mb:1.0
ram:1.0
windows:1.0
performance:1.0
like:1.0
