luis.nobrega:1.0
filebank.cts.com:1.0
luis:1.6931471805599454
nobrega:1.6931471805599454
subject:1.0
pc:1.6931471805599454
paintbrush:2.386294361119891
iv:1.6931471805599454
trying:1.0
configure:1.0
zsofts:1.0
use:1.0
logitech:1.0
scanman:1.0
32:1.0
hand:1.0
scanner:2.09861228866811
cant:1.0
get:1.0
acknowledge:1.0
anybody:1.0
using:1.0
help:1.0
thanks:1.0
file:1.6931471805599454
bank:1.0
bbs:1.0
619-728-4318:1.0
pcboard:1.0
v.14.5a/e10:1.0
usr:1.0
hst:1.0
ds:1.0
8:1.0
nodes:1.0
rime:1.0
internet:1.0
largest:1.0
clipper:1.0
collection:1.0
world:1.0
