echen:1.6931471805599454
burn.ee.washington.edu:1.6931471805599454
ed:1.6931471805599454
chen:1.0
subject:1.0
windows:1.0
bmp:1.6931471805599454
sun:1.0
raster:1.0
others:1.0
hi:1.0
anyone:1.0
converter:1.6931471805599454
format:1.0
xview:1.0
xv:1.0
handle:1.0
must:1.0
run:1.0
unix:1.0
looked:1.0
faq:1.0
downloaded:1.0
several:1.0
packages:1.0
luck:1.0
thanks:1.0
advance:1.0
