s_braun:2.09861228866811
irav19.ira.uka.de:1.0
thomas:2.386294361119891
braun:2.09861228866811
subject:1.0
sources:1.0
shading:1.6931471805599454
wanted:1.0
im:1.0
looking:1.0
methods:1.0
algorithms:1.0
please:1.0
let:1.0
know:1.6931471805599454
get:1.0
source:1.0
codes:1.0
thanks:1.0
lot:1.0
universitaet:1.0
karlsruhe:1.6931471805599454
e-mail:1.0
iravcl.ira.uka.de:1.6931471805599454
university:1.0
germany:1.0
email:1.0
ukay:1.0
dkauni2.bitnet:1.0
