chris:2.386294361119891
sarah.lerc.nasa.gov:1.6931471805599454
johnston:1.6931471805599454
subject:1.0
one:1.0
day:1.0
graphics/composites:1.0
seminar:2.09861228866811
sampe:1.6931471805599454
ncga:1.0
university:2.09861228866811
akron:2.386294361119891
nasa:2.791759469228055
lewis:2.386294361119891
research:2.386294361119891
center:2.386294361119891
sponsoring:1.0
computers:1.0
composites:2.09861228866811
one-day:1.0
devoted:1.0
practical:1.0
applications:1.0
computer:1.0
workstations:1.6931471805599454
efficient:1.0
processing:1.0
design:1.0
manufacture:1.0
may:1.0
18:1.0
1993:1.0
ohio:1.6931471805599454
speakers:1.0
advancement:1.0
graphics:1.0
visualization:1.0
dr:2.09861228866811
jay:1.0
horowitz:1.0
integrated:1.0
product:1.0
development:1.0
mr:2.09861228866811
michael:1.0
r:1.6931471805599454
cowen:1.0
network:1.0
sikorski:1.0
aircraft:1.0
structural:1.0
analysis:1.0
brian:1.0
fite:1.0
stereolithography:1.0
jason:1.0
williams:1.0
penn:1.0
state-erie:1.0
molecular:1.0
physical:1.0
modeling:1.6931471805599454
vassilios:1.0
galiatsato:1.0
polymer:1.6931471805599454
curing:1.0
process:1.0
matrix:1.0
ram:1.0
upadhyay:1.0
ge:1.0
corporate:1.0
registration:1.0
fees:1.0
75.00:1.0
advance:1.0
100.00:1.0
site:1.0
includes:1.0
box:1.0
lunch:1.0
contact:1.0
gary:2.09861228866811
roberts:1.6931471805599454
216:2.09861228866811
433-344:1.0
write:1.0
regional:1.0
c/o:1.0
21000:1.6931471805599454
brookpark:1.6931471805599454
rd:1.6931471805599454
ms:1.6931471805599454
49-1:1.0
cleveland:1.6931471805599454
44135:1.0
email:1.0
ill:1.0
get:1.0
433-5029:1.0
materials:1.0
engineer:1.0
433-5033:1.0
internet:1.0
105-1:1.0
oh:1.0
4413:1.0
usaresistance:1.0
futile:1.0
