beaver:1.6931471805599454
rot.qc.ca:1.6931471805599454
andre:1.6931471805599454
boivert:1.0
subject:1.0
photoshop:1.6931471805599454
windows:2.09861228866811
looking:1.0
comments:1.6931471805599454
people:1.0
used/heard:1.0
good:1.0
compare:1.0
mac:1.0
version:1.6931471805599454
lot:1.0
bugs:1.0
heard:1.0
needs:1.0
fine-tuning:1.0
would:1.0
greatly:1.0
appreciated:1.0
thank:1.0
boisvert:1.0
