buck:2.09861228866811
hq.ileaf.com:1.0
david:1.6931471805599454
buchholz:1.6931471805599454
x3252:1.0
subject:1.0
looking:1.6931471805599454
wmf:1.0
converter:1.6931471805599454
im:1.0
leads:1.0
source:1.0
good:1.0
windows:1.6931471805599454
meta:1.0
file:1.0
interpreter:1.0
need:1.0
use:1.0
outside:1.0
environment:1.0
pd:1.0
sources:1.0
preferred:1.0
requirement:1.0
please:1.0
reply:1.0
address:1.0
internet:1.0
ileaf.com:1.0
product:1.0
manager:1.0
uucp:1.0
uunet:1.0
leafusa:1.0
interleaf:1.0
inc:1.0
voice:1.0
617.290.4990:1.0
x-3252:1.0
