kimd:2.09861228866811
rs6401.ecs.rpi.edu:1.0
daniel:1.0
chungwan:1.0
kim:1.0
subject:1.0
wanted:1.0
super:1.6931471805599454
8mm:1.6931471805599454
projector:2.09861228866811
sounds:1.6931471805599454
looking:1.0
anybody:1.0
one:1.0
sale:1.6931471805599454
send:1.0
email:1.0
name:1.0
brand:1.0
condition:1.0
price:1.0
rpi.edu:1.6931471805599454
must:1.0
sound:1.0
capability:1.0
danny:1.0
