billj:1.6931471805599454
b11.b11.ingr.com:1.0
bill:1.6931471805599454
jones:1.6931471805599454
subject:1.0
need:2.09861228866811
specs/info:1.0
apple:1.6931471805599454
quicktime:2.386294361119891
add:1.0
sciences.sdsu.edu:1.0
james:1.0
murray:1.0
writes:1.0
get:1.0
specs:2.09861228866811
least:1.0
verbose:1.0
interpretation:1.0
technical:1.6931471805599454
articles:1.0
magazines:1.0
references:1.0
books:1.0
would:1.0
nice:1.0
also:1.0
format:1.6931471805599454
usable:1.0
unix:1.0
ms-dos:1.0
system:1.0
cant:1.0
much:1.0
stuff:1.0
ftp.apple.com:1.0
present:1.0
released:1.0
volume:1.0
new:1.0
inside:1.0
macintosh:1.0
series:1.0
bookstore:1.0
reasonable:1.0
stock:1.0
beowulf.b11.ingr.com:1.0
