bio1:1.6931471805599454
navi.up.ac.za:1.6931471805599454
fourie:1.6931471805599454
joubert:1.6931471805599454
subject:1.0
image:1.6931471805599454
analysis:1.6931471805599454
pc:1.0
hi:1.0
looking:1.0
software:1.0
running:1.0
dos:1.0
windows:1.0
id:1.0
like:1.0
able:1.0
analyze:1.0
tiff:1.0
similar:1.0
files:1.0
generate:1.0
histograms:1.0
patterns:1.0
etc:1.0
help:1.0
would:1.0
appreciated:1.0
department:1.0
biochemistry:1.0
university:1.0
pretoria:1.0
