kardank:1.6931471805599454
ere.umontreal.ca:1.6931471805599454
kardan:1.6931471805599454
kaveh:1.6931471805599454
subject:1.0
newsgroup:1.0
split:1.0
havent:1.0
following:1.0
thread:1.0
appologies:1.0
already:1.0
mentioned:1.0
comp.graphics.3d:1.0
