wbdst:1.0
pitt.edu:1.0
william:1.0
b:1.0
dwinnell:1.0
subject:1.0
diamond:1.6931471805599454
stelth:1.0
24:1.6931471805599454
good:1.6931471805599454
market:1.0
24-bit:1.0
graphics:1.0
card:1.0
pc:1.0
isa:1.0
bus:1.0
wondering:1.0
anyone:1.0
comments:1.0
bad:1.0
otherwise:1.0
regarding:1.0
stealth:1.0
