zyeh:1.0
caspian.usc.edu:1.0
zhenghao:1.0
yeh:1.6931471805599454
subject:1.0
fast:1.0
wireframe:2.386294361119891
graphics:1.0
article:1.0
c5tk4u.c6t:1.0
cs.columbia.edu:1.6931471805599454
ykim:1.0
yong:1.0
su:1.0
kim:1.0
writes:1.0
working:1.0
program:1.0
display:1.0
3d:1.0
models:1.0
user:1.6931471805599454
able:1.0
arbitrarily:1.0
change:1.0
viewing:1.0
parameters:1.0
also:1.6931471805599454
objects:1.0
going:1.0
dynamic:1.0
attributes:1.0
move:1.0
around:1.0
exploring:1.0
world:1.0
dont:1.0
consider:1.0
phigs:1.0
x:1.0
pex:1.0
lib:1.0
usc:1.0
