hans:1.6931471805599454
cs.kuleuven.ac.be:1.0
baele:1.0
subject:1.0
conversion:1.6931471805599454
pic:2.09861228866811
format:2.386294361119891
files:2.6094379124341005
hpgl:2.09861228866811
hello:1.0
anybody:1.0
help:1.0
question:1.0
follows:1.0
possible:1.0
convert:1.0
generated:1.0
preprocessor:1.0
suitable:1.0
sending:1.0
plotter:1.0
hardware:1.0
involved:1.6931471805599454
ibm:1.0
risc/6000:1.0
running:1.0
aix:1.0
3.2.3:1.0
done:1.0
software:1.0
available:1.0
cost:1.0
problems:1.0
regards:1.0
dani:1.6931471805599454
cimad:1.0
consultants:1.0
antwerp:1.0
belgium:1.0
cimad.be:1.0
