subject:1.0
cornerstone:2.09861228866811
dualpage:1.6931471805599454
driver:1.6931471805599454
wanted:1.0
tkelder:1.6931471805599454
ebc.ee:1.0
tonis:1.0
kelder:1.6931471805599454
looking:1.0
window:1.0
3.1:1.0
technology:1.0
inc:1.0
video:1.0
card:1.0
anybody:1.0
know:1.0
one:1.0
thanks:1.0
info:1.0
to~nis:1.6931471805599454
estonian:1.0
biocentre:1.0
kask.ebc.ee:1.0
