peterbak:1.6931471805599454
microsoft.com:1.0
peter:1.6931471805599454
bako:1.0
subject:1.0
jpeg:1.0
file:2.09861228866811
format:1.6931471805599454
could:1.0
find:1.6931471805599454
description:1.0
jpg:1.6931471805599454
specifically:1.0
need:1.0
know:1.0
height:1.0
width:1.0
image:1.0
perhaps:1.0
even:1.0
number:1.0
colors:1.0
used:1.0
suggestions:1.0
uucp:1.0
microsoft:1.0
compuserve:1.0
71170,1426:1.0
nothing:1.0
vger:1.0
