lusardi:1.6931471805599454
cs.buffalo.edu:1.0
christopher:1.0
subject:1.0
looking:1.0
mr:1.0
radon:1.6931471805599454
anyone:1.0
transform:1.0
c:1.0
could:1.0
send:1.0
help:1.0
accepted:1.0
lot:1.0
au:1.0
music:1.0
ftp:1.0
sounds.sdsu.edu:1.0
cat:1.0
file.au:1.0
dev/audio:1.0
ub:1.0
library:1.0
catalog:1.0
telnet:1.0
bison.acsu.buffalo.edu:1.0
14261:1.0
doubt:1.0
ask:1.0
xarchie:1.0
xgopher:1.0
xwais:1.0
