cgschot:2.09861228866811
cs.ruu.nl:2.09861228866811
gerco:2.09861228866811
schot:1.6931471805599454
subject:1.0
ray:1.6931471805599454
tracing:1.0
pictures:1.6931471805599454
interested:1.0
traced:1.0
nice:1.0
example:1.0
alt.binaries.pictures.misc:1.0
file:1.0
called:1.0
poolball.gif:1.0
shows:1.0
pooltable:1.0
yes:1.0
poolballs:1.0
resolution:1.0
1024x768:1.0
colours:1.0
256:1.0
tga:1.0
24:1.0
bit:1.6931471805599454
version:1.0
also:1.0
available:1.0
big:1.0
2.4mb:1.0
post:1.0
picture:1.0
created:1.0
pov-ray:1.0
enjoy:1.0
