haston:2.386294361119891
utkvx.utk.edu:1.6931471805599454
donald:1.0
wayne:1.6931471805599454
subject:1.0
hijaak:2.09861228866811
heard:1.0
impressive:1.0
things:1.6931471805599454
hijakk:1.0
windows:1.0
currently:1.0
use:1.0
shareware:1.6931471805599454
program:1.0
called:1.0
graphics:1.0
workshop:1.0
kinds:1.0
programs:1.6931471805599454
experience:1.0
better:1.0
please:1.0
email:1.0
help:1.0
thanks:1.0
