jack:2.386294361119891
robotics.jpl.nasa.gov:1.6931471805599454
morrison:1.0
subject:1.0
fixed-point:1.6931471805599454
math:1.6931471805599454
library:1.6931471805599454
anyone:1.0
written:1.0
seen:1.0
c:1.6931471805599454
class:1.0
good:1.0
articles:1.0
pretty:1.0
much:1.0
know:1.0
wheels:1.0
invent:1.0
moment:1.0
thanks:1.0
typing:1.0
call:1.0
1-818-354-7782:1.0
morrison/jet:1.0
propulsion:1.0
lab/ms107-102:1.0
4800:1.0
oak:1.0
grove:1.0
dr:1.0
pasadena:1.0
ca:1.0
91109:1.0
