cs60805:1.0
basin04.cacs.usl.edu:1.0
rao:1.6931471805599454
koganti:1.0
srinivasa:1.0
subject:1.0
polygon:1.6931471805599454
fill:2.09861228866811
routine:2.09861228866811
needed:1.0
hi:1.0
looking:1.0
simple:1.0
4:1.0
sided:1.0
polygons:1.0
one:1.0
c:1.0
help:1.0
saving:1.0
reinventing:1.0
time:1.0
thanx:1.0
advance:1.0
