mikec:1.0
sail.labs.tek.com:1.0
micheal:1.0
cranford:1.0
subject:1.0
disney:1.6931471805599454
animation:1.6931471805599454
anyone:1.0
tell:1.0
anything:1.0
software:1.0
package:1.0
note:1.0
followup:1.0
line:1.0
colleague:1.0
