tonyo:1.6931471805599454
pendragon.cna.tek.com:1.0
tony:1.0
ozrelic:1.0
subject:1.0
need:1.6931471805599454
info:1.0
cc:2.386294361119891
mail:2.386294361119891
file:2.09861228866811
format:2.09861228866811
formats:1.0
seems:1.6931471805599454
pcx-based:1.0
twist:1.0
first:1.0
page:1.0
multi-page:1.0
fax:1.0
come:1.6931471805599454
readable:1.0
pages:1.0
disappear:1.0
proprietary:1.0
anybody:1.0
got:1.0
clues:1.0
give:1.0
email:1.0
faxes:1.0
secretary:1.0
order:1.0
get:1.0
em:1.0
unscrambled:1.0
want:1.0
filter:1.0
p:1.6931471805599454
nb:1.6931471805599454
think:1.0
would:1.0
nice:1.0
master.cna.tek.com:1.0
