eylerken:1.6931471805599454
stein.u.washington.edu:1.0
ken:1.6931471805599454
eyler:1.6931471805599454
subject:1.0
3d:1.6931471805599454
animation:1.6931471805599454
station:2.09861228866811
looking:1.0
information:1.0
stations:1.0
currently:1.0
market:1.0
price:1.0
5k-20k:1.0
20,000.00:1.0
type:1.6931471805599454
workstation:1.0
doesnt:1.0
matter:1.0
pc:1.6931471805599454
mac:1.6931471805599454
sgi:1.0
etc:1.6931471805599454
use:1.0
bought/looked:1.0
one:1.0
suggest:1.0
dream:1.0
machine:1.6931471805599454
please:1.0
mail:1.0
configurations:1.0
need:1.0
following:1.0
1:1.0
2:1.0
expandibilty:1.0
3:1.0
software:1.0
run:1.0
4:1.0
vtr:1.6931471805599454
controller:1.0
and/or:1.0
deck:1.0
model/name:1.0
5:1.0
vendors:1.0
names:1.0
numbers:1.0
thanks:1.0
advance:1.0
u.washington.edu:1.0
evergreen:1.0
state:1.0
college:1.0
