kmembry:1.6931471805599454
viamar.uucp:1.0
kirk:1.6931471805599454
membry:1.6931471805599454
subject:1.0
rumours:1.0
3do:1.6931471805599454
read:1.0
issue:1.0
2:1.0
wired:1.0
magazine:1.0
long:1.0
article:1.6931471805599454
hype:1.0
ive:1.0
noticed:1.0
every:1.0
talks:1.0
designers:1.0
great:1.0
never:1.0
show:1.0
pictures:1.6931471805599454
output:1.0
least:1.0
one:1.0
understand:1.0
age:1.6931471805599454
industry:1.0
rutgers:1.0
viamar:1.0
alexander:1.0
rodchenko:1.0
