gmt:1.0
beach.cis.ufl.edu:1.0
gary:1.6931471805599454
mctaggart:1.0
subject:1.0
3d:1.6931471805599454
animation:1.6931471805599454
studio:1.6931471805599454
file:1.6931471805599454
format:1.6931471805599454
3ds:1.0
autodesks:1.0
available:1.0
thanks:1.0
please:1.0
respond:1.0
email:1.0
hell:1.0
time:1.0
keeping:1.0
news:1.0
