joshuaf:1.6931471805599454
yang.earlham.edu:1.0
subject:1.0
tiff:2.6094379124341005
anything:1.6931471805599454
programs:1.6931471805599454
ibm:1.0
scanner:1.0
works:1.0
view:1.0
cshow:1.0
8.1:1.0
read:1.0
errors:1.0
basic:1.0
jpeg:1.0
gif:1.0
pcx:1.0
bmp:1.0
etc:1.0
thanks:1.0
time:1.0
email:1.0
post:1.0
acceptable:1.0
geiger:1.0
scan:1.0
looks:1.0
like:1.0
dookie:1.0
know:1.0
