hwstock:1.0
snll-arpagw.llnl.gov:1.0
stockman:1.0
harlan:1.0
w:1.0
subject:1.0
hp2xx:1.6931471805599454
dos:1.6931471805599454
precompiled:1.0
version:1.0
prefereably:1.0
386/486:1.0
