kruzifix:1.6931471805599454
netcom.com:1.6931471805599454
living:1.0
edge:1.0
subject:1.0
imagine:2.09861228866811
pc:1.0
impulse:1.0
shipping:1.0
pc386/486:1.0
close:1.0
amigas:1.0
2.0:1.0
terms:1.0
features:1.0
roland:1.0
chia:1.0
air-cooled:1.0
email:1.0
free-falling:1.0
voice:1.0
209:1.0
447-9403:1.0
carbon:1.0
unit:1.0
