subject:1.0
xlib:1.6931471805599454
24:1.0
bit:1.0
displays:1.0
info:1.0
needed:1.0
sl0pr:1.6931471805599454
riverdale.enet.dec.com:1.0
869883:1.0
thakkar:1.0
rahul:2.09861228866811
chandrakant:1.0
hi:1.0
name:1.0
ms:1.0
usu:1.0
logan:1.0
query:1.0
hp:1.6931471805599454
workstation:1.0
series:1.0
400:1.0
x:1.6931471805599454
running:1.0
true:2.791759469228055
color:3.0794415416798357
24bit:1.0
monitor:2.09861228866811
connected:1.0
machine:1.0
normally:1.0
capability:1.0
display:2.09861228866811
256:2.09861228866811
colors:2.09861228866811
max:1.6931471805599454
16.7:1.6931471805599454
million:1.6931471805599454
since:1.0
see:1.6931471805599454
time:1.0
que:1.6931471805599454
facility:1.6931471805599454
c-function:1.0
call:1.0
enable:1.0
specify:1.0
rgb:1.0
combination:1.0
screen:1.0
using:1.6931471805599454
xstorecolor:1.0
set:1.0
pallette:1.0
way:1.0
image:1.0
function:1.0
calls:1.0
generating:1.6931471805599454
ray:1.0
traced:1.0
images:1.6931471805599454
indeed:1.0
painful:1.0
limit:1.0
besides:1.0
need:1.0
system:1.0
without:1.0
quantification:1.0
please:1.0
anyone:1.0
help:1.0
id:1.0
obliged:1.0
cc.usu.edu:1.0
