omar:2.09861228866811
godzilla.osf.org:1.0
mark:2.09861228866811
marino:1.6931471805599454
subject:1.0
wanted:1.0
playmation:2.09861228866811
info:1.0
hi:1.0
folks:1.0
anyone:1.6931471805599454
copy:1.0
theyd:1.0
willing:1.0
sell:1.0
id:1.6931471805599454
love:1.6931471805599454
try:1.0
retail:1.0
moved:1.0
onto:1.0
something:1.0
bigger:1.0
3ds:1.0
better:1.0
imagine:1.0
buy:1.6931471805599454
table:1.0
scraps:1.0
noone:1.0
selling:1.0
recommend:1.0
place:1.0
mail-order:1.0
cheap:1.0
thanks:1.0
advance:1.0
osf.org:1.0
uunet:1.0
osf:1.0
open:1.0
software:1.0
foundation:1.0
11:1.0
cambridge:1.6931471805599454
center:1.0
02142:1.0
