tmc:2.09861228866811
spartan.ac.brocku.ca:1.6931471805599454
tim:1.0
ciceran:1.0
subject:1.0
tiff:1.0
anything:1.0
program:1.6931471805599454
called:1.6931471805599454
graphic:1.0
workshop:1.0
ftp:1.0
wuarchive:1.0
file:1.0
msdos/graphics:1.0
directory:1.0
grfwk61t.zip:1.0
od:1.0
everthing:1.0
need:1.0
