nfotis:2.6094379124341005
ntua.gr:1.0
nick:2.386294361119891
c:1.6931471805599454
fotis:2.09861228866811
subject:1.6931471805599454
radiosity:2.09861228866811
amann:1.6931471805599454
iam.unibe.ch:1.0
stephan:1.0
writes:1.6931471805599454
article:1.6931471805599454
66319:1.0
yuma.acns.colostate.edu:1.0
xz775327:1.0
longs.lance.colostate.edu:1.0
xia:1.0
zhao:1.0
1993apr19.131239.11670:1.0
aragorn.unibe.ch:1.0
write:1.0
lets:1.0
serious:1.0
im:1.0
working:1.0
package:1.0
written:1.0
would:1.0
like:1.0
make:1.0
public:1.0
domain:1.0
ill:1.0
announce:1.0
c.g:1.0
minute:1.0
finished:1.0
good:1.0
news:1.6931471805599454
bad:1.0
itll:1.0
take:1.0
another:1.0
2:1.0
months:1.0
least:1.0
finish:1.0
please:1.0
note:1.0
packages:1.0
resource:1.6931471805599454
listing:1.6931471805599454
3:1.0
ftp:1.0
list:1.0
greetings:1.0
nikolaos:1.6931471805599454
national:1.6931471805599454
technical:1.6931471805599454
univ:1.6931471805599454
athens:2.386294361119891
greece:2.386294361119891
home:1.6931471805599454
16:1.6931471805599454
esperidon:1.6931471805599454
st:1.6931471805599454
internet:1.6931471805599454
theseas.ntua.gr:1.6931471805599454
halandri:1.6931471805599454
gr:1.6931471805599454
152:1.6931471805599454
32:1.6931471805599454
uucp:1.6931471805599454
mcsun:1.6931471805599454
ariadne:1.6931471805599454
theseas:1.6931471805599454
fax:1.6931471805599454
30:1.6931471805599454
1:1.6931471805599454
77:1.6931471805599454
84:1.6931471805599454
578:1.6931471805599454
usenet:1.0
editor:1.0
comp.graphics:1.0
soc.culture.greece:1.0
faq:1.0
ntua/ua:1.0
acm:1.0
student:1.0
chapter:1.0
chair:1.0
organizing:1.0
small:1.0
conference:1.0
comp:1.0
graphics:1.0
call:1.0
youre:1.0
interested:1.0
participate:1.0
