deweeset:1.6931471805599454
ptolemy2.rdrc.rpi.edu:1.0
thomas:1.6931471805599454
e:1.0
deweese:1.6931471805599454
subject:1.0
finding:1.0
equally:1.0
spaced:1.0
points:1.0
sphere:1.6931471805599454
hello:1.0
know:1.0
discussed:1.0
time:1.0
didnt:1.0
need:1.0
teselate:1.0
kind:1.0
soul:1.0
code:1.0
alg:1.0
finally:1.0
decided:1.0
upon:1.0
best:1.0
recall:1.0
nice:1.0
iterative:1.0
subdivision:1.0
meathod:1.0
would:1.0
appreciative:1.0
rdrc.rpi.edu:1.0
