ferdinan:1.0
oeinck.waterland.wlink.nl:1.6931471805599454
ferdinand:2.09861228866811
oeinck:1.6931471805599454
subject:1.0
detecting:2.09861228866811
double:1.6931471805599454
points:1.0
bezier:2.6094379124341005
curves:2.6094379124341005
renner:1.6931471805599454
adobe.com:1.0
john:1.0
writes:1.6931471805599454
article:2.09861228866811
19930420.090030.915:1.0
almaden.ibm.com:1.0
capelli:1.0
vnet.ibm.com:1.0
ron:1.0
ca:1.0
ia522b1w165w:1.0
im:1.6931471805599454
looking:1.0
information:1.0
and/or:1.6931471805599454
calculating:1.0
point:1.6931471805599454
cusp:1.0
curve:2.09861228866811
see:1.0
maureen:1.6931471805599454
stone:1.6931471805599454
tony:1.6931471805599454
derose:1.6931471805599454
geometric:1.0
characterization:1.0
parametric:1.0
cubic:1.6931471805599454
acm:1.0
tog:1.0
vol:1.0
8:1.0
3:1.0
july:1.0
1989:1.0
pp:1.0
147-163:1.0
ive:1.6931471805599454
used:1.0
reference:1.0
found:1.0
needed:1.6931471805599454
go:1.0
original:1.6931471805599454
tech:1.0
report:1.0
characterizing:1.0
xerox:1.0
edl-88-8:1.0
december:1.0
1988:1.0
first:1.0
thanks:1.0
replied:1.0
question:1.0
implemented:1.0
ideas:1.0
satisfied:1.0
results:1.0
approximation:1.6931471805599454
routine:1.6931471805599454
cases:1.0
generating:1.0
offset:1.0
loops:1.0
occur:1.0
fast:1.6931471805599454
method:1.0
generation:1.0
loop:1.6931471805599454
although:1.0
follow:1.0
strictly:1.0
check:1.6931471805599454
fourth:1.0
control:1.0
lies:1.0
area:1.0
bounded:1.0
two:1.0
parabolas:1.0
one:1.0
ellips:1.0
complicated:1.0
instead:1.0
enlarged:1.0
loop-area:1.0
surrounded:1.0
straight:1.0
lines:1.0
simple:1.0
never:1.0
ever:1.0
outputs:1.0
self-intersecting:1.0
