subject:1.0
pov:1.6931471805599454
file:1.0
constructor:1.0
unix/x11:1.0
craig.humphrey:1.0
comp.vuw.ac.nz:1.6931471805599454
chumphre:1.0
hi:1.0
im:1.0
getting:1.0
povray:1.0
wondering:1.0
graphic:1.0
package:1.0
outputs:1.0
files:1.0
help:1.0
would:1.0
appreciated:1.0
thanks:1.0
laterish:1.0
craig:1.0
didnt:1.0
nobody:1.0
saw:1.0
cant:1.0
prove:1.0
anything:1.0
ccc_c:1.0
ccc_c_____chumphre:1.0
