inu530n:2.09861228866811
lindblat.cc.monash.edu.au:1.6931471805599454
rachmat:1.0
subject:1.0
fractal:1.6931471805599454
compression:1.6931471805599454
hi:1.0
anybody:1.0
give:1.6931471805599454
book:1.0
reference:1.0
title:1.0
start:1.0
image:1.0
technique:1.0
helps:1.0
appreciated:1.0
thanx:1.0
aurora.cc.monash.edu.au:1.0
