eapu207:1.6931471805599454
orion.oac.uci.edu:1.6931471805599454
john:1.6931471805599454
peter:1.0
kondis:1.6931471805599454
subject:1.0
need:2.6094379124341005
make:1.0
vga:1.6931471805599454
shades:1.0
routine:1.0
changes:1.0
color:1.0
rgb:1.0
attributes:1.0
adapter:1.0
doesnt:1.0
work:1.0
mode:1.6931471805599454
specifically:1.0
68:1.0
hex:1.0
obscure:1.0
course:1.0
change:1.0
zillions:1.0
colors:1.0
64:1.0
shade:1.0
greyscale:1.0
correct:1.0
memory:1.0
address:1.6931471805599454
pointer:1.0
please:1.0
someone:1.0
starting:1.0
maybe:1.0
somewhere:1.0
find:1.0
thank:1.0
