diablo.uucp:1.0
cboesel:1.6931471805599454
charles:1.6931471805599454
boesel:1.6931471805599454
subject:1.0
alias:1.6931471805599454
phone:1.6931471805599454
number:2.09861228866811
wanted:1.0
toll-free:1.0
preferred:1.0
available:1.0
thanks:1.0
diablo:1.0
creative:1.0
pro:1.0
con:1.0
diablo.uu.holonet.net:1.0
whats:1.0
opposite:1.0
progress:1.0
1.510.980.1958:1.0
pager:1.0
else:1.0
congress:1.0
