subject:1.0
looking:1.0
tseng:1.0
vesa:2.09861228866811
drivers:1.6931471805599454
t890449:1.0
patan.fi.upm.es:1.0
hi:1.0
first:1.0
msg:1.0
net:1.0
actually:1.0
3rd:1.0
copy:1.0
dam*ed:1.0
vi:1.0
look:1.0
new:1.0
vpic6.0:1.0
comes:1.0
updated:1.0
1.2:1.6931471805599454
almost:1.0
every:1.0
known:1.0
card:1.0
level:1.0
tseng4000:1.0
24-bit:1.0
nice:1.0
affair:1.0
driver:1.0
hope:1.0
useful:1.0
bye:1.0
