richter:1.6931471805599454
fossi.hab-weimar.de:1.0
axel:1.0
subject:1.0
true:1.6931471805599454
color:1.0
display:1.0
pov:1.6931471805599454
hallo:1.0
pov-renderers:1.0
ive:1.6931471805599454
got:1.0
bocax3:1.0
card:1.0
try:1.0
get:1.0
displaying:1.0
colors:1.0
rendering:1.0
tried:1.0
options:1.0
univesa-driver:1.0
happens:1.0
isnt:1.0
correct:1.0
anybody:1.0
help:1.0
