sts:2.791759469228055
mfltd.co.uk:2.6094379124341005
steve:2.386294361119891
sherwood:1.6931471805599454
x5543:1.6931471805599454
subject:1.0
virtual:1.0
reality:1.0
x:1.0
cheap:1.0
article:1.6931471805599454
1r6v3a:1.0
rj2:1.0
fg1.plk.af.mil:1.0
ridout:1.6931471805599454
bink.plk.af.mil:1.0
brian:1.6931471805599454
writes:1.6931471805599454
1993apr15.134802.21995:1.0
anyone:1.0
got:1.0
multiverse:1.0
work:1.0
built:1.6931471805599454
486:1.0
svr4:1.0
mips:1.0
svr4s:1.0
sun:1.0
sparcstation:1.0
seems:1.0
many:1.0
bugs:1.0
dogfight:1.6931471805599454
dactyl:1.0
simply:1.0
nothing:1.0
fixing:1.0
bug:1.0
variable:1.0
defined:1.0
twice:1.0
two:1.0
different:1.0
modules:1.0
one:1.0
needed:1.0
setting:1.0
static:1.0
else:1.0
client:1.0
core-dumped:1.0
extn:1.6931471805599454
5543:1.6931471805599454
uunet:1.6931471805599454
mfocus:1.6931471805599454
micro:1.6931471805599454
focus:1.6931471805599454
like:1.6931471805599454
pariah:1.6931471805599454
name:1.6931471805599454
rm:1.6931471805599454
rf:1.6931471805599454
26:1.6931471805599454
west:1.6931471805599454
street:1.6931471805599454
living:1.6931471805599454
blaze:1.6931471805599454
obscurity:1.6931471805599454
rum:1.6931471805599454
ruff:1.6931471805599454
splat:1.6931471805599454
newbury:1.6931471805599454
need:1.6931471805599454
courage:1.6931471805599454
survive:1.6931471805599454
day:1.6931471805599454
berkshire:1.6931471805599454
england:1.6931471805599454
bort:1.6931471805599454
r:1.6931471805599454
etry:1.6931471805599454
nfluence:1.6931471805599454
large:1.6931471805599454
hammer:1.6931471805599454
rs6000:1.6931471805599454
motif:1.0
machine:1.0
works:1.0
fine:1.0
added:1.0
objects:1.0
could:1.0
get:1.0
used:1.0
flying:1.0
easy:1.0
cool:1.0
compiler:1.6931471805599454
forgiving:1.0
think:1.0
mixed:1.0
cobol:1.0
pascal:1.0
c:1.0
still:1.0
wouldnt:1.0
complain:1.0
