h8902939:1.6931471805599454
hkuxa.hku.hk:1.6931471805599454
abel:1.6931471805599454
subject:1.0
developable:2.09861228866811
surface:2.09861228866811
hi:1.0
netters:1.0
currently:1.0
investigations:1.0
anyone:1.0
familiar:1.0
topic:1.0
give:1.0
information:1.0
sources:1.0
allow:1.0
find:1.0
infomation:1.0
thanks:1.0
help:1.0
