bernard:2.09861228866811
cs.su.oz.au:1.0
gardner:1.0
subject:1.0
fast:1.6931471805599454
polygon:1.6931471805599454
routine:1.0
needed:1.0
reason:1.0
never:1.0
saw:1.0
original:1.6931471805599454
post:1.0
thread:1.0
looking:1.0
routines:2.09861228866811
vga:1.6931471805599454
pc:1.0
really:1.0
cant:1.0
go:1.0
past:1.0
mode:1.0
x:1.0
stuff:1.0
dr:1.0
dobbs:1.0
code:1.0
p.domain:1.0
far:1.0
know:1.0
articles:1.0
presented:1.0
dumb:1.0
optimised:1.0
modex:1.0
interesting:1.0
discussion:1.0
along:1.0
way:1.0
interested:1.0
could:1.0
find:1.0
details:1.0
issues:1.0
question:1.0
home:1.0
