tp892275:1.0
vine.canberra.edu.au:1.0
c:1.0
mierzanowski:1.0
subject:1.0
video:2.09861228866811
card:2.386294361119891
please:1.0
help:1.0
ive:1.0
got:1.0
386:1.0
20hz:1.0
computer:1.0
warranty:1.0
trident:1.0
8900c:1.0
starting:1.0
play-up:1.0
surprise:1.6931471805599454
therefore:1.0
im:1.0
going:1.0
try:1.0
exchange:1.0
better:1.0
big:1.0
question:1.0
high:1.0
quality:1.0
acceptable:1.0
price:1.0
tag:1.0
student:1.0
budget:1.0
thank:1.0
advance:1.0
