situnaya:1.0
ibm3090.bham.ac.uk:1.0
subject:1.0
good:1.0
morphing:1.0
anims:1.0
anyone:1.0
created:1.0
interesting:1.0
animations:1.0
using:1.6931471805599454
dmorph:1.0
seem:1.0
unable:1.0
create:1.0
anything:1.0
looks:1.0
remotely:1.0
realistic:1.0
although:1.0
probably:1.0
due:1.0
crappy:1.0
gifs:1.0
one:1.6931471805599454
captain:1.0
kirk:1.0
spock:1.0
im:1.0
bit:1.0
trekker:1.0
best:1.0
type:1.0
pictures:1.0
use:1.0
thanks:1.0
a.situnayake:1.0
