patrick:2.386294361119891
erc.msstate.edu:1.6931471805599454
bridges:1.6931471805599454
subject:1.0
diamond:1.6931471805599454
stelth:1.0
24:1.0
good:1.0
real:1.0
problem:1.0
w:1.0
stealth:1.0
ive:1.0
heard:1.0
wont:1.6931471805599454
tell:1.0
anyone:1.0
program:1.0
proprietary:1.0
clock:1.0
stuff:1.0
x:1.0
linux:1.0
386bsd:1.0
run:1.0
