jbalgley:1.0
bbn.com:1.0
jon:1.0
balgley:1.0
subject:1.0
hidden-line:2.09861228866811
removal:1.6931471805599454
program:2.09861228866811
im:1.0
posting:1.0
friend:1.0
immediate:1.0
need:1.6931471805599454
polygon-based:1.0
deal:1.0
input/output:1.0
format:1.0
able:1.6931471805599454
perspective:1.0
views:1.0
orientation:1.0
range:1.0
public-domain:1.0
around:1.0
seems:1.0
like:1.0
locate:1.0
one:1.0
email:1.0
replies:1.0
summarize:1.0
thanks:1.0
