ldawes:1.0
uahcs2.cs.uah.edu:1.0
lisa:1.0
dawes:1.0
subject:1.0
gif:1.0
aerial:1.6931471805599454
maps:1.6931471805599454
ftp:1.0
site:1.0
us:1.0
preferably:1.0
photographs:1.0
thanks:1.0
