erikb:1.6931471805599454
idt.unit.no:1.6931471805599454
erik:1.6931471805599454
brenn:1.6931471805599454
subject:1.0
graphics:1.6931471805599454
formats:2.09861228866811
im:1.0
currently:1.0
looking:1.0
information:1.0
different:1.0
especially:1.0
ppm:1.0
pcx:1.0
bmp:1.0
perhaps:1.0
gif:1.0
anyone:1.0
know:1.0
exist:1.0
files:1.0
site:1.0
describes:1.0
thanks:1.0
email:1.0
oooo:1.6931471805599454
faculty:1.0
computer:1.0
science:1.0
telematics:1.0
norwegian:1.0
institute:1.0
technology:1.0
trondheim:1.0
make:1.0
sense:1.0
cents:1.0
