brian:1.6931471805599454
porky.contex.com:1.0
love:1.0
subject:1.0
tiff:1.0
philosophical:1.0
significance:1.0
42:1.6931471805599454
article:1.0
25335:1.0
alice.att.com:1.6931471805599454
td:1.0
tom:1.6931471805599454
duff:1.0
writes:1.0
ulrich:1.0
galki.toppoint.de:1.0
wrote:1.0
anyone:1.0
suggestions:1.0
came:1.0
forty-two:1.0
six:1.6931471805599454
times:1.0
nine:1.6931471805599454
small:1.0
values:1.0
sorry:1.0
couldnt:1.0
resist:1.0
