gwang:1.0
magnus.acs.ohio-state.edu:1.0
ge:1.6931471805599454
wang:1.0
subject:1.0
packages:1.6931471805599454
fashion:1.6931471805599454
designers:1.6931471805599454
hello:1.0
looking:1.0
commercial:1.0
software:1.0
professional:1.0
recommendation:1.0
pointers:1.0
greatly:1.0
appreciated:1.0
please:1.0
e-mail:1.0
may:1.0
thanks:1.0
million:1.0
