thomas:1.6931471805599454
ramsey.cs.laurentian.ca:1.0
f:1.0
subject:1.0
print:2.386294361119891
graph:1.0
printer:2.09861228866811
seems:1.0
simple:1.0
problem:1.6931471805599454
solve:1.0
wrote:1.0
c:1.0
program:1.0
draw:1.0
polygons:1.0
screen:1.6931471805599454
want:1.0
press:1.0
print-screen:1.6931471805599454
keyboard:1.0
ascii:1.0
characters:1.0
way:1.0
without:1.0
using:1.0
please:1.0
help:1.0
