diablo.uucp:1.0
cboesel:1.6931471805599454
charles:1.6931471805599454
boesel:1.6931471805599454
subject:1.0
ftp:1.6931471805599454
achive:1.0
usgs:1.6931471805599454
terrain:1.6931471805599454
data:1.6931471805599454
archive:1.0
united:1.0
states:1.0
geological:1.0
services:1.0
diablo:1.0
creative:1.0
pro:1.0
con:1.0
diablo.uu.holonet.net:1.0
whats:1.0
opposite:1.0
progress:1.0
1.510.980.1958:1.0
pager:1.0
else:1.0
congress:1.0
