eeerik:1.6931471805599454
cc.newcastle.edu.au:1.6931471805599454
subject:1.0
color:2.09861228866811
palette:1.6931471805599454
256:2.09861228866811
vga:1.6931471805599454
rainbow:1.6931471805599454
anybody:1.0
know:1.0
calculate:1.0
rgb:1.0
values:1.0
required:1.0
set:1.0
colors:1.6931471805599454
0..255:1.0
give:1.0
ie:1.0
red:1.0
orange:1.0
yellow:1.0
etc:1.0
help:1.0
would:1.0
appreciated:1.0
please:1.0
email:1.0
erik:1.0
de:1.0
castro:1.0
lopo:1.0
dept:1.0
electrical:1.0
computer:1.0
eng:1.0
uni:1.0
newcastle:1.0
australia:1.0
