ajackson:1.6931471805599454
cch.coventry.ac.uk:1.0
alan:1.6931471805599454
jackson:1.6931471805599454
subject:1.0
mpeg:1.6931471805599454
location:1.0
anyone:1.0
tell:1.0
find:1.0
viewer:1.0
either:1.0
dos:1.0
windows:1.0
thanks:1.0
advance:1.0
mail:1.0
cch.cov.ac.uk:1.0
liverpool:1.0
football:1.0
club:1.0
simply:1.0
best:1.0
youll:1.0
never:1.0
walk:1.0
alone:1.0
