zeno:1.6931471805599454
phylo.genetics.washington.edu:1.0
sean:1.6931471805599454
lamont:2.09861228866811
subject:1.0
closed-curve:1.0
intersection:1.0
would:1.0
like:1.0
reference:1.0
algorithm:1.0
detect:1.0
whether:1.0
one:1.0
closed:1.6931471805599454
curve:1.6931471805599454
bounded:1.6931471805599454
number:1.0
bezier:1.6931471805599454
curves:1.6931471805599454
lies:1.0
completely:1.0
within:1.0
another:1.0
thanks:1.0
ask:1.0
wsi-fonts:1.0
genetics.washington.edu:1.0
professional:1.0
collection:1.0
next:1.0
abstractsoft.com:1.0
abstract:1.0
software:1.0
