bates:2.386294361119891
spica.ucsb.edu:1.0
andrew:1.0
subject:1.0
renderman:2.386294361119891
shaders/discussion:1.0
anyone:1.0
know:1.0
site:1.0
could:1.0
ftp:1.0
shaders:1.0
newsgroup:1.0
discussion:1.0
information:1.0
im:1.0
new:1.0
mac:1.0
family:1.0
id:1.0
like:1.0
get:1.0
much:1.0
info:1.0
lay:1.0
hands:1.0
thanks:1.0
andy:1.6931471805599454
