alex:2.09861228866811
falcon.demon.co.uk:1.6931471805599454
kiernan:1.6931471805599454
subject:1.0
scf:1.6931471805599454
files:1.6931471805599454
help:1.0
needed:1.0
article:1.0
1993apr22.123832.23894:1.0
daimi.aau.dk:1.6931471805599454
rued:1.0
writes:1.0
rixs:1.0
extension:1.0
sci:1.0
raw:1.0
file:1.6931471805599454
256:1.0
color:1.0
palette:1.0
stuff:1.0
deleted:1.0
regards:1.0
thomas:1.0
happen:1.0
know:1.0
sco:1.0
rix:1.0
akiernan:1.0
