club:1.0
spektr.msk.su:1.0
koltovoy:1.0
nikolay:1.0
alexeevich:1.0
subject:1.0
news:1.0
list:1.0
image:3.5649493574615367
processing:1.6931471805599454
systems:1.0
moscow:1.0
scientific:1.0
inductrial:1.0
association:1.0
spectrum:1.0
offer:1.0
videoscan:2.09861228866811
vision:1.0
system:1.0
pc/at:1.6931471805599454
wich:1.0
include:2.09861228866811
software:1.6931471805599454
set:1.0
controllers:1.0
support:1.0
family:1.6931471805599454
program:1.0
kit:2.09861228866811
developed:1.0
includes:1.0
200:1.0
different:1.6931471805599454
functions:1.6931471805599454
works:1.0
interactive:1.0
regime:1.6931471805599454
help:1.0
non:1.0
professional:1.0
users:1.6931471805599454
next:1.0
possibility:2.6094379124341005
input:3.302585092994046
frame:1.0
board:1.6931471805599454
read:1.0
white:2.386294361119891
disk:1.0
print:1.0
printer:1.0
makes:1.6931471805599454
arithmetic:1.6931471805599454
2:1.6931471805599454
frames:1.6931471805599454
filter:1.0
work:1.0
gistogramme:1.0
edit:1.0
exe:1.0
modules:1.0
controller:3.1972245773362196
vs9:1.0
function:1.0
vs-9:1.6931471805599454
load:1.6931471805599454
tv-images:1.0
allows:2.386294361119891
one:2.09861228866811
fragment:1.0
tv-frame:1.0
field:1.0
724x600:1.0
pixels:2.6094379124341005
clock:1.6931471805599454
rate:1.6931471805599454
14,7:1.0
mhz:2.09861228866811
loading:1.6931471805599454
512:1.0
pixel:1.6931471805599454
line:1.0
7,4:1.0
256:2.791759469228055
provides:1.0
equal:1.0
size:2.09861228866811
horizontal:1.0
vertical:1.0
directions:1.0
number:2.09861228866811
gray:2.09861228866811
levels:1.0
modes:1.0
video:2.791759469228055
signal:3.1972245773362196
capture:1.6931471805599454
time:2.09861228866811
2.5s:1.0
vs52:1.0
purpose:1.0
enter:1.0
tv:2.386294361119891
images:2.09861228866811
ibm:1.0
pc:1.6931471805599454
machine:1.0
type:1.0
created:1.6931471805599454
base:1.6931471805599454
modern:1.6931471805599454
elements:1.6931471805599454
including:2.09861228866811
user:1.6931471805599454
programmable:1.6931471805599454
gate:1.6931471805599454
arrays:1.6931471805599454
digitize:2.09861228866811
resolutions:1.0
flexible:1.0
architecture:1.0
possible:2.09861228866811
change:1.6931471805599454
technical:2.09861228866811
parameters:1.6931471805599454
instead:1.0
process:1.6931471805599454
analog:1.6931471805599454
signals:1.0
slow-speed:1.0
scanning:1.0
devices:1.0
following:1.6931471805599454
characteristics:1.6931471805599454
memory:2.386294361119891
volume:2.386294361119891
k:1.0
mb:1.6931471805599454
resolution:2.09861228866811
working:1.6931471805599454
standard:1.0
64x64:1.0
1024x512:1.0
slow:1.0
2048x1024:1.6931471805599454
40:1.0
ms:1.0
maximum:1.0
screen:1.0
2mb:1.0
level:1.6931471805599454
30:1.0
4:1.6931471805599454
multiplexer:1.6931471805599454
input/output:1.6931471805599454
lookup:1.6931471805599454
table:1.6931471805599454
lut:1.0
realize:1.6931471805599454
scroll:1.0
zoom:1.0
8:1.0
lines:1.0
external:1.6931471805599454
synchronization:1.0
using:1.0
controlling:1.0
electronic:1.6931471805599454
adjustment:1.6931471805599454
black:2.09861228866811
reference:1.6931471805599454
digital:1.0
converter:1.0
output:1.6931471805599454
color:1.6931471805599454
rgb:1.0
monitor:1.0
listed:1.0
reprogramming:1.0
processor:2.386294361119891
vs100:1.6931471805599454
real:1.0
512*512*8:1.6931471805599454
logic:1.0
operation:1.0
two:1.0
designed:1.0
write:1.0
format:1.0
accumulate:1.0
16:1.0
64:1.0
adc:1.0
256*256:1.0
8192*8192:1.0
slow-scan:1.0
sources:1.0
