doug:1.6931471805599454
hparc0.aus.hp.com:1.0
parsons:1.0
subject:1.0
3d2:1.6931471805599454
files:2.09861228866811
chaining:1.0
around:1.0
anonymous:1.0
ftp:1.0
world:1.0
looking:1.0
3d:1.0
studio:1.0
meshes:1.6931471805599454
interesting:1.0
graphical:1.0
stuff:1.0
program:1.0
found:1.0
extension:1.0
3ds:1.0
v2.01:1.0
doesnt:1.0
know:1.0
type:1.0
file:1.0
course:1.0
perennial:1.0
fli:1.0
etc:1.0
would:1.6931471805599454
thought:1.0
someone:1.0
collected:1.0
put:1.0
somewhere:1.0
alas:1.0
without:1.0
knowledge:1.0
mucho:1.0
appreciato:1.0
douginoz:1.0
