ib:1.6931471805599454
ivan.asd.sgi.com:1.0
ivan:1.6931471805599454
bach:1.6931471805599454
subject:1.0
adobe:2.386294361119891
photo:1.0
shop:1.0
type:1.0
software:1.0
unix/x/motif:1.0
platforms:1.0
shipping:1.0
one:1.0
year:1.0
display:1.0
postscript:1.0
dps:1.0
silicon:1.6931471805599454
graphics:2.09861228866811
workstations:1.0
file:1.0
servers:1.0
supercomputers:1.0
illustrator:1.0
3.5:1.0
machines:1.0
released:1.0
last:1.6931471805599454
february:1.0
sgi:1.6931471805599454
announced:1.0
october:1.0
photoshop:1.0
available:1.0
systems:1.0
1993:1.0
initial:1.0
release:1.0
support:1.0
24-bit:1.0
color:1.0
sgi.com:1.0
disclaimer:1.0
speak:1.0
employer:1.0
