yoo:2.09861228866811
engr.ucf.edu:1.6931471805599454
hoi:1.6931471805599454
subject:1.0
looking:1.0
usa:1.6931471805599454
map:1.6931471805599454
anyone:1.0
know:1.0
line:1.0
drawing:1.0
thanks:1.0
much:1.0
advance:1.0
