jamie:1.6931471805599454
genesis.mcs.com:1.0
james:1.0
r:1.0
groves:1.0
subject:1.0
ftp:1.0
targa:1.6931471805599454
looking:1.0
software:1.0
run:1.0
brand:1.0
new:1.0
16/32:1.0
anyone:1.0
knows:1.0
sites:1.0
useful:1.0
stuff:1.0
want:1.0
give:1.0
let:1.0
know:1.0
via:1.0
mail:1.0
thanks:1.0
lot:1.0
yayayay:1.0
ddsw1.mcs.com:1.0
