edb9140:1.6931471805599454
tamsun.tamu.edu:1.6931471805599454
e.b:1.0
subject:1.0
pov:2.09861228866811
problems:1.0
tga:1.6931471805599454
outputs:1.6931471805599454
cant:1.0
fiqure:1.0
properly:1.0
compiled:1.0
unix:1.0
machine:1.0
running:1.0
sunos:1.0
4.1.3:1.0
problem:1.0
run:1.0
sample:1.0
files:1.0
use:1.0
exact:1.0
parameters:1.0
compiling:1.0
different:1.0
tgas:1.0
okay:1.0
others:1.0
unrecognizable:1.0
software:1.0
help:1.0
ed:1.0
