dr_bobo:1.6931471805599454
ponton.hanse.de:1.6931471805599454
boris:2.09861228866811
pruessmann:1.6931471805599454
subject:1.0
vga-scrolling:1.0
hi:1.0
want:1.0
soft-scrolling:1.0
vga:1.0
change:1.0
intern:1.0
registers:1.0
crtc:1.0
little:1.0
bit:1.0
difficult:1.0
explain:1.0
would:1.0
suggest:1.0
take:1.0
look:1.0
programming:1.0
ega/vga-adapter:1.0
addison-wesley:1.0
find:1.0
useful:1.0
descriptions:1.0
every:1.0
available:1.0
vga-register:1.0
