scornd7:1.0
technet.sg:1.0
tang:1.0
chang:1.0
thai:1.0
subject:1.0
interviews:1.6931471805599454
graphics:1.6931471805599454
package:1.6931471805599454
rene:1.0
dutch:1.0
student:1.0
renes:1.0
ecpdsharmony.cern.ch:1.0
wrote:1.0
im:1.0
trying:1.0
c:1.0
besides:1.0
man:1.0
pages:1.0
classes:1.6931471805599454
havent:1.0
got:1.0
documentation:1.0
anything:1.0
else:1.0
around:1.0
furthermore:1.0
anyone:1.0
send:1.0
small:1.0
example:1.0
program:1.0
shows:1.0
use:1.0
together:1.0
would:1.0
gratefull:1.0
might:1.0
want:1.0
try:1.0
comp.windows.interviews:1.0
