ldo:1.6931471805599454
waikato.ac.nz:1.6931471805599454
lawrence:1.6931471805599454
doliveiro:1.6931471805599454
waikato:1.6931471805599454
university:1.6931471805599454
subject:1.0
quicktime:2.386294361119891
performance:2.09861228866811
rumours:1.0
3do:1.0
ok:1.0
discussion:1.0
observed:1.6931471805599454
playback:3.3978952727983707
speeds:1.0
effects:1.0
scaling:1.6931471805599454
thought:1.0
id:2.09861228866811
tests:1.6931471805599454
first:2.09861228866811
felt:1.0
original:1.0
speed:2.9459101490553135
test:2.6094379124341005
perhaps:1.0
less:1.0
realistic:1.0
movie:3.302585092994046
using:1.0
18:1.0
frames:3.302585092994046
version:1.0
created:1.6931471805599454
compact:1.6931471805599454
video:1.6931471805599454
compressor:1.6931471805599454
decided:1.0
something:1.0
little:1.0
longer:1.6931471805599454
would:2.09861228866811
give:2.09861228866811
closer:1.0
real-world:1.0
results:1.6931471805599454
better:1.0
worse:1.0
pulled:1.0
copy:1.0
2001:1.0
space:2.09861228866811
odyssey:1.0
recorded:1.0
tv:1.0
back:1.6931471805599454
fifteen:1.0
minutes:1.0
theres:1.0
sequence:1.0
earth:1.0
shuttle:1.0
approaching:1.0
station:1.6931471805599454
specifically:1.0
digitized:1.6931471805599454
portion:1.0
30:1.0
seconds:1.0
duration:1.0
zooming:1.0
rotating:1.0
figured:1.0
reasonable:1.0
amount:1.0
movement:1.0
increase:1.0
differences:1.0
5:1.6931471805599454
per:2.09861228866811
second:2.386294361119891
total:1.0
171:1.0
captured:1.0
raw:2.09861228866811
footage:1.0
resolution:2.386294361119891
384*288:1.0
pixels:1.0
spigot:1.0
card:1.0
centris:1.6931471805599454
650:1.0
quarter-size:1.0
pal:1.0
source:1.0
imported:1.0
premiere:1.6931471805599454
put:1.0
keeping:1.0
fps:2.9459101490553135
frame:1.6931471805599454
rate:2.791759469228055
two:1.0
versions:1.6931471805599454
one:1.0
scaled:2.09861228866811
320*240:2.6094379124341005
160*120:2.09861228866811
used:1.6931471805599454
default:1.0
2.00:1.0
quality:1.0
setting:1.0
2.0.1:1.0
specified:1.0
key:2.09861228866811
every:1.6931471805599454
ten:1.0
ran:1.6931471805599454
program:1.6931471805599454
reporting:1.0
earlier:1.0
result:1.6931471805599454
45:2.09861228866811
thats:1.0
right:1.0
getting:1.0
much:1.6931471805599454
higher:1.0
short:1.0
fun:1.0
copied:1.0
external:1.0
hard:2.09861228866811
disk:1.6931471805599454
quantum:1.6931471805599454
lp105s:1.0
time:1.6931471805599454
35:1.6931471805599454
obviously:1.0
230mb:1.0
internal:1.0
also:1.6931471805599454
significant:1.0
contributor:1.0
modified:1.0
allow:1.0
specification:1.0
optional:1.0
factors:1.0
tried:1.6931471805599454
playing:1.0
size:1.0
60:1.0
clearly:1.0
poster:1.0
poor:1.0
seeing:1.6931471805599454
1.0:2.09861228866811
action:1.0
1.5:1.0
try:1.6931471805599454
dont:1.0
think:2.09861228866811
entirely:1.0
compatible:1.0
system:1.0
7.1:1.0
unscaled:1.0
100:1.0
thing:1.0
saving:1.0
preferred:2.09861228866811
rates:1.0
greater:1.0
well:1.6931471805599454
played:1.0
within:1.0
movieplayer:1.0
ie:1.0
quicktimes:1.6931471805599454
normal:1.0
synchronized:1.0
9.0:1.0
didnt:1.0
work:1.6931471805599454
jerky:1.0
compare:1.0
achieved:1.0
ease:1.0
cant:1.0
believe:1.0
synchronization:1.0
code:1.0
add:1.0
overhead:1.0
slowdown:1.0
coming:1.0
mac:1.0
systems:1.0
task:1.0
switching:1.0
7.0:1.0
seemed:1.0
fine:1.0
couldnt:1.0
see:1.6931471805599454
evidence:1.0
stutter:2.09861228866811
8.0:1.0
40:1.0
could:1.6931471805599454
slight:1.0
four:1.0
tell:1.0
guess:1.0
recreating:1.0
movies:1.0
interval:1.0
make:1.0
noticeable:1.0
course:1.0
improve:1.0
compression:1.0
slightly:1.0
even:1.0
fone:1.0
64-7-856-2889:1.0
computer:1.0
services:1.0
dept:1.0
fax:1.0
64-7-838-4066:1.0
electric:1.0
mail:1.0
hamilton:1.0
new:1.0
zealand:1.0
37:1.0
47:1.0
26:1.0
175:1.0
19:1.0
7:1.0
e:1.0
gmt+12:00:1.0
