stusoft:1.6931471805599454
hardy.u.washington.edu:1.0
stuart:1.6931471805599454
denman:1.6931471805599454
subject:1.0
easy:1.0
translate:1.0
jpeg:2.09861228866811
code:2.386294361119891
anyone:1.0
decompression:1.0
pretty:1.0
much:1.0
language:1.0
read:1.0
understand:1.0
trouble:1.0
understanding:1.0
groups:1.0
got:1.0
ftp:1.0
site:1.0
one:1.0
send:1.0
good:1.0
appreciate:1.0
lot:1.0
thanks:1.0
u.washington.edu:1.0
