r0506048:1.6931471805599454
cml3:1.0
chun-hung:1.6931471805599454
lin:1.6931471805599454
subject:1.0
jpeg:1.0
file:2.09861228866811
format:1.6931471805599454
peterbak:1.0
microsoft.com:1.0
peter:1.6931471805599454
bako:1.0
writes:1.0
could:1.0
find:1.6931471805599454
description:1.0
jpg:1.6931471805599454
specifically:1.0
need:1.0
know:1.0
height:1.0
width:1.0
image:1.0
perhaps:1.0
even:1.0
number:1.0
colors:1.0
used:1.0
suggestions:1.0
try:1.0
ftp.uu.net:1.0
graphics/jpeg:1.0
ªL«T§ë:1.0
csie.ntu.edu.tw:1.0
communication:1.0
multimedia:1.0
lab:1.0
dept:1.0
comp:1.0
sci:1.0
info:1.0
eng:1.0
national:1.0
taiwan:1.6931471805599454
university:1.0
taipei:1.0
r.o.c:1.0
