lineber:1.6931471805599454
lonestar.utsa.edu:1.6931471805599454
jerry:2.09861228866811
lineberry:1.6931471805599454
subject:1.0
pov-ray:1.0
problem:1.6931471805599454
please:1.0
help:1.0
hello:1.0
ive:1.0
recently:1.0
povray:1.0
draw:1.0
10:1.0
sample:1.0
files:2.09861228866811
accidently:1.0
erased:1.0
command:1.0
povray.def:1.0
made:1.0
image:1.0
targas:1.6931471805599454
file:1.0
dump:1.0
format:1.0
fix:1.6931471805599454
re-trace:1.0
mean:1.0
turn:1.0
thanks:1.0
advance:1.0
internet:1.0
compuserve:1.0
71221,3015:1.0
