ajs8:1.0
kimbark.uchicago.edu:1.0
adam:1.0
jeremy:1.0
schorr:1.0
subject:1.0
graphics:1.6931471805599454
needed:1.0
im:1.0
looking:1.0
clipart:1.0
bmp:1.0
gif:1.0
anything:1.6931471805599454
relating:1.0
ophthalmology:1.0
know:1.0
weird:1.0
request:1.0
eyeglasses:1.0
contact:1.0
lenses:1.0
eyes:1.0
would:1.0
greatly:1.0
appreciated:1.0
thanks:1.0
