csc3phx:1.6931471805599454
vaxa.hofstra.edu:1.0
subject:1.0
color:1.6931471805599454
problem:1.0
scanning:1.0
image:1.0
looks:1.0
fine:1.0
screen:1.0
converted:1.0
pcx:1.0
bmp:1.0
gif:1.0
files:1.0
get:1.0
ms:1.0
windows:1.0
colors:1.0
got:1.0
much:1.0
lighter:1.0
example:1.0
yellows:1.0
became:1.0
white:1.0
ideas:1.0
thanks:1.0
dan:1.0
vaxc.hofstra.edu:1.0
