beck:2.09861228866811
irzr17.inf.tu-dresden.de:1.0
andre:1.6931471805599454
subject:1.0
pov-ray:1.0
problem:1.0
please:1.0
help:1.0
qrttoppm:1.0
file.dis:1.0
ppmtotga:1.0
file.tga:1.0
brain:1.0
inside:1.0
abpsoft:1.0
mehl:1.0
andre_beck:1.0
irs.inf.tu-dresden.de:1.0
