beck:2.09861228866811
irzr17.inf.tu-dresden.de:1.0
andre:1.6931471805599454
subject:1.0
pov:1.6931471805599454
problems:1.0
tga:2.09861228866811
outputs:1.0
remember:1.0
unix:1.0
versions:1.0
dont:1.0
create:1.0
qrt:1.0
file:1.0
format:1.0
output:1.0
default:1.0
ft:1.0
needed:1.0
make:1.0
brain:1.0
inside:1.0
abpsoft:1.0
mehl:1.0
andre_beck:1.0
irs.inf.tu-dresden.de:1.0
