rfbohan:1.0
unix1.tcd.ie:1.0
bones:1.0
subject:1.0
human:2.09861228866811
body:1.6931471805599454
data:1.0
sets:1.0
needed:1.0
urgently:1.0
hi:1.0
im:1.6931471805599454
looking:1.0
datasets:1.6931471805599454
head:1.0
popular:1.0
formats:1.0
presentation:1.0
tomorrow:1.0
could:1.0
greatly:1.0
enhanced:1.0
bringing:1.0
factor:1.0
ive:1.0
looked:1.0
around:1.0
net:1.0
sucess:1.0
far:1.0
anyone:1.0
got:1.0
ideas:1.0
id:1.0
also:1.0
appreciate:1.0
info:1.0
location:1.0
uss:1.0
enterprise:1.0
model:1.0
thanks:1.0
advance:1.0
ronan:1.0
