d91tm:1.6931471805599454
efd.lth.se:1.6931471805599454
tomas:1.6931471805599454
moeller:1.0
subject:1.0
wanted:1.0
scott:2.09861228866811
leatham:1.6931471805599454
microsoft:1.6931471805599454
hello:1.0
days:1.0
ago:1.0
got:1.0
mail:2.386294361119891
concerning:1.0
bitmap-stretching:1.0
redmond:1.0
wa:1.0
usa:1.0
really:1.0
would:1.0
like:1.0
answer:1.6931471805599454
back:1.0
lost:1.0
email-address:1.6931471805599454
anybody:1.0
knows:1.0
reads:1.0
please:1.6931471805599454
address:1.0
thanks:1.0
