kiwi:1.6931471805599454
iis.ethz.ch:1.6931471805599454
rene:1.6931471805599454
mueller:1.0
subject:1.0
icn:1.0
msdos:1.0
pbm/pgm/ppm:1.0
format:2.09861228866811
many:1.0
icons:1.0
iconedit:1.6931471805599454
pbicon:1.6931471805599454
would:1.0
like:1.0
convert:1.0
pbm:1.0
pgm:1.0
ppm:1.0
know:1.0
formats:1.0
thanks:1.0
help:1.0
