sean:1.6931471805599454
aries.scs.uiuc.edu:1.0
murphy:1.0
subject:1.0
hallusion:1.0
info:1.0
anyone:1.0
seen:1.0
hallusions:1.0
buy:1.0
poster:1.0
looks:1.0
like:1.0
simple:1.0
dot:1.0
pattern:1.0
first:1.0
look:1.0
focus:1.0
behind:1.0
see:1.0
3d:1.0
picture:1.0
im:1.0
looking:1.0
program:1.6931471805599454
generates:1.0
pictures:1.0
theres:1.0
company:1.0
texas:1.0
makes:1.0
doubt:1.0
theyre:1.0
giving:1.0
away:1.0
help:1.0
would:1.0
appreciated:1.0
