d0np:1.6931471805599454
elara.sun.csd.unb.ca:1.0
necros:1.0
subject:1.0
cgm:1.6931471805599454
something:1.0
preferably:1.0
pcx:1.6931471805599454
anybody:1.0
know:1.0
converter:1.0
anything:1.0
else:1.0
common:1.0
ive:1.0
spent:1.0
time:1.0
searching:1.0
archives:1.0
luck:1.0
could:1.0
email:1.0
responses:1.0
thx:1.0
advance:1.0
mike:1.0
g:1.0
jupiter.sun.csd.unb.ca:1.0
