matt-dah:1.6931471805599454
dsv.su.se:1.6931471805599454
mattias:1.6931471805599454
dahlberg:1.0
subject:1.0
real-3d:1.6931471805599454
rauno:1.0
haapaniemi:1.0
raunoh:1.0
otol.fi:1.0
wrote:1.0
earlier:1.0
today:1.0
read:1.0
ad:1.0
animation:1.0
ray-tracing:1.0
software:1.0
looked:1.0
convincing:1.0
yes:1.0
looks:1.0
like:1.0
good:1.0
indeed:1.0
however:1.0
dont:1.0
amiga:1.0
began:1.0
wonder:1.0
theres:1.0
pc:1.0
version:1.0
nope:1.0
regards:1.0
email:1.0
1280x512x262000:1.0
love:1.0
