raunoh:1.0
otol.fi:1.6931471805599454
rauno:1.6931471805599454
haapaniemi:1.6931471805599454
subject:1.0
real-3d:2.09861228866811
earlier:1.0
today:1.0
read:1.0
ad:1.0
animation:1.0
ray-tracing:1.0
software:1.0
looked:1.0
convincing:1.0
however:1.0
dont:1.0
amiga:1.0
began:1.0
wonder:1.0
theres:1.0
pc:1.0
version:1.0
anyone:1.0
seen/used:1.0
dos:1.0
rene:1.0
every:1.0
word:1.0
true:1.0
haapanatie:1.0
2d:1.0
409:1.0
except:1.0
lies:1.0
90150:1.0
oulu:1.0
reneh:1.0
douglas:1.0
adams:1.0
