hawks:2.09861228866811
seq.uncwil.edu:1.6931471805599454
david:1.6931471805599454
subject:1.0
turning:1.0
photographic:2.09861228866811
images:2.6094379124341005
thermal:1.6931471805599454
print:1.0
and/or:1.6931471805599454
negatives:1.6931471805599454
know:1.0
hitting:1.0
right:1.6931471805599454
news:1.0
groups:1.0
help:2.09861228866811
direction:1.0
welcome:1.0
need:1.0
finding:1.0
company:1.0
take:1.0
scanned:1.6931471805599454
modified:1.0
adobe:2.09861228866811
photoshop:2.09861228866811
turn:1.0
prints:1.0
looking:1.0
place:1.0
close:1.0
north:1.0
carolina:1.0
possible:1.0
created:1.0
macintosh:1.0
quadra:2.09861228866811
800:2.09861228866811
running:1.0
stored:1.0
whatever:1.0
format:1.0
vendor:1.0
requires:1.0
perhaps:1.6931471805599454
88m:1.0
cartridges:1.0
black:1.0
white:1.0
photographs:1.0
1200:1.6931471805599454
dpi:1.6931471805599454
scanner:1.6931471805599454
modified/corrected:1.0
anyone:1.6931471805599454
could:1.6931471805599454
even:1.0
give:1.0
phone:1.0
numbers:1.0
people:1.0
would:2.386294361119891
grateful:1.0
also:1.0
else:1.0
planning:1.6931471805599454
happy:1.0
hear:1.0
advice:1.6931471805599454
might:1.0
provide:1.0
computer:1.0
system:1.0
use:1.0
peripherals:1.0
software:1.0
seemed:1.0
best:1.0
bet:1.0
modify:1.0
buying:1.0
32megs:1.0
ram:1.0
510meg:1.0
hard:1.0
drive:1.6931471805599454
17:1.0
sony:1.0
monitor:1.0
88meg:1.0
cartridge:1.0
cd:1.0
rom:1.0
new:1.0
computers:1.0
great:1.0
hawks_dw:1.0
wl.corning.com:1.0
