changyaw:1.6931471805599454
wang:1.0
wangc:1.6931471805599454
cs.indiana.edu:1.6931471805599454
subject:1.0
need:1.0
help:1.0
find:1.0
address:1.0
several:1.0
companies:1.0
graphics:1.0
1:1.0
lucas:1.0
film:1.0
2:1.0
pixar:1.0
3:1.0
3d/eye:1.0
inc:1.0
4:1.0
light:1.0
magic:1.0
thanks:1.0
