davidla:1.6931471805599454
ecs.comm.mot.com:1.6931471805599454
david:1.6931471805599454
lau:1.6931471805599454
subject:1.0
format:2.09861228866811
gif:2.09861228866811
files:2.09861228866811
could:1.6931471805599454
anyone:1.0
tell:1.0
would:1.6931471805599454
like:1.0
know:1.0
determine:1.0
size:1.0
picture:1.0
also:1.0
compressed:1.0
many:1.0
bits:1.0
store:1.0
pixel:1.0
color:1.0
information:1.0
probally:1.0
simple:1.0
question:1.0
couldnt:1.0
find:1.0
faq:1.0
email:1.0
responses:1.0
perferred:1.0
