craig:2.09861228866811
hpuplca.nsr.hp.com:1.0
lamparter:1.0
subject:1.0
3ds:1.6931471805599454
inv:1.0
normal:1.6931471805599454
array:1.6931471805599454
anyone:1.0
truely:1.0
understand:1.0
invalid:1.0
error:1.0
gives:1.0
rendering:2.09861228866811
seems:1.0
present:1.0
complicated:1.0
images:1.0
circumvented:1.0
problem:1.6931471805599454
command:1.0
line:1.0
however:1.0
would:1.0
nice:1.0
render:1.0
inside:1.0
editor:1.0
memory:1.0
