dgodden:1.6931471805599454
st.nepean.uws.edu.au:1.0
daniel:1.6931471805599454
godden:1.6931471805599454
subject:1.0
fast:2.09861228866811
polygon:1.6931471805599454
routines:1.6931471805599454
needed:1.0
looking:1.0
shaded:1.0
texture:1.0
mapped:1.0
asm:1.0
compile:1.6931471805599454
masm:1.0
turbo:1.0
pascal:1.0
tp6:1.0
able:1.0
run:1.0
286:1.6931471805599454
look:1.6931471805599454
super:1.0
must:1.0
good:1.0
386:1.0
anyone:1.0
code:1.0
could:1.0
please:1.0
mail:1.0
tell:1.0
got:1.0
thanks:1.0
advance:1.0
genius:1.0
one:1.0
step:1.0
away:1.0
university:1.0
western:1.0
sydney:1.0
nepean:1.0
insanity:1.0
aarnet/internet:1.0
st.nepean.usw.edu.au:1.0
already:1.0
