kshin:1.6931471805599454
bcstec.ca.boeing.com:1.6931471805599454
kevin:2.09861228866811
shin:1.6931471805599454
subject:1.0
graph:1.0
traversal:1.0
algorithms:1.0
hi:1.0
everyone:1.0
currently:1.0
planning:1.0
write:1.0
program:1.6931471805599454
traverses:1.0
image:1.6931471805599454
handwritten:1.6931471805599454
characters:1.6931471805599454
ascii:1.0
format:1.0
produces:1.6931471805599454
circle:1.6931471805599454
line:1.6931471805599454
representation:1.0
anybody:1.0
experiences:1.0
problem:1.0
would:1.0
post:1.0
e-mail:1.0
please:1.0
anyone:1.0
traverse:1.0
digital:1.0
