tpehrson:1.0
slack.sim.es.com:1.0
tim:1.6931471805599454
clinkenpeel:1.6931471805599454
subject:1.0
pc:1.0
oak77:1.6931471805599454
vga:1.6931471805599454
driver:1.6931471805599454
available:1.0
via:1.0
ftp:1.6931471805599454
user:1.0
bbs:1.6931471805599454
accidentally:1.0
deleted:1.0
card:1.0
backup:1.0
wondering:1.0
someone:1.0
knew:1.0
site:1.0
path:1.0
please:1.0
thing:1.0
might:1.0
obtained:1.0
thanks:1.0
religion:1.0
man:1.0
good:1.0
curry:1.0
call:1.0
lizards:1.0
den:1.0
801:1.0
its-yoda:1.0
usenet:1.0
nethack:1.0
xix:1.0
pc/amiga:1.0
aberrant:1.0
analytical:1.0
skeptical:1.0
agnostic:1.0
idealist:1.0
exclusively:1.0
represent:1.0
