eric.vitiello:1.6931471805599454
tfd.coplex.com:1.6931471805599454
eric:1.0
vitiello:1.0
subject:1.0
gif:1.6931471805599454
bmp:1.6931471805599454
saz:1.0
hook.corp.mot.com:1.0
sz:2.09861228866811
anybody:1.0
know:1.6931471805599454
program:1.6931471805599454
converts:1.6931471805599454
files:1.6931471805599454
ftp:1.6931471805599454
help:1.0
would:1.0
greatly:1.0
appreciated:1.0
sure:1.0
great:1.0
shareware:1.0
graphic:1.0
workshop:1.0
newest:1.0
version:1.0
6.1:1.0
although:1.0
dont:1.0
also:1.0
15:1.0
formats:1.0
many:1.0
things:1.0
r.c:1.0
v.t.ell:1.0
r:1.0
deluxe./386:1.0
1.25:1.0
959sa:1.0
address:1.0
