ing1023:1.6931471805599454
ee.up.ac.za:1.0
subject:1.0
vatican:1.6931471805599454
library:1.6931471805599454
recently:1.0
made:1.0
tour:1.0
us:1.0
anyone:1.0
help:1.0
finding:1.0
ftp:1.0
site:1.0
collection:1.0
available:1.0
thanx:1.0
advance:1.0
j:1.0
watson:1.0
