weilej:1.6931471805599454
cary115.its.rpi.edu:1.0
jason:1.6931471805599454
lee:1.0
weiler:1.6931471805599454
subject:1.6931471805599454
need:1.0
viewer:1.6931471805599454
gl:1.6931471805599454
files:1.6931471805599454
article:1.0
1qu36i:1.0
kh7:1.0
dux.dundee.ac.uk:1.0
dwestner:1.0
cardhu.mcs.dundee.ac.uk:1.0
dominik:2.09861228866811
westner:1.0
writes:1.0
hi:1.0
says:1.0
pd:1.0
x:1.0
thanks:1.0
tried:1.0
xgrasp:1.0
several:1.0
ftp:1.0
sites:1.0
sure:1.6931471805599454
archie:1.0
find:1.0
im:1.0
works:1.0
ok:1.0
lacks:1.0
interface:1.0
rpi.edu:1.0
