matt-dah:1.6931471805599454
dsv.su.se:1.6931471805599454
mattias:1.6931471805599454
dahlberg:1.0
subject:1.0
psygnosis:1.6931471805599454
cd-i:1.6931471805599454
titles:1.0
rumours:1.0
3do:1.0
mark:1.0
samson:1.6931471805599454
prlhp1.prl.philips.co.uk:1.0
wrote:1.0
speaking:1.0
licensed:1.0
games:1.0
philips:1.0
interative:1.0
media:1.0
international:1.0
commodore:1.0
cdtv:1.0
regards:1.0
email:1.0
1280x512x262000:1.0
love:1.0
