cesws:1.6931471805599454
cc.newcastle.edu.au:1.6931471805599454
subject:1.0
patches:1.6931471805599454
sungks4.1:1.0
due:1.0
number:2.09861228866811
bugs:1.6931471805599454
gks4.1:1.0
sunos:1.0
4.1.3:1.0
installed:1.0
100533-15:1.6931471805599454
100755-01:1.6931471805599454
patch:2.09861228866811
appears:1.0
work:1.0
fine:1.0
fixed:1.0
problems:1.0
however:1.0
required:1.0
fix:1.0
annoying:1.0
breaks:1.0
applications:1.0
recent:1.0
revision:1.0
10075:1.0
ideas:1.0
scott:1.0
sloan:1.0
email:1.0
university:1.0
newcastle:1.0
fax:1.0
61:1.0
49:1.0
216991:1.0
nsw:1.0
australia:1.0
