daruwala:2.09861228866811
slinky.ims:1.0
raoul-sam:1.0
subject:1.0
vrrend386:1.6931471805599454
kept:1.0
im:1.0
told:1.0
available:1.0
internet:1.0
wanted:1.0
know:1.0
thanks:1.0
advance:1.0
raoul:1.0
cs.nyu.edu:1.0
