subject:1.0
front:1.6931471805599454
end:1.6931471805599454
povray:2.386294361119891
tomasz.piatek:1.0
comp.vuw.ac.nz:2.09861228866811
tomasz:1.0
piatek:1.0
gday:1.0
anyone:1.0
know:1.0
anything:1.0
x11:1.0
version:1.0
mean:1.0
things:1.0
like:1.0
user:1.0
friendly:1.0
modeller:1.0
modellers:1.0
let:1.0
design:1.0
scene:1.0
produce:1.0
file:1.0
read:1.0
cheers:1.0
tomek:1.0
tm:1.6931471805599454
omek:1.6931471805599454
tpiatek:1.6931471805599454
new:1.6931471805599454
zealand:1.6931471805599454
