doug:1.6931471805599454
hparc0.aus.hp.com:1.0
parsons:1.0
subject:1.0
48-bit:1.0
graphics:2.386294361119891
apollo:1.0
hp:1.0
board:1.0
80-bit:1.0
heard:1.0
jumped:1.0
answer:1.0
isnt:1.0
100:1.0
trillion-trillion:1.0
trillion:1.0
colors:1.0
actually:1.0
10:1.0
planes:1.6931471805599454
8-bits:1.0
5:1.0
16:1.0
bits:1.0
etc:1.0
fast:1.0
douginoz:1.0
