asecchia:1.6931471805599454
cs.uct.ac.za:1.6931471805599454
adrian:1.6931471805599454
secchia:1.6931471805599454
subject:1.0
raytracing:1.6931471805599454
colours:2.09861228866811
question:1.6931471805599454
recursive:1.0
backward:1.0
incident:1.0
ray:2.386294361119891
strikes:1.0
object:1.6931471805599454
point:1.0
p:1.0
first:1.0
normal:1.0
n:2.09861228866811
calculated:2.09861228866811
light:2.386294361119891
rays:2.09861228866811
l1:1.0
ln:1.0
number:1.0
sources:1.0
intersect:1.0
anything:1.0
reflected:1.0
r:2.386294361119891
transmitted:1.0
formulae:1.0
calling:1.0
routine:1.0
recursively:1.0
return:1.6931471805599454
along:1.6931471805599454
rcol:1.6931471805599454
tcol:1.6931471805599454
colour:1.6931471805599454
ocol:1.6931471805599454
source:1.0
licol:1.0
1:1.6931471805599454
combine:1.0
licols:1.0
get:1.0
correct:1.0
resulting:1.0
defined:1.0
strucures:1.0
records:1.0
g:1.0
b:1.0
components:1.0
0:1.0
anyone:1.0
done:1.0
could:1.0
give:1.0
hints:1.0
