bockamp:2.6094379124341005
informatik.tu-muenchen.de:2.09861228866811
florian:1.6931471805599454
subject:1.0
matrox:1.6931471805599454
pg-1281:1.6931471805599454
cv:1.6931471805599454
windows:2.09861228866811
driver:2.09861228866811
hi:1.0
need:1.0
3.1:1.0
svga:1.0
card:1.6931471805599454
moment:1.0
runs:1.0
640x480:1.0
mode:1.0
please:1.0
send:1.0
oemsetup.inf:1.0
thanks:1.0
ooo:1.6931471805599454
bug:1.0
undocumented:1.0
feature:1.0
