raj:2.791759469228055
phys.ksu.edu:2.09861228866811
chaudhury:2.09861228866811
subject:1.0
needed:1.0
plotting:1.0
package:1.6931471805599454
c5qgf5.k2i:1.0
alta-oh.com:1.0
chris:1.6931471805599454
zeus.alta-oh.com:1.0
murphy:1.0
writes:1.6931471805599454
article:1.0
full_gl.93apr18005752:1.0
dolphin.pts.mot.com:1.0
full_gl:1.0
pts.mot.com:1.0
glen:1.0
fullmer:1.0
looking:1.0
graphics/cad/or-whatever:1.0
x-unix:1.0
box:1.0
take:1.0
file:1.0
records:1.0
like:1.0
hi:1.0
see:1.0
roger:1.6931471805599454
grywalskis:1.6931471805599454
response:1.6931471805599454
help:1.0
network:1.0
visualization:1.0
comp.graphics.visualization:1.0
could:1.6931471805599454
someone:1.0
please:1.0
post:1.0
point:1.0
find:1.0
thanks:1.0
lot:1.0
dept:1.6931471805599454
physics:1.6931471805599454
kansas:1.6931471805599454
state:1.6931471805599454
university:1.6931471805599454
manhattan:1.6931471805599454
ks:1.6931471805599454
66506:1.6931471805599454
