lilley:2.09861228866811
v5.cgu.mcc.ac.uk:1.0
chris:1.6931471805599454
subject:1.0
help:1.0
need:1.0
24:2.386294361119891
bits:1.6931471805599454
viewer:1.0
article:1.0
5713:1.0
seti.inria.fr:1.0
deniaud:1.6931471805599454
cartoon.inria.fr:1.0
gilles:1.0
writes:1.0
im:1.0
looking:1.0
program:1.6931471805599454
able:1.0
display:1.6931471805599454
images:1.6931471805599454
using:1.6931471805599454
sun:1.6931471805599454
sparc:1.0
equipped:1.0
parallax:1.0
graphics:2.09861228866811
board:1.0
running:1.0
x11:1.0
utah:1.6931471805599454
raster:1.6931471805599454
toolkit:2.09861228866811
getx11:1.0
convert:1.6931471805599454
files:1.0
presumably:1.0
ppm:1.6931471805599454
pbm:1.0
rle:1.0
format:1.0
ppmtorle:1.0
provided:1.0
seem:1.0
remember:1.0
xloadimage:1.0
bit:1.6931471805599454
servers:1.0
possibly:1.0
xwud:1.0
x:1.0
window:1.0
un-dump:1.0
certainly:1.0
xwd:1.0
grab:1.0
technical:1.0
author:1.0
itti:1.0
computer:1.6931471805599454
visualisation:1.0
training:1.0
project:1.0
unit:1.0
manchester:1.6931471805599454
computing:1.0
centre:1.0
oxford:1.0
road:1.0
uk:1.0
m13:1.0
9pl:1.0
internet:1.0
c.c.lilley:1.6931471805599454
mcc.ac.uk:1.0
voice:1.0
44:1.6931471805599454
0:1.6931471805599454
61:1.6931471805599454
275:1.6931471805599454
6045:1.0
fax:1.0
6040:1.0
janet:1.0
uk.ac.mcc:1.0
