lilley:2.09861228866811
v5.cgu.mcc.ac.uk:1.0
chris:1.6931471805599454
subject:1.0
adobe:1.6931471805599454
photo:1.6931471805599454
shop:1.6931471805599454
type:1.0
software:1.0
unix/x/motif:1.6931471805599454
platforms:1.6931471805599454
article:1.0
c5w8xb.iv6:1.0
world.std.com:1.6931471805599454
wdm:1.0
wayne:1.0
michael:1.0
writes:1.0
searching:1.0
quality:1.0
image:1.0
enhancement:1.0
manipulation:1.0
package:1.0
comparable:1.0
mac:1.0
corel:1.0
draw:1.0
4:1.0
able:1.0
include:1.0
photopaint:1.0
stuff:1.0
pc:1.0
version:1.6931471805599454
got:1.0
3:1.0
dont:1.0
hold:1.0
breath:1.0
though:1.0
technical:1.0
author:1.0
itti:1.0
computer:1.6931471805599454
graphics:1.6931471805599454
visualisation:1.0
training:1.0
project:1.0
unit:1.0
manchester:1.6931471805599454
computing:1.0
centre:1.0
oxford:1.0
road:1.0
uk:1.0
m13:1.0
9pl:1.0
internet:1.0
c.c.lilley:1.6931471805599454
mcc.ac.uk:1.0
voice:1.0
44:1.6931471805599454
0:1.6931471805599454
61:1.6931471805599454
275:1.6931471805599454
6045:1.0
fax:1.0
6040:1.0
janet:1.0
uk.ac.mcc:1.0
