matess:1.6931471805599454
gsusgi1.gsu.edu:1.6931471805599454
eliza:1.0
strickler:1.6931471805599454
subject:1.0
donwloaded:1.6931471805599454
bin:2.09861228866811
file:2.09861228866811
unix:2.386294361119891
machine:2.09861228866811
supposed:1.0
converted:1.0
mac:1.6931471805599454
format:2.09861228866811
anyone:1.0
know:1.0
need:1.0
get:1.0
dos:1.0
readable:1.0
someone:1.6931471805599454
mentioned:1.0
fetch:1.0
correct:1.0
could:1.0
explain:1.0
little:1.0
thanks:1.0
elizabeth:1.6931471805599454
0:2.09861228866811
