kwansik:1.6931471805599454
kim:1.0
kkim:1.0
cs.indiana.edu:1.0
subject:1.0
triangulized:2.09861228866811
data:1.6931471805599454
wanted:1.0
texture:2.09861228866811
mapped:1.0
need:1.0
nice:1.0
looking:1.0
model:1.0
mapping:1.6931471805599454
would:1.0
better:1.0
parametric:1.0
values:1.0
vertex:1.0
surface:1.0
avaliable:1.0
along:1.0
euclidean:1.0
points:1.0
could:1.0
use:1.0
thanks:1.0
