subject:1.0
dxf:1.6931471805599454
pcx:1.6931471805599454
gif:1.6931471805599454
tif:1.0
tga:1.0
murashiea:1.6931471805599454
mail.beckman.com:1.6931471805599454
ed:2.09861228866811
murashie:1.6931471805599454
anyone:1.0
know:1.0
program:1.0
pc:1.0
take:1.0
autocad:1.0
format:1.6931471805599454
files:1.0
convert:1.0
raster:1.0
like:1.0
etc:1.0
thanks:1.0
advance:1.0
us:1.0
mail:1.0
beckman:1.0
instruments:1.0
inc:1.0
phone:1.0
714:1.6931471805599454
993-8895:1.0
diagnostic:1.0
system:1.0
group:1.0
fax:1.0
961-3759:1.0
200:1.0
kraemer:1.0
blvd:1.0
w-361:1.0
internet:1.0
brea:1.0
ca:1.0
92621:1.0
