zlg1409:1.0
uxa.cso.uiuc.edu:1.0
zhenhai:1.0
li:1.0
subject:1.0
difference:1.6931471805599454
raytracing:1.6931471805599454
rendering:1.0
hello:1.0
ive:1.6931471805599454
raytraced:1.0
rendered:1.0
found:1.0
takes:1.0
hell:1.0
lot:1.0
longer:1.0
missing:1.0
something:1.0
later:1.0
z:1.0
