push:1.0
world.std.com:1.0
warren:1.6931471805599454
liu:1.0
subject:1.0
help:1.0
3d:1.6931471805599454
studio:1.6931471805599454
ipas:1.6931471805599454
hi:1.0
anyone:1.0
please:1.0
give:1.0
ftp:1.0
sites:1.0
get:1.0
processes:1.0
2.0:1.0
thanks:1.0
8:1.0
