deniaud:1.6931471805599454
cartoon.inria.fr:1.0
gilles:1.6931471805599454
subject:1.0
wanted:1.0
24:2.386294361119891
bit:2.6094379124341005
viewer:1.6931471805599454
hello:1.0
thanks:1.6931471805599454
people:1.0
helped:1.0
problem:1.0
displaying:1.0
images:1.6931471805599454
viewers:1.0
like:1.0
xli:1.0
xloadimage:1.0
display:1.6931471805599454
converting:1.0
8:1.0
screen:1.0
really:1.0
want:1.0
make:1.0
use:1.0
frame/screen:1.0
buffer:1.0
case:1.0
parallax:1.0
one:1.0
advance:1.0
ps:1.0
using:1.0
sun:1.0
sparc:1.0
running:1.0
x11:1.0
