boebert:2.09861228866811
sctc.com:1.6931471805599454
earl:1.6931471805599454
subject:1.0
autodesk:1.6931471805599454
3d:1.6931471805599454
concepts:1.6931471805599454
users:1.0
user:1.0
willing:1.0
answer:1.0
small:1.0
number:1.0
short:1.0
questions:1.0
please:1.0
send:1.0
email:1.0
