boebert:1.6931471805599454
sctc.com:1.0
earl:1.6931471805599454
subject:1.0
dwg/.gcd/3dd:1.0
formats:1.6931471805599454
reference:1.0
needed:1.0
kind:1.0
soul:1.0
point:1.0
references:1.0
thanks:1.0
