andrey:2.09861228866811
v:2.09861228866811
shorin:2.09861228866811
tolsty:2.386294361119891
nsk.uucp.free.msk.su:2.386294361119891
subject:1.6931471805599454
analysis:2.09861228866811
text:1.6931471805599454
readins:1.0
utils:2.09861228866811
ocr:1.0
wanted:1.0
ibm:1.6931471805599454
pc:1.6931471805599454
thu:1.6931471805599454
apr:1.6931471805599454
23:1.6931471805599454
21:32:35:1.6931471805599454
1992:1.6931471805599454
newsserv:1.0
newcom.kiae.su:1.0
newsgroups:1.0
comp.periphs:1.0
comp.graphics.digest:1.0
comp.graphics:1.0
comp.binaries.ibm.pc.wanted:1.0
alt.graphics.pixutils:1.0
bit.listserv.omrscan:1.0
message-id:1.0
kaj3nzfm0w:1.0
organization:1.0
nsk:1.0
ran:1.0
date:1.0
0200:1.0
reading:1.0
needed:1.0
distribution:1.0
msk:1.0
hi:1.0
anybody:1.0
know:1.6931471805599454
reliable:1.0
read:1.6931471805599454
english:1.0
texts:1.6931471805599454
scanner:1.6931471805599454
want:1.6931471805599454
quality:1.6931471805599454
recognition:1.0
get:1.0
fax:1.0
faxes:1.0
rather:1.0
bad:1.0
b:1.0
w:1.0
300dpi:1.0
exist:1.0
good:1.0
software:1.0
needs:1.0
specifications:1.0
ok:1.0
please:1.0
send:1.0
messages:1.0
e-mail:1.6931471805599454
conference:1.0
server:1.0
ill:1.0
summarize:1.0
consider:1.0
recomendations:1.0
thank:1.0
scientific:1.0
council:1.0
complex:1.0
problem:1.0
cybernetics:1.0
russian:1.0
academy:1.0
sciences:1.0
tel/fax:1.0
095:1.0
129-0797:1.0
