subject:1.0
dna:1.6931471805599454
helix:1.6931471805599454
tlynch:1.0
nermal.santarosa.edu:1.0
tim:1.0
lynch:1.0
looking:1.0
tiff/eps:1.0
e-mail:1.0
auggestions:1.0
please:1.0
