rtaraz:1.6931471805599454
bigwpi.wpi.edu:1.0
ramin:1.0
taraz:1.0
subject:1.0
need:1.0
gif/iff:1.0
file:1.6931471805599454
format:1.0
could:1.0
somebody:1.0
please:1.0
email:1.0
info:1.6931471805599454
either:1.0
gif:1.0
iff:1.0
formats:1.0
get:1.0
thanx:1.0
wpi.wpi.edu:1.0
