pdenize:1.6931471805599454
waikato.ac.nz:1.6931471805599454
subject:1.0
cross:1.6931471805599454
sobel:1.6931471805599454
roberts:1.6931471805599454
filters:1.6931471805599454
saw:1.0
imaging:1.0
program:1.0
time:1.0
ago:1.0
amiga:1.0
edge:1.0
detection:1.0
anybody:1.0
direct:1.0
algorithms:1.0
paul:1.6931471805599454
denize:1.6931471805599454
internet:1.0
department:1.0
computer:1.0
science:1.0
university:1.0
waikato:1.0
phone:1.0
64:1.6931471805599454
7:1.6931471805599454
8562-889:1.0
hamilton:1.0
ext:1.0
8743:1.0
new:1.0
zealand:1.0
fax:1.0
8560-135:1.0
