dts:1.6931471805599454
buoy.cis.ufl.edu:1.0
dave:1.6931471805599454
small:1.6931471805599454
subject:1.0
wanted:1.0
references:1.6931471805599454
parallel:1.6931471805599454
algorithms:1.6931471805599454
element:1.6931471805599454
analysis:1.0
radiosity:1.6931471805599454
distributed:1.0
processing:1.0
hi:1.0
im:1.0
looking:1.0
octrees:1.0
adaptive:1.6931471805599454
subdivision:1.0
meshing:1.0
finite:1.0
meshing/analysis:1.0
help:1.0
greatly:1.0
appreciated:1.0
e-mail:1.0
replies:1.0
tox18:1.0
cis.ufl.edu:1.0
