vax839:1.0
tid.es:1.0
juan:1.0
carlos:1.0
cuesta:2.386294361119891
subject:1.0
autocad:1.6931471805599454
graphics:1.6931471805599454
converter:1.0
could:1.0
anybody:1.0
tell:1.0
exists:1.0
program:1.0
convert:1.0
another:1.0
format:1.0
gif:1.0
tiff:1.0
bmp:1.0
pcx:1.0
get:1.0
thanks:1.0
advance:1.0
j:1.0
c:1.0
tidsa:1.0
madrid:1.0
spain:1.0
