aron:1.6931471805599454
taos.ced.berkeley.edu:1.0
bonar:1.0
subject:1.6931471805599454
gif:1.6931471805599454
targa:1.6931471805599454
article:1.0
1993apr28.143057.8335:1.0
fuw.edu.pl:1.6931471805599454
muchor:1.0
krzysztof:1.6931471805599454
muchorowski:1.0
writes:1.0
hello:1.0
says:1.0
need:1.6931471805599454
converter:1.6931471805599454
dta15:1.0
could:1.0
make:1.6931471805599454
fli:1.6931471805599454
dta:1.6931471805599454
gifs:1.0
well:1.0
targas:1.0
dont:1.0
also..get:1.0
latest:1.0
version:1.0
wuarchive.wustl.edu:1.0
pub/msdos_uploads:1.0
