xepo:1.6931471805599454
csd4.csd.uwm.edu:1.6931471805599454
scott:1.6931471805599454
r:1.0
violet:1.6931471805599454
subject:1.0
looking:1.0
code:1.0
brake:1.6931471805599454
image:1.6931471805599454
sub-bands:2.09861228866811
hi:1.0
working:1.0
project:1.0
need:1.0
work:1.0
since:1.0
never:1.0
done:1.0
anything:1.0
like:1.0
dont:1.0
even:1.0
understand:1.0
concept:1.0
wondering:1.0
software:1.0
would:1.0
allow:1.0
hints:1.0
thanks:1.0
