gaetan:1.6931471805599454
lord:1.6931471805599454
ecole:1.6931471805599454
polytechnique:1.6931471805599454
de:1.6931471805599454
montreal:2.09861228866811
dg03:1.0
music.mus.polymtl.ca:1.0
subject:1.0
hpgl:1.6931471805599454
viewer:1.0
utilities:1.0
hi:1.0
would:1.0
like:1.0
know:1.0
software:1.6931471805599454
pd:1.0
could:1.6931471805599454
produce:1.6931471805599454
x11:1.0
output:1.0
file:1.0
rs/6000:1.0
kind:1.0
hardcopy:1.0
postscript:1.0
lasetjet:1.0
thank:1.0
voice:1.0
514:1.6931471805599454
340-4352:1.0
analyste:1.0
fax:1.0
340-4189:1.0
p.o:1.0
box:1.0
6079:1.0
station:1.0
quebec:1.0
canada:1.0
theres:1.0
future:1.0
time:1.0
travel:1.0
j0t-2c0:1.0
