rsc:1.0
altair.csustan.edu:1.0
steve:1.6931471805599454
cunningham:1.6931471805599454
subject:1.0
acm:1.6931471805599454
siggraph:2.9459101490553135
registration:2.386294361119891
problem:2.09861228866811
zyda:2.09861228866811
cs.nps.navy.mil:1.0
michael:1.6931471805599454
notes:1.0
word:1.0
warning:1.0
registering:1.0
93:2.6094379124341005
received:1.0
form:1.6931471805599454
back:1.0
mail:1.0
envelope:1.6931471805599454
marked:1.0
return:1.0
sender:1.0
moved:1.6931471805599454
left:1.0
address:2.09861228866811
closed:1.0
po:1.6931471805599454
box:2.09861228866811
used:1.0
register:1.0
one:1.0
printed:1.6931471805599454
95316:1.0
chicago:1.0
il:1.0
60694-5316:1.0
best:1.6931471805599454
printing:1.0
honest:1.0
evidently:1.0
skipped:1.6931471805599454
town:1.6931471805599454
ended:1.0
faxing:1.0
312-321-6876:1.0
hope:1.0
number:1.0
real:1.0
called:1.0
people:1.0
handle:1.0
happened:1.0
time:1.0
ago:1.0
caught:1.0
almost:1.0
instantly:1.0
registrations:1.0
going:1.0
fixed:1.0
see:1.0
trouble:1.0
get:1.0
dont:1.0
procrastinate:1.0
mike:1.0
preparing:1.0
conference:1.0
yet:1.0
