kenyee:1.0
sneakers:1.0
ken:1.6931471805599454
yee:1.0
subject:1.0
tiff:2.6094379124341005
anything:1.6931471805599454
article:1.0
1993apr21.170403.22855:1.0
yang.earlham.edu:1.6931471805599454
joshuaf:1.0
writes:1.0
programs:1.6931471805599454
ibm:1.0
scanner:1.0
works:1.0
view:1.0
cshow:1.0
8.1:1.0
read:1.0
errors:1.0
basic:1.0
jpeg:1.0
gif:1.0
pcx:1.0
bmp:1.0
etc:1.0
try:1.0
winjpeg:1.0
oak.oakland.edu:1.0
pub/msdos/windows3/winjp210.zip:1.0
support:1.0
graphics:1.0
workshop:1.0
also:1.0
converts:1.0
formats:1.0
