pat:2.386294361119891
nick.csh.rit.edu:1.0
fleckenstein:1.0
jedi:1.0
training:1.0
subject:1.0
3-d:1.6931471805599454
widget:2.09861228866811
wish:1.0
list:1.0
id:1.0
like:1.0
see:1.0
generic:1.0
n-dimensional:1.0
set:1.0
realize:1.0
wouldnt:1.0
whole:1.0
shitload:1.0
people:1.0
whod:1.0
want:1.0
3:1.0
stop:1.0
need:1.0
n:1.0
viewports:1.0
showing:1.0
different:1.0
2-d:1.0
slices:1.0
stuff:1.0
alter:1.0
ritcsh.csh.rit.edu*paf3580:1.0
ritvax.rit.edu*paflecke:1.0
spectrum.xerox.com:1.0
objects:1.0
macroscopic:1.0
invisible:1.0
non-physical:1.0
otherwise:1.0
non-heisenbergish:1.0
fuck:1.0
cat:1.0
