peng:1.6931471805599454
cipserv1.physik.uni-ulm.de:1.0
weiguo:1.0
subject:1.0
sw:1.0
convert:1.0
plot:1.6931471805599454
ascii:1.0
file:1.0
looking:1.0
software:1.0
reads:1.0
pcx:1.0
format:1.0
converts:1.0
x:1.0
coordinate:1.0
