situnaya:1.0
ibm3090.bham.ac.uk:1.0
subject:1.0
best:1.6931471805599454
ftp:1.0
viewer:1.6931471805599454
please:1.6931471805599454
could:1.0
someone:1.0
tell:1.0
ftpable:1.0
available:1.0
msdos:1.0
running:1.0
486:1.0
33mhz:1.0
svga:1.0
monitor:1.0
need:1.0
look:1.0
gifs:1.0
mainly:1.0
would:1.0
advantageous:1.0
ran:1.0
windows:1.0
thanks:1.0
