rrpolder:1.0
cs.ruu.nl:1.0
roderick:1.6931471805599454
polder:1.0
subject:1.0
dxf:2.09861228866811
pcx:2.09861228866811
gif:2.09861228866811
tif:1.0
tga:1.0
murashiea.16:1.0
mail.beckman.com:1.6931471805599454
murashiea:1.0
ed:1.6931471805599454
murashie:1.0
writes:1.0
anyone:1.0
know:1.6931471805599454
program:2.386294361119891
pc:1.0
take:1.0
autocad:1.0
format:1.6931471805599454
files:1.0
convert:1.6931471805599454
raster:1.0
like:2.09861228866811
etc:1.0
thanks:1.0
advance:1.0
im:1.0
also:1.0
interested:1.0
id:1.0
wich:1.0
able:1.0
scan:1.0
pictures:1.0
frase:1.0
something:1.0
beyond:1.0
limit:1.0
