jk87377:1.0
lehtori.cc.tut.fi:1.0
kouhia:1.6931471805599454
juhana:1.6931471805599454
subject:1.0
comp.graphics.research:2.09861228866811
seen:1.6931471805599454
articles:1.0
long:1.0
time:1.0
it/he:1.0
work:1.0
anymore:1.0
many:1.0
conference:1.0
related:1.0
postings:1.0
comp.graphics:1.0
hard:1.0
believe:1.0
people:1.0
tried:1.0
post:1.6931471805599454
c.g.research:1.0
somebody:1.0
got:1.0
article:1.0
write:1.0
