remcoha:1.6931471805599454
htsa.aha.nl:1.0
remco:1.0
hartog:1.0
subject:1.0
rgb:1.0
hvs:1.0
back:1.0
little:1.0
question:1.0
need:1.0
convert:1.0
rgb-coded:1.0
red-green-blue:1.0
colors:1.6931471805599454
hvs-coded:1.0
hue-value-saturnation:1.0
anyone:1.0
know:1.0
formulas:1.0
use:1.0
thanks:1.0
r.w.hartog:1.0
solist.htsa.aha.nl:1.0
