z_nixsp:1.6931471805599454
ccsvax.sfasu.edu:1.6931471805599454
subject:1.0
tiff:1.0
anything:1.0
program:1.6931471805599454
called:1.6931471805599454
graphic:1.0
workshop:1.0
ftp:1.0
wuarchive:1.6931471805599454
file:1.6931471805599454
msdos/graphics:1.0
directory:1.0
grfwk61t.zip:1.0
od:1.0
everthing:1.0
need:1.6931471805599454
tmc:1.6931471805599454
spartan.ac.brocku.ca:1.0
could:1.0
specific:1.0
couldnt:1.0
find:1.0
amongst:1.0
directories:1.0
page:1.0
