kardank:1.6931471805599454
ere.umontreal.ca:1.6931471805599454
kardan:1.6931471805599454
kaveh:2.09861228866811
subject:1.0
human:1.0
head:1.0
modeling:1.0
software:1.0
article:1.0
c65wbp.6k4:1.0
taurus.cs.nps.navy.mil:1.0
adaptive:1.0
cs.nps.navy.mil:1.0
zyda:1.0
res:1.0
acct:1.0
writes:1.0
hi:1.0
interested:1.0
facial:1.0
animation:1.0
want:1.0
implement:1.0
program:1.0
area:1.0
dont:1.0
3-d:1.0
information:1.0
face:2.09861228866811
looking:1.0
3d:1.6931471805599454
images:1.6931471805599454
try:1.0
getting:1.0
cyberware_demo:1.0
via:1.0
ftp:1.0
contains:1.0
copyright:1.0
status:1.0
data:1.0
restrictions:1.0
regarding:1.0
uses:1.0
put:1.0
