stern:1.6931471805599454
brahms.udel.edu:1.0
garland:1.0
subject:1.0
looking:1.0
hot:1.0
mac:2.09861228866811
3d:1.6931471805599454
anim:1.0
software:1.0
interested:1.6931471805599454
finding:1.0
animation:1.0
programs:1.6931471805599454
especially:1.0
dont:1.0
exist:1.6931471805599454
pc:1.0
port:1.0
good:1.0
would:1.0
make:1.0
go:1.0
buy:1.0
thanks:1.0
advance:1.0
