un034214:1.0
wvnvms.wvnet.edu:1.0
subject:1.0
ntsc:1.6931471805599454
data:1.6931471805599454
rgb:1.6931471805599454
video:2.09861228866811
capture:1.6931471805599454
anyone:1.0
know:1.6931471805599454
decode:1.0
color:1.6931471805599454
information:1.6931471805599454
signal:1.0
need:1.6931471805599454
convert:1.0
utility:1.0
writing:1.0
use:1.0
ibm:1.0
m-motion:1.0
adapter:1.0
card:1.0
v:1.0
u:1.0
signals:1.0
work:1.0
process:1.0
thanks:1.0
advance:1.0
algorythms:1.0
etc:1.0
later:1.0
hammonck:1.0
net:1.0
