muchor:1.0
fuw.edu.pl:1.0
krzysztof:1.6931471805599454
muchorowski:1.0
subject:1.6931471805599454
gif:1.6931471805599454
targa:1.6931471805599454
hello:1.0
says:1.0
need:1.0
converter:1.0
dta15:1.0
could:1.0
make:1.0
fli:1.0
