uc512052:1.6931471805599454
mizzou1.missouri.edu:1.6931471805599454
david:1.6931471805599454
k:1.6931471805599454
drum:1.6931471805599454
subject:1.0
happened:1.0
dkb-l:1.6931471805599454
trearn:1.0
hello:1.0
ive:1.0
dkbtrace/povray:1.0
mailing:1.0
list:2.09861228866811
trearn.bitnet:1.0
time:1.0
tried:1.0
post:1.0
day:1.0
listserv:1.6931471805599454
told:1.0
doesnt:1.0
exist:1.0
got:1.0
global:1.0
groups:1.0
nothing:1.0
grepped:1.0
every:1.0
string:1.0
could:1.0
think:1.0
frank:1.0
ville:1.0
saari:1.0
andre:1.0
beck:1.0
anyone:1.0
else:1.0
whos:1.0
regular:1.0
tell:1.0
going:1.0
please:1.0
regards:1.0
