92brown:1.0
gw.wmich.edu:1.0
subject:1.0
pc:1.6931471805599454
paint:1.6931471805599454
program:1.6931471805599454
neopaint:2.09861228866811
v1.1:2.09861228866811
help:1.0
looking:1.6931471805599454
shareware:2.09861228866811
graphics:1.0
package:1.0
called:1.6931471805599454
saw:1.0
catalog:1.0
hoping:1.0
could:1.0
ftp:1.0
net:1.0
unable:1.0
locate:1.0
tried:1.0
archie:1.0
gone:1.0
entire:1.0
comp.graphics:1.0
newsgroup:1.0
reference:1.6931471805599454
found:1.0
none:1.0
also:2.09861228866811
looked:1.0
faq:1.0
anyone:1.0
heard:1.0
knows:1.0
get:1.0
would:1.6931471805599454
appreciate:1.0
suggestions:1.0
based:1.0
programs:1.0
appreciated:1.0
email:1.0
responses:1.0
much:1.0
thanks:1.0
sean:1.0
