rak:1.6931471805599454
crosfield.co.uk:1.6931471805599454
richard:1.6931471805599454
kirk:1.6931471805599454
subject:1.0
tiff:1.0
philosophical:1.0
significance:1.0
42:1.0
silly:1.0
number:1.0
legs:1.0
centipede:1.0
know:1.0
image:1.0
processing:1.0
group:1.0
crosfield:1.0
electronics:1.0
ltd:1.0
u.k:1.0
0442-230000:1.0
x3361/3591:1.0
hemel:1.0
hempstead:1.0
herts:1.0
hp2:1.0
7rh:1.0
