alford:2.791759469228055
novavax.uucp:1.0
steven:1.0
subject:1.0
gif:1.6931471805599454
wpg:1.6931471805599454
tiff:1.6931471805599454
converter:1.0
looking:1.0
available:1.0
program:1.0
would:1.6931471805599454
convert:1.0
files:1.0
formats:1.0
usable:1.0
dos-based:1.0
software:1.0
wordperfect:1.0
presentations:1.0
handle:1.0
among:1.0
others:1.0
suggestions:1.0
appreciated:1.0
thank:1.0
much:1.0
time:1.0
help:1.0
steve:1.6931471805599454
novavax.nova.edu:1.6931471805599454
nova:1.0
university:1.0
3301:1.0
college:1.0
avenue:1.0
ft:1.0
lauderdale:1.0
fl:1.0
33314:1.0
uucp:1.0
gatech:1.0
uflorida:1.0
ucf-cs:1.0
novavax:1.0
internet:1.0
