stefanh:1.6931471805599454
rahul.net:1.6931471805599454
stefan:1.6931471805599454
hartmann:1.6931471805599454
subject:1.0
genoas:2.386294361119891
windowsvga24:1.0
true:1.6931471805599454
color:1.6931471805599454
board:1.6931471805599454
immediate:1.0
release:1.0
editorial:1.0
contact:1.6931471805599454
single:1.0
source:1.0
marketing:1.6931471805599454
myra:1.0
manahan:1.0
714:1.0
545-1338:1.0
genoa:3.1972245773362196
systems:2.6094379124341005
joseph:1.0
brunoli:1.6931471805599454
408:2.6094379124341005
432-9090:1.6931471805599454
neil:1.0
roehm:1.0
432-9090/technical:1.0
presents:1.0
high:1.6931471805599454
performance:2.386294361119891
video:1.6931471805599454
graphics:2.09861228866811
accelerator:2.386294361119891
san:1.6931471805599454
jose:1.6931471805599454
calif:1.6931471805599454
usa:1.0
corporation:1.0
announces:1.0
windowsvga:2.6094379124341005
24:2.386294361119891
24-bit:1.0
card:2.6094379124341005
delivers:1.0
16.8:1.0
million:1.0
colors:1.0
speeds:1.0
faster:1.0
competition:1.0
plus:1.0
offers:2.09861228866811
full:2.09861228866811
range:1.0
resolutions:1.0
refresh:1.6931471805599454
rates:1.0
well:1.0
unique:1.0
proprietary:1.6931471805599454
features:1.6931471805599454
available:1.6931471805599454
16-bit:1.0
isa:1.0
bus:2.386294361119891
32-bit:1.0
vesa:1.6931471805599454
local:1.6931471805599454
versions:1.0
models:1.6931471805599454
8500:1.0
8500vl:2.09861228866811
1mb:1.0
dram:1.0
maximum:1.0
resolution:1.6931471805599454
1,280:1.0
x:2.09861228866811
1,024:1.6931471805599454
supports:1.0
rate:1.0
72hz:1.0
800:1.6931471805599454
600:1.0
768:1.0
non-interlaced:1.0
provide:1.6931471805599454
many:1.6931471805599454
times:1.0
greater:1.0
standard:1.0
svga:1.0
boards:1.0
yet:1.0
conform:1.0
current:1.0
standards:1.0
flickerfree:1.0
tm:1.6931471805599454
technology:1.6931471805599454
eliminates:1.0
screen:2.09861228866811
flash:1.0
flicker:1.0
make:1.0
viewing:1.0
much:1.0
comfortable:1.0
cards:2.386294361119891
also:1.6931471805599454
come:1.6931471805599454
safescan:1.0
utility:1.0
developed:1.0
eliminate:1.0
black:1.0
border:1.0
around:1.6931471805599454
thereby:1.6931471805599454
100-percent:1.0
use:1.0
overscanning:1.0
monitors:1.0
model:1.0
takes:1.0
advantage:1.0
speed:2.09861228866811
offered:1.0
new:1.0
vl:1.0
handle:1.0
data:1.6931471805599454
transfers:1.0
33mhz:1.0
transfer:1.0
cpu:1.0
50mhz:1.0
offering:1.0
turbobahn:1.0
combination:1.0
packaged:1.0
turboexpress:1.0
486vl:1.0
motherboard:1.0
built:1.0
cirrus:1.0
logic:1.0
gd-5426:1.0
gui:1.0
user:1.6931471805599454
exceptional:1.0
price/performance:1.0
value:1.0
advanced:1.0
drivers:1.0
act:1.0
turbocharge:1.0
chip:1.6931471805599454
providing:1.0
affordable:1.0
power:1.0
surpass:1.0
highly:1.0
priced:1.0
enjoy:1.0
optimal:1.0
reliability:1.0
programs:1.0
windows:1.0
autocad:1.0
autoshade:1.0
3d:1.0
studio:1.0
os/2:1.0
orcad:1.0
driver:1.0
updates:1.0
product:1.0
bulletins:1.0
bbs:1.0
943-1231:1.0
manufactures:1.0
markets:1.0
extensive:1.0
line:1.0
adapters:1.0
motherboards:1.0
audio:1.0
multimedia:1.0
ibm-compatible:1.0
personal:1.0
computers:1.0
products:1.6931471805599454
two:1.0
year:1.0
limited:1.0
warranty:1.0
parts:1.0
labor:1.0
currently:1.0
distributed:1.0
worldwide:1.0
authorized:1.0
distributors:1.0
resellers:1.0
vars:1.0
integrators:1.0
information:1.0
joe:1.0
manager:1.0
75:1.0
e:1.0
trimble:1.0
road:1.0
95131:1.0
tel:1.0
934-3662:1.0
fax:1.0
434-0997:1.0
