sull:1.6931471805599454
focus.csl.uiuc.edu:1.0
sanghoon:1.0
subject:1.0
final:1.0
call:1.6931471805599454
papers:1.6931471805599454
progress:2.386294361119891
neural:2.6094379124341005
networks:2.791759469228055
special:1.6931471805599454
volume:2.791759469228055
shape:3.0794415416798357
analysis:2.386294361119891
omid:1.6931471805599454
omidvar:1.6931471805599454
minsoo:1.6931471805599454
suk:1.6931471805599454
series:1.6931471805599454
editor:1.6931471805599454
significant:1.0
made:1.6931471805599454
recently:1.0
using:1.0
energy:1.6931471805599454
minimization:1.6931471805599454
concept:1.0
ablex:1.0
publishing:1.0
corporation:1.0
planning:1.0
scheduled:1.0
year:1.0
part:1.0
annual:1.0
book:1.0
reviewing:1.0
research:1.6931471805599454
modelling:1.6931471805599454
design:1.0
application:1.0
primary:1.0
aim:1.0
present:1.0
single:1.0
important:1.6931471805599454
achievements:1.0
topic:1.0
otherwise:1.0
scattered:1.0
diverse:1.0
literature:1.0
authors:1.0
invited:1.0
submit:1.0
original:1.0
manuscripts:1.0
detailing:1.0
recent:1.0
suggested:1.0
topics:1.0
include:1.0
limited:1.0
estimation:1.0
recovery:1.0
representation:1.0
matching:1.0
surface:1.6931471805599454
reconstruction:1.0
decomposition:1.0
work:1.0
utilizing:1.0
directly:1.0
based:1.0
techniques:1.0
markov:1.0
random:1.0
field:1.6931471805599454
mean:1.0
annealing:1.6931471805599454
simulated:1.0
graduated:1.0
non-convexity:1.0
algorithms:1.0
resistive:1.0
welcome:1.0
paper:1.6931471805599454
tutorial:1.0
nature:1.0
self:1.0
contained:1.0
preferably:1.0
necessarily:1.0
fifty:1.0
double:1.0
spaced:1.0
pages:1.0
length:1.0
please:1.0
send:1.6931471805599454
electronically:1.0
prefer:1.0
hardcopy:1.0
address:1.0
abstract:1.0
outline:1.0
msuk:1.6931471805599454
ima.enst.fr:1.6931471805599454
may:1.0
30:1.0
1993:1.6931471805599454
full:1.0
must:1.0
submitted:1.0
july:1.0
31:1.0
europe:1.0
usa:1.0
professor:1.6931471805599454
department:1.6931471805599454
images:1.0
computer:1.0
science:1.0
ecole:1.0
nationale:1.0
superieure:1.0
university:1.0
district:1.0
columbia:1.0
des:1.0
telecommunications:1.0
4200:1.0
connecticut:1.0
ave:1.0
n.w:1.0
46:1.0
rue:1.0
barrault:1.0
washington:1.0
d.c:1.0
20008:1.0
75634:1.0
paris:1.0
cedex:1.0
13:1.0
phone:1.0
202:1.6931471805599454
282-7345:1.0
france:1.0
fax:1.0
282-3677:1.0
fax:33-1-45-81-37-94:1.0
email:1.6931471805599454
oomidvar:1.0
udcvax.bitnet:1.0
