patel:2.09861228866811
enuxha.eas.asu.edu:1.6931471805599454
jayesh:1.6931471805599454
subject:1.0
parametric/variational:1.6931471805599454
design:1.6931471805599454
hi:1.0
everyone:1.0
looking:1.0
papers/articels/books:1.0
source:1.0
information:1.0
cad/solid:1.0
modeling:1.0
suggetions/references:1.0
would:1.0
greatly:1.0
appreaciated:1.0
thanks:1.0
advance:1.0
ip:1.0
129.219.30.6:1.0
