zyda:2.09861228866811
cs.nps.navy.mil:1.0
michael:1.6931471805599454
subject:1.0
acm:1.6931471805599454
siggraph:2.6094379124341005
registration:2.386294361119891
problem:1.0
word:1.0
warning:1.0
registering:1.0
93:2.386294361119891
received:1.0
form:1.6931471805599454
back:1.0
mail:1.0
envelope:1.6931471805599454
marked:1.0
return:1.0
sender:1.0
moved:1.6931471805599454
left:1.0
address:1.6931471805599454
closed:1.0
po:1.6931471805599454
box:1.6931471805599454
used:1.0
register:1.0
one:1.0
printed:1.6931471805599454
95316:1.0
chicago:1.0
il:1.0
60694-5316:1.0
best:1.0
printing:1.0
honest:1.0
evidently:1.0
skipped:1.0
town:1.0
ended:1.0
faxing:1.0
312-321-6876:1.0
hope:1.0
number:1.0
real:1.0
