davidla:1.6931471805599454
ecs.comm.mot.com:1.6931471805599454
david:1.6931471805599454
lau:1.6931471805599454
subject:1.0
gif:2.09861228866811
viewer:1.6931471805599454
source:1.6931471805599454
code:1.6931471805599454
pc:1.6931471805599454
anyone:1.0
know:1.0
could:1.0
get:1.6931471805599454
doesnt:1.0
fancy:1.0
would:1.0
best:1.0
written:1.0
c:1.0
display:1.0
pictures:1.0
vga:1.0
screen:1.0
hoping:1.0
free:1.0
ftp:1.0
site:1.0
havent:1.0
able:1.0
find:1.0
yet:1.0
