hollasch:2.386294361119891
kpc.com:1.6931471805599454
steve:1.6931471805599454
subject:1.0
kubota:2.09861228866811
kenai/denali:1.6931471805599454
specs:1.0
lioness:1.6931471805599454
maple.circa.ufl.edu:1.6931471805599454
okay:1.0
got:1.0
enough:1.0
replies:1.0
systems:1.0
post:1.0
summary:1.0
capabilities:1.0
graphics:1.0
transform:1.0
modules:1.6931471805599454
1-6:1.6931471805599454
frame:1.6931471805599454
buffer:2.09861228866811
5,10,20:1.6931471805599454
1280x1024x24bit:1.6931471805599454
double:2.386294361119891
buffered:1.6931471805599454
z-buffer:1.0
24-bit:1.6931471805599454
alpha/stencil:1.0
8-bit:1.6931471805599454
pmartz:1.6931471805599454
dsd.es.com:1.6931471805599454
paul:1.6931471805599454
martz:1.6931471805599454
mean:1.6931471805599454
either:1.6931471805599454
alpha:1.6931471805599454
stenciling:1.0
simultaneously:1.6931471805599454
stereo:2.386294361119891
support:1.0
yes:1.6931471805599454
machines:1.0
output:1.6931471805599454
per:1.0
window:1.0
auxiliary:1.0
video:1.0
rs-170a:1.0
ntsc:1.0
pal:1.0
question:1.0
buffering:1.0
questions:1.0
inclusive:1.0
plus:1.0
stencil:1.0
supported:1.0
theyre:1.0
separate:1.0
double-buffered:1.0
pacific:1.0
computer:1.0
inc:1.0
santa:1.0
clara:1.0
california:1.0
barbie:1.0
right:1.0
math:1.0
hard:1.0
