schwartz:2.386294361119891
ils.nwu.edu:1.6931471805599454
diane:1.6931471805599454
subject:1.0
sigkids:2.386294361119891
research:2.09861228866811
showcase:2.09861228866811
call:1.6931471805599454
brought:1.0
attention:1.0
oversight:1.0
participation:1.0
entry:1.0
form:1.0
please:1.0
note:1.0
part:1.0
siggraph:1.0
93:1.0
august:1.0
1-6:1.0
1993:1.0
anaheim:1.0
california:1.0
thank:1.0
committee:1.0
member:1.0
institute:1.0
learning:1.0
sciences:1.0
1890:1.0
maple:1.0
avenue:1.0
suite:1.0
150:1.0
evanston:1.0
illinois:1.0
60201:1.0
