mharring:1.0
cch.coventry.ac.uk:1.0
martin:1.6931471805599454
subject:1.0
ftp:2.09861228866811
site:1.0
gifs:1.6931471805599454
looking:1.0
around:1.0
sites:1.6931471805599454
find:1.0
one:1.0
good:1.0
gif:1.0
files:1.0
could:1.0
someone:1.0
please:1.6931471805599454
tell:1.0
posses:1.0
goods:1.0
wide:1.0
range:1.0
email:1.0
address:1.0
thanks:1.0
