senderow:1.0
diva.berkeley.edu:1.0
dan:1.6931471805599454
senderowicz:1.0
subject:1.0
convertion:1.0
program:1.6931471805599454
gremlin:1.6931471805599454
wondering:1.0
somebody:1.0
knows:1.0
pd:1.0
converting:1.0
graphic:1.0
formats:1.0
fig:1.0
pic:1.0
unixplot:1.0
tek:1.0
etc:1.0
thanks:1.0
