jk87377:1.0
lehtori.cc.tut.fi:1.0
kouhia:1.6931471805599454
juhana:1.6931471805599454
subject:1.0
xv:2.6094379124341005
problems:1.0
article:1.6931471805599454
1993apr27.143603.9351:1.0
nessie.mcc.ac.uk:1.0
c.c.lilley:1.0
mcc.ac.uk:1.0
writes:1.0
2:1.0
yes:1.0
8:1.6931471805599454
bit:2.6094379124341005
program:1.0
bug:2.791759469228055
never:2.09861228866811
claimed:2.09861228866811
import:1.0
24:2.09861228866811
images:2.09861228866811
quantises:1.0
bits:1.0
handy:1.0
facility:1.0
would:1.6931471805599454
suggest:1.0
colour:1.6931471805599454
editing:1.6931471805599454
file:1.6931471805599454
group:1.0
related:1.0
colours:1.0
edit:1.0
together:1.0
global:1.0
changes:1.6931471805599454
could:1.0
done:1.6931471805599454
unless:1.0
software:1.6931471805599454
different:1.0
much:1.6931471805599454
complicated:1.0
want:1.0
image:2.791759469228055
need:1.0
powerfull:1.0
readily:1.0
available:1.0
commercially:1.0
guess:1.0
edited:1.0
note:1.0
away:1.0
posted:1.0
many:2.09861228866811
newsgroups:1.0
wrote:2.09861228866811
something:1.0
making:1.6931471805599454
color:1.0
modifications:2.09861228866811
quickly:1.0
8bit:1.0
quantized:1.0
saving:1.0
process:1.0
make:1.0
24bit:1.6931471805599454
makes:1.0
sense:1.0
main:1.0
use:1.0
viewing:1.0
keep:1.0
buffer:1.0
operations:1.6931471805599454
simplify:1.0
operation:1.0
list:1.0
unnecessary:1.0
lastly:1.0
jpeg:2.09861228866811
compression:1.6931471805599454
algorithm:1.6931471805599454
applied:1.0
arbitrary:1.0
depth:1.0
tried:1.0
kept:1.0
sure:1.0
dont:1.0
claim:1.0
noting:1.0
else:1.0
know:1.0
propably:1.0
misunderstood:1.0
places:1.0
far:1.0
also:1.0
missed:1.0
wrong:1.0
however:1.0
