menchett:1.0
dws012.unr.edu:1.0
peter:1.0
j:1.0
menchetti:1.0
subject:1.0
graphic:1.6931471805599454
design:1.6931471805599454
newsgroup:1.6931471805599454
discusses:1.0
pcs:1.0
macs:1.0
yknow:1.0
like:1.0
corel:1.0
draw:1.0
