zyeh:1.0
caspian.usc.edu:1.0
zhenghao:1.0
yeh:1.6931471805599454
subject:1.0
rgb:1.0
hvs:1.0
back:1.0
little:1.0
answer:1.0
see:1.0
foley:1.0
van:1.0
dam:1.0
feiner:1.0
hughes:1.0
computer:1.0
graphics:1.0
principles:1.0
practice:1.0
second:1.0
edition:1.0
people:1.0
would:1.6931471805599454
read:1.0
book:1.0
75:1.0
percent:1.0
questions:1.0
froup:1.0
disappear:1.0
overnight:1.0
really:1.0
think:1.0
less:1.0
10:1.0
usc:1.0
