c557652:1.6931471805599454
mizzou1.missouri.edu:1.6931471805599454
robert:1.6931471805599454
woodward:1.6931471805599454
subject:1.0
gif:1.6931471805599454
viewer:1.0
trouble:1.0
viewing:1.0
files:1.0
system:1.0
large:1.0
sections:1.0
dont:1.6931471805599454
show:1.0
tried:1.0
vpic:1.0
picem:1.0
running:1.0
gateway:1.0
486/33c:1.0
speedstar:1.0
plus:1.0
vga:1.0
card:1.0
nec:1.0
multisync:1.0
4ds:1.0
16:1.0
inch:1.0
monitor:1.0
suggestions:1.0
know:1.0
department:1.0
physiology:1.0
university:1.0
missouri:1.0
columbia:1.0
mo:1.0
65212:1.0
e-mail:1.0
