hwstock:1.6931471805599454
snll-arpagw.llnl.gov:1.0
stockman:1.6931471805599454
harlan:1.0
w:1.0
subject:1.0
screen:1.6931471805599454
capture:1.6931471805599454
dos:1.0
utility:1.0
pd:1.0
shareware:1.0
work:1.0
reliably:1.0
vesa:1.0
6a:1.0
800x600:1.0
screens:1.0
thanks:1.0
h.w:1.0
sandia.llnl.gov:1.0
