lilley:2.09861228866811
v5.cgu.mcc.ac.uk:1.0
chris:1.6931471805599454
subject:1.0
xv:2.791759469228055
problems:1.6931471805599454
article:1.6931471805599454
1rohjc:1.0
avt:1.0
cc.tut.fi:1.0
jk87377:1.0
lehtori.cc.tut.fi:1.0
kouhia:1.0
juhana:1.0
writes:1.6931471805599454
1993apr27.143603.9351:1.0
nessie.mcc.ac.uk:1.0
c.c.lilley:2.09861228866811
mcc.ac.uk:1.6931471805599454
moved:1.0
bit:3.0794415416798357
wrote:2.09861228866811
something:1.6931471805599454
making:1.6931471805599454
color:1.0
modifications:2.386294361119891
quickly:1.0
8bit:1.0
quantized:1.0
images:1.6931471805599454
saving:1.0
image:2.791759469228055
file:2.791759469228055
process:1.0
make:1.0
24bit:1.6931471805599454
makes:1.0
sense:1.0
main:1.0
use:1.0
viewing:1.0
many:2.09861228866811
changes:1.6931471805599454
keep:1.0
buffer:1.0
operations:1.6931471805599454
simplify:1.0
operation:1.0
list:1.0
unnecessary:1.0
think:1.0
saying:1.0
24:2.791759469228055
quantised:1.0
8:1.6931471805599454
bits:2.09861228866811
similar:1.0
colours:2.386294361119891
mapped:2.09861228866811
onto:1.6931471805599454
single:1.0
palette:2.6094379124341005
colour:3.0794415416798357
gets:1.0
modified:1.6931471805599454
fairly:1.0
arbitrary:1.0
ways:1.0
want:1.6931471805599454
apply:1.6931471805599454
back:1.0
find:1.0
one:1.0
ok:1.0
could:2.386294361119891
copying:1.0
32:1.0
using:1.0
extra:1.0
hold:1.0
index:1.0
entry:2.09861228866811
done:2.09861228866811
need:2.09861228866811
exactly:1.0
difference:1.0
rgb:1.6931471805599454
original:1.0
group:1.6931471805599454
generate:1.0
outside:1.0
range:1.0
0:2.09861228866811
255:1.0
would:2.386294361119891
also:1.6931471805599454
lead:1.0
discontinuities:1.0
different:2.09861228866811
parts:1.0
smooth:1.0
gradient:1.0
several:1.0
entries:1.0
interpolate:1.0
full:1.0
modification:1.6931471805599454
depending:1.0
far:1.6931471805599454
however:1.6931471805599454
suspect:1.0
look:1.0
rather:1.0
odd:1.0
summary:1.0
said:1.0
previous:1.0
posting:1.6931471805599454
still:1.0
holds:1.0
suggest:1.0
editing:1.6931471805599454
related:1.0
edit:1.6931471805599454
together:1.0
global:1.0
unless:1.0
software:2.09861228866811
much:1.6931471805599454
complicated:1.0
powerfull:1.0
readily:1.0
available:1.0
commercially:1.0
words:1.0
built:1.0
job:1.0
tacking:1.0
mods:1.0
going:1.0
create:1.0
solves:1.0
seemed:1.0
claiming:1.0
bugs:1.0
meant:1.0
propably:1.0
misunderstood:1.6931471805599454
places:1.0
yes:1.6931471805599454
probably:1.0
found:1.0
collected:1.0
digest:1.0
format:1.0
made:1.0
little:1.0
difficult:1.0
understand:1.0
precisely:1.0
point:1.0
sorry:1.0
missed:1.0
wrong:1.6931471805599454
technical:1.0
author:1.0
itti:1.0
computer:1.6931471805599454
graphics:1.6931471805599454
visualisation:1.0
training:1.0
project:1.0
unit:1.0
manchester:1.6931471805599454
computing:1.0
centre:1.0
oxford:1.0
road:1.0
uk:1.0
m13:1.0
9pl:1.0
internet:1.0
voice:1.0
44:1.6931471805599454
61:1.6931471805599454
275:1.6931471805599454
6045:1.0
fax:1.0
6040:1.0
janet:1.0
uk.ac.mcc:1.0
