subject:1.0
pbm:1.6931471805599454
10dec91:1.6931471805599454
whensthenewversion:1.0
j3gum:1.0
vax1.mankato.msus.edu:1.0
anyone:1.0
know:1.6931471805599454
fabled:1.0
new:1.0
version:1.6931471805599454
soon:1.0
far:1.0
current:1.0
jeff:1.0
p:1.0
jeffrey:1.0
e:1.0
hundstad:1.0
