ecampbel:1.0
metz.une.edu.au:1.0
ed:1.6931471805599454
campbell:1.6931471805599454
subject:1.0
libraries:1.6931471805599454
text+math+graphics:1.0
display:1.6931471805599454
anyone:1.0
know:1.0
c:1.6931471805599454
preparing:1.0
displaying:1.0
quickly:1.6931471805599454
pages:1.0
mixed:1.0
text:1.0
mathematical:1.0
equations:1.0
graphics:1.0
circles:1.0
ellipses:1.0
etc:1.0
vdu:1.0
maths:1.0
wouldnt:1.0
need:1.0
tex:1.0
quality:1.0
would:1.6931471805599454
useful:1.0
scaleable:1.0
main:1.0
thing:1.0
able:1.0
generate:1.0
minimum:1.0
set:1.0
formatting:1.0
code:1.0
thanks:1.0
