ip001b:1.6931471805599454
uhura.cc.rochester.edu:1.6931471805599454
ivan:2.09861228866811
pulleyn:1.6931471805599454
subject:1.0
pc:1.0
question:1.0
256:1.6931471805599454
modes:1.0
hi:1.0
need:1.0
know:1.0
color:1.0
graphics:1.6931471805599454
mode:1.6931471805599454
allows:1.0
multiple:1.0
pages:1.6931471805599454
want:1.0
something:1.0
like:1.6931471805599454
0x10:1.0
640x350x16:1.0
2:1.0
experimenting:1.0
calling:1.0
bios:1.0
borland:1.0
turbo:1.0
c:1.0
feel:1.0
flying:1.0
blind:1.0
area:1.0
could:1.0
use:1.0
help:1.0
give:1.0
thanks:1.0
university:1.0
rochester:1.0
e-mail:1.0
