lwilson:1.0
ucbeh.san.uc.edu:1.0
subject:1.0
viewing:1.0
jpeg:1.6931471805599454
files:1.6931471805599454
view:1.0
without:1.0
special:1.0
hardware:1.0
lucy:1.0
wilson:1.0
access:1.0
services:1.0
librarian:1.0
college:1.0
engineering:1.0
university:1.0
cincinnati:1.0
