mne:1.0
ing.puc.cl:1.6931471805599454
marcelo:1.0
neira:1.0
eid:1.0
subject:1.0
raw2gif:1.0
hello:1.0
anybody:1.0
help:1.0
find:1.0
program:1.0
converts:1.0
format:2.09861228866811
named:1.0
raw:1.6931471805599454
also:1.0
known:1.0
img:1.0
gif:1.0
jpeg:1.0
one:1.6931471805599454
desirable:1.0
unix:1.0
machine:1.0
pc:1.0
n*n:1.6931471805599454
image:1.6931471805599454
file:1.0
contain:1.0
tail:1.0
characters:1.0
referencing:1.0
k*n+j:1.0
pixel:1.0
monocrome:1.0
k:1.0
j:1.0
lies:1.0
0:1.0
n-1:1.0
thanxsmne:1.0
