curdm:1.6931471805599454
uxa.ecn.bgu.edu:1.6931471805599454
richard:1.6931471805599454
mancuso:1.0
subject:1.0
ascii:2.09861228866811
ansi:1.6931471805599454
pics..where:1.0
someone:1.0
tell:1.0
could:1.0
find:1.0
pics:1.6931471805599454
already:1.0
found:1.0
gopher:1.0
thanks:1.0
mancsuo:1.0
