sahr:2.09861228866811
piglet.uccs.edu:1.6931471805599454
kevin:1.6931471805599454
subject:1.0
looking:1.0
polygon:1.0
convexifier:1.0
anyone:1.0
know:1.0
find:1.0
code:1.0
would:1.0
take:1.0
concave:1.0
polygons:1.6931471805599454
break:1.0
set:1.0
convex:1.0
thanks:1.0
