brad:1.6931471805599454
utkvx.utk.edu:1.6931471805599454
lemings:1.0
eric:1.0
bradley:1.0
subject:1.0
gws:1.0
anybody:1.0
know:1.0
get:1.0
graphics:1.0
work:1.0
shop:1.0
