bill:2.386294361119891
solaria:1.0
neisius:1.6931471805599454
subject:1.0
rgb:2.09861228866811
hvs:1.6931471805599454
back:1.0
remco:1.0
hartog:1.0
remcoha:1.0
htsa.aha.nl:1.0
wrote:1.0
little:1.0
question:1.0
need:1.0
convert:1.0
rgb-coded:1.0
red-green-blue:1.0
colors:1.6931471805599454
hvs-coded:1.0
hue-value-saturnation:1.0
anyone:1.0
know:1.0
formulas:1.0
use:1.0
lets:1.0
see:1.0
right:1.0
hsv:2.09861228866811
hsb:1.0
hsl:2.386294361119891
none:1.0
hls:1.0
hopefully:1.0
transposition:1.0
yet:1.6931471805599454
another:1.6931471805599454
color:1.0
model:1.0
following:1.6931471805599454
code:1.6931471805599454
coding:1.0
havent:1.0
tried:1.0
thanks:1.0
bultman:1.0
dgw.rws.nl:1.0
possibility:1.0
mirrors/msdos/graphics/graphgem.zip:1.0
wuarchive.wustl.edu:1.0
solaria.hac.com:1.0
starbase:1.0
hp:1.0
manual:1.0
coordinates:1.0
noralised:1.0
0-1:1.0
interval:1.0
hsl_to_rgb:1.0
hue:3.6390573296152584
saturation:3.302585092994046
luminosity:4.218875824868201
red:3.70805020110221
green:3.70805020110221
blue:3.6390573296152584
float:2.791759469228055
input:1.6931471805599454
output:1.6931471805599454
frac:2.386294361119891
lx:3.0794415416798357
ly:2.6094379124341005
lz:2.6094379124341005
temporaries:1.0
6:2.09861228866811
int:1.6931471805599454
1:2.9459101490553135
switch:1.0
case:2.9459101490553135
0:1.0
break:2.791759469228055
2:1.0
3:2.09861228866811
4:1.0
5:2.09861228866811
rgb_to_hsl:1.0
define:1.6931471805599454
max:1.6931471805599454
b:3.302585092994046
c:2.791759469228055
min:1.6931471805599454
x:3.1972245773362196
tempr:2.386294361119891
tempg:2.386294361119891
tempb:2.386294361119891
temporary:1.0
values:1.0
0.0:2.09861228866811
1.0:1.0
calculate:1.6931471805599454
necessary:1.6931471805599454
else:1.6931471805599454
