ez019654:1.0
othello.ucdavis.edu:1.0
victoria:1.0
milliron:1.0
subject:1.0
intels:1.0
pci:1.6931471805599454
standard:2.09861228866811
read:1.0
mesg:1.0
somewhere:1.0
genie:1.0
intel:1.0
coming:1.0
graphics:1.0
called:1.0
would:1.0
supplant:1.0
vesa:1.0
standards:1.0
rumor:1.0
substance:1.0
yall:1.0
heard:1.0
please:1.0
e-mail:1.0
might:1.0
obtain:1.0
info:1.0
thanks:1.0
advance:1.0
vamilliron:1.0
othello.ucd.edu:1.0
