rkummer:1.6931471805599454
phillip.edu.au:1.6931471805599454
subject:1.0
pov-ray:2.386294361119891
vax:2.09861228866811
computer:1.6931471805599454
hi:1.0
im:1.6931471805599454
using:1.0
ibm:1.0
compatible:1.0
home:1.0
would:1.0
like:1.0
run:1.0
things:1.0
work:1.0
believe:1.0
version:1.6931471805599454
source:1.0
code:1.0
specific:1.0
sure:1.0
find:1.0
ive:1.0
looked:1.0
several:1.0
sites:1.0
ibmpc:1.0
found:1.0
anyone:1.0
help:1.0
thanks:1.0
advance:1.0
ross:1.0
kummer:1.0
rmit:1.0
melbourne:1.0
australia:1.0
internet:1.0
address:1.0
clever:1.0
signoff:1.0
yet:1.0
busy:1.0
playing:1.0
