mad-celt:1.6931471805599454
cwis.unomaha.edu:1.6931471805599454
andy:1.6931471805599454
booth:2.09861228866811
subject:1.6931471805599454
synergy:2.386294361119891
revolt:2.6094379124341005
otis:2.386294361119891
colaberation:1.0
project:2.6094379124341005
presents:1.0
first:2.09861228866811
continuing:1.0
series:1.6931471805599454
collaborative:1.0
art:1.6931471805599454
initiatives:1.0
designed:1.0
exploit:1.0
binarity:1.0
infosphere:1.0
diversely:1.0
structured:1.6931471805599454
art-manipulation:1.0
projects:1.0
attempt:1.0
stretch:1.0
across:1.0
network:1.0
boundries:1.0
encouraging:1.0
use:1.6931471805599454
electronic:1.6931471805599454
mail:2.09861228866811
fax:2.09861228866811
video:1.6931471805599454
photography:1.0
scanned:1.0
conventional:1.0
even:1.0
sound:1.6931471805599454
create:1.0
multi-artist:1.0
still:1.6931471805599454
visuals:1.0
gif:1.0
jpg:1.0
formats:1.0
visualists:1.0
technical:1.0
levels:1.0
welcome:1.0
simply:1.0
three:1.6931471805599454
stages:1.0
production:1.0
stage:2.791759469228055
consist:1.6931471805599454
participants:1.0
creating:1.0
one:1.6931471805599454
work:1.0
starter:2.09861228866811
piece:1.0
two:1.6931471805599454
partici:1.0
pants:1.0
turn:1.0
manipulate:1.0
base:1.0
images:2.6094379124341005
due:2.386294361119891
sunday:2.09861228866811
may:2.9459101490553135
23rd:1.6931471805599454
1993:1.0
midnight:2.09861228866811
central:1.0
daylight:1.0
time:1.6931471805599454
begin:1.6931471805599454
24th:1.0
sent:1.6931471805599454
another:1.0
arbitrarily:1.0
chosen:1.0
participant:1.0
manipulations:1.0
anyway:1.0
see:2.09861228866811
fit:1.0
purely:1.0
digital:1.0
artists:2.09861228866811
filtering:1.0
image:3.0794415416798357
favorite:1.0
paint:1.0
program:1.0
analog:1.0
well:1.6931471805599454
printing:1.0
hardcopy:1.0
adding:1.0
part:1.0
pen:1.0
pencil:1.0
white-out:1.0
scan:1.0
ning:1.0
transferred:1.0
third-stage:1.0
artist:1.0
second-stage:1.0
works:1.0
30th:1.0
finishing:1.0
31st:1.0
think:1.0
takes:1.0
finish:1.0
theyve:1.0
given:1.0
using:1.0
whatever:1.0
technique:1.0
worthy:1.0
june:1.0
6th:1.0
involved:1.0
participate:1.6931471805599454
creation:1.0
join:1.0
send:2.386294361119891
email/mail:1.0
following:1.6931471805599454
info:1.0
name:1.0
email:2.09861228866811
address:2.386294361119891
scanner:1.6931471805599454
access:2.6094379124341005
color/grey/none:1.0
printer:1.0
laser/postscript/inkjet/color/dot:1.0
computer:1.0
mac/ibm-pc/sun/amiga/atari/next/other:1.0
output:1.0
format:1.0
tiff/targa/gif/jpeg/pict/postscript/fax:1.0
photocopy/pcx/windows:1.0
bitmap:1.0
graphics:1.0
level:1.0
8bit/16bit/24bit:1.0
ftp:1.6931471805599454
limitations:1.0
information:1.6931471805599454
andrew:1.0
manager:1.0
include:1.0
line:1.0
po:1.6931471805599454
bx:1.6931471805599454
241113:1.6931471805599454
omaha:1.6931471805599454
ne:1.6931471805599454
68124-1113:1.6931471805599454
remember:1.0
deposit:1.0
either:1.0
sites:1.0
sunsite.unc.edu:1.0
pub/multimedia/pictures/otis/incoming:1.0
141.214.4.135:1.0
projects/otis/incoming:1.0
uuencoded:1.0
us:1.6931471805599454
via:1.0
hardcopies:1.0
arrange:1.0
exchange:1.6931471805599454
dont:1.6931471805599454
get:1.0
wont:1.0
able:1.0
phase:1.0
ii:1.0
mid-june:1.0
best:1.0
accomodate/facilitate:1.0
technologically:1.0
impaired:1.0
need:1.6931471805599454
try:1.0
help:1.0
printed:1.0
let:1.0
know:1.0
sase:1.0
anticipate:1.0
additional:1.0
available:1.0
suggestions:1.0
uncommon:1.0
mediums:1.0
stills:1.0
imaging:1.0
availability:1.0
times:1.0
copyright:1.0
considerations:1.0
appropriation:1.0
conversion:1.0
general:1.0
ever:1.6931471805599454
abducted:1.0
aliens:1.0
elvis:1.0
local:1.0
7-11:1.0
would:1.0
like:1.0
hear:1.0
paranormal:1.0
experiences:1.0
