jk87377:1.6931471805599454
lehtori.cc.tut.fi:1.6931471805599454
kouhia:2.09861228866811
juhana:2.09861228866811
subject:1.0
xv:3.302585092994046
problems:2.09861228866811
article:1.6931471805599454
1993apr29.201420.19271:1.0
nessie.mcc.ac.uk:1.0
c.c.lilley:1.0
mcc.ac.uk:1.0
writes:1.6931471805599454
1rohjc:1.0
avt:1.0
cc.tut.fi:1.0
wrote:1.0
something:1.0
making:2.09861228866811
color:2.6094379124341005
modifications:2.386294361119891
quickly:1.0
8bit:3.0794415416798357
quantized:1.6931471805599454
images:3.302585092994046
saving:1.0
image:3.995732273553991
file:2.09861228866811
process:1.0
make:3.1972245773362196
24bit:3.772588722239781
makes:1.0
sense:1.0
main:1.0
use:1.6931471805599454
viewing:1.0
many:1.6931471805599454
changes:2.09861228866811
keep:1.0
buffer:1.0
operations:1.6931471805599454
simplify:1.0
operation:1.0
list:1.0
unnecessary:1.0
think:1.0
saying:1.0
24:2.386294361119891
bit:2.791759469228055
quantised:1.0
8:1.0
bits:1.0
similar:1.0
colours:2.09861228866811
mapped:1.6931471805599454
onto:1.0
single:1.0
palette:1.6931471805599454
colour:2.386294361119891
gets:1.0
modified:1.6931471805599454
fairly:1.0
arbitrary:1.0
ways:1.0
want:2.09861228866811
apply:1.0
back:2.09861228866811
find:1.0
one:1.0
suppose:1.0
dont:2.386294361119891
know:1.0
discussed:1.6931471805599454
error:1.6931471805599454
2.21:1.0
shows:1.6931471805599454
suggestion:1.0
works:1.0
perfectly:1.0
far:1.0
seen:1.6931471805599454
colormap:2.386294361119891
editing:1.6931471805599454
window:2.09861228866811
must:1.0
anyway:1.6931471805599454
present:1.0
exist:1.0
didnt:1.0
tried:1.0
solve:1.6931471805599454
would:2.386294361119891
programs:1.6931471805599454
first:1.6931471805599454
place:1.0
gamma:1.0
corrections:1.0
easily:1.6931471805599454
done:1.6931471805599454
presented:1.0
theres:2.386294361119891
need:2.09861228866811
tricks:1.6931471805599454
8bit/quantized:1.0
suggest:1.0
group:1.0
related:1.0
edit:2.09861228866811
together:1.0
global:1.6931471805599454
could:2.09861228866811
unless:1.0
software:1.0
different:1.0
much:1.6931471805599454
complicated:1.0
ok:1.6931471805599454
youre:1.0
writing:1.0
situation:1.6931471805599454
user:2.386294361119891
individual:2.9459101490553135
colors:2.6094379124341005
questions:1.0
way:1.0
jumps:1.0
discussion:1.0
solution:1.6931471805599454
doesnt:1.6931471805599454
work:1.6931471805599454
withing:1.0
real:1.0
see:2.09861228866811
going:1.0
silly:1.0
changing:2.09861228866811
8bit/quantized/rasterized:1.6931471805599454
useless:1.0
cases:1.0
rasterized:1.6931471805599454
small:1.0
change:1.6931471805599454
may:2.09861228866811
serious:1.0
errors:1.0
anywhere:1.0
allows:1.0
feature:1.0
recommend:1.0
mentioned:1.0
type:1.0
moreover:1.0
paint:1.6931471805599454
program:2.386294361119891
full:2.09861228866811
sounds:1.0
like:1.6931471805599454
job:1.0
person:1.6931471805599454
screen:2.09861228866811
get:1.0
original:1.6931471805599454
approximations:1.0
possible:1.6931471805599454
modify:1.0
pixels:1.0
pixel:1.0
groups:1.0
select:1.0
indiavidual:1.0
7x7:1.0
cursor:1.6931471805599454
true:1.0
area:1.0
selecting:1.0
thought:1.0
painting:1.6931471805599454
never:1.0
good:1.6931471805599454
view:1.0
planned:1.0
mention:1.0
yes:1.6931471805599454
wrong:1.0
saved:2.09861228866811
jpegs:1.0
jpeg:1.0
designed:2.09861228866811
also:1.0
human:2.09861228866811
expect:1.6931471805599454
say:1.0
crop:1.0
part:1.0
save:1.0
expected:1.0
still:1.0
without:1.6931471805599454
thinking:1.0
interface:1.0
design:2.09861228866811
heard:1.0
images/files:1.0
idea:1.0
take:1.0
major:1.0
even:1.6931471805599454
processed:1.0
instead:1.0
anybody:1.0
note:1.6931471805599454
well:1.6931471805599454
lift:2.386294361119891
means:1.6931471805599454
goes:1.6931471805599454
put:1.0
manuals:1.6931471805599454
however:1.0
tells:1.0
correct:1.0
problem:1.0
americans:1.0
example:1.0
text:1.0
hard:1.0
reading:1.0
hopefully:1.0
suggeeded:1.0
read:1.0
