rued:2.09861228866811
daimi.aau.dk:1.0
thomas:1.0
j|rgensen:1.0
subject:1.0
sci:1.6931471805599454
files:2.791759469228055
sco:2.09861228866811
hello:1.0
week:1.0
ago:1.0
guy:1.0
asked:1.0
file:1.6931471805599454
well:1.0
researched:1.0
bit:1.0
foundout:1.0
another:1.0
rix:1.0
320x200:1.0
1024x768:1.0
alle:1.0
formats:1.0
800x600:1.0
640x480:1.0
also:1.0
called:1.0
something:1.0
like:1.0
sc:1.0
character:1.0
regards:1.0
