fechter:2.386294361119891
enzian.gris.informatik.uni-tuebingen.de:1.0
juergen:1.6931471805599454
subject:1.0
alpha:1.6931471805599454
kubota:1.0
graphic:1.0
vs:1.0
sgi:1.6931471805599454
experience:1.0
porting:1.0
gl-program:1.0
apx:1.0
workstation:1.0
kubotas:1.0
denali:1.0
3d-graphic:1.0
problems:1.0
real:1.0
graphic-performance:1.0
like:1.0
r4000:1.0
indigo:1.0
xs24z:1.0
universitaet:1.0
tuebingen:1.6931471805599454
wsi/gris:1.0
office:1.0
49/0:1.6931471805599454
7071:1.6931471805599454
29-5464:1.0
auf:1.0
der:1.0
morgenstelle:1.0
10:1.0
c9:1.0
fax:1.0
29-5466:1.0
w-7400:1.0
germany:1.0
email:1.0
gris.informatik.uni-tuebingen.de:1.0
