mabusj:1.6931471805599454
nason110.its.rpi.edu:1.0
jasen:2.09861228866811
mabus:2.09861228866811
subject:1.0
looking:1.6931471805599454
brain:1.6931471805599454
cad:2.09861228866811
rpi:1.0
student:1.0
hman:1.0
dxf:1.0
iges:1.0
cgm:1.0
etc:1.6931471805599454
picture:1.0
gif:1.0
jpg:1.0
ras:1.0
format:1.0
animation:1.0
demonstration:1.0
knows:1.0
location:1.0
please:1.0
reply:1.0
e-mail:1.0
rpi.edu:1.0
thank:1.0
advance:1.0
