ricky:1.0
vnet.ibm.com:1.0
rick:1.6931471805599454
turner:1.0
subject:1.0
raw2gif:1.0
use:1.6931471805599454
pbms:1.0
rawtopgm:1.0
convert:1.6931471805599454
three:1.0
raw:1.0
r:1.0
g:1.0
b:1.0
files:1.6931471805599454
pgm:1.6931471805599454
format:1.0
pgm3toppm:1.0
composite:1.0
ppm:1.0
file:1.0
feed:1.0
cjpeg:1.0
compression:1.0
slow:1.0
circuitous:1.0
work:1.0
