beck:2.09861228866811
irzr17.inf.tu-dresden.de:1.0
andre:1.6931471805599454
subject:1.0
pov-ray:1.0
vax:1.0
computer:1.0
get:1.0
generic:1.0
version:1.0
unix:1.6931471805599454
vms:2.09861228866811
build:1.6931471805599454
imho:1.0
com:1.0
file:1.0
supplied:1.0
distribution:1.0
comes:1.0
tar.z:1.0
either:1.0
uncompress:1.0
tar:1.0
flavoured:1.0
machine:1.0
handy:1.0
usually:1.0
wont:1.0
find:1.0
ibm-pc:1.0
specific:1.0
archives:1.0
better:1.0
ones:1.0
brain:1.0
inside:1.0
abpsoft:1.0
mehl:1.0
andre_beck:1.0
irs.inf.tu-dresden.de:1.0
