beck:2.09861228866811
irzr17.inf.tu-dresden.de:1.0
andre:1.6931471805599454
subject:1.0
xv:1.0
problems:1.0
oops:1.0
hell:1.0
crosspost:1.0
look:1.0
onto:1.0
xv-3.00:1.0
saying:1.0
anything:1.0
power:1.0
brain:1.0
inside:1.0
abpsoft:1.0
mehl:1.0
andre_beck:1.0
irs.inf.tu-dresden.de:1.0
