kknudsen:1.0
vyasa.helios.nd.edu:1.0
keith:2.09861228866811
knudsen:1.6931471805599454
subject:1.0
wanted:1.0
shareware:1.0
graphics:2.386294361119891
display:2.386294361119891
program:2.386294361119891
dos:1.0
need:1.0
take:1.0
parameter:1.0
name:1.0
file:1.0
displayed:1.0
image:1.0
quit:1.0
programs:1.0
come:1.0
menu:1.0
first:1.0
silliness:1.0
going:1.0
run:1.0
within:1.0
another:1.0
lots:1.0
memory:1.0
vga:1.0
color:1.0
format:1.0
anyone:1.0
heard:1.0
beast:1.0
notre:1.0
dame:1.0
