wbdst:1.0
pitt.edu:1.0
william:1.0
b:1.0
dwinnell:1.0
subject:1.0
intels:1.6931471805599454
pci:2.09861228866811
standard:2.09861228866811
vamilliron:1.0
yes:1.0
another:1.0
local:2.386294361119891
bus:2.09861228866811
used:1.6931471805599454
graphics:1.6931471805599454
although:1.0
believe:1.0
buses:1.0
things:1.0
far:1.0
know:1.0
though:1.0
would:1.0
compete:1.0
vesa:1.6931471805599454
others:1.0
enlightened:1.0
might:1.0
able:1.0
shed:1.0
light:1.0
matter:1.0
