ddunlavy:1.6931471805599454
casbah.acns.nwu.edu:1.6931471805599454
daniel:1.0
dunlavy:1.6931471805599454
subject:1.0
picture:1.6931471805599454
ascii:2.09861228866811
conversion:1.0
wondering:1.0
anyone:1.0
ever:1.0
seen/heard:1.0
utility:1.0
converts:1.0
type:1.0
image:1.0
format:2.09861228866811
gif:1.0
tiff:1.0
pcx:1.0
bmp:1.0
jpeg:1.0
etc:1.0
representation:1.0
seen:1.0
sophiticated:1.0
art:1.0
never:1.0
able:1.0
find:1.0
author:1.0
program:1.0
may:1.0
converted:1.0
data:1.0
help:1.0
leads:1.0
would:1.0
great:1.0
thanks:1.0
advance:1.0
danny:1.0
