hotopp:2.6094379124341005
ami1.bwi.wec.com:1.6931471805599454
daniel:1.6931471805599454
subject:1.0
drivers:1.0
diamond:2.09861228866811
viper:1.6931471805599454
card:1.6931471805599454
ive:1.0
away:1.0
couple:1.0
weeks:1.0
become:1.0
touch:1.0
latest:1.6931471805599454
information:1.0
anyone:1.0
know:1.0
come:1.0
vesa:1.0
driver:1.6931471805599454
updates:1.0
lately:1.0
also:1.0
wondering:1.0
windows:1.0
version:1.0
thanks:1.0
advance:1.0
dan:1.0
internet:1.0
antenna/microwave/integration:1.0
w:1.0
vax:1.0
tron:1.0
ami1:1.0
westinghouse:1.0
electric:1.0
corp:1.0
voice:1.0
410:1.0
765-2931:1.0
