quartz:1.6931471805599454
tunica.eel.ufl.edu:1.0
bill:1.6931471805599454
devore:1.6931471805599454
subject:1.6931471805599454
fractel:1.6931471805599454
trees:1.6931471805599454
im:1.6931471805599454
working:1.0
senior:1.0
project:1.6931471805599454
uf:1.0
florida:1.0
requires:1.0
interested:1.0
either:1.0
psuedo:1.0
real:1.0
code:1.0
anything:1.0
help:1.6931471805599454
perhaps:1.0
good:1.0
books:1.0
could:1.0
mail:1.0
reach:1.0
iriquois.eel.ufl.edu:1.0
thanks:1.0
