pbenson:1.6931471805599454
ecst.csuchico.edu:1.0
paul:1.0
benson:1.0
subject:1.0
giant:1.0
software:2.09861228866811
yardsale:1.0
retail:1.0
sale:1.6931471805599454
price:1.0
graphics:1.0
corel:1.0
draw:1.0
2.0:1.0
300:2.9459101490553135
25:2.9459101490553135
aldus:1.0
photo:1.6931471805599454
styler:1.0
1.1:1.0
800:2.09861228866811
100:2.9459101490553135
image:2.386294361119891
color:1.0
2:1.6931471805599454
finish:1.0
3:1.0
295:1.0
75:2.386294361119891
scan:1.0
paint:1.6931471805599454
150:2.09861228866811
20:2.6094379124341005
full:2.09861228866811
pack:1.0
45:1.0
picture:1.0
publisher:1.0
prep:1.0
200:2.386294361119891
50:3.3978952727983707
snap:1.0
pro:2.386294361119891
70:1.0
images:1.0
inc:1.0
publishers:1.0
paintbrush:1.0
495:2.386294361119891
deluxe:1.0
enchance:1.0
129:1.0
softtype:1.0
font:1.0
workshop:1.0
vista:1.0
optibase-workshop:1.0
149:1.6931471805599454
35:2.791759469228055
gfa:1.0
cad:1.0
utilities:1.6931471805599454
x:1.0
tree:1.0
gold:1.0
win:1.0
99:1.0
tnt:1.0
anti:1.0
virus:1.0
15:2.6094379124341005
salvation:1.0
amish:1.0
79:2.09861228866811
multimedia:1.0
smart:1.0
text:1.0
10:3.3978952727983707
music:1.6931471805599454
clips:1.0
audio:1.0
tracks:1.0
spinnaker:1.6931471805599454
plus:2.09861228866811
mac:2.09861228866811
pc:1.0
ask:1.0
2000:1.0
500:2.386294361119891
multi:1.0
media:1.0
make:1.0
point:1.0
madison:1.0
ave:1.0
interface:1.0
mr:1.0
sound:1.0
effects:1.0
bytes:1.0
tempra:1.0
show:1.0
storyboard:1.0
400:1.6931471805599454
programming:1.0
windows:1.6931471805599454
3.1:1.0
dev:1.0
kit:1.0
maker:1.0
995:1.0
ms:1.0
c:1.0
5.1:1.0
top:1.0
speed:1.0
modula:1.0
business:1.0
art:1.0
negotiating:1.0
telemagic:1.0
impact:1.0
approach:1.0
database:1.0
ascend:1.0
games:1.0
nfl:1.0
league:1.0
football:1.0
49:1.6931471805599454
eco-saurus:1.0
40:1.0
hardware:1.0
modem:1.0
2400:1.0
baud:1.0
assorted:1.0
joysticks:1.0
9:1.0
willows:1.0
vga:1.0
tv:1.0
amiga:1.0
trac:1.0
ball:1.0
misc:1.0
wedding:1.0
planner:1.0
yard:1.0
fri:1.0
4/30:1.0
sat:1.0
5/1:1.0
sun:1.0
5/2:1.0
8:30:1.0
4:00:1.0
e-mail:1.0
cscihp.ecst.csuchico.edu:1.0
location:1.0
436:1.0
nunneley:1.0
rd:1.0
paradise:1.0
ca:1.0
95969:1.0
phone:1.0
916:1.0
872-7905:1.0
terms:1.0
cash:1.0
check:1.0
charge:1.0
visa:1.0
mc:1.0
accepted:1.0
