edmoore:1.0
vcd.hp.com:1.0
ed:1.0
moore:1.0
subject:1.0
lcd:2.09861228866811
vga:1.0
display:1.6931471805599454
ive:1.0
computer:1.0
21:1.0
months:1.6931471805599454
reasonable:1.0
life:1.0
cycle:1.0
toshiba:1.0
t1100:1.0
cga:1.0
1986:1.0
died:2.09861228866811
11:1.0
replaced:1.0
12:1.0
month:1.0
warranty:1.0
fortunately:1.0
instantly:1.0
completely:1.0
