psgwe01:1.0
sdc.boeing.com:1.0
gerald:1.6931471805599454
edgar:1.6931471805599454
subject:1.0
viewing:1.0
jpeg:1.6931471805599454
files:1.0
viewers:1.0
windows:1.6931471805599454
based:1.0
therefore:1.0
need:1.0
hardware:1.0
specific:1.0
drivers:1.0
beyond:1.0
provided:1.0
got:1.0
mine:1.0
library:1.6931471805599454
congress:1.0
connection:1.0
online:1.0
exhibit:1.0
books:1.0
vatican:1.0
see:1.0
previous:1.0
message:1.0
newgroup:1.0
gwe3409:1.0
atc.boeing.com:1.0
opinions:1.0
expressed:1.0
may:1.0
represent:1.0
employer:1.0
