kseethar:1.6931471805599454
cs.ulowell.edu:1.6931471805599454
krishnan:1.6931471805599454
seetharaman:1.6931471805599454
subject:1.0
looking:1.6931471805599454
info:1.0
quadratic:1.6931471805599454
spline:1.0
bezier:1.0
conversion:1.0
hi:1.0
algorithm:1.0
pointers:1.0
papers:1.0
convert:1.0
splines:1.6931471805599454
cubic:1.0
beizeirs:1.0
source:1.0
available:1.0
public:1.0
domain:1.0
please:1.0
let:1.0
know:1.0
thanks:1.0
much:1.0
ks:1.0
e-mail:1.0
phone:1.0
508-934-3628:1.0
w:1.0
snail-mail:1.0
department:1.0
computer:1.0
science:1.0
umass/lowell:1.0
lowell:1.0
01854:1.0
