alex:2.09861228866811
falcon.demon.co.uk:1.6931471805599454
kiernan:1.6931471805599454
subject:1.0
sci:1.0
files:1.6931471805599454
sco:1.6931471805599454
article:1.0
1993apr30.094937.14281:1.0
daimi.aau.dk:1.6931471805599454
rued:1.6931471805599454
writes:1.0
hello:1.0
week:1.0
ago:1.0
guy:1.0
asked:1.0
file:1.0
was.sc:1.0
character:1.0
regards:1.0
yes:1.0
akiernan:1.0
