craig:2.386294361119891
regulus.cognet.ucla.edu:1.0
morioka:1.6931471805599454
subject:1.0
2-d:1.6931471805599454
spline:1.6931471805599454
fit:1.6931471805599454
anyone:1.0
know:1.0
site:1.0
might:1.0
routine:1.0
useful:1.0
interpolation:1.0
thanks:1.0
help:1.0
cognet.ucla.edu:1.0
