corvus:1.0
cats.ucsc.edu:1.0
scott:1.6931471805599454
corbin:1.0
crow:1.0
subject:1.0
mode:1.6931471805599454
13h:1.6931471805599454
anyone:1.0
know:1.0
access:1.0
and/or:1.0
display:1.0
multiple:1.0
pages:1.0
still:1.0
maintaining:1.0
1:1.0
byte:1.0
per:1.0
pixel:1.0
memory:1.0
organization:1.0
examples:1.0
c:1.0
assembly:1.0
would:1.0
appreciated:1.0
thanks:1.0
