cs89ssg:1.6931471805599454
brunel.ac.uk:1.6931471805599454
sunil:1.6931471805599454
gupta:1.6931471805599454
subject:1.0
message:1.0
cgcad:1.0
bart.inescn.pt:1.0
wrote:1.0
cant:1.0
get:1.0
author:1.0
rtrace:1.0
site:1.0
inaccessible:1.0
upload:1.0
new:1.0
version:1.0
somewhere:1.0
else:1.0
please:1.0
problem:1.0
solved:1.0
wuarchive:1.0
graphics/graphics/ray/rtrace:1.0
seg:1.0
fault:1.0
often:1.0
