kintur:1.0
scorch.apana.org.au:1.0
kingsley:1.6931471805599454
turner:1.6931471805599454
subject:1.0
universal:1.6931471805599454
vesa:1.6931471805599454
driver:1.6931471805599454
time:1.0
ago:1.0
1:1.0
month:1.0
bit:1.0
discussion:1.0
8bit:1.0
cards:1.6931471805599454
file:1.0
uvesa32.zip:1.0
well:1.0
cant:1.0
find:1.0
anyone:1.0
know:1.0
gorilla.something.something.au:1.0
sort:1.0
works:1.0
also:1.0
would:1.0
pushing:1.0
luck:1.0
ask:1.0
someone:1.0
post:1.0
appropriate:1.0
group:1.0
nsw:1.0
australia:1.0
