subject:1.0
gif:1.6931471805599454
targa:1.0
david.mason:1.0
channel1.com:1.0
david:1.0
mason:1.0
krzysztof:1.6931471805599454
muchorowski:1.0
asking:1.0
gif-to-tga:1.0
conversion:1.0
could:1.0
use:1.0
dta:2.09861228866811
1.5:1.0
convert:1.0
tga:1.0
files:2.09861228866811
fli:1.0
animation:1.0
update:1.0
copy:1.0
recent:1.0
release:1.0
current:1.0
1.8g:1.0
later:1.0
versions:1.0
read:1.0
dkm:1.0
