grady:1.6931471805599454
netcom.com:1.6931471805599454
1016/2ef221:1.0
subject:1.0
hacker:1.6931471805599454
ethic:1.6931471805599454
go:1.6931471805599454
hackers:1.0
70s:1.0
80:1.0
comfortably:1.0
employed:1.0
supporting:1.0
families:1.0
next:1.0
generation:1.0
takes:1.0
radical:1.0
lead:1.0
dont:1.0
look:1.0
radicalism:1.0
among:1.0
us:1.0
old:1.0
ones:1.0
gone:1.0
2ef221:1.0
15:1.0
e2:1.0
ad:1.0
d3:1.0
d1:1.0
c6:1.0
f3:1.0
fc:1.0
58:1.0
ac:1.0
f7:1.0
3d:1.0
4f:1.0
01:1.0
1e:1.0
2f:1.0
