deb47099:1.6931471805599454
uxa.cso.uiuc.edu:1.6931471805599454
daniel:1.0
e:1.0
bradley:1.6931471805599454
subject:1.0
help:1.0
quicktime:2.386294361119891
1.5/system:1.0
7.1:1.6931471805599454
problem:1.0
unable:1.0
run:1.6931471805599454
1.5:1.0
iivx:1.0
running:1.0
system:1.6931471805599454
dont:1.6931471805599454
know:1.6931471805599454
better:1.0
group:1.0
post:1.0
please:1.6931471805599454
let:1.0
1.0:1.6931471805599454
works:1.0
fine:1.0
try:1.0
movie:1.0
application:2.386294361119891
supports:1.0
like:1.0
simple:1.6931471805599454
player:1.6931471805599454
canvas:1.6931471805599454
word:1.6931471805599454
get:1.6931471805599454
message:1.0
sorry:1.0
error:1.6931471805599454
occurred:1.6931471805599454
unimplemented:1.0
trap:1.0
continue:1.6931471805599454
restart:1.6931471805599454
press:1.0
unknown:1.0
unexpectedly:1.0
quit:1.0
type:1.0
12:1.0
substitute:1.0
messages:1.0
always:1.0
problems:1.0
suggestions:1.0
loss:1.0
thanks:1.0
advance:1.0
oh:1.0
yah:1.0
email:1.0
check:1.0
newsgroups:1.0
often:1.0
dan:1.0
