mpdillon:1.6931471805599454
halcyon.com:1.0
michael:1.6931471805599454
dillon:1.6931471805599454
subject:1.0
looking:1.0
polygon:1.0
convexifier:1.0
anyone:1.0
know:1.0
find:1.0
code:2.09861228866811
would:1.6931471805599454
take:1.0
concave:1.0
polygons:1.6931471805599454
break:1.0
set:1.0
convex:1.0
also:1.0
like:1.0
algorithms:1.6931471805599454
fact:1.0
interested:1.0
sources:1.0
and/or:1.0
convert:1.0
2d:1.6931471805599454
graphical:1.6931471805599454
objects:1.6931471805599454
render:1.0
image:1.0
i.e:1.0
bezier:1.0
curves:1.0
b:1.6931471805599454
splines:2.09861228866811
circular:1.0
arc:1.0
segments:1.0
polgons:1.0
etc:1.0
internet:1.0
halcyon.halcyon.com:1.0
c-4:1.0
powerhouse:1.0
fidonet:1.0
1:353/350:1.0
rr:1.0
2:1.0
armstrong:1.0
bc:1.0
v0e:1.0
1b0:1.0
voice:1.0
1-604-546-8022:1.0
canada:1.0
bbs:1.0
1-604-546-2705:1.0
