thinman:1.6931471805599454
netcom.com:1.6931471805599454
technically:1.0
sweet:1.0
subject:1.0
universal:1.6931471805599454
vesa:1.6931471805599454
driver:1.6931471805599454
kintur:1.0
scorch.apana.org.au:1.0
kingsley:1.6931471805599454
turner:1.6931471805599454
writes:1.0
time:1.0
ago:1.0
1:1.0
month:1.0
bit:1.0
discussion:1.0
8bit:1.0
cards:1.6931471805599454
file:3.772588722239781
uvesa32.zip:1.6931471805599454
well:1.0
cant:1.0
find:1.0
anyone:1.0
know:1.0
gorilla.something.something.au:1.0
sort:1.0
works:1.0
also:1.0
would:1.0
pushing:1.0
luck:1.0
ask:1.0
someone:1.0
post:1.0
appropriate:1.0
group:1.0
nsw:1.0
australia:1.0
host:3.4849066497880004
swdsrv.edvz.univie.ac.at:1.0
location:3.6390573296152584
pc/dos/graphics:1.0
rw-r:2.9459101490553135
r:3.5649493574615367
21525:3.4849066497880004
mar:3.5649493574615367
7:3.1972245773362196
18:00:1.6931471805599454
uvesa31.zip:3.5649493574615367
plaza.aarnet.edu.au:1.0
micros/pc/garbo/pc/screen:1.0
21795:1.0
apr:1.6931471805599454
4:1.6931471805599454
00:00:1.0
micros/pc/oak/graphics:1.0
19:00:2.386294361119891
godzilla.cgl.rmit.oz.au:1.0
kjb/mgl:1.0
22887:1.0
29:1.0
15:03:1.0
nic.switch.ch:1.0
mirror/msdos/graphics:1.0
rw-rw-r:2.791759469228055
20:00:1.6931471805599454
software/pc/simtel20/graphics:1.0
ipc1.rvs.uni-hannover.de:1.0
pub/msdos-koeln/graphics/egavga:1.0
17:08:1.0
sun0.urz.uni-heidelberg.de:1.0
pub/msdos/simtel/graphics:1.0
athene.uni-paderborn.de:1.0
pcsoft/msdos/graphics:1.0
compute1.cc.ncsu.edu:1.0
mirrors/wustl/mirrors/msdos/graphics:1.0
rigel.acs.oakland.edu:1.0
pub/msdos/graphics:1.0
pc.usl.edu:1.0
pub/msdos/video.and.graphics:1.0
11:1.0
10:41:1.0
isfs.kuis.kyoto-u.ac.jp:1.0
mirrors/simtel20.msdos/graphics:1.0
11425:1.0
13:1.0
16:41:1.0
uvesa10.zip:1.0
8:1.0
12:00:1.0
ftp.uu.net:1.0
systems/ibmpc/msdos/simtel20/graphics:1.0
14:00:1.0
lance:1.0
norskog:1.0
data:1.0
information:1.0
knowledge:1.0
wisdom:1.0
