car:1.6931471805599454
trux.mi.org:1.0
chris:1.0
rende:1.0
subject:1.0
need:1.6931471805599454
recommendations:1.6931471805599454
imaging:1.6931471805599454
workstations:1.6931471805599454
minimum:1.0
following:1.0
requirements:1.0
high:1.6931471805599454
resolution:1.0
graphics:1.0
black:1.0
white:1.0
display:1.6931471805599454
fax:1.6931471805599454
images:1.0
support:1.0
multiple:1.0
simulataneous:1.0
windows:1.0
image:1.6931471805599454
3270:1.6931471805599454
emulation:1.0
window:1.0
ibm:1.0
host:1.0
etc:2.09861228866811
speed:1.0
network:1.0
interface:1.0
data:1.0
16mb:1.0
token:1.0
ring:1.0
ethernet:1.0
mouse:1.0
information/experience:1.0
would:1.0
appreciated:1.0
thanks:1.0
