subject:1.0
fractal:2.09861228866811
terrain:2.09861228866811
generator:1.6931471805599454
pdbourke:2.09861228866811
ccu1.aukuni.ac.nz:1.0
paul:2.09861228866811
david:1.0
bourke:2.09861228866811
deb47099:1.6931471805599454
uxa.cso.uiuc.edu:1.6931471805599454
daniel:1.0
e:1.0
bradley:1.6931471805599454
writes:1.0
anyone:1.0
know:2.09861228866811
mac:1.0
something:1.6931471805599454
could:1.0
hopefully:1.0
import:1.0
3d:1.6931471805599454
program:1.0
like:1.0
swivel:1.0
stratavision:1.0
infini-d:1.6931471805599454
built:1.0
capabilities:1.0
dont:1.6931471805599454
access:1.0
downloaded:1.0
two:1.0
programs:1.0
umich:1.0
graphics/fractals:1.0
1990-91:1.0
crashed:1.0
system:1.0
7:1.0
think:1.0
black:1.0
white:1.0
anyway:1.0
please:1.6931471805599454
email:1.0
anything:1.0
check:1.0
newsgroups:1.0
often:1.0
thanks:1.0
advance:1.0
dan:1.0
yes:1.0
written:1.0
creates:1.0
meshed:1.0
surfaces:1.0
exactly:1.0
purpose:1.0
require:1.0
importing:1.0
modelling:1.0
packages:1.6931471805599454
warned:1.0
data:1.0
content:1.0
high:1.0
brings:1.0
many:1.0
knees:1.0
use:1.0
primarily:1.0
microstation:1.0
exports:1.0
dxf:1.0
well:1.0
formats:1.0
ok:1.0
get:1.0
ftp:1.6931471805599454
mirror:1.0
site:1.0
us:1.0
wuarchive.wustl.edu:1.0
stuff:1.0
located:1.0
mirrors/architec:1.0
directory:1.0
readme:1.0
file:1.0
first:1.0
school:1.6931471805599454
architecture:1.6931471805599454
property:1.6931471805599454
planning:1.6931471805599454
ccu1.auckland.ac.nz:1.6931471805599454
university:1.6931471805599454
auckland:2.386294361119891
ph:1.6931471805599454
64:2.386294361119891
9:2.386294361119891
373:2.386294361119891
7999:1.6931471805599454
x7367:1.6931471805599454
private:1.6931471805599454
bag:1.6931471805599454
92019:1.6931471805599454
fax:1.6931471805599454
7410:1.6931471805599454
new:1.6931471805599454
zealand:1.6931471805599454
