add:1.6931471805599454
sciences.sdsu.edu:1.6931471805599454
james:1.6931471805599454
murray:1.6931471805599454
subject:1.0
need:1.0
specs:1.6931471805599454
mpeg:1.0
mpg:1.6931471805599454
file:1.0
format:1.0
looking:1.0
files:1.0
floating:1.0
around:1.0
alt.binaries.pictures:1.0
groups:1.0
net:1.0
please:1.0
lem:1.0
know:1.0
obtain:1.0
spec:1.0
email:1.0
thanks:1.0
much:1.0
