af774:1.6931471805599454
cleveland.freenet.edu:1.6931471805599454
chad:2.09861228866811
cipiti:2.09861228866811
subject:1.0
fractint:1.6931471805599454
speedstar:1.6931471805599454
24x:2.09861228866811
im:1.0
still:1.0
looking:1.0
drivers:1.6931471805599454
new:1.6931471805599454
release:1.0
supports:1.0
24bit:1.0
color:1.0
mode:1.0
diamond:1.0
2:1.0
4:1.0
26:1.0
million:1.0
colros:1.0
none:1.0
work:1.0
help:1.0
would:1.0
appreciated:1.0
thanks:1.0
1993:1.0
sea:1.0
world:1.0
ohio:1.0
shark:1.0
bobcat.ent.ohiou.edu:1.0
encounter:1.0
make:1.0
contact:1.0
