jtheinon:1.6931471805599454
klaava.helsinki.fi:1.0
jarkko:1.6931471805599454
tapio:1.0
heinonen:1.0
subject:1.0
ftp:1.6931471805599454
site:1.6931471805599454
pov:1.6931471805599454
files:1.6931471805599454
know:1.0
asked:1.0
million:1.0
time:1.0
carrying:1.0
30-40:1.0
zips:1.0
full:1.0
source:1.0
including:1.0
jack.zip:1.0
kettle.zip:1.0
ive:1.0
unfortunately:1.0
lost:1.0
address:1.0
im:1.0
little:1.0
hurry:1.0
please:1.0
e-mail:1.0
kruuna.helsinki.fi:1.0
thanks:1.0
