imagesyz:1.6931471805599454
aol.com:1.6931471805599454
subject:1.0
wan:1.0
na:1.0
scan:1.0
24-bit:1.6931471805599454
colr:1.0
picture:1.0
color:1.0
600:1.0
dpi:1.0
fladbed:1.0
scanner:1.0
job:1.0
gif:1.0
tiff:1.0
pcx:1.0
bmp:1.0
interested:1.0
please:1.0
write:1.0
