orourke:1.6931471805599454
sophia.smith.edu:1.0
joseph:1.0
subject:1.0
looking:1.0
polygon:2.09861228866811
convexifier:1.0
article:1.0
1rvpmc:1.0
3dd:1.0
nwfocus.wa.com:1.0
mpdillon:1.0
halcyon.com:1.0
michael:1.0
dillon:1.0
writes:1.0
anyone:1.0
know:1.0
find:1.0
code:2.6094379124341005
would:2.09861228866811
take:1.0
concave:1.0
polygons:1.6931471805599454
break:1.0
set:1.0
convex:1.6931471805599454
also:1.0
like:1.6931471805599454
algorithms:1.0
although:1.6931471805599454
offering:1.0
point:1.0
triangulation:1.0
satisfies:1.0
task:1.0
stated:1.0
want:1.0
partition:1.0
minimum:1.0
number:1.0
pieces:1.0
doubt:1.0
much:1.0
exists:1.0
algorithm:1.0
known:1.0
