aad:1.0
scr.siemens.com:1.0
anthony:1.0
datri:1.0
subject:1.0
oh:1.0
make:1.0
mind:1.0
xv:2.09861228866811
problems:1.0
load:1.0
24:2.386294361119891
bit:2.386294361119891
image:1.0
display:1.0
glory:1.0
x:1.0
displays:1.0
b:1.0
operations:1.0
crop:1.0
dither:1.0
smooth:1.0
etc:1.0
supported:1.0
images:1.0
hard:1.0
would:1.0
type:1.0
xloadimage:1.0
getx11:1.0
instead:1.0
8:1.0
