dmd2:2.09861228866811
isis.msstate.edu:2.09861228866811
david:2.386294361119891
dumas:2.386294361119891
subject:1.0
find:1.0
someone:1.0
digitize:1.0
currier:1.6931471805599454
ives:1.6931471805599454
anyone:1.6931471805599454
know:1.6931471805599454
etchings:1.0
digitized:1.6931471805599454
use:1.0
desktop:1.0
publishing:1.0
particularly:1.0
interested:1.0
riverboat:1.0
scenes:1.0
get:1.0
fee:1.0
good:1.0
river:1.0
boat:1.0
image:1.0
thank:1.0
