aaronh:1.0
mksol.dseg.ti.com:1.0
aaron:1.6931471805599454
hightower:1.6931471805599454
subject:1.0
3do:2.09861228866811
1rs6giinn6hk:1.0
no-names.nerdc.ufl.edu:1.0
lioness:1.0
maple.circa.ufl.edu:1.0
writes:1.0
someone:1.0
please:1.0
fill:1.0
thanks:1.0
bh:1.0
review:1.0
latest:1.0
wired:1.0
magazine:1.0
may:1.0
want:1.0
take:1.0
trip:1.0
local:1.0
bookstore:1.0
check:1.0
theres:1.0
cool:1.0
pics:1.0
havent:1.0
read:1.0
yet:1.0
id:1.0
tell:1.0
