rws2v:1.6931471805599454
uvacs.cs.virginia.edu:1.0
richard:1.6931471805599454
stoakley:1.0
subject:1.0
3d:1.0
modelers:1.6931471805599454
unix:1.0
could:1.0
someone:1.0
please:1.0
post:1.0
list:1.0
good:1.0
three-d:1.0
run:1.0
sparc:1.0
stations:1.0
preferably:1.0
cheap:1.0
thanks:1.0
virginia.edu:1.0
