zyeh:1.0
caspian.usc.edu:1.0
zhenghao:1.0
yeh:1.6931471805599454
subject:1.0
definition:1.0
occlusion:1.6931471805599454
hi:1.0
everyone:1.0
dont:1.0
clearly:1.0
understand:1.0
computer:1.0
graphics:1.0
would:1.0
please:1.0
give:1.0
explanation:1.0
btw:1.0
whats:1.0
difference:1.0
occluded:1.0
surface:1.6931471805599454
opaque:1.0
thanks:1.0
advance:1.0
usc:1.0
