krs:2.09861228866811
allegra.att.com:1.0
k:1.0
r:1.0
subramanian:1.0
subject:1.0
companies:1.6931471805599454
involved:1.0
scientific:1.0
visualization:1.6931471805599454
anyone:1.0
list:1.0
data:1.0
software:1.0
hardware:1.0
would:1.0
like:1.0
hear:1.0
thanks:1.0
k.r.subramanian:1.0
ph:1.0
908:1.0
582-6346:1.0
bell:1.0
laboratories:1.0
rm:1.0
2a240:1.0
email:1.0
research.att.com:1.0
600:1.0
mountain:1.0
av:1.0
murray:1.0
hill:1.0
nj:1.0
07974:1.0
