prxfalken:1.6931471805599454
email.teaser.com:1.6931471805599454
pascal:1.6931471805599454
guillaumet:1.6931471805599454
subject:1.0
oak:1.0
vga:1.0
1mb:1.0
please:1.0
needd:1.0
vesa:1.6931471805599454
tsr:1.0
8:1.0
simple:1.0
look:1.6931471805599454
drivers:1.0
vpic:1.0
6.0e:1.0
package:1.0
many:1.0
svga:1.0
card:1.0
supported:1.0
favorite:1.0
bbs:1.0
tonight:1.0
honey:1.0
received:1.0
nuvotel:1.0
3614:1.0
teaser:1.0
issy:1.0
les:1.0
moulineaux:1.0
france:1.0
