pbenson:1.6931471805599454
ecst.csuchico.edu:1.0
paul:1.6931471805599454
benson:1.6931471805599454
subject:1.0
smithsonian:1.6931471805599454
institution:1.6931471805599454
ftp:1.6931471805599454
address:1.6931471805599454
antone:1.0
know:1.0
one:1.0
get:1.0
digitized:1.0
photographs:1.0
etc:1.0
please:1.0
reply:1.0
email:1.0
cscihp.ecst.csuchico.edu:1.0
thanks:1.0
