rhc52134:1.0
uxa.cso.uiuc.edu:1.0
richard:1.0
subject:1.0
adobe:1.6931471805599454
photo:1.0
shop:1.0
type:1.0
software:1.0
unix/x/motif:1.0
platforms:1.0
appsoft:1.0
image:1.6931471805599454
available:1.0
nextstep:1.0
processing:1.0
program:1.0
similar:1.0
photoshop:1.0
reviewed:1.0
april:1.0
93:1.0
issue:1.0
publish:1.0
magazine:1.0
richardt:1.0
