abig:2.09861228866811
netcom.com:1.6931471805599454
access:1.0
bus:2.9459101490553135
industry:2.09861228866811
gp:1.0
subject:1.0
access.bus:4.332204510175204
software:2.386294361119891
creators:1.6931471805599454
contest:1.6931471805599454
intro:1.0
announcement:1.0
new:1.0
open:2.09861228866811
standard:2.09861228866811
computer:2.09861228866811
peripheral:2.386294361119891
connectivity:1.0
serial:1.6931471805599454
protocol:3.772588722239781
uses:1.6931471805599454
simple:1.6931471805599454
low-cost:1.6931471805599454
i2c:2.9459101490553135
technology:2.09861228866811
link:1.0
multiple:2.386294361119891
devices:3.302585092994046
single:1.6931471805599454
pc:2.791759469228055
port:1.6931471805599454
keyboards:2.09861228866811
keypads:1.0
locators:2.09861228866811
mice:1.0
trackballs:1.0
joysticks:1.0
printers:1.6931471805599454
vr:1.0
gloves:1.0
digitizers:1.0
sensors:1.0
actuators:1.0
data:2.6094379124341005
transmitters:1.0
others:1.0
easily:1.0
daisy:1.0
chained:1.0
host:2.791759469228055
applications:1.6931471805599454
cad/cam:1.0
acquisition:1.0
simulation:1.0
virtual:1.0
reality:1.0
multiple-player/single:1.0
games:1.0
education:1.0
many:1.6931471805599454
take:1.0
advantage:1.0
puts:1.0
plug:1.0
play:1.0
every:1.0
offers:1.0
advantages:1.0
end-users:1.0
developers:1.0
systems:1.6931471805599454
peripherals:1.6931471805599454
connect:1.0
one:2.09861228866811
common:1.0
communication:1.6931471805599454
methods:1.0
number:1.0
device:2.6094379124341005
types:2.09861228866811
lead:1.0
simplified:1.0
hardware:1.6931471805599454
development:1.0
enables:1.0
cross:1.0
platform:1.0
use:1.0
technological:1.0
description:1.0
specification:1.0
enabling:1.0
anyone:1.0
implement:1.0
without:2.386294361119891
fee:1.0
royalty:1.0
topology:1.0
architecture:1.6931471805599454
accommodate:1.0
125:1.0
rate:1.0
100:1.0
kbits/sec:1.0
physical:2.386294361119891
layer:2.09861228866811
based:1.0
line:1.6931471805599454
clock:2.09861228866811
microcontrollers:1.0
handle:1.0
bit-level:1.0
handshaking:1.0
including:1.6931471805599454
automatic:1.0
arbitration:1.6931471805599454
synchronization:1.6931471805599454
protocols:1.0
composed:1.0
three:2.09861228866811
levels:1.6931471805599454
base:2.6094379124341005
application:2.09861228866811
efficient:1.0
defines:2.09861228866811
among:1.0
contending:1.0
masters:1.0
losing:1.0
provides:1.0
cooperative:1.0
partners:1.0
different:1.6931471805599454
rates:1.0
transactions:1.0
include:1.0
addressing:1.0
framing:1.0
bits:1.0
bytes:1.0
byte:1.0
acknowledgment:1.0
receiver:1.0
establishes:1.0
asymmetrical:1.0
interconnect:1.0
becomes:1.0
manager:1.6931471805599454
format:1.0
message:1.6931471805599454
envelope:1.0
transaction:1.0
additional:1.0
semantics:1.6931471805599454
checksum:1.0
unique:1.6931471805599454
features:1.0
auto-addressing:1.6931471805599454
hot:1.6931471805599454
plugging:1.6931471805599454
assigns:1.0
addresses:1.0
need:1.0
setting:1.0
jumpers:1.0
switches:1.0
ability:1.0
attach:1.0
detach:1.0
system:1.0
running:1.0
rebooting:1.0
highest:1.0
level:1.0
specific:1.0
particular:1.0
type:1.0
requires:1.0
broad:1.0
identified:1.0
text:1.0
support:1.0
supported:1.0
add-on:1.0
card:1.0
implements:1.0
communicate:1.0
tsr:1.0
dos:1.6931471805599454
dll:1.0
windows:1.6931471805599454
3.1:1.6931471805599454
controls:1.0
operation:1.0
interacts:1.0
drivers:2.09861228866811
available:1.6931471805599454
also:1.0
c:1.0
language:1.0
source:1.0
code:1.0
examples:1.0
interface:1.0
contact:1.0
group:1.0
postal:1.0
address:1.0
370:1.0
altair:1.0
way:1.0
suite:1.0
215:1.0
sunnyvale:1.0
ca:1.0
94086:1.0
internet:1.0
email:1.0
fax:1.0
408:1.6931471805599454
991-3773:1.0
voice:1.0
991-3517:1.0
