walsh:2.09861228866811
mari.acc-admin.stolaf.edu:1.0
brian:1.0
l:1.0
subject:1.0
vesa:1.6931471805599454
driver:2.09861228866811
xga-2:1.6931471805599454
heard:1.0
card:1.6931471805599454
available:1.6931471805599454
compuserve:1.0
got:1.0
wondering:1.0
ftp:1.0
site:1.0
anywhere:1.0
news:1.0
service:1.0
beeen:1.0
erratic:1.0
lately:1.0
please:1.0
e-mail:1.0
stolaf.edu:1.0
thanks:1.0
advance:1.0
