s8719667:1.0
cse.unsw.edu.au:1.0
w:1.0
austin:1.0
subject:1.0
anti-aliasing:1.6931471805599454
raytracing:1.6931471805599454
question:1.6931471805599454
article:1.0
1slb46:1.0
lbu:1.0
mserv1.dl.ac.uk:1.0
g.coulter:1.0
daresbury.ac.uk:1.0
writes:1.0
hi:1.0
everyone:1.0
woundering:1.0
someone:1.0
could:1.0
answer:1.0
simple:1.0
query:1.0
stuff:1.0
deleted:1.0
similiar:1.0
relating:1.0
anti-alaising:1.6931471805599454
friend:1.0
asked:1.0
posted:1.0
knowledgable:1.0
group:1.0
im:1.0
sorry:1.0
faq:1.6931471805599454
methods:1.0
persistance:1.0
vision:1.0
polyray:1.0
use:1.0
thank:1.0
advance:1.0
either:1.0
email:1.0
reply:1.0
flame:1.0
dwa:1.0
