wnkretz:1.6931471805599454
ikesg1.energietechnik.uni-stuttgart.de:1.6931471805599454
oliver:1.6931471805599454
kretzschmar:1.0
subject:1.0
need:1.0
c-algorithm:1.6931471805599454
decide:1.6931471805599454
whether:1.6931471805599454
3d-point:1.6931471805599454
inside:1.6931471805599454
space:2.386294361119891
defined:2.6094379124341005
6:1.6931471805599454
planes:1.0
hey:1.0
looking:1.0
8:2.09861228866811
x:1.6931471805599454
3d-points:1.6931471805599454
mean:1.0
closed:1.0
3d:1.0
meshes:1.0
points:1.0
like:1.0
simple:1.0
example:1.0
sides:2.09861228866811
parallel:1.6931471805599454
problem:1.0
non:1.0
opposite:1.0
must:1.0
size:1.0
etc:1.0
please:1.0
mail:1.0
informations:1.0
thanks:1.0
great:1.0
efforts:1.0
name:1.0
o.kretzschmar:1.0
inst.ike:1.0
university:1.0
stuttgart:1.6931471805599454
phone:1.0
49:1.6931471805599454
711:1.6931471805599454
685:1.6931471805599454
2130:1.0
pfaffenwaldring:1.0
31:1.0
fax:1.0
2010:1.0
7000:1.0
80:1.0
email:1.0
