brian:2.09861228866811
ccnext.ucsf.edu:1.6931471805599454
huddleston:1.0
subject:1.0
3d:1.0
images:2.09861228866811
anyone:1.6931471805599454
around:1.0
point:1.0
information:1.0
regarding:1.0
stereoscopic:1.0
believe:1.0
saw:1.0
show:1.0
room:1.0
texas:1.0
lone:1.0
star:1.0
illusions:1.0
amazing:1.0
ive:1.0
heard:1.0
created:1.0
simple:1.0
graphic:1.0
program:1.0
digitized:1.0
really:1.0
want:1.0
find:1.0
much:1.0
thanks:1.0
please:1.0
reply:1.0
address:1.0
