gloster:2.386294361119891
inference.com:1.6931471805599454
vance:1.6931471805599454
subject:1.0
compositing:2.386294361119891
pictures:2.09861228866811
pc:2.09861228866811
article:1.0
1993may15.001631.7051:1.0
torreypinesca.ncr.com:1.6931471805599454
chu:1.6931471805599454
patrick:1.0
3605:1.0
writes:1.0
wondering:1.0
anyone:1.0
knows:1.0
graphics:1.0
package:1.6931471805599454
series:2.386294361119891
mean:1.0
say:1.0
live:1.6931471805599454
video:1.6931471805599454
clip:1.0
digitized:1.0
panning:1.0
around:2.09861228866811
living:1.6931471805599454
room:1.6931471805599454
computer-generated:1.6931471805599454
bird:1.6931471805599454
flying:1.0
screen:1.0
want:2.09861228866811
combine:1.0
two:1.0
everywhere:1.0
frames:1.6931471805599454
black:1.0
picture:1.0
show:1.0
yes:1.0
realize:1.0
genlock:1.6931471805599454
able:1.6931471805599454
manual:1.0
also:1.6931471805599454
ok:1.0
composite:1.6931471805599454
one:1.6931471805599454
frame:1.0
time:1.0
assumed:1.0
id:1.0
anyway:1.0
would:1.0
even:1.0
better:1.0
ive:1.0
looked:1.0
havent:1.0
found:1.0
perform:1.0
help:1.0
please:1.0
get:1.0
animation:2.6094379124341005
autodesk:1.6931471805599454
animator:2.386294361119891
fli:1.0
flc:1.0
format:1.0
take:1.0
make:1.0
certain:1.0
color:1.0
clear:1.0
overlay:1.0
another:1.0
way:1.0
right:1.0
convert:1.0
avi:1.0
mpg:1.0
files:2.09861228866811
import:1.0
gif:1.0
create:1.6931471805599454
capture:1.0
stuff:1.0
might:1.0
work:1.0
