fm24:1.0
rummelplatz.uni-mannheim.de:1.0
klimek:1.6931471805599454
subject:1.6931471805599454
tga:1.6931471805599454
viewer:1.6931471805599454
ati:1.6931471805599454
ultra:1.6931471805599454
hello:1.0
line:1.0
says:1.0
im:1.0
looking:1.0
file:1.0
card:1.0
support:1.0
true:1.0
color:1.0
modes:1.0
course:1.0
someone:1.0
knows:1.0
find:1.0
one:1.0
via:1.0
ftp:1.0
please:1.0
let:1.0
know:1.0
thanx:1.0
oliver:1.0
