madler:1.0
cco.caltech.edu:1.0
mark:1.6931471805599454
adler:1.0
subject:1.0
gamma:1.6931471805599454
correction:1.6931471805599454
someone:1.0
knows:1.0
theyre:1.0
talking:1.0
add:1.0
faq:1.0
entry:1.0
thanks:1.0
