vereskova:1.0
elena:1.0
vereskova_elena:1.0
p0.f0.n23.z22.zenonet.org:1.0
subject:1.0
wanted:1.0
mpeg:1.6931471805599454
description:1.6931471805599454
sources:1.6931471805599454
encoders+decoders:1.0
please:1.0
help:1.0
decoders:1.0
encoders:1.0
great:1.0
thanks:1.0
advance:1.0
maximus:1.0
2.01wb:1.0
origin:1.0
mister:1.0
postman:1.0
bbs:1.0
22:23/0:1.0
