zippy:1.6931471805599454
cyberden.sf.ca.us:1.6931471805599454
subject:1.0
gif:1.6931471805599454
3dstudio:1.0
far:1.0
simply:1.0
mapping:1.0
logo:1.0
whatever:1.0
onto:1.0
cube:1.0
sphere:1.0
quite:1.0
easy:1.0
either:1.0
copy:1.0
want:1.0
mapped:1.0
map:2.09861228866811
directory:1.6931471805599454
add:1.0
path:1.0
currently:1.0
go:1.0
materials:1.0
editor:1.0
make:1.0
new:1.0
material:1.0
bit:1.0
voila:1.0
h:1.0
e:2.09861228866811
b:1.0
r:1.0
n:1.0
cyberden:1.0
public:1.0
access:1.0
waffle:1.0
usenet:1.0
system:1.0
415/472-5527:1.0
