kkt:1.0
philabs.philips.com:1.0
kim-kiat:1.0
tan:1.0
subject:1.0
autodesk:1.6931471805599454
bbs:1.6931471805599454
