qwert:1.0
hardy.u.washington.edu:1.0
qwertmeister:1.0
subject:1.6931471805599454
pov/tga:1.0
im:1.6931471805599454
slight:1.0
problem:1.6931471805599454
pov:1.6931471805599454
raytracer:1.0
sure:1.0
correct:1.0
group:1.0
post:1.0
create:1.6931471805599454
tga:1.0
files:1.6931471805599454
unix:2.09861228866811
machine:1.0
using:1.0
download:1.0
display:1.0
pc:2.09861228866811
theyre:1.0
listed:1.0
bad:1.0
file:1.0
displays:1.0
fine:1.0
tgas:1.0
incompatible:1.0
easy:1.0
solution:1.0
would:1.0
targa:1.0
gif:1.0
converter:1.0
anyone:1.0
know:1.0
could:1.0
find:1.0
one:1.0
help:1.0
appreciated:1.0
kevin:1.0
