powlesla:1.6931471805599454
acs.ucalgary.ca:1.6931471805599454
jim:1.6931471805599454
powlesland:1.6931471805599454
subject:1.0
pict:1.6931471805599454
epsf:1.6931471805599454
etc:1.0
map:2.386294361119891
italy:2.6094379124341005
article:1.0
93132.025641chunter:1.0
umab.bitnet:1.6931471805599454
chunter:1.0
writes:1.0
anybody:1.0
know:1.0
get:1.0
graphic:1.0
mac:1.0
tiff:1.0
gif:1.0
whatever:1.0
im:1.0
looking:1.0
picture:1.0
even:1.0
showing:1.0
states/provinces:1.0
freehand:1.0
3.1:1.0
windows:1.0
clip:1.6931471805599454
art:1.6931471805599454
collection:1.0
corel:1.0
draw:1.0
3.0:1.0
outline:1.0
internet:1.0
academic:1.0
computing:1.0
services:1.0
voice:1.0
403:2.09861228866811
220-7937:1.0
university:1.0
calgary:1.6931471805599454
message:1.0
220-6201:1.0
alberta:1.0
canada:1.0
t2n:1.0
1n4:1.0
fax:1.0
282-9199:1.0
