engp2008:2.09861228866811
nusunix1.nus.sg:1.0
leong:1.6931471805599454
wai:1.0
ming:1.0
subject:1.0
help:1.0
animation:2.09861228866811
pcx:1.6931471805599454
gif:1.6931471805599454
files:1.0
hi:1.0
series:1.0
images:1.0
sun:1.0
raster:1.0
formats:2.09861228866811
ive:1.0
converted:1.0
conversion:1.0
others:1.0
like:1.6931471805599454
well:1.0
would:1.0
know:1.0
software:1.0
able:1.0
record:1.0
onto:1.0
video:1.0
tape:1.0
thank:1.0
wai-ming:1.0
internet:1.0
nusunix.nus.sg:1.0
national:1.0
university:1.0
singapore:1.0
bitnet:1.0
nusvm.nus.sg:1.0
