lioness:1.0
maple.circa.ufl.edu:1.0
subject:1.0
tex:2.09861228866811
texture:1.6931471805599454
map:1.0
format:1.6931471805599454
avalon:1.0
today:1.0
found:1.0
maps:1.0
txc:1.0
something:1.6931471805599454
ive:1.0
never:1.0
encountered:1.0
obviously:1.0
latex:1.0
files:1.0
clue:1.0
convert:1.0
reasonable:1.0
please:1.0
let:1.0
know:1.0
brian:1.0
