powlesla:1.6931471805599454
acs.ucalgary.ca:1.6931471805599454
jim:1.6931471805599454
powlesland:1.6931471805599454
subject:1.0
comp.graphics:1.6931471805599454
faq:1.6931471805599454
internet:1.0
academic:1.0
computing:1.0
services:1.0
voice:1.0
403:2.09861228866811
220-7937:1.0
university:1.0
calgary:1.6931471805599454
message:1.0
220-6201:1.0
alberta:1.0
canada:1.0
t2n:1.0
1n4:1.0
fax:1.0
282-9199:1.0
