da1-lst:1.0
hemul.nada.kth.se:1.0
lars-erik:1.6931471805599454
stenholm:1.6931471805599454
subject:1.6931471805599454
parametric:2.09861228866811
drafting:1.6931471805599454
hello:1.0
networld:1.0
im:2.09861228866811
looking:1.6931471805599454
documentation/books:1.0
anyone:1.0
know:1.6931471805599454
material:1.0
electronic:1.0
gopher/ftp-site:1.0
books/authors:1.0
commercial:1.0
software:1.0
rather:1.0
info:1.0
implementation:1.0
theory:1.0
planning:1.0
make:1.0
generator:1.0
autocad:1.0
would:1.0
need:1.0
referance:1.0
everything:1.0
interest:1.0
thanks:1.0
advace:1.0
lasse:1.0
student:1.0
university:1.0
stockholm:1.0
sweden:1.0
