rsc:2.09861228866811
altair.csustan.edu:1.0
steve:1.6931471805599454
cunningham:1.6931471805599454
subject:1.0
siggraph:2.09861228866811
online:2.09861228866811
experimental:2.09861228866811
publication:1.6931471805599454
available:1.6931471805599454
rich:1.0
brandwein:1.0
writes:1.6931471805599454
article:1.0
1993may7.211312.10403:1.0
bert.eecs.uic.edu:1.0
siggraph.org:2.9459101490553135
computer:2.386294361119891
graphics:2.386294361119891
special:1.6931471805599454
issue:2.09861228866811
may:1.6931471805599454
1993:2.09861228866811
set:1.0
files:1.6931471805599454
system:1.0
directory:1.0
ftp/publications/may_93_online:1.0
made:1.0
community:1.6931471805599454
acm:1.6931471805599454
general:1.0
theme:1.0
electronic:1.0
documents:1.0
table:1.0
contents:1.6931471805599454
aboutthisissue:1.6931471805599454
tell:1.0
ftpd:1.0
found:1.0
nothing:1.0
removed:1.0
nope:1.0
still:1.0
ftp:2.6094379124341005
connected:1.0
220:1.0
server:1.0
version:1.0
6.12:1.0
tue:1.0
apr:1.0
13:1.0
09:53:56:1.0
cdt:1.0
ready:1.0
name:1.0
anonymous:1.0
331:1.0
guest:1.0
login:1.0
ok:1.0
send:1.0
e-mail:1.0
address:1.0
password:1.6931471805599454
230:2.6094379124341005
welcome:1.0
machine:1.0
maintained:1.0
volunteers:1.0
service:1.0
active:1.0
cd:1.0
publications/may_93_online:1.0
250:1.0
cwd:1.0
command:1.6931471805599454
successful:1.6931471805599454
ls:1.0
200:1.0
port:1.0
150:1.0
opening:1.0
ascii:1.0
mode:1.0
data:1.0
connection:1.0
file:1.0
list:1.0
kappe.maurer:1.0
skip.tappan.russell:1.0
gonzalez:1.0
rosenblum:1.0
bossomaier.green:1.0
announcements:1.0
calendar:1.0
contacts:1.0
index:1.0
read_me:1.0
226:1.0
transfer:1.0
complete:1.0
141:1.0
bytes:1.0
received:1.0
0.04:1.0
seconds:1.0
3.4:1.0
kbytes/s:1.0
