crgruen:1.0
sony1.sdrc.com:1.0
robert:1.0
gruen:1.6931471805599454
subject:1.0
bit:2.09861228866811
planes:2.09861228866811
could:1.0
anyone:1.0
please:1.6931471805599454
explain:1.0
sgi:1.0
work:1.0
says:1.0
64:1.0
mean:1.0
relate:1.0
pc:1.0
graphics:1.0
usually:1.0
reply:1.0
via:1.0
email:1.0
group:1.0
head:1.0
thanks:1.0
advance:1.0
bob:1.0
structural:1.0
dynamics:1.0
research:1.0
corp:1.0
cincinnati:1.0
ohio:1.0
513/576-5635:1.0
