brendan:2.386294361119891
gu.uwa.edu.au:1.6931471805599454
langoulant:1.6931471805599454
subject:1.0
3d:1.6931471805599454
input:1.6931471805599454
devices:1.0
greetings:1.0
anyone:1.0
use:1.0
form:1.0
device:1.0
would:1.0
like:1.0
hear:1.0
information:1.0
systems:1.0
people:1.0
currently:1.0
using:1.0
please:1.0
email:1.0
responses:1.0
summarise:1.0
get:1.0
feedback:1.0
