af774:1.6931471805599454
cleveland.freenet.edu:1.6931471805599454
chad:2.09861228866811
cipiti:2.09861228866811
subject:1.0
3d:2.386294361119891
shark:2.386294361119891
hi:1.0
im:1.6931471805599454
looking:1.0
use:1.0
ray:1.0
tracing:1.0
rountine:1.0
ill:1.0
using:1.0
vivid:1.0
pov:1.0
format:1.0
ftp:1.0
sites:1.0
objects:1.0
anyone:1.0
good:1.0
thanks:1.0
alot:1.0
new:1.0
1993:1.0
sea:1.0
world:1.0
ohio:1.0
bobcat.ent.ohiou.edu:1.0
encounter:1.0
make:1.0
contact:1.0
