eric:1.0
davis:1.0
icend:1.0
asuacad.bitnet:1.0
subject:1.0
help:1.0
3ds:1.0
article:1.0
c70zv4.9hq:1.0
ddtopper.dundee.ncr.com:1.0
stephenc:1.0
says:1.0
3d:1.0
studio:1.0
way:1.6931471805599454
create:1.0
refraction:1.0
diffraction:1.0
etc:1.6931471805599454
want:1.0
simulate:1.0
things:1.0
glass:2.09861228866811
lenses:1.0
bottles:1.0
might:1.0
ipas:1.0
routine:1.0
canr:1.0
sure:1.0
another:1.0
render:1.0
scene:1.0
without:1.0
object:1.6931471805599454
save:1.0
image:1.6931471805599454
assign:1.0
reflection:1.6931471805599454
take:1.0
lot:1.0
adjusting:1.0
position:1.0
size:1.0
thats:1.0
thing:1.0
think:1.0
