jorna:2.09861228866811
kub.nl:1.6931471805599454
aegee-tilburg:1.0
remco:1.6931471805599454
subject:1.0
cgm:1.6931471805599454
garphics:1.0
viewer:1.6931471805599454
wanted:1.0
im:1.0
currently:1.0
looking:1.0
computer:1.0
graphics:1.0
metafile:1.0
pictures:1.0
please:1.0
inform:1.0
shareware:1.0
freeware:1.0
version:1.0
thnx:1.0
