pfine:1.0
mitre.org:1.0
paul:1.0
fine:1.0
subject:1.0
tiff:2.386294361119891
6.0:2.09861228866811
recently:1.0
read:1.0
book:1.0
version:1.0
specification:1.0
due:1.0
released:1.0
spring:1.0
1992:1.0
interested:1.0
finding:1.0
new:1.0
features:1.0
spec:1.0
specifically:1.0
need:1.0
know:1.0
supports:1.0
vq:1.0
decompression:1.0
and/or:1.0
image:1.0
tiling:1.0
