vicente:2.386294361119891
cenaath.cena.dgac.fr:1.6931471805599454
martin:1.6931471805599454
cena/sid:1.0
subject:1.0
3d:1.0
input:1.0
devices:1.6931471805599454
hello:1.0
im:1.0
interested:1.0
could:1.0
also:1.0
send:1.0
suggestions:1.0
thank:1.0
advance:1.0
regards:1.0
e-mail:1.0
tph:1.0
69:1.0
84:1.0
56:1.0
88:1.0
centre:1.0
detudes:1.0
de:1.0
la:1.0
navigation:1.0
aerienne:1.0
div:1.0
support:1.0
informatique:1.0
developpement:1.0
