menchett:1.0
dws015.unr.edu:1.0
peter:1.0
j:1.0
menchetti:1.0
subject:1.6931471805599454
adobe:1.6931471805599454
type:1.6931471805599454
manager:1.6931471805599454
good:1.0
says:1.0
bought:1.0
find:1.0
completely:1.0
useless:1.0
ftped:1.0
atm:1.6931471805599454
fonts:1.6931471805599454
couldnt:1.0
install:1.0
whats:1.0
use:1.0
supposed:1.0
able:1.0
convert:1.0
truetype:1.0
theres:1.0
anyone:1.0
program:1.0
actually:1.0
finds:1.0
useful:1.0
enlighten:1.0
pete:1.0
