shayla:2.09861228866811
shannon.jpl.nasa.gov:1.6931471805599454
l:1.0
fahey:1.0
subject:1.0
raw:1.0
byte:1.0
grayscale:1.6931471805599454
gif:2.09861228866811
currently:1.0
image:1.0
files:1.0
standard:1.0
format:2.09861228866811
simply:1.0
contain:1.0
8-bit:1.0
pixel:1.0
values:1.0
would:1.6931471805599454
like:1.0
display:1.0
images:1.0
pc:2.09861228866811
conversion:2.09861228866811
helpful:1.0
take:1.0
place:1.0
either:1.0
unix:1.0
system:1.0
could:1.6931471805599454
download:1.0
anyone:1.0
suggest:1.0
find:1.6931471805599454
software:1.0
alternatively:1.0
may:1.0
write:1.0
program:1.0
case:1.0
someone:1.0
tell:1.0
specification:1.0
please:1.0
e-mail:1.0
directly:1.0
thanks:1.0
