nagle:2.09861228866811
netcom.com:1.0
john:1.6931471805599454
subject:1.0
point:2.791759469228055
polygon:2.09861228866811
routine:1.6931471805599454
needed:1.0
andrew:1.0
lewis:1.0
tepper:1.0
at15:1.0
andrew.cmu.edu:1.0
writes:1.0
dont:1.0
know:1.0
standard:1.0
came:1.0
recently:1.0
points:1.0
p1:2.09861228866811
pn:1.6931471805599454
p:2.386294361119891
make:1.0
table:1.6931471805599454
follows:1.0
1:1.0
angle:2.6094379124341005
p2:1.6931471805599454
2:1.0
p3:1.0
n:1.0
express:1.0
angles:1.0
pi:2.386294361119891
add:1.0
entries:1.0
sum:1.6931471805599454
0:1.0
outside:1.0
inside:1.0
xpi:1.0
strange:1.0
border:1.0
think:1.0
known:1.0
neat:1.0
extended:1.0
3d:1.0
