robertw:1.6931471805599454
tekig1.pen.tek.com:1.0
robert:1.6931471805599454
j:1.0
woolridge:1.6931471805599454
subject:1.0
anonymous:1.6931471805599454
ftp:1.6931471805599454
sites:1.6931471805599454
graphics:1.6931471805599454
someone:1.0
please:1.0
give:1.0
couple:1.0
names:1.0
cater:1.0
looking:1.0
info:1.0
sources/images:1.0
building:1.0
ray:1.0
tracer:1.0
thanks:1.0
clovis.pen.tek.com:1.0
