mckinley:1.6931471805599454
fed3005.ne1300.ingr.com:1.0
chuck:1.6931471805599454
subject:1.0
ray-bezier:1.0
intersection:1.6931471805599454
problem:1.6931471805599454
kind:1.0
person:1.0
access:1.0
mathematical:1.0
package:1.6931471805599454
mathematica:1.0
maple:1.0
would:2.09861228866811
like:2.386294361119891
ask:1.0
solution:1.6931471805599454
following:1.6931471805599454
sometimes:1.0
algebra:1.0
problems:1.0
simplified:1.0
symbolic:1.0
ftp-able:1.0
handle:1.0
beasts:1.0
solve:1.0
ray:1.0
bezier:1.0
patch:1.0
scalar:1.0
constant:1.0
p:3.9444389791664403
v:1.6931471805599454
q:1.6931471805599454
u:3.5649493574615367
w:3.5649493574615367
origin:1.6931471805599454
point:1.0
3d:2.386294361119891
dir:1.6931471805599454
vector:1.0
terms:1.0
various:1.0
scalars:1.0
j:1.6931471805599454
0:2.9459101490553135
3:3.1972245773362196
n:2.386294361119891
b:1.6931471805599454
n-1:1.6931471805599454
n-2:1.6931471805599454
n-3:1.6931471805599454
1:2.9459101490553135
0.0:1.6931471805599454
1.0:1.6931471805599454
2:1.6931471805599454
particular:2.09861228866811
case:2.09861228866811
6:1.0
control:1.0
points:1.0
space:1.0
0,0:1.0
0,1:1.0
0,2:1.0
0,3:1.0
1,0:1.0
1,1:1.0
1,2:1.0
1,3:1.0
2,0:1.0
2,1:1.0
2,2:1.0
2,3:1.0
3,0:1.0
3,1:1.0
3,2:1.0
3,3:1.0
thanx:1.0
elwood.reston.ingr.com:1.0
