mike:2.09861228866811
leah.prc.utexas.edu:1.0
michael:1.0
kline:1.6931471805599454
subject:1.0
iges:1.6931471805599454
e00:1.6931471805599454
formats:2.09861228866811
trying:1.0
find:1.0
anything:1.6931471805599454
available:1.0
documentation:1.0
arc/info:1.0
know:1.0
one:1.0
please:1.6931471805599454
send:1.6931471805599454
note:1.0
dont:1.0
read:1.0
group:1.0
responses:1.0
prc.utexas.edu:1.0
thank:1.0
