max:2.386294361119891
slinky.nyu.edu:1.0
david:1.6931471805599454
subject:1.0
needed:1.0
non-interactive:1.0
gif:2.09861228866811
cropper:1.0
pc:1.6931471805599454
group:1.0
images:2.386294361119891
contain:1.0
6:1.0
small:1.6931471805599454
place:1.0
need:1.0
program:1.6931471805599454
crop:1.6931471805599454
new:1.0
file:1.0
programs:1.0
find:1.0
make:1.0
use:1.0
mouse:1.0
keyboard:1.0
define:1.0
cropping:1.0
coordinates:1.6931471805599454
take:1.0
command:1.0
line:1.0
reply:1.0
slinky.cs.nyu.edu:1.0
