ball:1.0
stdank.as.ntu.edu.tw:1.0
chin:1.0
hsu:1.0
subject:1.0
print:1.6931471805599454
ncar3.0s:1.0
cgm:2.09861228866811
file:1.0
lots:1.0
files:1.6931471805599454
produced:1.0
ncar:1.0
graph:1.0
utility:1.0
v3.00:1.0
color:1.0
graphs:1.0
want:1.0
printers:1.0
postscript:1.0
hp:1.0
7475a:1.0
anyone:1.0
experiences:1.0
please:1.0
tell:1.0
e-mail:1.0
nice:1.0
someone:1.0
knows:1.0
convert:1.0
gif:1.0
pcx:1.0
bmp:1.0
helps:1.0
lot:1.0
