eric:2.386294361119891
ithaca.com:2.09861228866811
wagner:1.6931471805599454
subject:1.0
email:1.0
address:1.0
ithaca:2.09861228866811
hoops:1.0
technical:1.0
support:1.0
reached:1.0
tech_support:1.0
phone:1.0
510-523-5900:1.0
pp-asel-ia:1.0
software:1.0
skylane:1.0
n613wd:1.0
oakland:1.0
flyers:1.0
