gcdcrgm:1.0
state.systems.sa.gov.au:1.0
subject:1.0
piclab:1.6931471805599454
processing:1.0
half:1.0
gif:1.6931471805599454
ive:1.0
playing:1.0
program:1.0
called:1.0
modify:1.0
files:1.0
problem:1.0
keeps:1.0
displaying:1.0
50:1.0
image:1.0
starting:1.0
top:1.0
displays20:1.0
leaves:1.0
20:1.6931471805599454
blank:1.0
another:1.6931471805599454
etc:1.0
anyone:1.0
know:1.0
im:1.0
wrong:1.0
piece:1.0
software:1.0
use:1.0
instead:1.0
thanks:1.0
tolerance:1.0
