zheng:1.0
wang:1.0
zw10:1.0
andrew.cmu.edu:1.0
subject:1.0
help:1.6931471805599454
hi:1.0
looking:1.0
friend:1.0
interior:1.0
decor:1.0
designer:1.0
thailand:1.0
trying:1.0
find:1.0
graphics:1.0
software:2.09861228866811
pc:1.0
suggestion:1.0
buy:1.6931471805599454
much:1.0
costs:1.0
likes:1.0
sophisticated:1.0
features:1.0
better:1.0
thanks:1.0
advance:1.0
