kedz:1.6931471805599454
bigwpi.wpi.edu:1.0
john:1.0
kedziora:1.0
subject:1.0
motorcycle:1.6931471805599454
wanted:1.0
sender:1.0
followup-to:1.0
wpi.wpi.edu:1.0
distribution:1.0
ne:1.0
organization:1.0
worcester:1.0
polytechnic:1.0
institute:1.0
keywords:1.0
looking:1.6931471805599454
inexpensive:1.0
nothing:1.0
fancy:1.0
able:1.0
maintinence:1.0
self:1.0
400:1.0
range:1.0
help:1.0
great:1.0
please:1.0
reply:1.0
e-mail:1.0
