jvinson:1.0
xsoft.xerox.com:1.0
jeffrey:1.0
vinson:2.09861228866811
subject:1.0
4rent:1.0
timeshare:1.6931471805599454
week:2.09861228866811
rent:1.0
must:1.0
use:1.0
july:1.0
best:1.0
offer:1.0
traded:1.0
anywhere:1.0
world:1.0
hawaii:1.0
austria:1.0
far:1.0
east:1.0
u.s:1.0
etc:1.0
interval:1.0
international:1.0
answer:1.0
questions:1.0
help:1.0
trade:1.0
paperwork:1.0
phone:1.0
numbers:1.0
order:1.0
contact:1.0
jeff:1.0
migration.com:1.0
415.813.7492:1.0
daytime:1.0
leave:1.0
msg:1.0
