re_sims:1.6931471805599454
vax.cns.muskingum.edu:1.6931471805599454
subject:1.0
misc:1.6931471805599454
radio:2.09861228866811
related:1.6931471805599454
equipment:1.0
lots:1.6931471805599454
items:1.6931471805599454
sale:1.0
still:1.6931471805599454
trying:1.0
lighten:1.0
load:1.0
moving:1.0
motorola:3.302585092994046
vhf:2.386294361119891
pager:1.0
digital:1.0
voice:1.0
readout:1.0
15:1.0
2:2.6094379124341005
capacitor:1.0
checkers:1.0
hp:1.0
200cd:1.0
audio:1.0
oscillator:1.0
5:2.09861228866811
hz:1.6931471805599454
600:1.0
khz:1.0
1200:1.0
feet:1.0
brand:1.0
new:2.386294361119891
1/2:1.6931471805599454
hardline:1.0
tv:1.0
connectors:1.0
pieces:1.0
gain:1.6931471805599454
mobile:2.791759469228055
antennas:1.6931471805599454
uhf:2.791759469228055
amp:1.6931471805599454
input:1.0
75:2.09861228866811
mhz:1.6931471805599454
milliwatts:1.0
output:1.0
450:1.0
30:1.6931471805599454
watts:1.0
service:1.6931471805599454
manual:2.09861228866811
came:1.6931471805599454
mobilephone:1.0
make:2.09861228866811
reasonable:2.386294361119891
offer:2.6094379124341005
looking:1.0
40:1.0
shipping:2.6094379124341005
trade:1.6931471805599454
rca:1.6931471805599454
tac:1.0
300:1.0
dash:1.0
mount:1.6931471805599454
2channel:1.0
w/service:1.6931471805599454
great:1.6931471805599454
condition:1.0
currently:1.6931471805599454
gmrs:1.0
frequency:1.6931471805599454
462.725:1.0
repeater:1.0
simplex:1.0
pl:1.6931471805599454
151.4:1.0
100:1.6931471805599454
nobratron:1.0
qr:1.0
75-2:1.0
power:1.6931471805599454
supply:1.6931471805599454
sorensen:1.0
variable:1.0
used:2.386294361119891
80:1.0
vdc:1.0
weight:1.6931471805599454
45lbs:1.0
45:1.6931471805599454
tone:1.6931471805599454
remote:2.6094379124341005
model:2.386294361119891
1926a:1.0
works:1.0
monitor:1.0
button:1.0
unit:1.0
base:2.09861228866811
station:1.0
two:1.0
wires:1.0
also:1.6931471805599454
board:1.0
mitrek:1.6931471805599454
super:1.0
consolette:1.0
could:1.0
trn-6744a:1.0
w/schmetics:1.0
handhelds:1.0
mh-10:1.0
4:1.6931471805599454
w/charger:1.0
speaker:1.6931471805599454
mic:1.6931471805599454
leather:1.0
case:1.0
34.830:1.0
w/dpl:1.0
dpl:1.6931471805599454
decks:1.0
moxy:1.0
radios:1.6931471805599454
esp:1.6931471805599454
take:1.0
anyone:1.0
10:1.0
reeds:1.0
think:1.0
code:1.0
plugs:1.0
e-mail:2.09861228866811
need:1.0
sell:1.6931471805599454
cheep:1.0
transmit:1.0
tubes:1.0
ge:2.791759469228055
box:1.0
db:1.0
sold:1.0
90:1.0
3:1.6931471805599454
motorcycle:1.0
control:1.6931471805599454
head:1.0
cable:1.0
selector:1.0
one:1.0
channel:1.6931471805599454
believe:1.0
micom:1.0
asking:1.0
20:1.6931471805599454
elements:1.0
micor:2.09861228866811
motrac:1.6931471805599454
sets:1.0
low:1.0
band:1.6931471805599454
microphones:1.0
dc:1.0
adaptor:1.0
tln-1127apr:1.0
business:1.0
manuals:1.0
details:1.0
phone:1.0
restrict:1.0
toll:1.0
boxes:1.0
use:1.0
quarters:1.0
dtmf:1.0
master:1.6931471805599454
pro:1.6931471805599454
working:1.0
accessories:1.0
trunk:1.0
6:1.0
cabinet:2.09861228866811
w/19:1.0
rack:1.6931471805599454
duplexer:1.0
duplexers:1.0
19:1.0
johnson:1.0
hd:1.0
satellite:1.0
dish:1.0
jack:1.0
arm:1.0
spools:1.0
multi-conductor:1.0
wire:1.0
w/shield:1.0
thickness:1.0
approx:1.0
heads:1.0
cables:1.0
eagle:1.0
level:1.0
sensor:1.0
tells:1.0
full:1.0
container:1.0
prices:1.0
include:1.0
pickup:1.0
size:1.0
locations:1.0
eastern:1.6931471805599454
ohio:1.0
interested:1.0
call:1.0
jim:1.0
sims:1.0
sr:1.0
n4jdp:1.0
614:1.0
439-2177:1.0
9:1.0
pm:1.0
