thouchin:1.0
cs.umr.edu:1.0
j:1.0
houchin:1.6931471805599454
subject:1.0
sale:1.6931471805599454
farenheit:1.0
1280:1.6931471805599454
24bit:1.6931471805599454
orchid:1.0
fareheit:1.0
color:1.0
card:1.0
1:1.0
meg:1.0
almost:1.0
new:1.0
200:1.0
best:1.0
offer:1.0
post:1.0
friend:1.0
call:1.0
thuan:1.0
pho:1.0
314-368-3624:1.0
t.j:1.0
