hungjenc:1.0
phakt.usc.edu:1.0
hung-jen:1.0
chen:1.0
subject:1.6931471805599454
forsale:1.6931471805599454
sony:1.6931471805599454
d-22:1.6931471805599454
diskman:1.6931471805599454
newsgroups:1.0
rec.audio:1.0
misc.forsale:1.0
distribution:1.0
na:1.0
