mike:2.6094379124341005
pyrdc.uucp:1.0
whitman:1.6931471805599454
subject:1.0
49cm:1.0
womens:1.6931471805599454
bike:1.6931471805599454
sale:1.6931471805599454
following:1.0
type:1.0
dave:1.0
scott:1.0
centurion:1.0
1989:1.0
model:1.0
size:47:1.0
cm:1.6931471805599454
c-c:1.0
grouppo:1.0
shimano:1.6931471805599454
105:1.6931471805599454
cranks:165:1.0
pedals:1.0
p1050:1.0
clips:1.0
straps:1.0
frame:1.0
tange:1.0
ii:1.0
double:1.6931471805599454
butted:1.0
steel:1.0
gearing:1.0
front:1.0
52/42:1.0
rear:2.09861228866811
24-22-19-17-15-13:1.0
seat:1.6931471805599454
terry:1.0
gel:1.0
computer:1.0
avocet:1.0
30:1.0
extras:1.0
water:1.0
bottle:1.0
cages:1.0
extra:1.0
tire:1.0
24:1.0
front/700c:1.0
setup:1.0
wife:1.0
asking:1.0
350:1.0
obo:1.0
let:1.0
know:1.0
interested:1.0
address:1.0
thanks:1.0
michael:1.0
c:1.0
national:1.0
system:1.0
engineer:1.0
telecom:1.0
pyramid:1.0
technology:1.0
corporation:1.0
1921:1.0
gallows:1.0
road:1.0
suite:1.0
250:1.0
vienna:1.0
va:1.0
22182:1.0
phone:1.0
703:1.0
848-2050pager:1.0
800:1.0
sky-page:1.0
pin:1.0
45300:1.0
pyrdc.va.pyramid.com:1.0
uunet:1.0
pyrdc:1.0
