creol:1.0
netcom.com:1.0
subject:1.0
intel:1.6931471805599454
memory:1.0
board:1.6931471805599454
sale:1.0
16:1.0
bit:1.0
2:1.0
megs:1.0
ram:1.0
would:1.0
like:1.0
sell:1.0
asap:1.0
please:1.0
email:1.0
offers:1.0
interested:1.0
thanks:1.0
fred:1.0
