beng:2.386294361119891
cae.wisc.edu:2.09861228866811
ting:1.6931471805599454
subject:1.0
madison/chicago:1.6931471805599454
italy:1.6931471805599454
air:1.6931471805599454
ticket:2.386294361119891
wanted:1.0
hi:1.0
looking:1.0
round:1.0
trip:1.0
milan:1.0
anybody:1.0
transferable:1.0
use:1.0
please:1.0
contact:1.0
open-jaw:1.0
highly:1.0
desired:1.0
thank:1.0
b:1.0
