pat:1.6931471805599454
wrs.com:1.6931471805599454
patrick:1.6931471805599454
boylan:1.0
subject:1.0
airline:1.0
ticket:1.6931471805599454
r/t:1.0
us/canada:1.0
europe/carrib/latinam:1.0
one:1.0
round-trip:1.0
good:1.0
travel:1.0
usa:1.0
canada:1.0
europe:1.0
hawaii:1.0
latin:1.0
america:1.0
caribbean:1.0
fully:1.0
transferable:1.0
used:1.0
originating:1.0
intended:1.0
use:1.6931471805599454
visit:1.0
grandfather:1.0
sick:1.0
died:1.0
got:1.0
im:1.0
looking:1.0
500:1.0
best:1.0
offer:1.0
act:1.0
fast:1.0
gone:1.0
april:1.0
15:1.0
matter:1.0
