hgomez:1.0
magnus.acs.ohio-state.edu:1.0
humberto:1.0
l:1.0
gomez:1.0
subject:1.0
multisync:1.6931471805599454
3d:1.6931471805599454
nec:1.6931471805599454
monitor:2.09861228866811
sale:1.6931471805599454
great:1.0
condition:1.0
looks:1.0
new:1.0
28:1.0
dot:1.0
pitch:1.0
svga:1.0
syncs:1.0
15-38khz:1.0
compatible:1.0
aga:1.0
amiga:1.0
graphics:1.0
modes:1.0
leave:1.0
message:1.0
interested:1.0
make:1.0
offer:1.0
