gregh:1.6931471805599454
hprnd.rose.hp.com:1.6931471805599454
greg:1.6931471805599454
holdren:1.6931471805599454
subject:1.0
40:1.6931471805599454
meg:1.6931471805599454
ide:1.6931471805599454
harddrive:1.0
western:1.0
digital:1.0
3.5:1.0
hard:1.0
drive:1.0
95:1.0
bo:1.0
shipping:1.0
916:1.0
785-7481:1.0
geh:1.0
mothra.rose.hp.com:1.0
