sponna:1.6931471805599454
eos.ncsu.edu:1.6931471805599454
srikanth:1.6931471805599454
ponnapalli:1.6931471805599454
subject:1.0
super:1.6931471805599454
scope6:1.0
sale:1.6931471805599454
snes:1.0
hello:1.0
folks:1.0
ive:1.0
scope:1.0
6:1.0
comes:1.0
crt:1.0
boxes:1.0
instructions:1.0
included:1.6931471805599454
50:1.0
shipping:1.0
got:1.0
month:1.0
back:1.0
used:1.0
twice:1.0
ooo:1.6931471805599454
ooo______________________ooo:1.0
e-mail:1.0
address:1.0
pobox:1.0
5604:1.0
raleigh:1.0
n.c:1.0
27650-5604:1.0
phone:1.0
919:1.0
781-5448:1.0
ponna-s:1.0
aza.csc.ncsu.edu:1.0
9:00:1.0
pm:1.0
sponnapa:1.0
math.ncsu.edu:1.0
