rob:2.386294361119891
mother.bates.edu:1.6931471805599454
spellman:1.6931471805599454
subject:1.0
3m:1.0
dc6150s:1.6931471805599454
sale:1.6931471805599454
longer:1.0
use:1.0
quarter:1.0
inch:1.0
tape:1.0
backups:1.0
case:1.0
unopened:1.0
ill:1.0
sell:1.0
lot:1.0
boxes:1.0
5:1.0
tapes:1.0
computing:1.0
support:1.0
services:1.0
bates:1.0
college:1.0
