subject:1.0
books:2.6094379124341005
sale:1.6931471805599454
ann:2.09861228866811
arbor:2.09861228866811
mi:1.0
david:2.791759469228055
ganglion.ann-arbor.mi.us:2.09861228866811
hwang:2.09861228866811
tally:1.0
want:1.0
send:1.0
message:1.0
shipping:1.0
us:1.0
mail:1.0
parcel:1.0
post/book:1.0
rate:1.0
payment:1.0
advance:1.0
cod:1.0
accepted:1.0
good:1.0
excellent:1.0
condition:1.0
paperbacks:1.0
unless:1.0
noted:1.0
quantity:1.0
discounts:1.0
list:2.386294361119891
updated:1.0
continually:1.0
latest:1.0
requested:1.0
e-mail:1.0
supercedes:1.0
previous:1.0
lists:1.0
responsible:1.0
typos:1.0
new:1.0
listing:1.0
claimed:1.0
paid:1.0
yet:1.0
michigan:2.09861228866811
february:1.0
27:1.0
1993:1.0
computers:1.0
using:1.6931471805599454
wordperfect:1.6931471805599454
5:1.0
que:1.6931471805599454
stewart:1.0
10.00:3.0794415416798357
clipper:1.0
tiley:1.0
trs-80:1.0
assembly:1.0
language:1.0
programming:1.0
barden:1.0
1.00:2.386294361119891
57:1.0
practical:1.0
programs:1.0
games:1.0
basic:1.6931471805599454
tracton:1.0
first:1.0
book:1.6931471805599454
5.1:1.0
barnes:1.0
8.00:1.6931471805599454
corvettes:1.0
1984-1986:1.0
car:1.6931471805599454
parts:1.0
illustration:1.0
catalog:1.6931471805599454
gm:1.6931471805599454
manual:2.386294361119891
7.50:2.6094379124341005
secrets:1.0
corvette:2.386294361119891
detailing:1.0
antonick:1.6931471805599454
ecklers:1.0
complete:1.0
guide:2.6094379124341005
fiberglass:1.0
repair:1.0
owners:1.0
workshop:1.0
haynes:1.0
84-87:1.0
chevrolet:1.6931471805599454
power:1.0
6th:1.0
edition:1.6931471805599454
3.50:1.0
driver/owner:1.0
1953-1988:1.0
models:1.0
small:1.0
block:1.0
v8:1.0
speed:1.0
equipment:1.0
buyers:1.0
lamm:1.0
chiltons:1.0
easy:1.0
care:1.0
2nd:2.09861228866811
medicine:1.0
ophthalmology:1.0
study:1.0
medical:2.9459101490553135
students:1.0
4.00:2.386294361119891
washington:1.0
therapeutics:1.0
26th:1.0
ed:3.302585092994046
respiratory:1.0
physiology-the:1.0
essentials:1.6931471805599454
west:1.0
3rd:2.09861228866811
9.00:1.6931471805599454
langmans:1.0
embryology:1.0
5th:1.0
sadler:1.0
hardcover:2.6094379124341005
18.00:1.6931471805599454
sold:2.09861228866811
human:1.0
anatomy:1.0
7th:1.0
woodburne:1.0
cardiology:1.0
reference:1.6931471805599454
kloner:1.0
handbook:1.0
antimicrobial:1.6931471805599454
therapy:1.6931471805599454
1992:1.6931471805599454
mandell:1.0
1991:1.0
sanford:1.0
free:1.0
med:1.0
comprehensive:1.0
review:1.0
sciences:1.0
get:1.0
dental:1.0
school:2.386294361119891
2.00:2.09861228866811
sexual:1.0
interactions:1.0
allgeier:1.0
25.00:1.0
call:1.0
principles:1.0
protocols:1.0
ruedy:1.0
physicans:1.0
desk:1.0
pdr:1.0
46th:1.0
introduction:1.0
general:1.0
pathology:1.0
spector:1.0
admissions:1.0
strategy:1.0
success:1.0
weschler:1.0
1982:1.0
getting:1.0
brown:1.0
1981:1.6931471805599454
ten:1.0
point:1.0
plan:1.0
college:1.6931471805599454
acceptance:1.0
graham:1.0
accounting:1.0
9th:1.0
1972:1.0
carson:1.0
w:1.0
m.d:1.0
university:1.0
1050:1.0
wall:1.0
street:1.0
suite:1.0
10c:1.0
telephone:1.0
313/663-5557:1.0
48105:1.0
internet:1.0
