gscott:1.6931471805599454
b64542.student.cwru.edu:1.6931471805599454
george:2.09861228866811
scott:1.6931471805599454
subject:1.0
roland:1.6931471805599454
d-50:1.6931471805599454
sale:1.6931471805599454
700:1.0
best:1.0
offer:1.0
excellent:1.0
condition:1.0
includes:1.0
1000:1.0
patches:1.0
disk:1.0
cakewalk:1.0
sysex:1.0
format:1.0
buyer:1.0
must:1.0
pay:1.0
cod:1.0
shipping:1.0
please:1.0
e-mail:1.0
responses:1.0
gms2:1.6931471805599454
po.cwru.edu:1.6931471805599454
thanks:1.0
