tlin:1.6931471805599454
badger.berkeley.edu:1.0
tony:1.6931471805599454
lin:1.0
subject:1.6931471805599454
wanted:1.0
spis:1.6931471805599454
war:1.6931471805599454
ring:1.6931471805599454
line:1.0
says:1.0
im:1.0
trying:1.0
locate:1.0
copy:1.6931471805599454
board:1.0
game:1.0
anyone:1.0
willing:1.0
part:1.0
thanks:1.0
million:1.0
stat.berkeley.edu:1.0
