khiet:2.09861228866811
crystallizer.ecn.purdue.edu:1.0
peter:1.6931471805599454
thanh:1.0
vu:1.0
subject:1.0
wanted:1.0
futon:1.6931471805599454
looking:1.0
large:1.0
frame:1.0
call:1.0
495-2056:1.0
e-mail:1.0
cn.ecn:1.0
