nmohan:1.0
opal.tufts.edu:1.0
subject:1.0
sale-canon:1.0
eos:2.386294361119891
elan:2.386294361119891
outfit:1.6931471805599454
sale:1.0
canon:2.09861228866811
included:1.0
body:1.0
28-80:1.0
mm:1.6931471805599454
ef:1.6931471805599454
1:3.5-5.6:1.0
usm:1.6931471805599454
lens:2.386294361119891
100-300:1.0
1:4:1.0
5.6:1.0
2:1.0
b:1.0
w:1.0
uv:1.0
filters:1.0
hoya:1.0
circular:1.0
polarising:1.0
filter:1.0
rc-1:1.0
remote:1.0
controller:1.0
pentax:1.0
cloth:1.0
lowe:1.0
pro:1.0
camera:1.0
bag:1.6931471805599454
galen:1.0
rowell:1.0
photoflex:1.0
sapre:1.0
lithium:1.0
battery:1.0
hove:1.0
foto:1.0
bokk:1.0
user:1.0
guide:1.0
new:1.0
condition:1.0
whole:1.0
lot:1.0
800:1.0
firm:1.0
contact:1.0
david:1.0
617-227-7326:1.0
617-956-6905:1.0
please:1.0
e-mail:1.0
queries:1.0
talks:1.0
phone:1.0
