khiet:2.09861228866811
crystallizer.ecn.purdue.edu:1.0
peter:1.6931471805599454
thanh:1.0
vu:1.0
subject:1.0
wanted:1.0
airconditioner:1.0
looking:1.0
good:1.0
used:1.0
window:1.0
air:1.0
conditioner:1.0
small:1.0
one:1.0
preffered:1.0
call:1.0
495-2056:1.0
well:1.0
talk:1.0
email:1.0
cn.ecn:1.0
