doug:1.0
usergdef:1.0
um.cc.umich.edu:1.0
subject:1.0
sale:1.0
book:1.6931471805599454
life:1.0
multi-volume:1.0
set:2.09861228866811
unopened:1.0
wrong:1.0
guess:1.0
closer:1.0
800:1.0
new:1.0
probably:1.0
still:1.0
sell:1.0
implied:1.0
300:1.0
obo:1.0
email:1.6931471805599454
want:1.0
specifics:1.0
really:1.0
attractive:1.0
books:1.6931471805599454
kind:1.0
bible:1.0
encyclopedia:1.0
also:1.0
know:1.0
post:1.0
information:1.0
