pat:1.6931471805599454
wrs.com:1.6931471805599454
patrick:2.09861228866811
boylan:1.6931471805599454
subject:1.0
1985.5:1.6931471805599454
porsche:1.6931471805599454
944:1.6931471805599454
turbo:1.0
trim:1.0
spoilers:1.0
graphite:1.0
black:1.0
around:1.0
excellent:1.0
condition:1.0
removable:1.0
factory:1.0
sunroof:1.0
leather:1.0
interior:1.0
new:1.6931471805599454
a/c:1.0
timing:1.0
belt:1.0
bra:1.0
90k:1.0
miles:1.0
9900:1.0
obo:1.0
wind:1.0
river:1.0
systems:1.0
alameda:1.0
ca:1.0
