pfc:1.0
jungle.genrad.com:1.0
paul:1.0
f:1.0
cappucci:1.0
subject:1.0
seagate:1.6931471805599454
hard:1.6931471805599454
drive:1.6931471805599454
forsale:1.6931471805599454
brand:1.0
new:1.6931471805599454
never:1.0
used:1.0
st351:1.0
a/x:1.0
40meg:1.0
paid:1.0
135:1.0
includes:1.0
mounting:1.0
brackets:1.0
bought:1.0
ended:1.0
buying:1.0
computer:1.0
bro:1.0
takes:1.0
