isifisher:2.09861228866811
aol.com:2.09861228866811
subject:1.0
fax:3.5649493574615367
via:1.0
e-mail:2.09861228866811
finally:1.0
service:2.791759469228055
internet:1.6931471805599454
users:1.0
continental:1.6931471805599454
u.s:1.6931471805599454
without:1.0
prepayment:1.0
kind:1.0
provided:1.0
information:1.6931471805599454
system:1.6931471805599454
international:1.6931471805599454
based:1.0
fishers:1.0
indiana:1.0
user:1.0
credit:1.0
automatically:1.0
approved:1.0
start:1.0
sending:1.6931471805599454
faxes:1.0
right:1.0
1:2.09861228866811
send:1.6931471805599454
use:2.386294361119891
following:1.6931471805599454
format:2.9459101490553135
name:2.6094379124341005
phone:2.09861228866811
number:2.386294361119891
mailing:1.0
address:2.09861228866811
recipients:1.6931471805599454
company:1.6931471805599454
recipient:1.0
optional:1.0
content:1.0
sent:1.6931471805599454
within:1.0
24:1.0
hours:1.0
every:1.0
include:2.09861228866811
standard:1.0
cover:1.6931471805599454
sheet:1.6931471805599454
free:1.6931471805599454
charge:1.0
contains:1.0
2:2.09861228866811
3:1.6931471805599454
4:1.6931471805599454
upon:1.6931471805599454
receipt:1.0
record:1.0
important:1.0
first:2.386294361119891
time:1.6931471805599454
must:1.0
paragraph:1.0
beginning:1.0
hereby:1.0
authorize:1.0
open:1.6931471805599454
account:1.6931471805599454
agree:1.0
pay:1.6931471805599454
charges:1.0
incurred:1.0
receiving:1.0
monthly:1.0
bill:1.0
acceptable:1.6931471805599454
plain:1.6931471805599454
ascii:1.6931471805599454
rich:1.0
text:1.6931471805599454
rtf:2.09861228866811
times:1.0
new:1.0
roman:1.0
fonts:1.0
12-point:1.0
size:1.0
used:1.0
document:1.6931471805599454
appear:1.6931471805599454
exactly:1.0
would:1.0
local:1.0
laser:1.0
printer:1.0
almost:1.0
word:1.0
processing:1.0
software:1.0
pc:1.0
mackintosh:1.0
sun:1.0
workstation:1.0
etc:1.0
save:1.6931471805599454
billed:1.0
month:1.0
balance:1.6931471805599454
50.00:1.0
whichever:1.0
comes:1.0
cost:1.6931471805599454
excluding:1.0
hawaii:1.0
alaska:1.0
1.50:1.0
page:1.6931471805599454
0.75:1.0
additional:1.0
plan:1.0
entire:1.0
posted:1.0
