hans:1.6931471805599454
meyer:1.6931471805599454
hmmeyer:1.0
silver.ucs.indiana.edu:1.0
subject:1.0
logitech:1.6931471805599454
scanman:1.0
256:1.6931471805599454
would:1.0
like:1.0
sell:1.0
hand-held:1.0
gray:1.0
scale:1.0
scanner:1.0
originally:1.6931471805599454
bought:1.6931471805599454
toy:1.0
practical:1.0
use:1.0
hardly:1.0
ever:1.0
used:1.0
package:1.0
includes:1.0
board:1.0
scan-mate:1.0
software:1.6931471805599454
ansel:1.0
image:1.0
editing:1.0
original:1.0
manuals:1.0
box:1.0
etc:1.0
350:1.0
jan:1.0
92:1.0
selling:1.0
150:1.0
interested:1.0
let:1.0
know:1.0
