subject:1.0
price:1.6931471805599454
quote:1.0
wanted:1.0
sam.halperin:2.09861228866811
cccbbs.uucp:1.0
sam:1.0
halperin:1.0
cccbbs.uceng:1.6931471805599454
486:1.0
dx:1.0
50:1.0
mhz:1.0
zero:1.0
insertion:1.0
force:1.0
socket:1.6931471805599454
empty:1.0
over-drive:1.0
eisa:2.09861228866811
motherboard:1.6931471805599454
256k:1.0
cache:1.6931471805599454
2:2.791759469228055
32:2.09861228866811
bit:2.386294361119891
slots:2.09861228866811
vesa:1.6931471805599454
local:1.6931471805599454
bus:1.6931471805599454
4:1.0
16:1.0
isa:1.0
8:1.6931471805599454
mb:1.0
70ns:1.0
ram:1.0
simms:1.0
sockets:1.6931471805599454
filled:1.0
1mb:1.0
strips:1.0
0:1.0
open:1.0
ide:1.6931471805599454
hard:2.09861228866811
drive:2.09861228866811
controller:1.0
330:1.0
meg:1.0
disk:1.0
w:1.6931471805599454
64k:1.0
12ms:1.0
diamond:1.0
viper:1.0
weitek:1.0
9000:1.0
graphics:1.0
card:1.0
2mb:1.0
15:1.0
mag:1.0
mx15f:1.0
monitor:1.0
serial:1.6931471805599454
ns16550afn:1.0
uart:1.0
1:1.6931471805599454
parralell:1.0
game:1.0
ports:1.0
full:1.0
tower:1.0
case:1.0
250:1.0
watt:1.0
power:1.0
supply:1.0
5:1.0
x:2.09861228866811
5.25:1.6931471805599454
bays:2.09861228866811
3.5:1.6931471805599454
1.2mb:1.0
1.33mb:1.0
floppy:1.0
drives:1.0
enhanced:1.0
101:1.0
key:1.0
keyboard:1.0
hi-resolution:1.0
400:1.0
dpi:1.0
mouse:1.0
ms:1.6931471805599454
dos:1.0
5.0:1.0
windows:1.0
3.1:1.0
newer:1.0
ami:1.0
bios:1.0
joint:1.0
data:1.0
30:1.0
day:1.0
money:1.0
back:1.0
gaurantee:1.0
unconditional:1.0
year:1.6931471805599454
parts:1.0
warranty:1.6931471805599454
lifetime:1.0
labor:1.0
one:1.0
nationwide:1.0
site:1.0
service:1.0
system:1.0
currently:1.0
availble:1.0
comtrade:1.0
company:1.0
highest:1.0
dell:1.0
gateway:1.0
ibm:1.0
awards:1.0
recent:1.0
pc:1.0
magazine:1.0
reviews:1.0
must:1.0
highly:1.0
competitive:1.0
without:1.0
sacrificing:1.0
quality:1.0
standards:1.0
listed:1.0
please:1.0
respond:1.0
via:1.0
e-mail:1.0
