jmilhoan:1.0
magnus.acs.ohio-state.edu:1.0
jt:1.0
subject:1.0
custom:2.09861228866811
resume:2.09861228866811
disk:2.09861228866811
article:1.0
0fk=zhq00uh_88eb0u:1.0
andrew.cmu.edu:1.6931471805599454
tami:1.0
grudzinski:1.0
tg2n:1.0
writes:1.0
macintosh:1.0
ibm:1.0
compatible:1.0
never:1.0
pay:1.0
high:1.0
cost:1.0
copy:1.0
service:1.0
completely:1.0
develop:1.0
format:1.0
package:1.0
mail:1.0
blah:2.09861228866811
deleted:1.0
whos:1.0
carnegie:1.0
mellon:1.0
