dietrijj:1.6931471805599454
mentor.cc.purdue.edu:1.6931471805599454
subject:1.0
delay/sampler:1.0
hey:1.0
interested:1.0
buying:1.0
digital:1.0
delay:1.0
pedal:1.6931471805599454
preferably:1.0
capable:1.0
sampling:1.0
infinite:1.0
repeat:1.0
youre:1.0
familiar:1.0
phil:1.0
keaggy:1.0
want:1.0
mimic:1.0
least:1.0
close:1.0
possible:1.0
concert:1.0
i.e:1.0
click:1.6931471805599454
play:1.0
something:1.0
played:1.0
clicks:1.0
repeats:1.0
infinitely:1.0
playes:1.0
leads:1.0
anyway:1.0
let:1.0
know:1.0
jasondietrijj:1.0
