jlange:1.6931471805599454
radian:1.6931471805599454
natinst.com:1.0
john:1.6931471805599454
lange:1.6931471805599454
subject:1.0
wanted:1.0
used:1.0
audio:1.6931471805599454
mixer:2.09861228866811
im:1.0
looking:1.0
used/inexpensive:1.0
need:1.0
least:1.6931471805599454
4:1.0
channels:1.6931471805599454
stereo:1.6931471805599454
input:1.6931471805599454
1:1.0
channel:1.6931471805599454
output:1.0
would:1.0
prefer:1.0
8:1.0
needs:1.6931471805599454
volume:1.0
control:1.0
ill:1.0
consider:1.0
buying:1.0
broken:1.0
equipment:1.0
fairly:1.0
small:1.0
havent:1.0
got:1.0
lot:1.0
space:1.0
zippy.radian.com:1.0
corp:1.0
512:1.0
454-4797:1.0
box:1.0
201088:1.0
austin:1.0
tx:1.0
78720-1088:1.0
