suresh:2.791759469228055
pa.dec.com:2.09861228866811
balasubramanian:1.6931471805599454
subject:1.0
twin:1.6931471805599454
size:1.6931471805599454
mattress/boxsprng/frame:1.0
sale:1.6931471805599454
75:1.6931471805599454
mattress:1.6931471805599454
box:1.0
spring:1.0
frame:1.0
medico-pedic:1.0
type:1.0
excellent:1.0
condition:1.0
2:1.0
yrs:1.0
old:1.0
well:1.0
maintained:1.0
come:1.0
pick:1.0
stuff:1.0
located:1.0
paloalto:1.0
asking:1.0
contact:1.0
415:2.09861228866811
617-3522:1.6931471805599454
w:1.0
324-9553:1.0
h:1.0
e-mail:1.0
n_n_|dd:1.0
digital:1.0
equipment:1.0
corp:1.0
