jb:1.0
access.digex.com:1.0
john:1.6931471805599454
baker:1.6931471805599454
subject:1.0
sale:1.0
u.s:1.6931471805599454
robotics:1.6931471805599454
2400:1.0
baud:1.6931471805599454
modem:1.6931471805599454
25/obo:1.0
upgrading:1.0
computer:1.0
systems:1.0
fax:1.6931471805599454
modems:1.6931471805599454
selling:1.0
2:1.0
2400/1200/300:1.0
usr:1.0
without:1.0
error:1.0
correction:1.0
one:1.0
internal:1.0
25:1.0
external:1.0
30:1.0
highest:1.0
rated:1.0
manufacturer:1.0
add:1.0
4:1.0
shipping:1.0
pick:1.0
washington:1.0
dc:1.0
area:1.0
offers:1.0
welcome:1.0
would:1.0
trade:1.0
either:1.0
1x3x70ns:1.0
simm:1.0
