hickson:1.6931471805599454
pop.psu.edu:1.0
darryl:1.0
subject:1.0
16:1.6931471805599454
space:1.6931471805599454
rack:2.09861228866811
sale:1.6931471805599454
lower:1.0
price:1.0
posting:1.0
message:1.0
friend:1.0
mine:1.0
computer:1.0
account:1.0
questions:1.0
please:1.0
call:1.0
dan:1.0
814:1.0
238-1804:1.0
equipment:1.0
eia:1.0
19:1.0
carpet:1.0
covered:1.0
wheels:1.0
125:1.0
shipping:1.0
