fields:2.386294361119891
cis.ohio-state.edu:1.6931471805599454
jonathan:1.6931471805599454
david:1.0
subject:1.0
misc:1.6931471805599454
stuff:1.0
sale:1.6931471805599454
items:1.0
walkman:1.0
aiwa:1.0
model:1.6931471805599454
hs-t30:1.0
1:1.0
year:1.0
old:1.0
mint:1.0
condition:2.9459101490553135
hardly:1.0
used:2.09861228866811
autoreverse:1.6931471805599454
3:1.0
band:1.0
equalizer:1.0
super:1.6931471805599454
bass:1.0
dolby:1.0
noise:1.0
reduction:1.0
fm:2.09861228866811
tuner:1.0
paid:2.386294361119891
70:1.0
asking:3.1972245773362196
40+shipping:1.6931471805599454
mount:1.0
plate:1.6931471805599454
sony:2.09861228866811
cpm-203p:1.0
mounting:1.0
portable:2.09861228866811
cd:2.09861228866811
players:1.0
plugs:1.0
car:2.791759469228055
lighter:1.0
snaps:1.0
onto:1.0
bottom:1.0
player:1.6931471805599454
perfect:1.0
also:1.0
throw:1.0
cassette:2.09861228866811
adapter:1.0
45:1.0
30+shipping:1.0
factory:1.6931471805599454
stereo:1.6931471805599454
toyota:1.6931471805599454
radio:1.0
deck:1.0
digital:1.0
tuning:1.0
like:1.0
new:1.6931471805599454
6:1.0
months:1.6931471805599454
60+shipping:1.6931471805599454
speakers:2.09861228866811
sherwood:1.0
5:1.6931471805599454
1/4:1.6931471805599454
two:1.0
way:1.0
7:1.0
inch:1.6931471805599454
excellent:1.6931471805599454
65:1.0
4:1.6931471805599454
20+shipping:1.6931471805599454
nintendo:1.6931471805599454
game:1.0
boy:1.6931471805599454
light:1.0
tetris:1.0
mario:1.0
land:1.0
gameboy:1.0
nfl:1.0
football:1.0
castlevania:1.0
adventure:1.0
hyper:1.0
lode:1.0
runner:1.0
years:1.0
games:1.0
oldall:1.0
working:1.0
70+shipping:1.6931471805599454
accessories:1.0
whole:1.6931471805599454
internet:2.09861228866811
users:1.0
guide:1.6931471805599454
catalog:1.0
ed:1.0
krol:1.0
book:1.0
using:1.0
fing:1.0
information:1.0
resources:1.0
30:1.0
microsoft:1.6931471805599454
never:1.6931471805599454
came:1.6931471805599454
computer:1.6931471805599454
visual:1.0
basic:1.0
windows:1.0
quick:1.0
c:1.0
sells:1.0
student:1.0
edition:1.0
95:1.0
please:1.0
resond:1.0
thanks:1.0
