mace:1.6931471805599454
kilowatt.uucp:1.0
subject:1.0
intel:1.6931471805599454
96oo:1.6931471805599454
ex:1.0
modem:1.6931471805599454
sale:1.0
baud:1.0
external:1.0
v32/v42bis:1.0
good:1.0
working:1.0
condition:1.0
never:1.0
problems:1.0
160:1.0
obo:1.0
leave:1.0
daytime:1.0
number:1.0
fastest:1.0
response:1.0
kilowatt:1.0
bbs:1.0
deer:1.0
park:1.0
li:1.0
ny:1.0
