clim:1.6931471805599454
cis.ohio-state.edu:1.6931471805599454
chia-fang:1.0
lim:1.0
subject:1.0
vacation:2.386294361119891
hi:1.0
netters:1.0
following:1.0
packages:1.0
sale:1.0
1:1.6931471805599454
bahamas:1.6931471805599454
2:2.386294361119891
round:1.6931471805599454
trip:1.6931471805599454
tickets:1.0
freeport:1.0
grand:1.0
double:1.0
occupancy:1.0
hotel:1.6931471805599454
accomodation:1.6931471805599454
27:1.0
per:1.6931471805599454
person:1.0
night:1.0
orlando:1.0
florida:1.0
las:1.0
vegas:1.0
reno:1.0
lake:1.0
tahoe:1.0
one:1.0
airline:1.0
ticket:1.0
major:1.0
us:1.0
airports:1.0
3:1.6931471805599454
mentioned:1.0
destinations:1.0
people:1.0
days:1.0
nights:1.0
interested:1.0
drop:1.0
mail:1.0
