pcwood:1.6931471805599454
astro.ocis.temple.edu:1.6931471805599454
paul:1.6931471805599454
wood:1.6931471805599454
subject:1.6931471805599454
forsale:1.6931471805599454
genesis:1.0
games:2.09861228866811
kelvin:1.0
williams:1.0
kwill:1.6931471805599454
lunatix.uucp:1.6931471805599454
wrote:1.0
trade:1.0
sonic:1.6931471805599454
hedgehog:1.0
ii:1.6931471805599454
two:1.0
copies:1.0
manuals:1.0
cases:1.0
25:1.0
brand:1.0
new:1.0
hello:1.0
interested:1.0
send:1.0
address:1.0
get:1.0
mail:1.0
bounced:1.0
back:1.0
host:1.0
unknow:1.0
error:1.0
please:1.0
reply:1.0
