kohli:2.09861228866811
ecs.umass.edu:1.6931471805599454
subject:1.0
mazda:1.6931471805599454
glc:1.6931471805599454
sale:1.0
want:1.0
sell:1.0
1980:1.0
300:1.0
b.o:1.0
excellent:1.0
working:1.0
condition:1.0
passed:1.0
inspection:1.0
sun:1.0
roof:1.0
marks:1.0
body:1.0
contact:1.0
soon:1.0
413_549-4738:1.0
