delliott:1.6931471805599454
access.digex.com:1.0
david:1.0
n:1.0
elliott:1.6931471805599454
subject:1.0
computer:1.0
stuff:1.0
sale:1.6931471805599454
baltimore:1.0
dc:1.0
area:1.0
one:2.386294361119891
mac:1.0
2x:1.0
8/80:1.0
radius:1.0
24:1.0
bit:1.0
color:2.09861228866811
dual:1.0
page:1.0
display:1.0
adapter:1.0
microtek:1.0
300z:1.0
scanner:1.0
qms:1.0
colorscript:1.0
10:1.0
postscript:1.0
printer:1.0
2400:1.0
baud:1.6931471805599454
modem:1.6931471805599454
dyanfile:1.0
360:1.0
k:1.0
1.2meg:1.0
floppies:1.0
30:1.0
software:1.0
packages:1.0
including:1.0
pagemaker:1.0
quark:1.0
express:1.0
style:1.0
photoshop:1.0
etc:1.0
7000:1.0
obo:2.09861228866811
compaq:2.386294361119891
lte:1.0
286:1.6931471805599454
internal:1.0
1.5:1.0
meg:2.09861228866811
ram:1.6931471805599454
20:1.6931471805599454
hard:1.6931471805599454
drive:1.6931471805599454
750:1.0
slt:1.0
5:1.0
40:1.0
950:1.0
386n:1.0
motherboard:1.0
make:1.6931471805599454
offer:2.09861228866811
returned:1.0
service:1.0
six:1.0
muxes:1.0
9600:1.0
modems:1.0
built:1.0
s-100:1.0
cpu:1.0
multi-user:1.0
turbodos:1.0
system:1.0
contact:1.0
703:1.0
329-7773:1.0
office:1.0
410:1.0
992-1734:1.0
home:1.0
digex.com:1.0
internet:1.0
