casu:1.0
magnus.acs.ohio-state.edu:1.0
ching:1.0
tzu:1.0
andrea:1.0
su:1.6931471805599454
subject:1.0
software:2.386294361119891
unlimited:1.6931471805599454
sorry:1.0
waste:1.0
bandwidth:1.0
anyone:1.0
know:2.09861228866811
mail:1.0
order:1.0
company:1.0
called:1.0
ordered:1.0
charged:1.0
credit:1.0
card:1.0
never:1.0
send:1.0
package:1.0
call:1.0
many:1.0
times:1.0
nobody:1.0
answer:1.0
phone:1.0
also:1.0
check:1.0
computer:1.0
shoppers:1.0
found:1.0
dont:1.0
advertise:1.0
anymore:1.0
still:1.0
business:1.0
contact:1.0
please:1.0
tell:1.0
thank:1.0
much:1.0
ching-tze:1.0
