subject:1.0
wanted:1.0
summer:2.09861228866811
sublease:1.6931471805599454
washington:1.6931471805599454
dc:1.6931471805599454
kimgh:1.6931471805599454
mentor.cc.purdue.edu:1.6931471805599454
gene:1.6931471805599454
kim:1.0
ill:1.6931471805599454
spending:1.0
working:1.0
bowie:1.0
md:1.0
anyone:1.0
theyd:1.0
like:1.0
unload:1.0
area:1.0
may:1.0
7:1.0
august:1.0
20:1.0
please:1.0
mail:1.0
pertinent:1.0
info:1.0
thanks:1.0
advance:1.0
