walljm:1.0
sage.cc.purdue.edu:1.0
joe:1.0
wall:1.6931471805599454
subject:1.0
incredible:1.6931471805599454
car:1.0
price:1.0
brother:1.0
preparing:1.0
pay:1.0
another:1.0
year:1.0
college:1.0
expenses:1.0
asked:1.0
post:1.0
1987:1.0
alfa:1.0
romeo:1.0
gold:1.0
milano:1.0
model:1.0
v-6:1.0
engine:1.0
power:1.0
everything:1.0
seats:1.0
4:1.0
comfortably:1.0
looks:1.0
runs:1.0
great:1.0
3,600:1.0
o.b.o:1.0
contact:1.0
brian:1.0
214:1.0
393-1216:1.0
interested:1.0
dallas:1.0
area:1.0
