gt9605a:1.6931471805599454
prism.gatech.edu:1.6931471805599454
arlo:1.6931471805599454
james:1.0
aude:1.6931471805599454
subject:1.0
2-18:1.0
altec:1.0
lansing:1.0
subwoofers:1.0
sale:1.0
250:1.0
headline:1.0
says:1.0
oh:1.6931471805599454
god:1.6931471805599454
hope:1.6931471805599454
works:1.6931471805599454
damn:1.0
know:1.0
rf:1.0
stood:1.0
rarely:1.0
functional:1.0
georgia:1.6931471805599454
institute:1.0
technology:1.0
atlanta:1.0
30332:1.0
internet:1.0
