yb025:1.6931471805599454
uafhp..uark.edu:1.0
john:1.0
schiefer:1.0
subject:1.0
engagement:1.6931471805599454
ring:1.6931471805599454
give:1.0
diamond:1.6931471805599454
14k:1.0
gold:1.0
band:1.0
33point:1.0
appraised:1.0
1900:1.0
dollars:1.6931471805599454
sell:1.0
600:1.0
appraisal:1.0
available:1.0
upon:1.0
request:1.0
send:1.0
e-mail:1.0
uafhp.uark.edu:1.0
