tran:1.6931471805599454
f18sunn.nwc.navy.mil:1.0
tri:1.6931471805599454
subject:1.0
info:2.09861228866811
ultrastor:1.6931471805599454
hd:1.0
controller:1.6931471805599454
wanted:1.0
hi:1.0
netters:1.0
anyone:1.0
know:1.0
line:1.0
im:1.6931471805599454
especially:1.0
interested:1.0
14f:1.0
34f:1.0
scsi:1.0
controllers:1.0
please:1.0
email:1.0
asap:1.0
building:1.0
system:1.0
thats:1.0
one:1.0
conponents:1.0
missing:1.0
thanks:1.0
