yb025:1.6931471805599454
uafhp..uark.edu:1.0
john:1.6931471805599454
schiefer:1.6931471805599454
subject:1.0
food:1.6931471805599454
coupons:2.791759469228055
looking:1.0
save:1.0
money:2.386294361119891
man:1.0
mail:1.6931471805599454
5:1.0
2.50:1.0
get:1.6931471805599454
twice:1.0
dollar:1.6931471805599454
amount:1.0
15:1.0
30:1.0
dollars:1.0
sounds:1.0
like:1.0
great:1.0
deal:1.0
well:2.09861228866811
send:2.386294361119891
sase:1.0
766:1.0
s.elizabeth:1.0
st:1.0
salt:1.0
lake:1.0
city:1.0
utah:1.0
84102:1.0
enclose:1.0
form:1.0
order:1.0
personally:1.0
would:1.0
trust:1.6931471805599454
person:1.0
sent:1.0
let:1.0
earn:1.0
1:1.0
ill:1.0
2:1.0
store:1.0
talk:1.0
e-mail:1.0
enquiries:1.0
uafhp.uark.edu:1.0
thank:1.0
