holmertz:2.09861228866811
ike.navo.navy.mil:1.0
steve:1.0
subject:1.0
parametric:1.6931471805599454
eq:1.6931471805599454
car:1.6931471805599454
hifonics:1.0
ceres:1.0
3-band:1.0
equalizer:1.0
specs:3-bands:1.0
1:1.0
40-640hz:1.0
2:1.0
100hz-3khz:1.0
3:1.6931471805599454
500hz-16khz:1.0
boost/cut:1.0
20db:1.0
thd:1.0
less:1.0
0.02:1.0
size:1.0
wxhxd:1.0
190mmx53mmx120mm:1.0
three:1.0
variable:2.09861228866811
bands:1.0
indicated:1.0
q:1.0
also:1.0
subwoofer:1.0
output:1.0
cutoff:1.0
frequency:1.0
originally:1.0
paid:1.0
129:1.0
unit:1.0
used:1.0
months:1.0
selling:1.0
excellent:1.0
condition:1.0
wiring:1.0
hardware:1.0
intact:1.0
manual:1.0
original:1.0
box:1.0
asking:1.0
price:1.0
75:1.0
pops.navo.navy.mil:1.0
