konrad:2.09861228866811
intacc.uucp:1.0
skreta:1.0
subject:1.0
macintosh:1.6931471805599454
ii:1.6931471805599454
cx:1.6931471805599454
sale:1.6931471805599454
40:1.0
mb:1.6931471805599454
hd:1.0
8:1.0
ram:1.0
19:1.0
monochrome:1.0
monitor:1.0
ikegami:1.0
asking:1.0
3,000:1.0
reasonable:1.0
best:1.0
offer:1.0
rejected:1.0
contact:1.0
416:1.0
365-0564m:1.0
mon-frii:1.0
9-5:1.0
