fuzzy:1.0
hardy.u.washington.edu:1.0
peifeng:1.0
xu:1.0
subject:1.0
answering:2.09861228866811
machine:2.09861228866811
phone:2.09861228866811
panasonic:1.0
looks:1.0
like:1.0
brand:1.0
new:1.0
basic:1.0
function:1.6931471805599454
8:1.0
number:1.0
memory:1.0
recall:1.0
1:1.0
year:1.0
old:1.0
asking:1.0
45.00:1.0
interest:1.0
please:1.0
call:1.0
206-720-1089:1.0
alex:1.0
choe:1.0
