craig.landgraf:1.0
f88.n106.z1.fidonet.org:1.0
craig:1.6931471805599454
landgraf:2.09861228866811
subject:1.0
new:1.6931471805599454
cd-disks:1.6931471805599454
cd-disk:1.0
users:1.0
commercial:1.0
ad:1.0
alot:1.0
cdrom:1.0
interested:1.0
purchasing:1.0
disks:1.0
please:1.0
download:1.6931471805599454
list:2.386294361119891
mentioned:1.0
cd:1.0
night:1.0
owls:1.0
v8.0:1.0
35.00:1.0
file:1.0
cdromcat.zip:1.0
freq:1.0
magic:1.0
name:1.0
catalog:1.0
buckwheats:1.0
pleasure:1.0
dome:1.0
713-855-1701:1.0
internet/usenet:1.0
p2.f88.n106.z1.fidonet.org:1.0
podnet:1.0
93:9008/5:1.0
fidonet:1.0
1:106/88.1:1.0
itcnet:1.0
85:841/803:1.0
kinknet:1.0
69:1700/3:1.0
sganet:1.0
30:301/0:1.0
bbs:1.0
number:1.0
713:1.0
855-1701:1.0
p.s:1.0
send:1.0
email:1.0
home:1.0
address:1.0
mail:1.0
house:1.0
12:1.0
pages:1.0
long:1.0
computer:1.0
call:1.0
get:1.0
faster:1.0
