reidg:1.6931471805599454
pacs.pha.pa.us:1.6931471805599454
reid:1.6931471805599454
goldsborough:1.6931471805599454
subject:1.0
word:2.791759469228055
processing:2.09861228866811
utilities:2.09861228866811
sale:3.4849066497880004
include:1.0
complete:1.0
printed:1.0
manuals:1.0
registration:1.0
cards:1.0
need:1.0
get:1.0
rid:1.0
excess:1.0
theyre:1.0
latest:1.0
versions:1.0
ive:1.0
priced:1.0
programs:1.6931471805599454
less:2.09861228866811
half:1.0
list:3.4849066497880004
price:1.6931471805599454
significantly:1.0
cheapest:1.0
mail-order:1.0
around:1.0
grammatik:1.6931471805599454
5:1.6931471805599454
windows:2.9459101490553135
top-rated:1.6931471805599454
grammar:3.1972245773362196
checker:2.6094379124341005
helps:1.6931471805599454
improve:1.6931471805599454
writing:2.386294361119891
correcting:1.6931471805599454
usage:2.09861228866811
mistakes:1.6931471805599454
owned:1.6931471805599454
wordperfect:1.6931471805599454
99:2.09861228866811
45:2.09861228866811
dos:2.386294361119891
correct:2.386294361119891
2.0:1.6931471805599454
top-notch:1.6931471805599454
wordstar:2.09861228866811
119:2.386294361119891
4.0:1.0
40:1.0
1.0:2.09861228866811
online:2.386294361119891
manual:1.0
tips:1.0
use:2.09861228866811
punctuation:1.0
capitalization:1.0
compound:1.0
words:1.6931471805599454
numerals:1.0
bibliographies:1.0
footnotes:1.0
59:1.6931471805599454
25:1.6931471805599454
random:2.09861228866811
house:2.09861228866811
websters:1.6931471805599454
electronic:1.6931471805599454
dictionary:2.386294361119891
thesaurus:2.6094379124341005
unlike:1.0
spell:1.0
checkers:1.0
provides:1.0
definitions:1.6931471805599454
youre:1.6931471805599454
sure:1.0
meaning:1.0
also:1.0
larger:1.0
processors:1.0
finding:1.0
right:1.0
55:2.09861228866811
1.2:1.0
functionality:1.0
version:1.0
finder:1.0
plus:1.0
huge:1.0
one:1.6931471805599454
million:1.0
synonyms:1.0
encyclopedia:2.386294361119891
1.02:1.0
without:1.0
needing:1.0
cd-rom:1.0
drive:1.0
easier:1.0
expensive:1.0
book-based:1.0
takes:1.0
5.5:1.0
mb:1.0
hard:1.0
disk:1.0
space:1.0
headliner:1.0
1.5:1.0
dos-based:1.0
database:1.0
great:2.09861228866811
advertising:1.6931471805599454
headlines:1.0
proverbs:1.0
idioms:1.0
song:1.0
titles:1.6931471805599454
movie:1.0
copywriters:1.0
newspaper:1.0
editors:1.0
others:1.0
trying:1.0
come:1.0
catchy:1.0
phrases:1.0
195:1.0
90:1.0
writers:1.0
toolkit:1.0
amazing:1.0
collection:1.0
seven:1.0
different:1.0
package:1.6931471805599454
includes:1.0
quotations:1.0
abbreviations:1.0
guide:1.0
129:1.0
65:1.0
interested:1.0
please:1.0
phone:1.0
215-885-7446:1.0
philadelphia:1.0
ill:1.0
save:1.0
