murli:2.791759469228055
bobcat.ent.ohiou.edu:1.6931471805599454
ramakrishnan:1.0
ise:1.0
subject:1.0
zeos:2.386294361119891
daughterboard:2.09861228866811
upgradeable:1.0
386/25:2.09861228866811
sale/trade:1.0
hi:1.0
folks:1.0
daughter:1.0
board:1.0
want:1.0
upgrade:1.0
486/25:1.6931471805599454
33:1.0
send:1.0
mail:1.6931471805599454
offer:1.0
1:1.0
selling:1.0
486/33:1.0
2:1.0
willing:1.0
buy:1.0
thanks:1.0
ram:1.0
cubix.ent.ohiou.edu:1.0
next:1.0
ohio:1.0
university:1.0
athens:1.0
