fierro:2.386294361119891
uts.amdahl.com:1.6931471805599454
doug:1.6931471805599454
subject:1.0
squaw:1.6931471805599454
lift:1.6931471805599454
tickets:2.09861228866811
available:1.0
32:1.0
posting:1.0
friend:1.0
interested:1.0
parties:1.0
call:1.0
john:1.0
408:1.6931471805599454
522-1904:1.0
information:1.0
three:1.0
good:1.0
anytime:1.0
season:1.0
valley:1.0
ski:1.0
resort:1.0
uts:1.0
system:1.0
software:1.0
case:1.0
tools:1.0
development:1.0
746-7102:1.0
