spooge:1.6931471805599454
carson.u.washington.edu:1.0
jeff:1.0
barrett:1.0
subject:1.0
printer:1.0
paper:1.6931471805599454
tray:1.6931471805599454
hewlett-packard:1.0
laserjet:1.0
series:1.0
ii:1.0
sale:1.0
letter:1.0
size:1.0
8.5:1.0
11:1.0
brand:1.0
new:1.6931471805599454
box:1.0
never:1.0
used:1.0
im:1.0
asking:1.0
40.00:1.0
bought:1.0
ballard:1.0
computer:1.0
65.95:1.0
please:1.0
reply:1.0
jeffo:1.0
u.washington.edu:1.0
206:1.0
543-0340:1.0
