broder:1.6931471805599454
src.dec.com:1.0
andrei:1.6931471805599454
subject:1.0
squaw:1.0
lift:1.6931471805599454
tickets:1.6931471805599454
available:1.0
32:1.0
midweek:1.0
34:1.0
25:1.0
starting:1.0
last:1.0
week:1.6931471805599454
april:1.0
maybe:1.0
first:1.0
may:1.0
way:1.0
current:1.0
conditions:1.0
apr:1.0
12-13:1.0
great:1.0
spring:1.0
skiing:1.0
excellent:1.0
coverage:1.0
stuff:1.0
open:1.0
lines:1.0
