jaredjma:1.6931471805599454
mentor.cc.purdue.edu:1.6931471805599454
jared:1.6931471805599454
j:1.0
martin:1.6931471805599454
subject:1.0
mother:1.0
board:1.0
sale:2.09861228866811
486:1.0
dx/33:1.0
motherboard:1.0
excellent:1.0
condition:1.0
less:1.0
one:1.0
year:1.0
old:1.0
64k:1.0
cache:1.0
expandable:1.6931471805599454
256k:1.0
ram:1.0
32mb:1.0
ami:1.0
bios:1.0
need:1.0
sell:1.0
upgrading:1.0
asking:1.0
600.00:1.0
neg:1.0
contact:1.0
49-54566:1.0
email:1.0
