chenmin:2.09861228866811
sage.cc.purdue.edu:1.6931471805599454
zhang:1.0
subject:1.0
cheap:1.6931471805599454
airline:1.6931471805599454
ticket:1.6931471805599454
l.a:1.6931471805599454
wanted:1.6931471805599454
april:1.0
21:1.0
tuesday:1.0
indi:1.0
chicago:1.0
return:1.0
10:1.0
14:1.0
days:1.0
please:1.0
phone:1.0
317:1.0
743:1.0
6985:1.0
mail:1.0
