thssgkg:1.6931471805599454
iitmax.iit.edu:1.6931471805599454
gulshan:1.6931471805599454
k:1.0
garg:1.6931471805599454
subject:1.0
fax:1.6931471805599454
modem:1.6931471805599454
card:1.6931471805599454
wanted:1.0
looking:1.0
inexpensive:1.0
pc:1.0
one:1.0
sell:1.0
please:1.0
e-mail:1.0
312/942-1977:1.0
h:1.0
