minh:2.6094379124341005
bigwpi.wpi.edu:1.0
anh:1.0
pham:1.6931471805599454
subject:1.0
sipps:2.9459101490553135
memory:1.6931471805599454
forsale:1.0
sale:1.6931471805599454
16:1.0
upgraded:1.0
systems:1.0
dont:1.0
need:1.0
11:1.0
256x9:1.6931471805599454
70ns:1.0
5:1.0
80ns:1.0
4:1.6931471805599454
meg:1.6931471805599454
total:1.0
110:1.0
1:1.0
27:1.0
note:1.0
gernally:1.0
expensive:1.0
simms:1.0
good:1.0
working:1.0
condition:1.0
buyer:1.0
pay:1.0
shipping/handling:1.0
interested:1.0
reply:1.0
wpi.wpi.edu:1.6931471805599454
e-mail:1.0
worcester:1.0
polytechnical:1.0
institute:1.0
