aboyko:1.6931471805599454
dixie.com:1.6931471805599454
andrew:1.6931471805599454
boyko:1.6931471805599454
subject:1.0
sega:1.6931471805599454
genesis:1.6931471805599454
sale:1.0
w/sonic:1.0
1/2:1.0
4:1.0
month:1.0
old:1.0
barely:1.0
used:1.0
one:1.0
controller:1.0
original:1.0
box:1.0
sonics:1.0
1:1.0
2:1.0
130:1.0
gets:1.0
whole:1.0
bundle:1.0
shipped:1.0
turns:1.0
theyre:1.6931471805599454
addictive:1.0
anyway:1.0
mail:1.0
youre:1.0
interested:1.0
marvel:1.0
modern:1.0
technology:1.0
