hsb:1.0
philabs.philips.com:1.0
hemant:1.6931471805599454
betrabet:1.6931471805599454
subject:1.0
moving:1.0
sale:1.6931471805599454
dining:1.6931471805599454
table:1.6931471805599454
wooden:1.0
6:1.0
chairs:1.0
125:1.0
scandinavian:1.0
style:1.0
30:1.0
steel:1.0
desk:1.0
free:1.0
interested:1.0
please:1.0
call:1.0
6431:1.0
