alai:1.0
balboa.eng.uci.edu:1.0
anthony:1.6931471805599454
lai:1.6931471805599454
subject:1.0
sale:1.6931471805599454
3:1.6931471805599454
software:2.386294361119891
packages:1.6931471805599454
pcanywhere:1.6931471805599454
antivirus:1.6931471805599454
deltagraph:1.6931471805599454
hello:1.0
three:1.0
1:1.0
norton:1.6931471805599454
version:1.6931471805599454
4.5:1.0
dos:2.09861228866811
include:1.0
host:1.0
remote:1.0
control:1.0
windows:2.09861228866811
3.1:1.6931471805599454
standard:1.0
enhanced:1.0
modes:1.0
activities:1.0
registration:2.09861228866811
card:2.09861228866811
enclosed:2.09861228866811
price:2.386294361119891
40.00:1.6931471805599454
2:1.0
2.1:1.0
update:1.0
virus:1.0
information:1.0
time:1.0
also:1.0
support:1.0
networks:1.0
professional:1.0
best:1.0
graphics:1.0
presentation:1.0
program:1.0
ever:1.0
seen:1.0
reg:1.0
495.00:1.0
150.00:1.0
thank:1.0
attention:1.0
