thssjxy:1.6931471805599454
iitmax.iit.edu:1.0
smile:1.0
subject:1.0
forsale:1.0
used:1.0
guitar:1.6931471805599454
amp:1.0
two:1.6931471805599454
years:1.0
old:1.0
crate:1.0
amplifier:1.0
model:1.0
g80xl:1.0
handles:1.0
upto:1.0
80:1.0
watts:1.0
dual:1.0
input:1.0
channels:1.0
reverb:1.0
three:1.0
band:1.0
eq:1.0
distortion:1.0
asking:1.0
150:1.0
send:1.0
mail:1.0
iitmax.acc.iit.edu:1.0
interested:1.0
prices:1.0
maybe:1.0
negotiable:1.0
