bigjoe:1.0
netcom.com:1.0
g:1.0
perry:1.0
subject:1.0
1956:2.09861228866811
elvis:2.09861228866811
autograph:1.6931471805599454
friend:1.6931471805599454
requested:1.0
post:1.0
following:1.6931471805599454
sale:1.0
prestly:1.0
autogaph:1.0
one:1.0
two:1.0
othere:1.0
elviss:1.0
red:1.0
west:1.0
obtained:1.0
seller:1.0
spring:1.0
jacksonville:1.6931471805599454
fla:1.0
afternoon:1.0
incident:1.0
collapsed:1.0
concert:1.0
gaterbowl:1.0
request:1.0
offers:1.0
ellen:1.0
408:1.0
978-7716:1.0
san:1.0
jose:1.0
ca:1.0
