hungjenc:1.0
phakt.usc.edu:1.0
hung-jen:1.0
chen:1.0
subject:1.0
forsale:1.0
dynakit:1.6931471805599454
pas-2x:1.6931471805599454
tube:1.6931471805599454
pre-amp:1.6931471805599454
sale:1.0
pure:1.0
using:1.0
two:1.6931471805599454
12ax7s:1.6931471805599454
phono:1.0
stage:1.6931471805599454
also:1.0
line:1.0
one:1.0
12x4:1.0
used:1.0
power:1.0
supply:1.0
clean:1.0
neat:1.0
workmanship:1.0
works:1.0
fine:1.0
good:1.0
sound:1.0
owners:1.0
manuel:1.0
asking:1.0
100:1.0
obo:1.0
plus:1.0
shipping:1.0
contact:1.0
harry:1.0
interested:1.0
thanx:1.0
