jrm:1.0
elm.circa.ufl.edu:1.6931471805599454
jeff:1.0
mason:1.0
subject:1.0
auction:1.6931471805599454
marvel:2.09861228866811
dc:2.09861228866811
valiant:1.0
image:1.0
dark:1.6931471805599454
horse:1.6931471805599454
etc:1.0
auctioning:1.0
following:1.0
comics:2.9459101490553135
minimum:1.0
bids:1.0
set:1.0
would:1.0
normally:1.0
sell:1.0
make:1.0
offer:1.0
accept:1.0
highest:1.0
bid:1.0
completed:1.0
title:1.6931471805599454
minimum/current:1.0
alpha:1.0
flight:1.0
51:1.0
jim:1.0
lees:1.0
first:1.0
work:1.0
5.00:2.6094379124341005
aliens:1.6931471805599454
1:3.70805020110221
1st:3.8903717578961645
app:2.791759469228055
prnt:1.6931471805599454
may:1.0
1988:1.6931471805599454
20.00:2.6094379124341005
amazing:1.6931471805599454
spider-man:2.6094379124341005
136:1.0
intro:1.0
new:2.9459101490553135
green:1.0
goblin:1.0
238:1.0
appearance:2.6094379124341005
hobgoblin:2.386294361119891
50.00:1.0
archer:1.0
armstrong:1.0
frank:1.6931471805599454
miller/smith/layton:1.0
7.50:3.302585092994046
avengers:1.0
263:1.0
x-factor:1.0
3.50:1.6931471805599454
bloodshot:1.0
chromium:1.0
cover:2.09861228866811
bwsmith:1.0
cover/poster:1.0
daredevil:1.0
158:1.0
miller:1.6931471805599454
art:2.386294361119891
begins:1.6931471805599454
35.00:1.0
presents:1.6931471805599454
concrete:1.0
printing:1.0
h.a.r.d:1.0
corps:1.0
incredible:2.6094379124341005
hulk:3.1972245773362196
324:1.0
grey:1.6931471805599454
since:1.0
1962:1.0
330:1.0
mcfarlane:1.6931471805599454
issue:1.6931471805599454
15.00:2.386294361119891
331:1.0
series:1.0
11.20:1.0
367:1.0
dale:1.0
keown:1.6931471805599454
377:1.0
wolverine:2.9459101490553135
silver:1.0
surfer:1.0
maxx:1.0
limited:1.0
ashcan:1.0
4000:1.0
copies:1.0
exist:1.0
blue:1.0
30.00:1.0
mutants:2.386294361119891
86:1.0
cable:1.0
cameo:1.0
10.00:2.791759469228055
100:1.0
x-force:2.791759469228055
annual:1.0
5:1.0
liefeld:2.6094379124341005
omega:1.6931471805599454
men:1.6931471805599454
3:1.0
lobo:1.6931471805599454
10:1.6931471805599454
full:1.0
story:1.0
power:1.0
man:1.6931471805599454
iron:1.0
fist:1.0
78:1.0
3rd:1.0
sabretooth:2.6094379124341005
25.00:1.0
84:1.0
4th:1.0
simpsons:1.0
stories:1.0
polybagged:1.0
special:1.0
ed:1.0
spectacular:1.0
147:1.0
12.50:1.6931471805599454
star:1.6931471805599454
trek:1.6931471805599454
next:1.6931471805599454
generation:1.6931471805599454
feb:1.0
mini:1.0
oct:1.0
1989:1.0
web:1.6931471805599454
29:1.0
appear:1.0
30:1.0
origin:1.0
rose:1.0
appears:1.0
claws:1.0
battle:1.0
41:1.0
claims:1.0
wolverines:1.0
dad:1.6931471805599454
42:1.0
proven:1.0
43:1.0
sabretooth/wolverine:1.0
saga:1.0
concludes:1.0
3.00:1.6931471805599454
1982:1.0
mini-series:1.0
wonder:1.0
woman:1.0
267:1.0
return:1.0
animal:1.0
signed:2.386294361119891
bagged:2.6094379124341005
card:2.09861228866811
shatterstar:1.0
deadpool:1.0
sunspot/gideon:1.0
near:1.0
mint:1.6931471805599454
condition:1.0
shiny:1.0
polypropylene:1.0
bags:1.0
backed:1.0
white:1.0
acid:1.0
free:1.6931471805599454
boards:1.0
shipping:1.0
1.50:1.0
one:1.6931471805599454
book:1.6931471805599454
order:1.0
large:1.0
enough:1.0
amount:1.0
stuff:1.0
willing:1.0
haggle:1.0
thousands:1.6931471805599454
please:1.0
let:1.0
know:1.0
youve:1.0
looking:1.0
maybe:1.0
help:1.0
titles:1.0
posted:1.0
dont:1.0
list:1.0
every:1.0
tried:1.0
save:1.0
space:1.0
geoffrey:1.0
r:1.0
mason|jrm:1.0
department:1.0
psychology|mason:1.0
webb.psych.ufl.edu:1.0
university:1.0
florida|prothan:1.0
maple.circa.ufl.edu:1.0
