eshneken:1.6931471805599454
ux4.cso.uiuc.edu:1.0
edward:1.0
shnekendorf:1.0
subject:1.0
airline:1.0
ticket:1.6931471805599454
washington:1.6931471805599454
dc:1.6931471805599454
champaign:1.6931471805599454
il:1.6931471805599454
sale:1.0
selling:1.0
one:1.0
way:1.0
home:1.0
university:1.0
illinois:1.0
willing:1.0
offer:1.0
good:1.0
price:1.0
interested:1.0
please:1.0
email:1.0
uiuc.edu:1.0
thanks:1.0
ed:1.0
