ginkgo:1.6931471805599454
ecsvax.uncecs.edu:1.0
j:1.0
geary:1.6931471805599454
morton:1.6931471805599454
subject:1.0
big:1.0
block:1.0
dodge:1.6931471805599454
carburetor:1.6931471805599454
napa:1.6931471805599454
remanufactured:1.0
large:1.0
4:1.0
barrel:1.0
78-80:1.0
big-block:1.0
360/440:1.0
part:1.0
4-244:1.0
new:1.0
box:1.0
w/manifold:1.0
gasket:1.0
retail:1.0
345.00:1.0
price:1.6931471805599454
250.00:1.0
100.00:1.0
shipping:1.0
contact:1.0
uncecs.edu:1.0
phones:1.0
919-851-6565:1.0
h:1.0
919-549-7017:1.0
w:1.0
