battle:2.6094379124341005
cs.utk.edu:2.09861228866811
david:2.09861228866811
subject:1.0
chemlab:1.6931471805599454
eyeofthebeholder2:1.0
cluebook:1.0
ethernettransceiver:1.0
nintendocontrol:1.0
following:1.0
items:1.6931471805599454
sale:1.0
highest:2.09861228866811
bid:3.1972245773362196
arrive:1.0
email:2.09861228866811
box:1.6931471805599454
5:00:1.0
pm:1.6931471805599454
edt:1.6931471805599454
wednesday:1.6931471805599454
april:1.6931471805599454
21:1.6931471805599454
1993:1.6931471805599454
gets:1.0
item:2.386294361119891
1:1.6931471805599454
skillcraft:1.0
senior:1.0
set:1.0
4581:1.0
safe:1.0
ages:1.0
10:1.0
used:1.0
little:1.0
25:1.0
bottles:1.0
different:1.0
chemicals:1.0
plastic:1.0
balance:1.0
alcohol:1.0
lamp:1.0
test:1.0
tube:1.0
litmus:1.0
paper:1.0
manual:1.6931471805599454
1100:1.0
experiments:1.0
4:1.6931471805599454
shipping:3.0794415416798357
added:2.6094379124341005
2:2.386294361119891
eye:1.6931471805599454
beholder:1.6931471805599454
ii:1.6931471805599454
fun:1.0
game:1.0
ibm:1.0
pc:1.0
original:1.6931471805599454
media:1.0
3:1.6931471805599454
clue:1.0
book:1.0
solve:1.0
dilemmas:1.0
hurry:1.0
find:1.0
loot:1.0
free:1.0
ethernet:1.0
transceiver:1.0
st-500:1.0
lanview:1.0
aui:1.0
50:1.6931471805599454
ohm:1.6931471805599454
coaxial:1.0
works:1.0
fine:1.0
nifty:1.0
blinking:1.0
leds:1.0
send/receive/collision/power:1.0
etc:1.0
built-in:1.0
includes:1.0
one:1.0
terminator:1.0
5:1.0
super:1.6931471805599454
nintendo:1.0
controller:1.0
auto:1.0
repeated:1.0
fire:1.6931471805599454
hands-free:1.0
continuous:1.0
slow:1.0
motion:1.0
accomplished:1.0
automatically:1.0
pausing/unpausing:1.0
add:1.0
one-controller:1.0
console:1.0
allow:1.0
two:1.0
players:1.0
sure:1.6931471805599454
include:1.6931471805599454
address:1.6931471805599454
bids:2.09861228866811
send:1.0
informed:1.0
5:30:1.0
shipped:1.0
us:1.0
postal:1.0
service:1.0
first:1.0
class:1.0
cod:1.0
thursday:1.0
morning:1.0
money:1.0
order:1.0
plus:1.0
indicated:1.0
amount:1.0
needed:1.0
receive:1.0
please:1.0
keep:1.0
fact:1.0
mind:1.0
bidding:1.0
