yuanchie:1.0
aludra.usc.edu:1.0
roger:1.0
hsu:1.0
subject:1.0
14.4k:1.0
fax:2.386294361119891
modem:1.0
sale:1.6931471805599454
slightly:1.0
used:1.0
less:1.0
two:1.0
months:1.0
old:1.0
suprafaxmodem:1.6931471805599454
comes:1.0
latest:1.0
rom:1.0
1.2h:1.0
communication:1.0
software:1.6931471805599454
original:1.6931471805599454
manuals:1.0
registration:1.0
card:1.0
specs:1.0
model:1.0
supfaxv32bis:1.0
description:1.0
v.32bis:1.0
type:1.0
internal:1.0
data:2.09861228866811
speed:1.0
14,400/12,000/9600/7200/4800/2400/1200/300:1.0
bps:1.6931471805599454
upto:1.0
57000bps:1.0
v.42:1.0
compression:1.0
protocols:1.0
bell:1.0
103/212a:1.0
ccit:1.0
v.21/v.22/v.22bis/v.32/v.32bis/v.42:1.0
v.42bis:1.0
mnp:1.6931471805599454
2-5:1.0
10:1.0
14,400/12,000/9600/7200/4800/2400:1.0
send/receive:1.0
class:1.0
1:1.0
2:1.0
commnads:1.0
group:1.0
iii:1.0
compatible:1.0
transmission:1.0
v.17:1.0
v.29:1.0
v.27ter:1.0
non-volatile:1.0
memory:1.0
autoanswer/autodial:1.0
tone:1.0
pulse:1.0
extended:1.0
commands:1.0
result:1.0
codes:1.0
includes:1.0
diagnostics:1.0
phone:1.0
jacks:1.0
subscriptions:1.0
free:1.0
online:1.0
services:1.0
5:1.0
year:1.0
warranty:1.0
asking:1.0
180:1.0
neg:1.0
s/h:1.0
interested:1.0
please:1.0
e-mail:1.0
thanks:1.0
