ergo:1.6931471805599454
wam.umd.edu:1.6931471805599454
laurice:1.0
subject:1.0
brand:1.6931471805599454
new:1.6931471805599454
software:2.09861228866811
packages:1.6931471805599454
sale:1.0
looking:1.0
people:1.0
buy:1.0
including:1.0
microsoft:1.0
windows:1.0
harvard:1.0
graphics:1.0
pagemaker:1.0
paradox:1.0
lotus:1.0
etc:1.0
20-25:1.0
list:1.0
price:1.0
e-mail:1.0
immediately:1.0
name:1.0
phone:1.0
email:1.0
address:1.0
names:1.0
