rsjoyce:1.6931471805599454
eos.ncsu.edu:1.6931471805599454
roger:1.6931471805599454
stephen:1.0
joyce:1.0
subject:1.0
mac:1.0
monitor:2.09861228866811
wanted:1.6931471805599454
color:1.0
14:1.0
suitable:1.0
use:1.0
macintosh:1.0
centris:1.0
610:1.0
planning:1.0
purchasing:1.0
one:2.09861228866811
machines:1.0
soon:1.0
dont:1.0
want:1.0
pay:1.0
full:1.0
price:1.6931471805599454
new:1.0
used:1.0
well:1.0
youd:1.0
like:1.0
part:1.0
please:1.0
email:1.0
specs:1.0
thanks:1.0
