tsen0001:1.0
student.tc.umn.edu:1.0
maoee:1.0
tsen-1:1.0
subject:1.0
486dx/33:2.09861228866811
intel:1.6931471805599454
cpu:1.6931471805599454
chip:2.386294361119891
265:1.0
upgraded:1.0
friends:1.0
sale:1.0
first:1.0
us:1.0
265+shipping:1.0
get:1.0
make:1.0
offer:1.0
dont:1.0
like:1.0
price:1.0
thanks:1.0
