subject:1.0
monitor:1.6931471805599454
mike.damico:1.0
cccbbs.uucp:1.0
mike:1.6931471805599454
damico:1.6931471805599454
tracy:1.0
way:1.0
