orobles:1.0
ux4.cso.uiuc.edu:1.0
oscar:1.0
b:1.0
robles:1.0
subject:1.0
forsale:1.0
new:1.0
hp48sx:1.6931471805599454
software:1.6931471805599454
bought:1.0
calculator:1.0
month:1.0
ago:1.0
used:1.0
put:1.0
back:1.0
box:1.0
includes:1.0
manual:1.0
im:1.0
including:1.0
7:1.0
high:1.0
density:1.0
disks:1.0
packed:1.0
dozens:1.0
hundreds:1.0
games:1.0
programs:1.0
need:1.0
buy:1.0
pc:1.0
cable:1.0
around:1.0
20:1.0
bucks:1.0
could:1.0
use:1.0
255:1.0
shipping:1.0
included:1.0
best:1.0
offer:1.0
thanx.l:1.0
