ctd2t:1.0
virginia.edu:1.0
chris:1.6931471805599454
dong:1.0
subject:1.0
wanted:1.0
memphis:1.6931471805599454
sublet:1.0
non-smoking:1.0
normal:1.0
law:1.0
student:1.0
needs:1.0
furnished:1.0
place:1.0
live:1.0
summer:1.0
ill:1.0
working:1.0
firm:1.0
downtown:1.0
pass:1.0
bar:1.0
character:1.0
examination:1.0
dont:1.0
worry:1.0
stuff:1.0
broken:1.0
stolen:1.0
call:1.0
804:1.0
979-2519:1.0
leave:1.0
e-mail:1.0
