james.mollica:1.0
pics:1.6931471805599454
twwells.com:1.0
james:1.0
mollica:1.0
subject:1.0
math:1.6931471805599454
copro:1.0
sale/trade:1.0
looking:1.0
coprocessor:1.0
286-16mhz:1.0
80287-10:1.0
12:1.0
also:1.0
80387sx-16:1.0
sale:1.0
trade:1.0
tnx:1.0
jim:1.0
1st:1.0
1.10b:1.0
1439:1.0
1streader:1.0
cutting:1.0
edge:1.0
software:1.0
evolution:1.0
online:1.6931471805599454
multiuser:1.0
system:1.0
609:1.0
753-2540:1.0
hst:1.0
609-753-1549:1.0
v32:1.0
massive:1.0
file:1.0
collection:1.0
45,000:1.0
files:1.0
250:1.0
newsgroups:1.0
