subject:1.0
forsale:1.0
men:2.09861228866811
without:2.09861228866811
hats:2.09861228866811
folk:1.6931471805599454
80s:1.6931471805599454
part:2.09861228866811
iii:1.6931471805599454
vinyl:2.09861228866811
andrew:2.09861228866811
tigress.equinox.gen.nz:1.6931471805599454
king:1.0
grinning:1.0
evil:1.0
death:1.0
mute:1.0
bigwpi.wpi.edu:1.0
wrote:1.0
anyone:1.0
willing:1.0
copy:1.0
pop:1.0
goes:1.0
world:1.0
album:1.0
perhaps:1.0
cd:1.0
please:1.6931471805599454
contact:1.0
wish:1.0
purchase:1.0
u:1.0
late:1.0
tea:1.0
lemmings:1.0
