rahdert:1.6931471805599454
thrombus.seas.upenn.edu:1.0
dave:1.0
subject:1.0
ticket:2.09861228866811
san:1.6931471805599454
francisco:1.6931471805599454
philadelphia:1.6931471805599454
one:1.0
way:1.0
return:1.6931471805599454
leg:1.0
roundtrip:1.0
female:1.0
traveler:1.0
st:1.0
louis:1.0
may:1.0
21:1.0
1993:1.0
friday:1.0
leaves:1.0
sfo:1.0
10:25:1.0
arrives:1.0
phila:1.0
8:43:1.0
pm:1.0
150:1.0
best:1.0
offer:1.0
e-mail:1.0
call:1.0
215/387-0203:1.0
home:1.0
215/898-8099:1.0
office:1.0
