joseph:1.0
dresnok:1.0
iii:1.0
jdresno:1.0
auvm.american.edu:1.0
subject:1.0
jazz:1.6931471805599454
cd:2.09861228866811
4:1.0
sale/trade:1.0
unopened:1.0
called:1.0
bird-the:1.0
original:1.0
recordings:1.0
charlie:1.0
parker:1.0
among:1.0
others:1.0
miles:1.0
davis:1.0
dizzy:1.0
gillespie:1.0
red:1.0
rodney:1.0
thelonious:1.0
monk:1.0
lester:1.0
young:1.0
would:1.6931471805599454
willing:1.0
sell:1.0
highest:1.0
bidder:1.0
else:1.0
trade:1.0
another:1.0
interested:1.0
joe:1.0
