craigb:1.6931471805599454
vccsouth03.its.rpi.edu:1.0
brian:1.0
craig:1.0
subject:1.0
speakers:1.0
sale:1.6931471805599454
bose:1.0
a5:1.0
subwoofer:1.0
1:1.0
month:1.0
old:1.6931471805599454
2:1.0
advent:1.0
minis:1.0
4:1.0
months:1.0
email:1.0
offers:1.0
rpi.edu:1.0
