scalawag:1.6931471805599454
carson.u.washington.edu:1.6931471805599454
keith:1.6931471805599454
frederick:1.6931471805599454
subject:1.0
gre:3.302585092994046
economics:2.386294361119891
test:2.791759469228055
books:1.0
sale:1.6931471805599454
aids:1.0
cliffs:1.6931471805599454
preparation:1.0
guide:1.0
c:1.0
1992:1.0
3:1.0
full:1.6931471805599454
length:1.6931471805599454
practive:1.0
tests:1.6931471805599454
w:1.6931471805599454
answers:2.09861228866811
explanations:2.6094379124341005
also:1.0
includes:2.386294361119891
test-taking:1.0
strategies:1.0
people:1.0
notes:1.0
5:1.0
research:1.0
education:1.0
association:1.0
revised:1.0
1990:1.0
edition:1.0
6:1.0
exams:1.0
detailed:1.0
solutions:1.0
question:1.0
648:1.0
pages:1.0
10:1.0
practicing:1.6931471805599454
take:1.6931471805599454
ets:1.6931471805599454
official:1.6931471805599454
full-length:1.0
1985-1986:1.0
aswers:1.0
included:1.0
4:1.0
general:2.09861228866811
test-no:1.0
8:1.6931471805599454
three:1.0
1989-1990:1.0
one:1.0
additional:1.0
complete:1.0
shipping:1.6931471805599454
1:1.0
extra:1.0
buy:1.0
everything:1.0
25:1.0
cover:1.0
r:1.0
happiness:1.0
moral:1.0
purpose:1.0
206:1.0
285-1576:1.0
see:1.0
dr:1.0
fu:1.0
manchu:1.0
kill:1.0
reason:1.0
absolute:1.0
im:1.6931471805599454
number:1.0
free:1.0
man:1.0
cis:1.0
73760,3521:1.0
uwid:1.0
8722277:1.0
cornell:1.0
come:1.0
