geos56:1.0
judy.uh.edu:1.0
subject:1.0
wholesale:1.6931471805599454
tv:1.6931471805599454
sets:1.0
representing:1.0
chinese:1.0
manufacturers:1.0
want:1.0
products:1.6931471805599454
latin:1.0
american:1.0
countries:1.0
looking:1.0
brokers/agents:1.0
help:1.0
us:1.0
include:1.0
color:1.0
black/white:1.0
tvs:1.0
11:1.0
24:1.0
interested:1.0
please:1.0
e-mail:1.0
fax:1.0
mr:1.0
z:1.0
ho:1.0
713-926-7953:1.0
usa:1.0
information:1.0
inquiries:1.0
good:1.0
commission:1.0
