bitzm:2.386294361119891
columbia.dsu.edu:2.09861228866811
michael:1.0
bitz:1.6931471805599454
subject:1.0
want:1.0
486sx:1.0
dx:1.6931471805599454
chips:1.6931471805599454
market:1.0
couple:1.0
intel:1.6931471805599454
486:1.0
please:1.0
let:1.0
know:1.0
one:1.0
sale:1.0
interested:1.0
sx:1.0
models:1.0
must:1.0
email:1.0
mike:1.0
internet:1.0
research:1.0
development:1.0
dsuvax.dsu.edu:1.0
dakota:1.0
state:1.0
university:1.0
bitnet:1.0
s93020:1.0
sdnet.bitnet:1.0
