jf4527:1.6931471805599454
adx.adelphi.edu:1.6931471805599454
jamie:1.6931471805599454
fitzpatrick:1.0
subject:1.0
photogrammetric:1.0
camera:1.6931471805599454
hello:1.0
refurbishing:1.0
observatory:1.0
came:1.0
across:1.0
mentioned:1.0
manufactured:1.0
instrument:1.0
corporation:1.0
florida:1.0
1970:1.0
questions:1.0
1:1.0
anyone:1.6931471805599454
knowledge:1.0
equipement:1.0
2:1.0
know:1.0
company:1.0
phone:1.0
numbers:1.0
3:1.0
others:1.0
need:1.0
parts:1.0
responces:1.0
greatly:1.0
appreciated:1.0
take:1.0
care:1.0
