janson:2.09861228866811
crow.csrv.uidaho.edu:1.0
todd:1.6931471805599454
subject:1.0
forsale:1.0
norman:2.386294361119891
rockwell:2.09861228866811
okay:1.6931471805599454
isnt:1.0
actually:1.0
sale:1.0
two:1.0
saturday:1.0
even:1.0
posts:1.0
illustrations:1.0
front:1.0
cover:1.6931471805599454
october:1.0
29:1.0
1960:1.6931471805599454
candidate:1.6931471805599454
kennedy:1.6931471805599454
campaign:1.6931471805599454
obviously:1.0
november:1.0
5:1.0
nixon:1.6931471805599454
hes:1.0
crook:1.0
good:1.0
condition:1.0
let:1.0
know:1.0
youre:1.0
interested:1.0
tune:1.0
group:1.0
moscow:1.0
idaho:1.0
