bromgrev:1.6931471805599454
rahul.net:1.6931471805599454
carl:1.6931471805599454
merritt:1.6931471805599454
subject:1.0
hds:1.0
computer:1.0
parts:1.0
sale:1.6931471805599454
wanted:1.6931471805599454
fujitsu:1.0
324meg:1.0
scsi:1.0
drive:2.386294361119891
450:1.0
maxtor:1.6931471805599454
338meg:1.0
esdi:1.6931471805599454
425:1.0
160meg:1.0
225:1.0
toshiba:1.0
106meg:1.0
ide:1.0
175:1.0
xt:1.0
case:1.0
motherboard:1.0
50:1.0
dtc:1.0
16-bit:1.0
mfm:1.0
2hd:1.0
2fd:1.0
controler:1.0
30:1.0
items:1.0
used:1.0
full:1.0
working:1.0
condition:1.0
warranty:1.0
one:1.0
week:1.0
unless:1.0
otherwise:1.0
specified:1.0
prices:1.0
100:1.0
negotiable:1.0
shipping:1.0
included:1.0
developers:1.0
kit:1.0
sb:1.0
17:1.0
svga:1.0
moniters:1.0
two:1.0
