cow:1.0
eng.umd.edu:1.0
thomas:1.0
l:1.0
fortin:1.0
subject:1.0
1992:1.6931471805599454
honda:1.6931471805599454
accord:1.6931471805599454
sale:1.0
35,000:1.0
miles:1.6931471805599454
highway:1.0
excellent:1.0
condition:1.0
white:1.0
ex:1.0
model:1.0
loaded:1.0
15,000:1.0
best:1.0
offer:1.0
call:1.0
tom:1.0
201:1.6931471805599454
653-0638:1.0
h:1.0
795-5636:1.0
w:1.0
