steveg:1.0
ravel.udel.edu:1.0
steven:1.0
n:1.0
gaudino:1.0
subject:1.0
dbase:1.6931471805599454
iv:1.6931471805599454
sale:1.0
price:1.0
dropped:1.0
ver:1.0
1.5:1.0
3.5:1.0
disks:1.0
manuals:1.0
still:1.0
shrinkwrapped:1.0
registration:1.0
materials:1.0
present:1.0
asking:1.0
125:1.0
