kayd:2.09861228866811
prism.cs.orst.edu:1.6931471805599454
subject:1.0
texas:1.0
star:1.0
dx350:1.0
linear:2.09861228866811
amplifier:1.6931471805599454
tornado:1.6931471805599454
100:2.386294361119891
150:1.6931471805599454
looking:1.0
amateur:1.0
radio:1.0
operator:1.0
needs:1.0
variable:1.0
power:1.0
2-30mhz:1.0
looks:1.0
works:1.0
like:1.0
new:1.0
runs:1.0
12v:1.0
mobile:1.0
use:1.0
input:1.0
5-10:1.0
watts:2.09861228866811
output:1.0
175:1.0
350:1.0
pep:1.0
ssb:1.0
need:1.0
thats:1.0
much:1.0
also:1.0
takes:1.0
5w:1.0
100/250w:1.0
reply:1.0
callsign:1.0
address:1.0
phone:1.0
number:1.0
verification:1.0
license:1.0
prices:1.0
include:1.0
shipping/packaging:1.0
darrek:1.0
kay:1.0
503:1.0
737-9410:1.0
kb7rvd:1.0
