harry:1.6931471805599454
powell:1.0
watson:1.0
hw26:1.6931471805599454
andrew.cmu.edu:1.0
subject:1.0
boss:1.6931471805599454
guitar:1.6931471805599454
pedal:1.6931471805599454
sale:1.0
one:1.0
turbo:1.0
overdrive:1.0
bass:1.0
keyboards:1.0
35:1.0
best:1.0
offer:1.0
thanks:1.0
respond:1.0
call:1.0
268-4841:1.0
