oauld:1.0
ponder.csci.unt.edu:1.0
orion:1.6931471805599454
auld:1.6931471805599454
subject:1.0
386-40:1.6931471805599454
500:1.6931471805599454
sale:1.0
vga:1.6931471805599454
color:1.0
monitor:1.0
dual:1.0
floppy:1.0
card:1.0
1mb:1.0
board:1.0
joystick:1.0
mouse:1.0
2:1.0
mb:1.0
ram:1.0
hard:1.0
drive:1.0
respond:1.0
quickly:1.0
fabulous:1.0
youre:1.6931471805599454
part:1.6931471805599454
solution:1.0
beasts:1.0
precipitate:1.0
john:1.0
ashberry:1.0
