subject:1.0
joe:1.6931471805599454
venuti:1.0
record:1.6931471805599454
wanted:1.0
rbrooks:1.6931471805599454
eis.calstate.edu:1.6931471805599454
richard:1.6931471805599454
j:1.6931471805599454
brooks:1.6931471805599454
anyone:1.0
venutis:1.0
fiddle:1.0
fire:1.0
would:1.0
like:1.0
sell:1.0
please:1.0
contact:1.0
el:1.0
cerrito:1.0
ca:1.0
internet:1.6931471805599454
compuserve:1.0
71121,3406:1.0
71121.3406:1.0
compuserve.com:1.0
