subject:1.0
new:1.6931471805599454
computer:1.6931471805599454
books:1.6931471805599454
sale:1.6931471805599454
mparikh:1.0
uceng.uc.edu:1.0
mehul:1.0
parikh:1.6931471805599454
hi:1.0
several:1.0
related:1.0
unused:1.0
hence:1.0
excellent:1.0
condition:1.0
subjects:1.0
include:1.0
programming:1.0
languages:1.0
c:1.6931471805599454
lisp:1.0
prolog:1.0
operating:1.0
systems:1.6931471805599454
unix:1.0
dos:1.0
windows:1.0
x-windows:1.0
lan:1.0
ai:1.0
expert:1.0
interested:1.0
pls:1.0
contact:1.0
parikhma:1.0
ucunix.san.uc.edu:1.0
thanks:1.0
