bitzm:2.386294361119891
columbia.dsu.edu:2.09861228866811
michael:1.0
bitz:1.6931471805599454
subject:1.0
adlib:1.6931471805599454
sound:2.09861228866811
board:2.09861228866811
sale:1.6931471805599454
includes:1.6931471805599454
original:1.0
disks:1.0
ill:1.0
throw:1.0
windows:1.0
3.1:1.0
wav:1.0
file:1.0
driver:1.0
using:1.0
pc:1.6931471805599454
speaker:1.0
games:1.0
much:1.0
welcomed:1.0
70.00:1.0
shipping:1.0
home:1.0
office:1.0
email:1.0
mike:1.0
internet:1.0
research:1.0
development:1.0
dsuvax.dsu.edu:1.0
dakota:1.0
state:1.0
university:1.0
bitnet:1.0
s93020:1.0
sdnet.bitnet:1.0
