ychen:1.0
hubcap.clemson.edu:1.0
eric:1.0
chen:1.0
subject:1.0
nec:1.6931471805599454
multisync:1.6931471805599454
plus:1.6931471805599454
mac:1.0
pc:1.0
250:1.6931471805599454
model:1.0
jc-1501vma:1.0
15:1.0
960x720:1.0
shipping:1.0
price:1.0
frim:1.0
send:1.0
emai:1.0
offer:1.0
less:1.0
asking:1.0
thank:1.0
yuesea:1.0
