laird:1.6931471805599454
pasture.ecn.purdue.edu:1.0
kyler:1.6931471805599454
subject:1.0
wanted:1.0
hp:1.6931471805599454
scanjet:2.09861228866811
adf:1.0
need:1.6931471805599454
used:1.0
scanners:1.0
im:1.0
limiting:1.0
selection:1.0
models:1.0
document:1.0
feeders:1.0
think:1.0
means:1.0
plus:1.0
iic:1.0
one:1.6931471805599454
want:1.0
sell:1.0
please:1.0
tell:1.0
p.s:1.0
mac:1.0
interface:1.0
others:1.0
ibm-pc:1.0
compatibles:1.0
