fields:2.386294361119891
cis.ohio-state.edu:1.6931471805599454
jonathan:1.6931471805599454
david:1.0
subject:1.0
misc:1.6931471805599454
stuff:1.0
sale:1.6931471805599454
items:1.0
mount:1.0
plate:1.6931471805599454
sony:2.09861228866811
model:1.0
cpm-203p:1.0
mounting:1.0
portable:2.09861228866811
cd:2.09861228866811
players:1.0
plugs:1.0
car:2.386294361119891
lighter:1.0
snaps:1.0
onto:1.0
bottom:1.0
player:1.6931471805599454
perfect:1.0
condition:2.6094379124341005
also:1.0
throw:1.0
cassette:1.0
adapter:1.0
paid:2.09861228866811
45:1.0
asking:2.9459101490553135
30:2.09861228866811
speakers:2.09861228866811
sherwood:1.0
5:1.6931471805599454
1/4:1.6931471805599454
two:1.0
way:1.0
7:1.0
months:1.0
inch:1.6931471805599454
excellent:1.6931471805599454
65:1.0
40:1.0
4:1.6931471805599454
factory:1.0
toyota:1.0
20:1.6931471805599454
nintendo:1.6931471805599454
game:1.0
boy:1.6931471805599454
light:1.0
tetris:1.0
super:1.0
mario:1.0
land:1.0
gameboy:1.0
nfl:1.0
football:1.0
castlevania:1.0
adventure:1.0
hyper:1.0
lode:1.0
runner:1.0
years:1.0
games:1.0
oldall:1.0
working:1.0
70:1.0
accessories:1.0
whole:1.6931471805599454
internet:2.09861228866811
users:1.0
guide:1.6931471805599454
catalog:1.0
ed:1.0
krol:1.0
book:1.0
using:1.0
fing:1.0
information:1.0
resources:1.0
microsoft:1.6931471805599454
never:1.6931471805599454
used:1.6931471805599454
came:1.6931471805599454
computer:1.6931471805599454
visual:1.0
basic:1.0
100:1.0
word:1.0
windows:1.0
thanks:1.0
