radley:2.6094379124341005
gibbs.oit.unc.edu:2.09861228866811
keith:1.6931471805599454
subject:1.0
electronics:1.0
curtis:1.0
mathes:1.0
vhs:1.0
vcr:1.6931471805599454
remote:1.0
included:1.6931471805599454
works:1.6931471805599454
universal:1.0
remotes:1.0
2:1.6931471805599454
heads:1.0
great:1.6931471805599454
replaced:1.0
stereo:2.09861228866811
paid:1.0
300:1.0
years:1.0
ago:1.0
sell:1.0
125:1.0
delivered:1.0
obo:1.0
radio:1.0
shack:1.0
amp:1.0
inputs:1.0
tone:1.0
left:1.0
right:1.0
volume:1.0
speakers:1.0
compact:1.0
12w:1.0
unit:1.0
20:1.0
plus:1.0
shipping:1.0
amiga:1.6931471805599454
output:1.6931471805599454
soundblaster:1.0
interested:1.6931471805599454
either:1.6931471805599454
mail:1.0
call:1.6931471805599454
919-968-7779:1.0
sold:1.0
deals:1.0
fell:1.0
thru:1.0
still:1.0
email:1.0
major:1.0
computer:1.6931471805599454
science:1.0
eith:1.0
minor:1.0
english:1.0
3000:1.0
university:1.0
north:1.0
carolina:1.0
