ac999135:1.6931471805599454
umbc.edu:1.0
subject:1.0
wanted:1.0
cheap:1.6931471805599454
used:1.6931471805599454
gameboy/tg-16:1.0
games:1.6931471805599454
title:1.0
says:1.0
gameboy:1.0
tg-16:1.0
2:1.0
player:1.0
please:1.0
email:1.0
offers:1.0
rohit:1.0
