chungy2:1.6931471805599454
aix.rpi.edu:1.0
yau:1.0
felix:1.0
chung:1.0
subject:1.0
technical:1.0
books:1.6931471805599454
sale:1.6931471805599454
hello:1.0
following:1.0
perfect:1.0
condition:1.0
interested:1.0
please:1.0
e-mail:1.0
rpi.edu:1.0
telescope:1.0
hard:3.4849066497880004
cover:3.70805020110221
14.00:1.0
surface:1.0
physics:2.6094379124341005
soft:2.09861228866811
13.00:1.0
structurally:1.0
disordered:1.0
matter:1.0
introduction:1.0
55.00:1.0
subatomic:1.0
57.00:1.0
first:1.0
general:1.0
relativity:1.0
20.00:2.09861228866811
non-equilibrium:1.0
thermodynamics:1.0
8.00:1.0
advances:1.6931471805599454
atomic:1.6931471805599454
molecular:2.386294361119891
vol:1.6931471805599454
1:1.0
30.00:2.09861228866811
3:1.0
beams:1.6931471805599454
15.00:1.6931471805599454
reaction:1.0
kinetics:1.0
perturbation:1.0
methods:1.0
applied:1.0
mathematics:1.0
40.00:1.0
elementary:1.0
differential:1.0
equations:1.0
boundary:1.0
value:1.0
problems:1.0
27.00:1.0
vector:1.0
mechanics:1.6931471805599454
engineers:1.0
statics:1.0
dynamics:1.0
free-electron:1.0
lasers:1.0
physical:1.0
