marc:2.6094379124341005
comp.lancs.ac.uk:1.6931471805599454
goldman:1.0
subject:1.0
snes:1.6931471805599454
genesis:1.6931471805599454
games:1.0
sale:2.09861228866811
trade:2.09861228866811
following:1.6931471805599454
carts:1.6931471805599454
alien:1.0
3:1.0
global:1.0
gladiators:1.0
crue:1.0
ball:1.0
jimmy:1.0
connors:1.0
tennis:1.0
super:1.0
play:1.0
action:1.0
football:1.0
cross:1.0
system:1.0
trades:1.0
fine:1.0
cheers:1.0
net:1.0
no-one:1.0
hear:1.0
scream:1.0
email:1.0
computing.lancaster.ac.uk:1.0
