forsythe:1.6931471805599454
leland.stanford.edu:1.6931471805599454
david:1.6931471805599454
michael:1.0
goldberger:1.6931471805599454
subject:1.0
sale:1.0
mac:1.0
classic:1.6931471805599454
stylewriter:1.6931471805599454
1:1.6931471805599454
selling:1.0
macintosh:1.0
highest:1.0
bidder:1.0
reach:1.0
415:1.0
626-5869:1.0
san:1.0
francisco:1.0
via:1.0
email:1.0
