stephen:2.386294361119891
access.digex.com:1.6931471805599454
balbach:1.6931471805599454
subject:1.0
sls:2.09861228866811
linux:2.09861228866811
sale:1.0
disk/tape:1.0
since:1.0
free:1.0
time:1.0
looking:1.0
job:1.0
thought:1.0
would:1.0
offer:1.0
disk:2.6094379124341005
tape:1.6931471805599454
need:2.09861228866811
note:1.0
offering:1.0
service:1.6931471805599454
experienced:1.0
users:1.0
require:1.0
support:2.386294361119891
simply:1.0
put:1.0
shuffler:1.0
think:1.0
highly:1.0
recommend:1.0
softlanding:1.0
system:2.09861228866811
directly:1.0
provide:1.0
excellent:1.0
product:1.0
decent:1.0
price:1.0
lazy:1.0
mans:1.0
dont:1.6931471805599454
want:1.0
spend:1.0
4:1.6931471805599454
hours:1.6931471805599454
modem:1.0
2:1.6931471805599454
shuffling:1.0
floppies:1.0
opt:1.0
go:1.0
alone:1.0
get:1.0
1.50:1.0
5.25:1.0
1.75:1.0
3.5:1.0
14:1.0
minimum:1.0
minimal:1.0
disks:2.791759469228055
6.00/7.00:1.0
b:1.0
base:1.0
extras:1.0
7:1.0
10.50/12.25:1.0
c:1.0
compilers:1.0
3:1.6931471805599454
4.50/5.25:1.6931471805599454
documentation:1.0
3.00/3.50:1.0
source:1.0
misc:1.0
1:1.0
1.50/1.75:1.0
tex:1.0
x:1.0
x-windows:1.0
8:1.0
12.00/14.00:1.0
entire:1.6931471805599454
set:1.6931471805599454
5:1.0
discount:1.0
40.00/46.50:1.0
qc-40:1.0
40.00:1.0
send:1.6931471805599454
check:1.0
money:1.0
order:1.0
5437:1.0
enberend:1.0
terrace:1.0
columbia:1.0
md:1.0
21045:1.0
e-mail:1.0
ready:1.0
sooner:1.0
