suraj:2.6094379124341005
apollo.cs.jhu.edu:1.0
surendrakumar:1.0
subject:1.0
10:2.6094379124341005
month:2.09861228866811
old:2.386294361119891
polk:2.09861228866811
speakers:2.6094379124341005
sale:2.386294361119891
system:1.6931471805599454
excellent:2.6094379124341005
condition:2.09861228866811
proof:1.0
available:1.0
monitor:1.0
4.6:1.0
bookshelf:1.6931471805599454
offered:1.0
sound:1.0
great:1.0
going:1.0
higher:1.0
model:1.0
need:1.0
sell:1.0
paid:1.6931471805599454
250:1.0
pair:1.0
willing:1.0
consider:1.6931471805599454
best:2.09861228866811
offer:2.09861228866811
send:1.0
offers:1.0
e-mail:1.6931471805599454
cs.jhu.edu:1.6931471805599454
also:1.0
luxman:1.0
receiver:1.6931471805599454
r-351:1.0
onkyo:1.0
tape:1.6931471805599454
deck:1.6931471805599454
ta-rw404:1.0
months:1.6931471805599454
makes:1.0
950:1.0
back:1.0
piece:1.0
sold:1.0
seperately:1.0
wanted:1.0
