halle:1.6931471805599454
rebecca.its.rpi.edu:1.0
ezra:1.0
d.b:1.0
hall:1.0
subject:1.0
test:1.0
instruments:1.6931471805599454
sale:2.09861228866811
following:1.0
longer:1.0
sold:1.0
textronics:2.09861228866811
type:1.0
611:1.0
storage:1.0
display:1.0
screen:1.0
dim:1.0
6.5:1.0
x8.5:1.0
tm503:1.0
base:1.6931471805599454
three:1.0
pg502:1.0
250mhz:1.0
pulse:1.0
generators:1.0
6289a:1.0
adj:1.0
dc:1.0
power:1.0
supply:1.0
0-40volts:1.0
0-1.5:1.0
amps:1.0
keithley:1.0
picoammeter:1.0
3:1.6931471805599454
analogic:1.6931471805599454
1/2:1.6931471805599454
digit:1.6931471805599454
panal:1.6931471805599454
mount:1.6931471805599454
voltmeters:1.0
still:1.0
hewlett:1.0
packard:1.0
180a:1.0
oscilloscope:1.0
180aa:1.0
four:1.0
channel:1.0
50:1.0
mhz:1.0
vertical:1.0
amplifier:1.0
1822a:1.0
time:1.0
delay:1.0
generator:1.0
best:1.0
offer:1.0
300:1.0
1:1.0
4:1.0
voltmeter:1.0
powered:1.0
5:1.0
vdc:1.0
model:1.0
an2574:1.0
1x3p:1.0
dimensions:1.0
55:1.0
shipping:1.0
reasonable:1.0
offers:1.0
accepted:1.0
please:1.0
respond:1.0
e-mail:1.6931471805599454
phone:1.6931471805599454
rpi.edu:1.0
518:1.0
276-7382:1.0
