brose:1.6931471805599454
slacvm.slac.stanford.edu:1.0
subject:1.0
hummel:1.0
collectors:1.0
1:1.0
left:1.0
chimney:1.0
sweep:1.0
number:1.0
12/i:1.0
5-1/2:1.0
6-1/2:1.0
closed:1.0
edition:1.0
3:1.0
4:1.0
line:1.0
purchased:1.0
west:1.0
germany:1.0
1970:1.0
retail:1.0
270:1.0
sell:1.0
120:1.0
h:1.0
extra:1.0
picture:1.0
want:1.0
see:1.0
first:1.0
excellent:1.0
shape:1.0
chips:1.0
cracks:1.0
great:1.6931471805599454
idea:1.0
mothers:1.0
day:1.0
buy:1.0
interested:1.0
please:1.0
e-mail:1.0
call:1.0
415:1.0
926-2664:1.0
wk:1.0
408:1.0
248-0411:1.0
eves:1.0
