ralf:1.6931471805599454
iqsc.com:1.0
subject:1.0
monitor:1.6931471805599454
sale:1.6931471805599454
kfc:1.0
svga:1.0
1024x768:1.0
28dp:1.0
non-interlaced:1.0
14:1.0
screen:1.0
still:1.0
warranty:1.0
295.00:1.0
best:1.0
offer:1.0
