xanadu:1.6931471805599454
seanews.akita.com:1.6931471805599454
dan:1.6931471805599454
scherer:1.6931471805599454
subject:1.0
ps/2:1.6931471805599454
stuff:1.6931471805599454
misc:1.0
p2/2:1.0
cards:1.6931471805599454
micro:1.0
channel:1.0
6:1.0
arcnet:1.0
coax:1.0
83x9648:1.0
net:1.0
3:1.0
serial:1.0
adapter:2.386294361119891
p/n:3.302585092994046
90x8459:1.0
2:2.09861228866811
parallel:1.0
adapters:1.0
72x6753:1.0
coprocessor:1.0
83x7488:1.0
memory:2.09861228866811
expansion:1.0
option:1.0
90x9507:1.0
expanded:1.6931471805599454
w/2mb:1.0
61x6752:1.0
0k:1.0
90x8799:1.0
alloy:1.0
ftc500/mca:1.0
tape:1.0
drives:1.0
hard:1.0
floppy:1.0
30:1.0
mb:1.6931471805599454
hdd:1.6931471805599454
90x9403:1.0
model:1.6931471805599454
wd-336r:1.0
60:1.0
6128282:1.0
wd-387t:1.0
1.44:1.6931471805599454
fdd:1.6931471805599454
15f7503:1.6931471805599454
ec:1.6931471805599454
a79541:1.0
88086:1.0
aquired:1.0
past:1.0
years:1.0
components:1.0
posted:1.0
part:1.0
questions:1.0
component:1.0
call:1.0
ibm:1.0
find:1.0
idea:1.0
make:1.0
offer:1.0
trades:1.0
welcome:1.0
206:2.09861228866811
453-5215:1.0
voice:1.0
996-8350:1.0
pager:1.0
seanews:1.0
seattle:1.0
public:1.0
access:1.0
usenet:1.0
news:1.6931471805599454
mail:1.0
1:1.0
747:1.0
