worsham:2.386294361119891
aer.com:1.6931471805599454
robert:1.6931471805599454
subject:1.0
tektronix:2.791759469228055
equipment:1.6931471805599454
color:1.6931471805599454
terminal:1.6931471805599454
printer:2.09861228866811
rasterizer:1.6931471805599454
supplies:1.0
sale:1.0
4208:1.0
4510a:1.0
4692:1.6931471805599454
inkjet:1.0
extras:1.0
products:1.0
paper:1.0
3:1.0
boxes:1.6931471805599454
transparencies:1.0
2:1.6931471805599454
maintenance:1.0
cartridges:1.0
cart:1.6931471805599454
magenta:1.0
ink:1.0
cartridge:1.0
1:1.0
would:1.0
like:1.0
sell:1.0
single:1.0
lot:1.0
preference:1.0
given:1.0
offers:1.6931471805599454
entire:1.0
list:1.0
accepted:1.0
best:1.0
offer:1.0
gets:1.0
bob:1.6931471805599454
email:1.0
atmospheric:1.0
environmental:1.0
research:1.0
inc:1.0
voice:1.0
617:1.6931471805599454
547-6207:1.0
840:1.0
memorial:1.0
drive:1.0
fax:1.0
661-6479:1.0
cambridge:1.0
02139:1.0
usa:1.0
