llarsen:1.0
lmsc5.is.lmsc.lockheed.com:1.0
subject:1.0
porsche:1.6931471805599454
928:1.6931471805599454
bay:1.0
area:1.0
posting:1.6931471805599454
friend:1.0
sunnyvale:1.0
california:1.0
1982:1.0
gts:1.0
package:1.6931471805599454
leather:1.0
interior:1.0
european:1.0
handling:1.0
sunroof:1.0
cruise:1.0
control:1.0
88,000k:1.0
miles:1.0
new:1.6931471805599454
paint:1.0
immaculate:1.0
every:1.0
way:1.0
delivery:1.0
possible:1.0
destination:1.0
deposit:1.0
10,000:1.0
firm:1.0
low:1.0
book:1.6931471805599454
11,500:1.0
high:1.0
16,000:1.0
phone:1.0
408:1.0
296-4444:1.0
frank:1.0
rosqui:1.0
vehicle:1.0
74,000:1.0
reflect:1.0
opinions:1.0
employer:1.0
