bereson:1.6931471805599454
ide.com:1.0
alex:1.0
subject:1.0
1972:1.0
montreal:2.09861228866811
olympics:1.6931471805599454
souvenirs:1.6931471805599454
1976:1.0
philatelic:1.0
1:1.0
color-illustrated:1.0
booklet:1.0
french/english:1.0
containing:1.0
stamps:2.09861228866811
issued:1.0
games:1.0
mint:1.0
never:1.0
hinged:1.0
slipcase:1.0
6.00:1.6931471805599454
face:1.6931471805599454
value:1.6931471805599454
13.00:1.0
2.00:1.0
insured:2.09861228866811
first:1.6931471805599454
class:1.6931471805599454
mailing:1.6931471805599454
2:1.0
unusual:1.0
desk:1.0
pad:1.0
holder:1.0
olympic:1.6931471805599454
rings:1.0
cover:1.6931471805599454
stadium:1.0
inside:1.0
canadian:1.0
displayed:1.0
heavy:1.0
plastic:1.0
11.00:1.0
2.50:1.0
order:1.0
22:1.0
including:1.0
delivery:1.0
