beers:2.09861228866811
cs.buffalo.edu:1.6931471805599454
andrew:1.6931471805599454
subject:1.0
cpm:1.6931471805599454
c64:1.0
stuff:1.0
forsale:1.6931471805599454
computers:1.0
1:1.0
model:2.386294361119891
ampro:1.0
a13001:1.0
rev:1.0
without:1.0
2:2.09861228866811
720k:1.0
5:1.0
1/4:1.0
floppy:2.09861228866811
drives:1.6931471805599454
system:1.6931471805599454
disks:1.6931471805599454
z80:1.0
processor:1.0
unknown:1.0
brand:1.0
w/miniscribe:1.0
1006:1.0
hard:1.0
drive:2.09861228866811
1/2:1.0
height:1.0
8:1.6931471805599454
shugart:1.6931471805599454
810:1.0
keyboard:1.0
also:1.6931471805599454
801:1.0
commodore:1.0
64:1.0
computer:1.0
1541:1.0
disk:1.0
sell:1.0
whole:1.0
parts:1.0
buyer:1.0
pays:1.0
shipping:1.0
make:1.0
offers:1.0
either:1.0
email:1.0
call:1.0
716:1.0
741-9272:1.0
ask:1.0
jonathan:1.0
