jboro:1.6931471805599454
enterprise.bih.harvard.edu:1.6931471805599454
jason:2.09861228866811
boro:1.6931471805599454
subject:1.0
2:2.6094379124341005
pcs:1.0
chair:1.0
typewriter:1.6931471805599454
boston:1.6931471805599454
1:1.6931471805599454
ibm:1.0
ps/2:1.0
286:1.0
30:1.0
meg:1.0
hd:1.0
1.44:1.0
disk:1.0
drive:1.0
3.5:1.6931471805599454
extended:1.0
keyboard:1.0
mouse:1.0
mouse-pad:1.0
dos:1.6931471805599454
dosshell:1.0
excel:1.0
windo:1.0
word:1.0
amipro:1.0
gre:1.0
studyware:1.0
500:1.0
b.o:1.6931471805599454
zenith:1.0
date:1.0
systems:1.0
supersport:1.0
laptop:1.0
computer:1.0
w:1.0
120v:1.0
ac:1.0
recharger:1.0
model:1.6931471805599454
150-308:1.0
60:1.0
hz:1.0
4.0:1.0
disc:1.0
drives:1.0
floppy:1.0
carrying:1.0
case:1.0
manuals:1.0
350:1.0
3:1.0
leather:1.0
desk:1.0
chairs:1.0
black:1.0
200:1.0
brown:1.0
150:1.0
300:1.0
4:1.0
olivetti:1.0
manual:1.0
tropical:1.0
incl:1.0
characters:1.0
typing:1.0
italian:1.0
language:1.0
100:1.0
please:1.0
reply:1.0
via:1.0
email:1.0
call:1.0
home:1.0
number:1.0
617:1.6931471805599454
277-9234:1.0
thanks:1.0
center:1.0
clinical:1.0
computing:1.0
732-5925:1.0
