mmm:1.0
cup.portal.com:1.0
mark:1.6931471805599454
robert:1.0
thorson:1.6931471805599454
subject:1.0
realistic:1.0
pro-34:1.0
hand-held:1.0
scanner:2.09861228866811
id:1.0
offer:1.0
150:1.0
shipping:1.0
expense:1.6931471805599454
payment:1.6931471805599454
sent:1.6931471805599454
personal:1.0
check:1.6931471805599454
within:1.0
24:1.6931471805599454
hours:1.0
receipt:1.0
goods:1.0
live:1.0
nearby:1.0
deliver:1.0
cash:1.0
hour:1.0
advance:1.0
notice:1.0
go:1.0
bank:1.0
mail:1.0
reserve:1.0
right:1.0
return:1.0
find:1.6931471805599454
defective:1.0
way:1.6931471805599454
btw:1.0
would:1.0
sell:1.0
fine:1.0
replace:1.0
instrument:1.0
satisfactory:1.0
