merv:1.6931471805599454
io10702:1.6931471805599454
maine.maine.edu:1.6931471805599454
subject:1.6931471805599454
ega/vga:1.0
monitor:1.0
card:1.6931471805599454
wanted:1.0
says:1.0
looking:1.0
decent:1.0
ega:1.0
vga:1.0
monitor/card:1.0
combo:1.0
working:1.0
condition:1.0
thing:1.0
must:1.0
8-bit:1.0
e-mail:1.0
offers:1.0
thanks:1.0
