cst:1.0
blueoak.berkeley.edu:1.0
courtney:1.0
terry:1.0
subject:1.0
sale:1.0
1983:1.6931471805599454
nissan:1.6931471805599454
sentra:1.6931471805599454
two:1.0
door:1.0
hatchback:1.0
red:1.0
am/fm:1.0
cassette:1.0
lots:1.0
new:1.0
parts:1.0
well:1.0
maintained:1.0
clean:1.0
inside:1.0
looks:1.0
runs:1.0
great:1.0
2000/bo:1.0
bob:1.0
tracy:1.0
510-540-8795:1.0
please:1.0
respond:1.0
account:1.0
