subject:1.0
wanted:1.6931471805599454
restaurant:2.09861228866811
equipment:1.6931471805599454
smp:1.0
cerc.wvu.edu:1.0
shailesh:2.09861228866811
potnis:1.6931471805599454
starting:1.0
new:1.0
1:1.0
4-6:1.0
burner:1.0
stove:1.0
2:1.0
hot:1.0
plate:1.0
3:1.0
fryer:1.0
4:1.0
stainless:1.0
steel:1.0
tables:1.0
shelves:1.0
etc:1.0
5:1.0
pots:1.0
n:1.0
pans:1.0
number:1.0
items:1.0
interested:1.0
pl:1.0
email:1.0
associate|concurrent:1.0
engineering:1.0
research:1.0
member:1.0
technical:1.0
staff|center:1.0
west:1.0
virginia:1.0
university:1.0
