mageors:2.09861228866811
sdf.lonestar.org:1.6931471805599454
bill:1.0
subject:1.0
genie:1.6931471805599454
garage:1.6931471805599454
door:2.09861228866811
remote:1.0
forsale:1.6931471805599454
transmitter:1.0
unit:1.0
three:1.6931471805599454
button:1.0
station:1.0
operate:1.0
different:1.0
gate:1.0
openers:1.0
never:1.0
used:1.0
normaly:1.0
goes:1.0
45.00:1.0
im:1.0
ask:1.0
20.00:1.0
shipping:1.0
interested:1.0
please:1.0
email:1.0
