jamesl:1.6931471805599454
galaxy.nsc.com:1.6931471805599454
james:1.0
lu:1.0
x3702:1.0
subject:1.0
wanted:1.6931471805599454
refrigerator:1.6931471805599454
contact:1.0
408:1.0
721-3702:1.0
