me9574:1.6931471805599454
albnyvms.bitnet:1.6931471805599454
subject:1.0
apology:1.6931471805599454
printing:2.09861228866811
dear:1.0
fellow:1.0
usenet:2.09861228866811
users:1.0
would:1.0
like:1.0
give:1.0
formal:1.0
posting:1.0
advertisement:1.6931471805599454
business:1.0
intend:1.0
rather:1.0
offer:1.6931471805599454
people:1.0
many:1.0
use:1.6931471805599454
regular:1.0
basis:1.0
aware:1.0
legal:1.0
trying:1.0
put:1.0
college:1.0
requested:1.0
information:1.0
write:1.0
privately:1.0
fun:1.0
flooding:1.0
mailbox:1.0
think:1.0
grow:1.0
advice:1.0
one:1.0
thing:1.0
profanity:1.0
toward:1.0
another:1.0
thank:1.0
marc:1.0
