mmm:1.0
cup.portal.com:1.0
mark:1.6931471805599454
robert:1.0
thorson:1.6931471805599454
subject:1.0
cellular:1.0
phone:1.0
portable:1.0
sale:1.0
offer:1.0
100:1.0
shipment:1.0
sellers:1.0
expense:1.6931471805599454
payment:1.0
personal:1.0
check:1.6931471805599454
sent:1.0
u.s:1.0
mail:1.0
within:1.6931471805599454
24:1.6931471805599454
hours:1.6931471805599454
receiving:1.0
goods:1.6931471805599454
reserve:1.0
right:1.0
return:1.0
find:1.0
defective:1.0
otherwise:1.0
unacceptable:1.0
receive:1.0
either:1.0
merchandise:1.0
would:1.0
mailed:1.0
