steveg:1.0
bach.udel.edu:1.0
steven:1.0
n:1.0
gaudino:1.0
subject:1.0
dbase:1.6931471805599454
iv:1.6931471805599454
sale:1.6931471805599454
price:1.0
reduced:1.0
1.5:1.0
3.5:1.0
inch:1.0
disks:1.6931471805599454
registration:1.0
included:1.0
upgrade:1.0
2.0:1.0
want:1.0
manuals:1.0
still:1.0
shrinkwrapped:1.0
opened:1.0
verify:1.0
work:1.0
asking:1.0
175:1.0
best:1.0
offer:1.0
