tammy:1.6931471805599454
uclink.berkeley.edu:1.0
chen:1.0
subject:1.0
toolwork:1.6931471805599454
mpc:1.6931471805599454
encyclopedia:1.6931471805599454
cd-rom:1.6931471805599454
following:1.0
program:1.0
cd:1.0
rom:1.0
forsale:1.0
multimedia:1.0
brand:1.0
new:1.0
shrink-wrapped:1.0
asking:1.0
50:1.0
obo:1.0
send:1.0
reply:1.0
sam:1.0
ocf.berkeley.edu:1.0
thank:1.0
