dwf:1.0
kepler.unh.edu:1.0
dennis:1.6931471805599454
w:1.0
fitanides:1.0
subject:1.0
2400:1.0
baud:1.0
external:1.0
modem:1.0
25:1.6931471805599454
mint:1.0
box:1.0
manual:1.0
phonecord:1.0
shipping:1.0
