ho:1.6931471805599454
kcgl1.eng.ohio-state.edu:1.0
francis:1.0
subject:1.0
24-pin:1.0
printer:1.0
toshiba:1.0
p321sl:1.0
track/friction:1.0
feeds:1.0
lcd:1.0
display:1.0
3.5:1.0
months:1.0
old:1.6931471805599454
like:1.6931471805599454
new:1.0
sample:1.0
print-out:2.09861228866811
sheet:1.0
geoworks:1.0
available:1.0
emulaser:1.0
2-month:1.0
program:1.0
vertisoft:1.0
makes:1.0
look:1.0
inkjet:1.0
175:1.0
firm:1.0
