dennisod:1.6931471805599454
itx.isc.com:1.6931471805599454
dennis:1.0
r:1.0
odonnell:1.0
subject:1.0
mccartney:1.6931471805599454
concert:1.6931471805599454
tickets:1.6931471805599454
sale:1.0
four:1.6931471805599454
available:1.0
paul:1.0
alamo:1.0
dome:1.0
san:1.0
antonio:1.0
tx:1.0
may:1.0
29th:1.0
ground:1.0
floor:1.0
seats:1.0
sell:1.0
pairs:1.0
100:1.0
e-mail:1.0
