arvind:2.09861228866811
acuson.com:1.6931471805599454
jain:1.0
subject:1.0
sale:1.6931471805599454
airline:1.6931471805599454
ticket:2.09861228866811
48:1.6931471805599454
states:1.6931471805599454
canada:1.6931471805599454
northwest:1.0
fly-write:1.0
travel:1.6931471805599454
within:1.0
anywhere:1.0
country:1.0
2:1.0
one:1.0
way:1.0
200:1.0
1:1.0
round:1.0
trip:1.0
350:1.0
restrictions:1.0
fully:1.0
transferable:1.0
however:1.0
completed:1.0
buy:1.0
june:1.0
4:1.0
email:1.0
