bdolson:2.6094379124341005
casbah.acns.nwu.edu:1.6931471805599454
brian:2.09861228866811
david:1.6931471805599454
olson:1.6931471805599454
subject:1.0
sale:1.6931471805599454
ibm:1.6931471805599454
wheelwriter:1.6931471805599454
6:1.6931471805599454
typewriter:1.0
raffle:1.0
campus:1.0
since:1.0
nice:1.0
computer:1.0
really:1.0
need:1.0
cash:1.0
im:1.0
putting:1.0
offer:1.6931471805599454
local:1.0
reseller:1.0
250:1.0
best:1.0
plus:1.0
shipping:1.0
northwestern:1.0
university:1.0
economics:1.0
international:1.0
studies:1.0
b-olson:1.0
nwu.edu:1.0
cica.es:1.0
merle.acns.nwu.edu:1.0
sevaxu.cica.es:1.0
