bmaraldo:2.09861228866811
watserv1.uwaterloo.ca:1.6931471805599454
commander:1.0
brett:1.6931471805599454
maraldo:1.6931471805599454
subject:1.0
akg:1.6931471805599454
340:1.6931471805599454
electrostatic/dynamic:1.0
headphones:1.6931471805599454
sale:1.6931471805599454
pair:1.6931471805599454
electrostatic:1.6931471805599454
dyanmic:1.0
headphone:1.0
dynamic:1.0
element:1.0
bottom:1.0
end:1.6931471805599454
high:1.0
comfortable:1.0
sound:1.0
nice:1.0
like:1.6931471805599454
new:1.0
condition:1.0
would:1.0
220cdn:1.0
unit:1.0
36:1.0
research:1.0
alien:1.0
technology:1.0
today:1.0
uunet:1.0
clyde:1.0
utai:1.0
watserv1:1.0
