arthur_noguerola:1.6931471805599454
vos.stratus.com:1.6931471805599454
subject:1.0
son:1.0
genuine:1.0
vinyl:2.6094379124341005
records:1.6931471805599454
4sale:1.0
thank:1.6931471805599454
requesting:1.0
list:1.6931471805599454
purchased:1.0
lotsa:1.0
leftover:1.0
sale:1.6931471805599454
looking:1.0
new:1.0
home:1.0
please:1.0
buy:1.0
stop:1.0
running:1.0
ad:1.0
bunches:1.0
12:1.0
including:1.0
metal:1.6931471805599454
acetate:1.0
heavy:1.0
music:1.0
em:1.0
get:1.0
amazing:1.0
deal:1.0
email:1.0
big:1.0
details:1.0
mass:1.0
usa:1.0
