khcheng:1.0
unix.amherst.edu:1.0
kim:1.0
hong:1.6931471805599454
cheng:1.0
subject:1.0
telepath:1.6931471805599454
96/96:1.0
fax/modem:1.6931471805599454
gateway:2.386294361119891
9600/9600:1.0
computer:1.0
crosstalk:1.0
winfax:1.0
pro:1.0
2.01:1.0
windows:1.0
never:1.0
used:1.0
170:1.0
shipped:1.0
195:1.0
