mcadams:3.0794415416798357
trane.rtp.dg.com:1.0
ed:2.09861228866811
subject:1.0
piano:1.0
free:1.0
charity:2.09861228866811
one:1.0
heavy:1.0
antique:1.0
upright:1.0
pianos:1.0
would:1.0
like:1.0
contribute:1.0
muscle:1.0
enough:1.0
get:1.6931471805599454
house:1.0
response:1.0
sell:1.0
100:1.0
haul:1.0
good:1.0
shape:1.0
needs:1.0
tuning:1.0
im:1.0
south:1.0
durham:1.0
county:1.0
data:1.6931471805599454
general:1.6931471805599454
corporation:1.6931471805599454
dg-rtp.dg.com:1.6931471805599454
62:1.6931471805599454
w:1.6931471805599454
alexander:1.6931471805599454
drive:1.6931471805599454
backbone:1.6931471805599454
mcnc:1.6931471805599454
rti:1.6931471805599454
dg-rtp:1.6931471805599454
research:1.6931471805599454
triangle:1.6931471805599454
park:1.6931471805599454
nc:1.6931471805599454
27709:1.6931471805599454
919:1.6931471805599454
248-6369:1.6931471805599454
