aj008:2.6094379124341005
cleveland.freenet.edu:2.6094379124341005
aaron:1.6931471805599454
barnes:1.6931471805599454
subject:1.6931471805599454
scanning:1.0
radio:1.0
realistic:2.09861228866811
pro-2024-was:1.0
200:2.09861228866811
sell:2.09861228866811
150:2.09861228866811
article:1.0
10886:1.0
alt.radio.scanner:1.6931471805599454
path:1.0
usenet.ins.cwru.edu:1.6931471805599454
newsgroups:1.0
pro-2024:1.6931471805599454
sale-was:1.0
obo:1.0
date:1.0
20:1.0
apr:1.0
1993:1.0
16:01:28:1.0
gmt:1.0
organization:1.0
case:1.0
western:1.0
reserve:1.0
university:1.0
cleveland:1.0
ohio:1.0
usa:1.0
lines:1.0
26:1.0
message-id:1.0
1r16oo:1.0
3du:1.0
nntp-posting-host:1.0
slc10.ins.cwru.edu:1.0
hello:1.0
scanner:1.0
sale.here:1.0
small:1.0
desc:1.0
ription:1.0
60:1.0
programible:1.0
chanels:1.0
fully:1.0
detailed:1.0
backlighted:1.0
digital:1.0
display:1.0
headphone:1.0
jack:1.6931471805599454
antenna:1.6931471805599454
removable:1.0
telescoping:1.0
auto:1.0
search:1.0
coverage:1.0
30-50mhz:1.0
118-174mhz:1.0
380-512mhz:1.0
originally:1.0
cost:1.0
thank:1.0
buchanan:1.6931471805599454
96:1.6931471805599454
fear:1.6931471805599454
goverment:1.6931471805599454
fears:1.6931471805599454
guns:1.6931471805599454
without:1.6931471805599454
2nd:1.6931471805599454
amendment:1.6931471805599454
guarantee:1.6931471805599454
ou:1.6931471805599454
r:1.6931471805599454
freedoms:1.6931471805599454
