suraj:2.6094379124341005
apollo.cs.jhu.edu:1.0
surendrakumar:1.0
subject:1.0
new:1.0
stereo:1.6931471805599454
system/components:1.0
sale:2.09861228866811
10:1.0
month:1.0
old:1.0
system:1.6931471805599454
luxman:1.6931471805599454
r-351:1.6931471805599454
receiver:2.386294361119891
onkyo:1.6931471805599454
ta-rw404:1.6931471805599454
tape:2.09861228866811
deck:2.09861228866811
polk:1.6931471805599454
monitor:1.6931471805599454
m4.6:1.6931471805599454
book:1.0
shelf:1.0
speakers:2.09861228866811
5:2.09861228866811
year:1.6931471805599454
warranty:1.6931471805599454
equipment:1.0
excellent:1.0
condition:1.0
paid:2.386294361119891
950:1.0
willing:2.386294361119891
consider:2.386294361119891
best:2.791759469228055
offer:2.791759469228055
sell:1.0
seperate:1.0
pieces:1.0
also:1.0
desired:1.0
please:1.0
send:1.6931471805599454
cs.jhu.edu:1.6931471805599454
bookshelf:1.0
250:1.0
pair:1.0
yes:1.0
years:1.0
475:1.0
full:1.0
remote:1.0
2:1.0
pairs:1.0
speaker:1.0
connections:1.0
60:1.0
watts:1.6931471805599454
per:1.6931471805599454
channel:1.6931471805599454
drives:1.0
like:1.0
150:1.0
standard:1.6931471805599454
features:1.6931471805599454
275:1.0
dual:1.0
cassette:1.0
dolby:1.0
b:1.0
c:1.0
hx:1.0
pro:1.0
input:1.0
level:1.0
control:1.0
recording:1.0
auto:1.0
reverse:1.0
sides:1.0
e-mail:1.0
