she3328:2.386294361119891
ritvax.isc.rit.edu:1.6931471805599454
steven:1.6931471805599454
h:1.0
eckwielen:1.6931471805599454
subject:1.6931471805599454
wanted:1.0
hp:2.386294361119891
48s:1.6931471805599454
48sx:1.6931471805599454
says:1.0
looking:1.0
perferiably:1.0
please:1.0
e-mail:1.0
replies:1.0
thanks:1.0
bitnet:1.0
ritvax:1.6931471805599454
internet:1.0
uucp:1.0
rutgers:1.0
rochester:1.0
rit:1.0
