lazaro:1.6931471805599454
pyuxf.cc.bellcore.com:1.0
matthew:1.0
subject:1.0
vhs:1.6931471805599454
movie:1.6931471805599454
sale:2.09861228866811
article:1.6931471805599454
1qvk1u:1.0
jnu:1.0
bigboote.wpi.edu:1.0
martimer:1.0
jaguar.wpi.edu:1.0
random:1.0
one:1.6931471805599454
writes:1.6931471805599454
1993apr19.211400.1:1.0
hirama.hiram.edu:1.6931471805599454
koutd:1.0
douglas:1.0
kou:1.0
dance:2.09861228866811
wovies:1.0
12.00:1.0
hell:1.0
ios:1.0
wovie:1.6931471805599454
wovy:1.0
sp:1.0
animals:1.0
seriously:1.0
saw:1.0
video:1.6931471805599454
brand:1.0
new:1.0
palmer:1.0
9:1.0
tx:1.0
guess:1.0
could:1.0
resell:1.0
12:1.0
would:1.0
like:1.0
