ma225121:1.0
umbc.edu:1.0
jonas:1.0
schlein:1.0
subject:1.0
olivetti:1.0
xt:1.6931471805599454
selling:1.0
compatible:1.0
comes:1.0
green:1.0
screen:1.0
cga:1.0
monitor:1.0
360k:1.0
5.25:1.0
floppy:1.0
drive:1.6931471805599454
20:1.0
megabyte:1.0
hard:1.0
would:1.0
think:1.0
brand:1.0
new:1.0
condition:1.0
asking:1.0
price:1.0
150:1.0
shipping:1.0
reply:1.0
via:1.0
e-mail:1.0
interested:1.0
