martimer:1.6931471805599454
jaguar.wpi.edu:1.0
random:1.6931471805599454
one:1.0
subject:1.0
vhs:1.6931471805599454
movie:1.6931471805599454
sale:1.6931471805599454
article:1.0
1993apr19.211400.1:1.0
hirama.hiram.edu:1.6931471805599454
koutd:1.0
douglas:1.0
kou:1.0
writes:1.0
dance:1.0
wovies:1.0
12.00:1.0
hell:1.0
ios:1.0
wovie:1.0
wovy:1.0
sp:1.0
funny:1.0
things:1.0
everywhere:1.0
dr:1.0
suess:1.0
jonathan:1.0
sawitsky:1.0
wierdo:1.0
wpi.wpi.edu:1.0
