mallen:1.6931471805599454
wyvern.wyvern.com:1.6931471805599454
marc:1.6931471805599454
l:1.0
allen:1.0
subject:1.0
486dx/33:1.0
cpu:1.0
chip:1.0
sale:1.0
cyrix:1.6931471805599454
amd:2.09861228866811
486s:1.6931471805599454
intel:2.386294361119891
clones:1.6931471805599454
beware:1.0
understand:1.0
neither:1.0
486:2.386294361119891
using:1.0
name:1.0
run:1.0
fast:1.6931471805599454
exactly:1.0
instuction:1.0
set:1.0
fit:1.0
socket:1.0
386s:1.0
without:1.0
coprocessors:1.0
recent:1.0
appeal:1.0
use:1.0
microcode:1.0
putting:1.0
real:1.0
chips:1.0
near:1.0
future:1.0
