subject:1.0
vhs:1.6931471805599454
movie:1.6931471805599454
sale:1.6931471805599454
koutd:1.6931471805599454
hirama.hiram.edu:1.6931471805599454
douglas:1.6931471805599454
kou:1.6931471805599454
dance:1.0
wovies:1.0
12.00:1.0
tape:1.0
new:1.0
open:1.0
buyer:1.0
pay:1.0
shipping:1.0
cost:1.0
interested:1.0
please:1.0
send:1.0
offer:1.0
thanks:1.0
hiram:1.0
college:1.0
