jyow:1.6931471805599454
desire.wright.edu:1.6931471805599454
subject:1.0
radar:1.0
detector:1.0
whistler:1.6931471805599454
x:1.6931471805599454
k:1.6931471805599454
ka:1.6931471805599454
spectrum:1.0
2-se:1.0
pulse:1.0
protection:1.0
good:1.0
condition:1.0
purchased:1.0
130:1.0
asking:1.0
80:1.0
jason:1.0
yowhuman:1.0
factors:1.0
psychology:1.0
program:1.0
wright:1.0
state:1.0
university:1.0
dayton:1.0
ohe-mail:1.0
