nave:1.6931471805599454
jato.jpl.nasa.gov:1.6931471805599454
joe:1.0
subject:1.0
c=64:1.0
system:1.0
sale:1.6931471805599454
make:1.6931471805599454
offer:1.6931471805599454
complete:1.0
package:1.0
1:1.0
commodore:2.09861228866811
c64:1.0
computer:1.0
like:2.386294361119891
new:2.386294361119891
box:1.6931471805599454
power:1.0
supply:1.0
owners:2.386294361119891
manuals:1.0
2:1.0
1541c:1.0
disk:1.0
drive:1.0
manual:2.09861228866811
3:1.0
1702:1.0
color:1.0
monitor:1.0
4:1.0
panasonic:1.6931471805599454
kxp-1091:1.0
dot:1.0
matrix:1.0
printer:2.09861228866811
5:1.0
interface:1.0
6:1.0
fastload:1.0
cartridge:1.0
7:1.0
huge:1.0
stack:1.0
books:1.0
c-64/1541:1.0
programming:1.0
reasonable:1.0
ill:1.0
throw:1.0
300:1.0
disks:1.0
software:1.0
please:1.0
reply:1.0
e-mail:1.0
joachim:1.0
navenave:1.0
jet:1.0
propulsion:1.0
laboratory:1.0
pasadena:1.0
californiadisclaimer:1.0
dont:1.0
speak:1.0
jpl:1.0
