gtd597a:1.6931471805599454
prism.gatech.edu:1.6931471805599454
hrivnak:1.6931471805599454
subject:1.0
vhs:1.0
movie:1.0
sale:1.0
article:1.0
1qvk1u:1.0
jnu:1.0
bigboote.wpi.edu:1.0
martimer:1.0
jaguar.wpi.edu:1.0
random:1.0
one:1.0
writes:1.0
dance:1.0
wovies:1.0
12.00:1.0
hell:1.6931471805599454
ios:1.6931471805599454
wovie:1.0
wovy:1.0
sp:1.0
fix:1.0
typos:1.0
blame:1.0
others:1.0
go:2.386294361119891
skins:1.0
next:1.0
question:1.0
emotional:1.0
music:1.0
quite:1.0
braves:1.0
effect:1.0
mike:1.6931471805599454
patton:1.0
faith:1.0
hornets:1.0
capitals:1.0
friedman:1.0
fan:1.0
internet:1.0
