klj:1.0
titan.ucs.umass.edu:1.0
katherine:1.0
l:1.0
jeffers:1.0
subject:1.0
mac:1.6931471805599454
se:1.6931471805599454
forsale:1.0
repost:1.0
earlier:1.0
thanks:1.0
several:1.0
offering:1.0
advise:1.0
realistic:1.0
prices:1.0
2.5:1.0
megs:1.0
ram:1.0
20:1.0
meg:1.0
hard:1.0
disk:1.0
800:1.0
k:1.0
floppy:1.0
absolutely:1.0
perfect:1.0
condition:1.0
includes:1.0
word:1.0
5:1.0
pagemaker:1.0
quark:1.0
xpress:1.0
quicken:1.0
latest:1.0
versions:1.0
dozen:1.0
programs:1.0
price:1.0
475.00:1.0
