beb:1.0
media.mit.edu:1.0
brian:1.0
e:1.0
bradley:1.0
subject:1.0
2-gig:1.0
fujitsu:1.6931471805599454
5.25:1.6931471805599454
disk:2.09861228866811
drive:2.09861228866811
sale:1.0
2-gigabyte:1.0
internal:1.0
model:1.0
m26525a:1.0
uses:1.0
either:1.0
scsi:1.0
edi:1.0
interface:1.0
controller:1.0
card:1.0
brand:1.0
new:1.0
still:1.0
box:1.0
never:1.0
used:1.0
1800:1.0
compare:1.0
2400:1.0
cheapest:1.0
mail-order:1.0
catalogs:1.0
posted:1.0
friend:1.0
pleade:1.0
respond:1.0
jbredt:1.0
athena:1.0
