huawang:1.6931471805599454
eng.umd.edu:1.0
wang:1.0
hua:1.0
subject:1.0
canon:2.791759469228055
camera:1.0
system:1.6931471805599454
sale:1.6931471805599454
following:1.0
items:1.0
condition:1.6931471805599454
listed:1.0
numerical:1.0
10:2.6094379124341005
indicates:1.0
like:1.0
new:1.0
t70:1.0
body:1.0
multiprogram:1.0
ae:1.0
dual:1.0
metering:1.0
build:1.0
motor:1.0
drive:1.0
etc:1.0
9:1.0
fd:1.6931471805599454
50mm/f1.8:1.0
85mm/f1.8:1.0
bt-52:1.0
hood:1.0
8:1.0
excellent:1.0
portrait:1.0
lens:1.0
osawa:1.0
28-50mm/f3.5-4.5:1.0
zoom:1.6931471805599454
made:1.0
japan:1.6931471805599454
soft:1.0
case:1.6931471805599454
soligor:1.0
80-200mm/f4.5:1.0
macro:1.0
1:4:1.0
hard:1.0
vivitar:1.0
sms30d:1.0
dedicated:1.0
thyristor:1.0
flash:1.0
box:1.0
manual:1.0
asking:1.0
350/obo:1.0
h:1.0
included:1.0
interested:1.0
e-mail:1.0
src.umd.edu:1.0
call:1.0
301:1.0
405:1.0
2947:1.0
