dlneal:2.09861228866811
apgea.army.mil:1.0
dennis:1.6931471805599454
l:1.6931471805599454
neal:1.6931471805599454
subject:1.0
24-pin:1.0
printer:2.09861228866811
sale:1.6931471805599454
star:1.0
micronics:1.0
sg:1.0
24:1.6931471805599454
pin:1.0
used:1.0
amiga:1.0
ibm:1.0
computers:1.0
works:1.0
great:1.0
throw:1.0
cable:1.0
vinyl:1.0
cover:1.0
150:1.0
plus:1.0
shipping:1.0
first:1.0
email:1.0
gets:1.0
thanx:1.0
cbda9.apgea.army.mil:1.0
gone:1.0
laser:1.0
reason:1.0
selling:1.0
