dlneal:2.09861228866811
apgea.army.mil:1.0
dennis:1.6931471805599454
l:1.6931471805599454
neal:1.6931471805599454
subject:1.0
amiga:1.6931471805599454
software:1.6931471805599454
sale:1.6931471805599454
following:1.0
provideo:1.0
gold:1.0
50:1.0
amigavision:1.0
25:1.0
b.e.s.t:1.0
plan:1.0
10:2.09861228866811
spreadsheet:1.0
still:1.0
shrinkwrap:1.0
superback:1.0
hard:1.0
drive:1.0
backup:1.0
certificate:1.0
maker:1.0
add:1.0
h:1.0
email:1.0
address:1.0
listed:1.0
thanx:1.0
cbda9.apgea.army.mil:1.0
