jks2x:1.0
holmes.acc.virginia.edu:1.0
jason:1.6931471805599454
k:1.0
schechner:1.0
subject:1.0
foot:1.6931471805599454
switches:1.6931471805599454
sale:1.6931471805599454
2:1.0
theyre:1.0
great:1.0
guitar:1.0
amps:1.0
keyboards:1.0
1:1.0
diameter:1.0
6:1.0
cable:1.0
id:1.0
like:1.0
15:1.0
make:1.0
offer:1.0
knows:1.0
settle:1.0
raise:1.0
family:1.0
join:1.0
pta:1.0
buy:1.0
sensible:1.0
shoes:1.0
chevrolet:1.0
party:1.0
till:1.0
youre:1.0
broke:1.0
drag:1.0
away:1.0
ok:1.0
al:1.0
yankovic:1.0
