zoron:1.6931471805599454
en.ecn.purdue.edu:1.6931471805599454
soren:2.09861228866811
burkhart:1.6931471805599454
subject:1.0
dragons:2.09861228866811
lair:2.09861228866811
ii:2.09861228866811
space:2.09861228866811
ace:2.09861228866811
arcade:2.386294361119891
games:2.09861228866811
sale:1.0
400:1.0
complete:2.09861228866811
220:1.0
laser:1.6931471805599454
disc:1.6931471805599454
150:1.6931471805599454
motherboard/joystick/buttons:1.6931471805599454
35:1.6931471805599454
graphics:2.09861228866811
cabinet:2.386294361119891
50:1.6931471805599454
brick:1.6931471805599454
power:2.09861228866811
supply:2.09861228866811
12/-12/+5:1.6931471805599454
430:1.0
250:1.0
750:1.0
require:1.0
sony:1.0
1450:1.0
laserdisc:2.386294361119891
player:2.09861228866811
nice:1.0
thing:1.0
also:1.0
watch:1.0
normal:1.6931471805599454
movies:1.0
well:2.09861228866811
one:1.6931471805599454
sell:1.0
600:1.0
550:1.0
purchase:1.0
system:1.6931471805599454
500:1.0
buy:1.0
systems:1.0
currently:1.0
run:1.6931471805599454
entertainment:1.0
center:1.0
housed:1.6931471805599454
pc:1.0
computer:1.0
case:1.0
fan:1.0
audio:1.0
stereo:1.0
runs:1.0
directly:1.0
t.v:1.0
made:1.0
mount:1.0
joysticks:1.0
buttons:1.0
first:1.0
person:1.0
buys:1.0
get:1.0
otherwise:1.0
would:1.0
prefer:1.0
done:1.0
go:1.0
nicely:1.0
along:1.0
sides:1.0
front:1.0
everything:1.0
works:1.0
perfectly:1.0
rs-232:1.0
port:1.0
use:1.0
develop:1.0
multimedia:1.0
type:1.0
applications:1.0
laserdiscs:1.0
stored:1.0
safe:1.0
place:1.0
scratches:1.0
interested:1.0
please:1.0
email:1.0
thanks:1.0
purdue:1.0
university:1.0
yes:1.0
sort:1.0
a.i:1.0
robotics:1.0
blink-headed:1.0
pig:1.0
ignorance:1.0
come:1.0
expect:1.0
non-creative:1.0
garbage:1.0
john:1.0
cleese:1.0
monty:1.0
python:1.0
