drmsr:1.6931471805599454
cislabs.pitt.edu:1.0
marc:1.6931471805599454
rosenthal:1.0
subject:1.0
casio:1.6931471805599454
b.o.s.s:1.6931471805599454
sale:1.6931471805599454
sf-9500:1.0
digital:1.0
dairy/organizer:1.0
unit:1.0
64:1.0
kb:1.0
expansion:1.0
card:1.0
slot:1.0
good:1.0
condition:1.0
asking:1.0
110.00:1.0
plus:1.0
shipping:1.0
pitt.edu:1.0
