alin:1.0
nyx.cs.du.edu:1.0
ailin:1.6931471805599454
lin:1.0
subject:1.6931471805599454
1.2mb:1.0
external:2.09861228866811
fd:1.6931471805599454
ps/2:2.09861228866811
extremely:1.6931471805599454
cheap:1.6931471805599454
1.2:1.6931471805599454
brand:1.0
new:1.0
floppy:1.0
drive:1.0
still:1.0
box:1.0
sell:1.0
90:1.0
shipping/firm:1.0
half:1.0
market:1.0
price:1.6931471805599454
check:1.0
page:1.0
474:1.0
computer:1.0
shopper:1.0
apr-93:1.0
issue:1.0
179:1.0
please:1.0
let:1.0
know:1.0
interested:1.0
803-654-8817:1.0
