alin:1.0
nyx.cs.du.edu:1.0
ailin:1.6931471805599454
lin:1.0
subject:1.0
ld:1.0
ext:1.0
floppy:1.6931471805599454
drive:2.386294361119891
mac:1.6931471805599454
extremely:1.0
cheap:1.0
brand:1.6931471805599454
new:1.6931471805599454
low:1.0
density:1.0
5.25:1.0
comes:1.0
apple:1.0
macintosh:1.0
ii:1.0
pc:1.0
card:1.6931471805599454
hook:1.0
allows:1.0
use:1.0
dos:1.0
formatted:1.0
disks:1.0
selling:1.0
90:1.0
abt:1.0
1/3:1.0
retail:1.0
price:1.0
803-654-8817:1.0
buyers:1.0
pay:1.0
shipping:1.0
