wgs1:1.0
isis.msstate.edu:1.0
walter:1.6931471805599454
g:1.6931471805599454
seefeld:1.6931471805599454
subject:1.0
klipsch:1.0
kg1:1.0
speakers:1.0
like:1.0
new:1.0
200:1.6931471805599454
shipping:1.6931471805599454
one:1.0
pair:1.0
kg1s:1.0
oak:1.0
finish:1.0
black:1.0
grilles:1.0
includes:1.0
original:1.0
packaging:1.0
firm:1.0
dawns:1.0
early:1.0
light:1.0
940:1.0
n:1.0
jackson:1.6931471805599454
st:1.0
1a:1.0
know:1.0
right:1.0
starkville:1.0
ms:1.0
39759:1.0
going:1.0
reap:1.0
sown:1.0
n5qxr:1.0
brown:1.0
