kohlhepp:2.09861228866811
cae.wisc.edu:1.0
robert:1.0
subject:1.0
rasterops:1.6931471805599454
8xl:1.6931471805599454
video:1.0
board:1.0
sale:1.0
macintosh:1.0
nu-bus:1.0
machines:1.0
deal:1.0
fell:1.0
asking:1.0
200:1.0
640x480:1.0
800x600:1.0
incorrectly:1.0
posted:1.0
832x624:1.0
640x870:1.0
1024x768:1.0
60hz:1.0
75:1.0
hz:1.0
1152x870:1.0
make:1.0
offers:1.0
mail:1.0
rj:1.0
kohlheppnovell:1.0
systems:1.0
staff:1.0
cae.wisc.educomputer:1.0
aided:1.0
engineering:1.0
