george:2.6094379124341005
cs.umass.edu:1.6931471805599454
koshy:2.09861228866811
subject:1.0
wanted/summer:1.0
housing/seattle:1.0
univ:1.0
washington:2.09861228866811
summer:2.09861228866811
housing:1.0
needed-at:1.0
university:1.6931471805599454
seattle:2.09861228866811
hi:1.0
looking:1.0
place:1.0
stay:1.0
would:1.0
internship:1.6931471805599454
uofw:1.0
got:1.0
kind:1.0
space:1.0
sublet:1.0
please:1.0
send:1.0
email/call:1.0
expect:1.0
start:1.0
first:1.0
week:1.0
june:1.0
54:1.0
puffton:1.0
village:1.0
amherst:1.0
01002:1.0
413-549-7373:1.0
h:1.0
413-545-2014:1.0
