gregg:2.386294361119891
netcom.com:1.0
weber:1.0
subject:1.0
camcorder:1.0
sony:1.0
8:1.6931471805599454
mm:1.6931471805599454
forsale:1.0
350:1.6931471805599454
5:1.6931471805599454
years:1.6931471805599454
old:1.0
model:1.0
ccd-v5:1.0
6x:1.0
zoom:1.0
everything:1.0
works:1.0
perfectly:1.0
uses:1.0
tapes:1.0
hi-8:1.0
around:1.0
ago:1.0
plus:1.0
shipping:1.0
best:1.0
offer:1.0
weberlet:1.0
open:1.0
bright:1.0
like:1.0
sky:1.0
netcom.comwithout:1.0
taking:1.0
sides:1.0
clouds:1.0
concepts:1.0
510:1.0
283-6264:1.0
kun-mkhyen:1.0
klong-chen-pa:1.0
