wsyu:1.0
nyx.cs.du.edu:1.0
wei-yun:1.0
yu:1.0
subject:1.0
windows:1.6931471805599454
3.1:1.6931471805599454
new:1.6931471805599454
sale:1.6931471805599454
35:1.6931471805599454
package:1.0
stil:1.0
shrink:1.0
wrapped:1.0
asking:1.0
consider:1.0
trade:1.0
used:1.0
1.44m:1.0
floppy:1.0
drive:1.0
leave:1.0
message:1.0
interested:1.0
