gregory.park:1.0
dartmouth.edu:2.09861228866811
gregory:1.0
park:1.0
subject:1.0
roland:1.6931471805599454
juno-60:1.0
synthesizer*uniden:1.0
radar:2.09861228866811
detector:1.6931471805599454
4:1.0
sale:1.0
juno:1.0
60:1.0
synthesizer:1.0
excellent:1.6931471805599454
condition:1.6931471805599454
great:1.0
fat:1.0
analog:1.0
sound:1.0
used:1.0
song:1.0
jump:1.0
van:1.0
halen:1.0
300:1.0
best:1.6931471805599454
offer:1.6931471805599454
uniden:1.0
rd-9xl:1.0
dont:1.0
caught:1.0
cops:1.0
50:1.0
smaller:1.0
credit:1.0
card:1.0
compact:1.0
keyboard:1.0
email:1.6931471805599454
greg.park:1.0
rich.lee:1.0
ciao:1.0
