jack:2.9459101490553135
acs2.bu.edu:1.0
subject:1.0
sale:1.6931471805599454
misc:1.0
computer:2.386294361119891
parts:1.0
radar:2.09861228866811
detector:2.09861228866811
following:1.6931471805599454
items:2.386294361119891
item:1.6931471805599454
condition:2.09861228866811
price:1.6931471805599454
color:1.0
ega:1.6931471805599454
card:2.9459101490553135
monitor:1.6931471805599454
working:4.13549421592915
180.00:1.0
made:1.0
zenith:1.0
b:1.0
3:1.6931471805599454
1mx8:1.0
80ns:1.6931471805599454
simms:2.791759469228055
mt:1.0
25.00/each:1.6931471805599454
16:1.6931471805599454
256k:3.0794415416798357
oki:1.6931471805599454
3.00/each:1.0
4:2.09861228866811
100ns:2.6094379124341005
2.75/each:1.6931471805599454
motorola:1.0
120ns:1.0
nec:1.0
2.50/each:1.0
note:1.0
left:1.0
numerous:1.0
macintosh:1.0
upgrade:1.0
years:2.09861228866811
questions:1.0
one:2.09861228866811
fits:1.0
mac:1.0
please:2.386294361119891
mail:2.09861228866811
back:1.6931471805599454
c:1.6931471805599454
2:2.6094379124341005
ast:1.6931471805599454
fastram:1.0
512k:1.0
could:2.09861228866811
upgraded:1.0
2m:1.0
dram:2.386294361119891
54:1.0
ti:1.0
0.50/each:2.09861228866811
36:1.0
18:1.0
hunydai:1.0
e:1.0
compaq:1.0
classic:1.0
portable:1.0
150.00:1.6931471805599454
360k:1.0
floppy:1.0
drives:1.6931471805599454
amber:1.0
9:1.0
inch:1.0
screen:1.0
ram:1.0
f:1.0
serial:1.6931471805599454
10.00/each:1.0
g:1.0
western:1.0
digital:1.0
disk:1.0
controller:1.0
30.00:1.6931471805599454
wd1003-wah:1.0
f003:1.0
x16:1.0
bit:1.0
floopy:2.386294361119891
harddisk:1.0
h:1.0
logitech:1.0
3-buttons:1.0
mechanical:1.0
20.00:1.0
mouse:1.0
1:2.09861228866811
full-size:1.6931471805599454
case:2.09861228866811
35.00:1.0
200w:1.6931471805599454
power-supply:1.6931471805599454
60.00:1.0
original:1.6931471805599454
premium/286:1.0
5:1.0
half-height:1.0
devices:1.0
three:1.0
tape:1.6931471805599454
drive:3.3978952727983707
etc:1.0
also:1.6931471805599454
including:1.0
286:1.0
motherboard:1.0
unknown:3.302585092994046
j:1.0
1.2m:1.0
5.25:1.0
30.00/each:1.0
1.44:1.0
3.5:1.0
38.00:1.0
k:1.6931471805599454
adaptec:1.0
1542b:1.0
scsi:2.386294361119891
adapter:1.0
brand:2.09861228866811
new:2.09861228866811
220.00:1.0
l:1.0
wangtek:1.0
5150es:1.0
250m:1.0
200.00:1.0
1/4:1.0
1/2:2.09861228866811
height:2.09861228866811
40m:1.6931471805599454
mfm:2.386294361119891
100.00:1.6931471805599454
miniscribe:1.6931471805599454
seagate:2.09861228866811
st:1.0
251-1:1.0
20m:1.6931471805599454
50.00:1.0
n:1.0
prodigy:1.6931471805599454
start-up:1.6931471805599454
kit:1.6931471805599454
45.00:1.0
pc:1.6931471805599454
24/96:1.0
data/fax:1.0
modem:1.0
selling:1.6931471805599454
either:1.0
never:2.09861228866811
get:1.6931471805599454
work:1.6931471805599454
try:1.0
hook:1.0
5.00:2.09861228866811
p:1.0
multi-function:1.0
game/clock:1.0
parallel/serial:1.0
port:1.0
q:1.6931471805599454
monochrome:1.0
graphics:1.6931471805599454
132:1.0
columns:1.0
r:1.6931471805599454
cdc:1.0
94171-344:1.0
340m:1.0
15.00:1.0
free:1.0
ast-3g:1.0
plus:1.0
chip:1.0
2.00:1.0
80m:1.0
80.00:1.0
model:1.0
st-4096:1.0
bought:1.0
couple:1.0
ago:1.0
obvious:1.0
reason:1.6931471805599454
ticketed:1.0
past:1.0
dont:1.0
anymore:1.0
would:2.09861228866811
rather:1.0
sell:1.0
u:1.0
whristler:1.0
425:1.0
x:1.0
bands:1.0
like:1.0
buy:1.6931471805599454
acs.bu.edu:1.6931471805599454
10:1.0
automatic:1.0
discount:1.0
apply:1.0
total:1.0
purchase:1.0
100:1.0
except:1.0
two:1.0
buyer:1.0
pay:1.0
shipping:1.0
think:1.0
prices:1.0
listed:1.0
unrealistic:1.0
take:1.0
advice:1.0
consideration:1.0
make:1.0
proper:1.0
adjustments:1.0
stuff:1.0
decided:1.0
enough:1.0
hobby:1.0
computing:1.0
want:1.0
move:1.0
interests:1.0
last:1.0
thing:1.0
know:1.6931471805599454
non-profit:1.0
organization:1.0
might:1.6931471805599454
interested:1.0
equipments:1.0
let:1.0
wants:1.0
well:1.0
donate:1.0
tax:1.0
break:1.0
thanks:1.0
bitnet:1.0
ccjcc:1.0
buacca:1.0
chan:1.0
boston:1.0
university:1.0
arpa:1.0
bu-it.bu.edu:1.6931471805599454
internet:1.0
