easwarakv:1.0
woods.ulowell.edu:1.6931471805599454
subject:1.0
cds:1.6931471805599454
sale:1.6931471805599454
th:1.0
following:1.0
cd:1.0
cost:1.0
10:1.0
except:1.0
otherwise:1.0
indicated:1.0
includes:1.0
shipping:1.0
handling:1.0
achtung:1.0
babyu2:1.0
joshua:1.0
treeu2:1.0
immaculate:1.0
collection:1.0
madonna:1.0
12:1.0
love:1.0
hurts:1.0
cher:1.0
garth:1.6931471805599454
brooks:1.6931471805599454
red:1.0
hot:1.0
chilli:1.0
peppers:1.0
ooooohhhhhtlc:1.0
light:1.0
shadowswilson:1.0
used:1.6931471805599454
never:1.0
still:1.0
shrink:1.0
wraps:1.0
please:1.0
email:1.0
kgc:1.0
