crane:2.09861228866811
coral.bucknell.edu:1.6931471805599454
curt:1.6931471805599454
subject:1.0
raichle:1.6931471805599454
ski:1.0
boots:1.6931471805599454
sale:1.0
size:1.6931471805599454
11-11.5:1.6931471805599454
also:1.6931471805599454
pair:1.0
flexon:1.0
comps:1.0
black:1.0
yellow:1.0
good:1.0
condition:1.0
would:1.0
like:1.0
around:1.0
100:1.0
feel:1.0
free:1.0
make:1.0
offer:1.0
please:1.0
reply:1.0
thanks:1.0
