richg:2.09861228866811
sequent.com:2.09861228866811
richard:1.0
garrett:2.09861228866811
subject:1.0
computers:1.0
sale:1.6931471805599454
pc:2.09861228866811
amiga:2.9459101490553135
time:1.0
little:1.0
house:1.0
cleaning:1.0
upgrade:1.0
following:1.0
leading:1.0
technology:1.0
partner:1.0
286:1.0
sytsem:1.0
includes:2.09861228866811
80286:1.0
12mhz:1.0
intel:1.0
cpu:1.0
85mb:1.0
ide:1.6931471805599454
drive:2.09861228866811
brand:1.0
new:1.6931471805599454
canabalized:1.0
system:2.386294361119891
3.5:1.0
5.24:1.0
floppies:1.0
1:1.0
meg:1.0
ram:2.386294361119891
vga:1.6931471805599454
congroller:1.0
kb:1.6931471805599454
5.0:1.0
dos:1.6931471805599454
hard:1.0
need:1.0
get:1.0
300:1.0
style:1.0
20:1.6931471805599454
logitech:1.0
serial:1.0
trackman:1.0
latest:1.0
drivers:1.0
45:1.0
500:1.6931471805599454
2.0:1.0
roms:1.0
installed:1.6931471805599454
1mb:1.6931471805599454
video:1.0
4mb:1.6931471805599454
addon:1.6931471805599454
501:1.0
clone:1.0
512k:1.0
clock:1.0
roctec:1.6931471805599454
disk:1.6931471805599454
controller:1.0
scsi:1.6931471805599454
option:1.0
quantum:1.0
105mb:1.0
lots:1.0
software:1.6931471805599454
4:1.0
x:1.0
simm:1.0
2.04:1.0
icd:1.0
flicker:1.0
fixer:1.0
ii:1.0
asking:1.0
part:1.0
make:1.0
offer:1.0
cando:1.0
25:1.0
textcraft:1.0
plus:1.0
5:3.0794415416798357
tetris:1.0
welltris:1.0
sword:1.0
sodam:1.0
qix:1.0
carmen:1.0
sandiego:1.0
crossword:1.0
construction:1.0
kit:1.0
10:1.0
canadian:1.0
prototype:1.0
replicas:1.0
cd:1.6931471805599454
rom:1.6931471805599454
fast:1.0
file:1.0
30:1.0
hypermedia:1.0
containing:1.0
fred:1.0
fish:1.0
disks:1.0
1-480:1.0
registration:1.0
card:1.0
low:1.0
cost:1.0
upgrades:1.0
hardware:1.0
reference:1.0
man:1.0
monitor:1.0
cable:1.0
two:1.0
joysticks:1.0
prices:1.0
include:1.0
shipping:1.0
contact:1.0
rich:1.6931471805599454
email:1.0
home:1.0
503:2.09861228866811
591-5466work:1.0
578-3822:1.6931471805599454
ooo:1.0
oo:1.0
work:1.0
