tsai:2.6094379124341005
eniac.seas.upenn.edu:2.09861228866811
joe:1.6931471805599454
subject:1.0
bus:1.6931471805599454
tix:1.0
sale:1.6931471805599454
lehigh:1.6931471805599454
philly:1.0
two:1.0
2:1.0
tickets:1.6931471805599454
bethlehem:1.0
pa:1.6931471805599454
university:1.6931471805599454
philadelphia:1.0
good:1.0
august:1.0
24:1.0
1993:1.0
15:1.0
obo:1.0
please:1.0
email:1.0
call:1.0
215:1.0
573-6252:1.0
wharton:1.0
school:1.6931471805599454
96:1.6931471805599454
a500:1.0
engineering:1.0
heels:1.0
back-to-back:1.0
93-94:1.0
applied:1.0
science:1.0
pennsylvania:1.0
flowers:1.0
often:1.0
bloom:1.0
night:1.0
r.e.m:1.0
xx:1.0
