odysseas:2.386294361119891
umbc.edu:1.0
pentakalos:1.0
subject:1.0
unix:1.0
pc:1.0
software:1.6931471805599454
sale:1.6931471805599454
hello:1.0
two:1.0
3b1s:1.0
one:1.6931471805599454
1mb:1.6931471805599454
ram:1.6931471805599454
2mb:1.6931471805599454
system:1.0
running:1.0
3.51m:1.0
version:1.0
loaded:1.0
lots:1.0
network:1.0
like:1.0
gcc:1.0
emacs:1.0
tex/latex:1.0
asking:1.0
500:1.0
650:1.0
model:1.0
best:1.0
offer:1.0
pentakalosodysseas:1.0
umbc7.umbc.edu:1.0
university:1.0
md:1.0
electrical:1.0
engineering:1.0
dept:1.0
polaris.medinfo.ab.umd.edu:1.0
301:1.0
498-3749:1.0
410:1.0
706-2042:1.0
