mark:3.1972245773362196
ocsmd.ocs.com:2.386294361119891
wilson:2.386294361119891
subject:1.0
update:1.6931471805599454
hard:1.6931471805599454
drive:1.6931471805599454
vga:1.6931471805599454
etc:1.0
article:1.0
crossposted:1.0
misc.forsale.computers.pc-clone:1.0
author:1.0
posted:1.0
fri:1.0
16:1.0
apr:1.0
1993:1.0
13:18:42:1.0
gmt:1.0
sale:1.0
items:1.0
plus:1.0
shipping:1.0
1:1.6931471805599454
core:1.0
72mb:1.0
model:1.0
at72:1.0
works:1.0
fine:1.0
5:1.6931471805599454
1/4:1.0
full-height:1.0
reduced:1.0
90:1.0
2:1.0
mfm:1.0
controller:1.0
would:1.0
like:1.0
sell:1.6931471805599454
15:1.0
asking:2.09861228866811
price:1.0
100:1.0
combined:1.0
3:1.0
at-style:1.0
case:1.0
10:1.0
process:1.0
selling:1.0
4:1.0
card:1.0
512k:1.0
25:1.6931471805599454
386:1.0
max:1.0
version:1.0
6.0:1.0
please:1.0
email:2.09861228866811
use:1.0
phone:1.0
online:1.6931471805599454
computer:1.6931471805599454
systems:1.6931471805599454
1-800-922-9204:1.6931471805599454
1-301-601-2215:1.6931471805599454
try:1.6931471805599454
address:1.6931471805599454
file:1.6931471805599454
disclaims:1.6931471805599454
everything:1.6931471805599454
signed:1.6931471805599454
signature:1.6931471805599454
mean:1.6931471805599454
