subject:1.0
mives:1.0
4:1.0
sale:1.6931471805599454
update:1.0
koutd:1.6931471805599454
hiramb.hiram.edu:1.0
douglas:1.6931471805599454
kou:1.6931471805599454
vhs:1.0
movie:1.0
kevin:1.0
costnerdances:1.0
withs:1.0
wolves:1.0
open:1.0
used:1.0
12.00:1.0
best:1.0
offer:1.6931471805599454
buyer:1.0
pay:1.0
shipping:1.6931471805599454
1.00:1.0
let:1.0
know:1.0
interested:1.0
send:1.0
e-mail:1.0
address:1.0
hirama.hiram.edu:1.0
thanks:1.0
hiram:1.0
college:1.0
