am229:1.0
cleveland.freenet.edu:1.0
terry:1.6931471805599454
collins:1.0
subject:1.0
smartcam:1.6931471805599454
version:2.09861228866811
7:1.6931471805599454
sale:1.6931471805599454
486:1.6931471805599454
33dx:1.6931471805599454
purchased:1.0
august:1.0
1992:1.0
latest:1.0
also:1.6931471805599454
willing:1.0
sell:1.0
124mg:1.0
hard:1.0
drive:1.0
17:1.0
multi:1.0
scan:1.0
monitor:1.0
paid:1.0
11,000:1.0
software:1.0
2800:1.0
computer:1.0
includes:1.0
1:1.6931471805599454
yr:1.0
maintanence:1.0
contract:1.0
updated:1.0
every:1.0
year:1.6931471805599454
apx:1.0
950:1.0
per:1.0
make:1.0
offer:1.0
call:1.0
800:1.0
940-7874:1.0
216-941-7400:1.0
ask:1.0
