mike:1.6931471805599454
diack:1.0
mike-d:1.0
staff.tc.umn.edu:1.0
subject:1.0
nubus:1.6931471805599454
ntsc:1.0
genlock:1.0
card:2.386294361119891
f/sale:1.0
computer:1.0
friends:1.0
good:1.0
graphics:1.0
overlays:1.0
videos:1.0
etc:1.0
275:1.0
apple:1.0
8:1.0
bit:1.0
vid:1.6931471805599454
225:1.0
without:1.0
wont:1.0
sell:1.0
separately:1.0
ups:1.0
u:1.0
pay:1.0
shipping:1.0
cheers:1.0
