forman:2.386294361119891
ide.com:1.6931471805599454
bonnie:1.0
subject:1.0
mac:1.6931471805599454
classic:1.6931471805599454
ii:1.0
2:1.0
4/40:1.0
sale:1.0
1:1.0
year:1.0
old:1.0
excellent:1.0
condition:1.0
includes:1.0
dustcovers:1.0
freeware/shareware:1.0
including:1.0
many:1.0
fonts:1.0
800.00:1.0
email:1.0
call:1.0
510/947-6987:1.0
sf:1.0
bay:1.0
area:1.0
things:1.0
real:1.0
given:1.0
received:1.0
sun:1.0
ide:1.0
silence:1.0
m.b:1.0
