ac999135:1.6931471805599454
umbc.edu:1.0
subject:1.0
wanted:1.0
tg-16:1.6931471805599454
games:1.0
2:1.6931471805599454
player:1.6931471805599454
well:1.0
title:1.0
says:1.0
im:1.0
looking:1.0
buy:1.0
cheap:1.0
used:1.0
gmaes:1.0
support:1.0
simultaneous:1.0
please:1.0
email:1.0
offers:1.0
price:1.0
rohit:1.0
