pathall:1.6931471805599454
astro.as.arizona.edu:1.0
patrick:1.0
b:1.0
hall:1.6931471805599454
subject:1.0
sale:1.0
sega:1.6931471805599454
genesis:1.6931471805599454
system:1.6931471805599454
roommate:1.0
selling:1.0
sonic:1.0
nice:1.0
condition:1.0
100:1.0
obo:1.0
please:1.0
respond:1.0
via:1.0
email:1.6931471805599454
as.arizona.edu:1.0
alternate:1.0
addresses:1.0
phall:1.0
noao.edu:1.0
moe:1.0
ccit.arizona.edu:1.0
thanks:1.0
pat:1.0
