ttesta:1.6931471805599454
kali.enet.dec.com:1.6931471805599454
tom:2.09861228866811
testagrossa:1.6931471805599454
subject:1.0
itproper:1.0
net:2.09861228866811
etiquette:2.09861228866811
advertise:1.6931471805599454
companys:1.0
junk:2.09861228866811
mail:2.09861228866811
list:2.09861228866811
article:1.6931471805599454
1993apr15.234451.15707:1.0
leland.stanford.edu:1.6931471805599454
thomper:1.0
dale:2.09861228866811
buford:1.0
thompson:1.6931471805599454
writes:1.0
c5jccg.3bn:1.0
tsoft.net:1.0
write:1.0
stuff:1.6931471805599454
deleted:1.6931471805599454
company:1.0
maintains:1.0
20,000:1.0
mailing:1.6931471805599454
regularly:1.0
rented:1.0
ted:1.0
impression:1.0
allow:1.0
companies:1.0
use:1.6931471805599454
directly:1.0
products:1.0
addition:1.0
improper:2.09861228866811
product:1.0
used:1.0
generating:1.0
correct:1.0
assuming:1.0
done:1.0
penalize:1.0
well:2.09861228866811
id:1.0
say:1.0
offhand:1.0
keel-hauling:1.6931471805599454
would:1.0
work:1.6931471805599454
pretty:1.0
havent:1.0
good:1.0
long:1.0
time:1.0
sorry:1.0
came:1.0
conversation:1.0
yesterday:1.0
love:1.0
phrase:1.0
maybe:1.0
ask:1.6931471805599454
folks:1.0
flood:1.0
guys:1.0
mailbox:1.0
faq:1.0
net-etiquitte:1.0
sort:1.0
poetic:1.0
justice:1.0
trying:1.0
generate:1.0
anyway:1.0
e-mail:1.0
us-mail:1.0
132:1.0
clarendon:1.0
st:1.0
apt:1.0
2:1.0
fitchburg:1.0
01420:1.0
u.s.a:1.0
phone:1.0
508:1.6931471805599454
493-0437:1.0
voicemail:1.0
home:1.0
342-2362:1.0
guitars:1.0
