cf059:1.0
cleveland.freenet.edu:1.0
orion:1.6931471805599454
bernard:1.0
yurgionas:1.0
subject:1.0
indiana:1.6931471805599454
jones:1.6931471805599454
hint:2.09861228866811
book:2.09861228866811
wanted:1.0
looking:1.0
last:1.0
crusade:1.0
game:1.0
ibm.e-mail:1.0
call:1.0
481:1.0
3740:1.0
ask:1.0
dont:1.0
know:1.0
answer:1.0
questions:1.0
plao:1.0
1.how:1.0
beat:1.0
biff:1.0
2.how:1.0
open:1.0
valt:1.0
door:1.0
3.how:1.0
knock:1.0
security:1.0
system:1.0
