subject:1.0
looking:1.6931471805599454
person:2.09861228866811
vhs:1.6931471805599454
sale:1.0
koutd:1.0
hiramb.hiram.edu:1.0
douglas:1.6931471805599454
kou:1.6931471805599454
made:1.6931471805599454
offer:1.0
50:1.0
five:1.6931471805599454
movies:1.6931471805599454
able:1.0
save:1.0
e-mail:1.0
address:1.0
week:1.0
since:1.0
deal:1.0
please:1.0
reply:1.0
basic:1.0
instinct:1.0
born:1.0
forth:1.0
july:1.0
backdraft:1.0
prince:1.0
tides:1.0
presumed:1.0
innocent:1.0
hiram:1.0
college:1.0
