ray:3.0794415416798357
astro.ocis.temple.edu:2.09861228866811
lauff:2.386294361119891
subject:1.0
abyss:1.6931471805599454
laserdisc:1.6931471805599454
article:1.0
crossposted:1.0
temple.forsale:1.0
author:1.0
posted:1.0
wed:1.0
21:1.0
apr:1.0
1993:1.0
01:04:27:1.0
gmt:1.0
regular:1.0
cbs/fox:1.0
release:1.0
wide:1.0
screen:1.0
edition:1.0
movie:1.0
sale:1.0
asking:1.0
30:1.0
including:1.0
postage:1.0
want:1.0
purchase:1.0
new:1.0
directors:1.0
cut:1.0
would:1.0
like:1.0
unload:1.0
possible:1.0
two:1.0
discs:1.0
unopened:1.0
132:1.0
minutes:1.0
letterbox:1.0
email:1.0
interested:1.0
temple:1.6931471805599454
university:1.6931471805599454
computer:1.6931471805599454
services:1.6931471805599454
ray_lauff:1.6931471805599454
astro.temple.edu:1.6931471805599454
