walshs:1.6931471805599454
cs.uwp.edu:1.6931471805599454
steven:1.6931471805599454
walsh:1.6931471805599454
subject:1.0
sony:1.6931471805599454
receiver:1.6931471805599454
ten:2.09861228866811
disc:2.6094379124341005
changer:1.6931471805599454
sale:1.6931471805599454
str-av1070:1.0
audio:1.0
120:1.0
watts:1.6931471805599454
per:1.6931471805599454
channel:1.6931471805599454
dolby:1.0
surround:1.6931471805599454
sound:1.6931471805599454
pro:1.0
logic:1.0
learning:1.0
programmable:1.0
remote:1.6931471805599454
10:1.0
supports:1.0
dual:1.0
room:1.6931471805599454
link:1.0
control:1.6931471805599454
hear:1.0
another:1.0
source:1.0
different:1.0
index:1.0
filing:1.0
radio:1.0
stations:1.0
7:1.0
band:1.0
equilizer:1.0
real-time:1.0
analyzer:1.0
need:1.6931471805599454
get:1.0
450:1.0
unit:1.0
best:1.0
offer:1.0
cdp-c910:1.0
cartridge:1.0
custom:1.0
file:1.0
favorite:1.0
program:1.0
title:1.0
volume:1.6931471805599454
184:1.0
memory:1.0
fixed:1.0
variable:1.0
outputs:1.0
optical:1.0
output:1.0
8x:1.0
oversampling:1.0
rate:1.0
325:1.0
firm:1.0
purchased:1.0
items:1.0
6:1.0
months:1.0
ago:1.0
sell:1.0
buy:1.0
house:1.0
units:1.0
immaculate:1.0
shape:1.0
priced:1.0
move:1.0
414:1.0
654-4473:1.0
