lorne:2.386294361119891
sun.com:1.6931471805599454
r:1.0
johnson:1.6931471805599454
sun:1.0
ic:1.0
region:1.0
se:1.0
subject:1.0
warriors:1.6931471805599454
tickets:2.386294361119891
sale:1.6931471805599454
2:1.0
cant:1.0
use:1.0
last:1.0
pair:1.0
year:1.0
section:1.0
109:1.0
row:1.0
p:1.0
seats:1.0
8:1.0
9:1.0
daydateopponenttime:1.0
wed:1.0
4/21:1.0
sacremento:1.0
7:30:1.0
price:1.0
45.00:1.0
cost:1.0
call:1.0
email:1.0
interested:1.0
408:1.0
562-6003:1.0
