hsneits:1.6931471805599454
nyx.cs.du.edu:1.6931471805599454
osku:1.0
sneits:1.0
subject:1.0
buing:1.0
accelerator:1.6931471805599454
4:1.0
500/1000/2000:1.0
deal:1.0
one:1.0
buyer:1.0
disappear:1.0
go:1.0
market:1.0
inexpensive:1.0
500-2000:1.0
series:1.0
lucas/frances:1.0
a2620:1.0
similair:1.0
preferred:1.0
something:1.0
like:1.0
please:1.0
offer:1.0
address:1.0
propably:1.0
reach:1.0
home:1.0
358-0-802-6747:1.0
