shaq:1.0
shelley.u.washington.edu:1.0
chris:1.6931471805599454
liu:1.0
subject:1.0
game:2.09861228866811
boy:2.09861228866811
games:1.6931471805599454
wanted:1.0
im:1.0
looking:1.0
please:1.6931471805599454
e-mail:1.0
list:1.0
offers:1.0
thanks:1.0
also:1.0
want:1.0
get:1.0
rid:1.0
tell:1.0
