leopold:1.0
jekyll.ucsf.edu:1.0
john:1.0
olson:1.0
subject:1.0
itproper:1.0
net:1.0
etiquette:1.6931471805599454
advertise:1.0
companys:1.0
junk:1.6931471805599454
mail:1.0
list:1.0
improper:1.0
illegal:1.0
people:1.0
responsible:1.0
mailings:1.0
evil:1.0
ahhh:1.0
ive:1.0
always:1.0
wanted:1.0
get:1.0
chest:1.0
