subject:1.0
star:1.6931471805599454
trek:1.6931471805599454
ornament:1.0
danguye:1.0
eis.calstate.edu:1.0
dang:1.6931471805599454
v:1.0
nguyen:1.0
hey:1.0
christmas:1.6931471805599454
ornaments:1.0
sale:1.0
hallmark:1.0
shuttle:1.0
craft:1.0
galileo:1.0
went:1.0
24.00:1.0
willing:1.0
sell:1.0
price:1.0
shipping:1.0
interested:1.0
questions:1.0
please:1.0
reply:1.0
give:1.0
call:1.0
714-539-4251:1.0
