cg132sad:1.6931471805599454
icogsci7.ucsd.edu:1.0
cims:1.0
subject:1.0
wanted:1.0
tb:1.0
samplevision:1.6931471805599454
driver:1.6931471805599454
smdi/peavey:1.0
dpm-sp:1.6931471805599454
sx:1.6931471805599454
anyone:1.0
copy:1.6931471805599454
turtle:1.6931471805599454
beachs:1.0
program:1.0
allows:1.0
use:1.6931471805599454
always:1.0
tech:1.0
in-2000:1.0
scsi:1.0
card:1.0
smdi:1.0
dumps:1.0
pc:1.0
peavey:1.0
sx2:1.0
normally:1.0
available:1.0
directly:1.0
beach:1.0
wondering:1.0
someone:1.0
got:1.0
couldnt:1.0
find:1.0
let:1.0
know:1.0
icogsci1.ucsd.edu:1.0
