aduh:1.6931471805599454
carson.u.washington.edu:1.6931471805599454
richard:1.6931471805599454
susanto:1.6931471805599454
subject:1.0
labtec:2.09861228866811
speaker:2.09861228866811
sale:1.0
hi:1.0
anybody:1.0
interested:1.0
buying:1.0
ss-200:1.0
amplified:1.0
stereo:1.0
system:1.0
built:1.0
amplifier:1.0
6:1.0
volt:1.0
input:1.0
works:1.0
with/without:1.0
batteries:1.0
individual:1.0
volume:1.0
controls:1.0
treble:1.0
boost:1.0
switch:1.0
great:1.0
medium:1.0
quality:1.0
pcs:1.0
sound:1.0
adlib:1.0
soundblaster:1.0
walkman:1.0
15:1.0
included:1.0
shipping:1.0
e-mail:1.0
