egret:1.6931471805599454
wet.uucp:1.6931471805599454
thomas:1.6931471805599454
helke:1.6931471805599454
subject:1.0
kiev:1.6931471805599454
88:1.6931471805599454
medium:1.0
format:1.0
camera:2.09861228866811
cheaper:1.0
prices:1.0
agree:1.0
one:1.0
aside:1.0
shutter:1.0
built:1.0
like:1.0
little:1.0
tank:1.0
good:1.6931471805599454
price:1.0
sounds:1.0
reasonable:1.0
new:1.0
paid:1.0
565:1.0
kit:1.0
luck:1.0
