jbr1:1.6931471805599454
ra.msstate.edu:1.6931471805599454
jarryl:1.0
b:1.0
ritchie:1.6931471805599454
subject:1.0
sale:1.0
cannondale:1.6931471805599454
3.0:1.6931471805599454
road:1.6931471805599454
bike:2.386294361119891
w/dura:1.0
ace:1.6931471805599454
56:1.6931471805599454
cm:1.6931471805599454
bright:1.0
blue:1.0
color:1.0
dura:1.0
8:1.0
speed:1.0
sti:1.0
could:1.0
easily:1.0
converted:1.0
though:1.0
32:1.0
spoke:1.0
wheelset:1.0
clinchers:1.0
complete:1.0
700:1.0
best:1.0
offer:1.0
offers:1.0
considered:1.0
go:1.0
desperate:1.6931471805599454
times:1.0
call:1.0
measures:1.0
consider:1.0
parting:1.0
write:1.0
details:1.0
jay:1.0
