munroe:2.6094379124341005
dmc.com:2.09861228866811
dick:1.6931471805599454
subject:1.0
repost:1.0
tape:2.09861228866811
drives:2.09861228866811
4mm:2.09861228866811
8mm:1.6931471805599454
sale:1.6931471805599454
acorn:1.0
software:1.0
inc:1.0
3:1.0
currently:1.0
used:1.0
vms:1.0
system:1.0
scsi:1.0
working:1.0
condition:1.0
wangdat:1.6931471805599454
1300:1.0
500.00:1.0
2600:1.0
compression:1.0
650.00:1.6931471805599454
exabyte:1.0
8200:1.0
plus:1.0
shipping:1.0
cod:1.0
certified:1.0
checks:1.0
please:1.0
units:1.0
sold:1.0
without:1.0
warrantee:1.0
contact:1.0
youre:1.0
interested:1.0
munroeinternet:1.0
doyle:1.0
consultants:1.0
inc.uucp:1.0
uunet:1.0
thehulk:1.0
267:1.0
cox:1.0
st.office:1.0
508:1.6931471805599454
568-1618:1.0
hudson:1.0
ma.fax:1.0
562-1133:1.0
get:1.0
connected:1.0
send:1.0
mail:1.0
info:1.0
find:1.0
dmconnection:1.0
