jb:1.6931471805599454
access.digex.com:1.0
subject:1.0
ballys/holiday:1.6931471805599454
health:1.0
club:1.6931471805599454
lifetime:1.0
memership:1.0
article:1.0
c5j5k1.w0:1.0
visgraph.uucp:1.6931471805599454
forrie:1.0
forrest:1.0
aldrich:1.0
writes:1.0
sale:1.0
life:1.0
time:1.0
membership:1.6931471805599454
fitness:1.0
original:1.0
fee:1.6931471805599454
paid:1.0
1,000:1.0
ill:1.0
sell:1.0
600:1.0
fully:1.0
transferrable:1.0
via:1.0
proper:1.0
paperwork:1.0
include:1.0
raquetball:1.0
good:1.0
espree:1.0
annual:1.0
thanks:1.0
john:1.0
