mallen:1.0
eniac.seas.upenn.edu:1.0
matt:1.0
allen:1.6931471805599454
subject:1.0
commodore:1.6931471805599454
amiga:2.09861228866811
sale:1.6931471805599454
complete:1.0
1000:1.6931471805599454
computer:1.0
system:1.0
450:1.0
best:1.0
offer:1.0
512k:1.0
ram:1.0
1:1.6931471805599454
internal:1.0
external:1.0
3.5:1.0
floppy:1.0
diskette:1.0
drive:1.0
detachable:1.0
keyboard:1.0
two:1.0
button:1.0
mouse:1.0
rgb:1.0
monitor:1.0
equipment:1.0
made:1.0
send:1.0
e-mail:1.0
zansiii.millersv.edu:1.0
call:1.0
717:1.0
872-8944:1.0
