peter:1.0
todd:1.0
chan:1.0
pc1o:1.6931471805599454
andrew.cmu.edu:1.6931471805599454
subject:1.0
reduced:1.0
sony:2.09861228866811
cd:1.0
players:1.0
4:1.0
sale:1.6931471805599454
item:1.6931471805599454
es-cdpx229:1.0
condition:1.6931471805599454
mint:1.0
age:1.6931471805599454
1:1.0
year:1.0
old:1.6931471805599454
price:1.6931471805599454
300:1.0
cdp:1.0
770:1.0
excellent:1.6931471805599454
2.5:1.0
years:1.0
250:1.0
everything:1.0
comes:1.0
original:1.0
packaging:1.0
manuals:1.0
items:1.0
played:1.0
audiophile:1.0
system:1.0
shape:1.0
interested:1.0
need:1.0
additional:1.0
information:1.0
please:1.0
e-mail:1.0
call:1.0
home:1.0
thanks:1.0
pete:1.0
412:1.0
687-3735:1.0
p.s:1.0
yes:1.0
