rwrona:1.6931471805599454
cbnewse.cb.att.com:1.0
robert.wrona:1.0
subject:1.0
pc:1.6931471805599454
games:2.09861228866811
sale:1.6931471805599454
jordan:1.6931471805599454
flight:1.6931471805599454
td3:1.0
original:1.6931471805599454
package:1.0
docs:1.0
30:1.0
h:1.6931471805599454
test:1.0
drive:1.0
3:1.0
15:1.0
obo:1.0
contact:1.0
bob:1.0
708-979-6164:1.0
ihlpb.att.com:1.0
