fmaster:1.0
ravel.udel.edu:1.6931471805599454
fred:1.6931471805599454
masterson:1.0
subject:1.0
wanted:1.0
beach:1.6931471805599454
rental:1.6931471805599454
nc:1.0
seeking:1.0
north:1.0
carolina:1.0
desire:1.0
house:1.0
two:1.0
families:1.0
4:1.0
adults:1.0
3:1.0
kids:1.0
one:1.0
week:1.0
late:1.0
june/early:1.0
july:1.0
mastersonfmaster:1.0
psychology:1.0
departmentfred.masterson:1.0
mvs.udel.edu:1.0
university:1.0
delawaregnm00666:1.0
udelvm.bitnet:1.0
newark:1.0
de:1.0
19716:1.0
usa:1.0
302:1.0
831:1.0
2575:1.0
