matthew:1.0
bailey:1.0
32bdzwc:1.0
cmuvm.csv.cmich.edu:1.0
subject:1.0
sale:1.0
apple:1.6931471805599454
iigs:1.6931471805599454
imagewriter:1.0
ii:1.0
color:1.6931471805599454
printer:1.0
rgb:1.0
monitor:1.0
3.5:1.0
drive:1.6931471805599454
5.25:1.0
keyboard:1.0
mouse:1.0
lots:1.0
disks:1.0
applications:1.0
manuals:1.0
utmost:1.0
gratification:1.0
650.00:1.0
bo:1.0
