root:1.0
zmax.com:1.6931471805599454
big:1.0
cheese:1.0
subject:1.0
laptop:2.6094379124341005
cards:1.6931471805599454
connectivity:1.0
part:2.386294361119891
t2rn:1.0
desc:2.386294361119891
3270:1.6931471805599454
remote:1.0
emulation:1.6931471805599454
card:1.6931471805599454
toshiba:2.386294361119891
computer:1.0
t324m:1.0
easytalk:2.09861228866811
2400:1.0
bd:1.0
dedicated:1.0
internal:1.6931471805599454
modem:1.0
mnp:1.0
level:1.0
5:1.0
t1200:1.0
t1600:1.0
t2ll:1.0
ethernet:1.0
expansion:1.6931471805599454
slot:1.6931471805599454
t232:1.0
terminal:1.0
interested:1.0
individual:1.0
parts:1.0
send:1.0
email:1.0
rotella:1.0
