rchiang:1.0
cory.berkeley.edu:1.0
ray:1.0
chiang:1.0
subject:1.0
sale:1.0
laptop:1.6931471805599454
pc:2.386294361119891
bernoulli:1.6931471805599454
drive:2.9459101490553135
scanner:1.6931471805599454
desktop:1.6931471805599454
posting:1.0
friend:1.0
please:1.0
respond:1.0
account:1.0
interested:1.0
following:1.0
ask:1.0
rob:1.0
510:1.0
521-3147:1.0
1200:1.0
386sx:1.0
20mhz:1.6931471805599454
cpu:1.6931471805599454
4:2.09861228866811
mb:2.791759469228055
ram:1.6931471805599454
120:1.0
hard:1.6931471805599454
vga:2.09861228866811
graphics:1.6931471805599454
32:1.0
greyscale:1.0
lcd:1.0
external:2.09861228866811
port:1.6931471805599454
3.5:1.6931471805599454
high:2.09861228866811
density:2.09861228866811
floppy:2.09861228866811
removable:1.0
101-key:1.6931471805599454
keyboard:2.09861228866811
2:2.09861228866811
serial:1.6931471805599454
1:2.09861228866811
parallel:1.6931471805599454
expansion:1.6931471805599454
ports:1.6931471805599454
unit:1.6931471805599454
available:1.0
full-size:1.0
card:1.0
slots:1.0
400:1.0
dual:1.0
20:1.6931471805599454
disk:1.0
drives:1.0
cartridges:1.0
comes:1.0
disks:1.0
50:1.0
logitech:1.0
scanman:1.0
1000:1.0
386dx:1.0
80:1.0
387:1.0
math:1.0
co-processor:1.0
super:1.0
mouse:1.0
5.25:1.0
