jac2y:2.09861228866811
virginia.edu:1.6931471805599454
jonathan:1.0
cook:1.0
subject:1.0
stuff:1.6931471805599454
sale:1.0
music:1.0
cds:1.0
9:1.0
ea:1.0
inc:1.0
shipping:1.0
jesus:1.0
jones:1.0
doubt:1.0
residents:1.0
heaven:1.0
rem:1.0
document:1.0
nymphs:1.0
sad:1.0
damned:1.0
single:1.0
tapes:1.0
robert:1.6931471805599454
plant:1.6931471805599454
solo:1.0
led:1.6931471805599454
zeppelin:1.6931471805599454
iv:1.0
tshirts:1.0
manic:1.0
nirvana:1.0
tour:1.6931471805599454
symbols/swansong:1.0
black:1.0
bob:1.0
dylan:1.0
1990:1.0
tie-dye:1.0
offers:1.0
accepted:1.0
mail:1.0
