mjerger:1.6931471805599454
ux4.cso.uiuc.edu:1.6931471805599454
militant:1.0
archangel:1.0
subject:1.0
hp48sx:1.0
128k:1.6931471805599454
hp:1.0
48sx:1.0
calculator:1.0
card:1.0
manuals:1.0
boxes:1.0
pc:1.0
cable:1.0
etc:1.0
5:1.0
months:1.0
old:1.0
hardly:1.0
used:1.0
make:1.0
offer:1.0
mike:1.6931471805599454
jerger:1.0
internet:1.0
