thssjyh:1.6931471805599454
iitmax.iit.edu:1.0
jianqing:1.6931471805599454
hu:1.6931471805599454
subject:1.0
gre:1.6931471805599454
software:1.6931471805599454
cheap:1.0
ms-dos:1.0
studyware:1.0
original:1.0
disk:1.0
manual:1.0
tutorial:1.0
stuff:1.0
tests:1.0
examples:1.0
lot:1.0
retail:1.0
price:1.0
around:1.6931471805599454
50:1.0
best:1.6931471805599454
offer:1.0
15.00:1.0
pay:1.0
shipping:1.0
results:1.0
need:1.0
graphic:1.0
display:1.0
card:1.0
ega:1.0
vga:1.0
iitmax.acc.iit.edu:1.0
