donath:1.6931471805599454
math.uiowa.edu:1.0
matt:1.0
subject:1.0
us:1.0
robotics:1.6931471805599454
14.4:1.0
modem:1.0
reply:1.0
haljordan:1.0
delphi.com:1.0
call:1.0
708:1.0
674-2603:1.0
u.s:1.0
16.8:1.6931471805599454
dual:1.0
standard:1.0
v.32:1.0
bis:1.0
14.4k:1.0
baud:1.0
hst:1.0
price:1.0
449:1.0
