v5914ane:1.0
ubvmsb.cc.buffalo.edu:1.0
steve:1.0
subject:1.0
wanted:1.0
ultima:1.6931471805599454
5:1.0
ibm:1.6931471805599454
looking:1.0
v:1.0
would:1.6931471805599454
like:1.6931471805599454
entire:1.0
package:1.0
meaning:1.0
need:1.0
game:2.09861228866811
docs:1.0
also:1.0
since:1.0
old:1.0
want:1.0
pay:1.0
lot:1.0
money:1.0
interested:1.0
selling:1.0
please:1.0
respond:1.0
message:1.0
