arthur_noguerola:1.6931471805599454
vos.stratus.com:1.6931471805599454
subject:1.0
stereo:1.6931471805599454
gear:1.0
sale:1.0
cambridge:2.09861228866811
audio:2.09861228866811
integrated:1.0
amp:1.0
p70:1.0
60w:1.0
solid:1.0
state:1.0
w/box:1.0
list:2.386294361119891
600:1.0
want:2.386294361119891
340:1.0
tuner:1.0
t50:1.0
8:1.0
presets:1.0
350:1.0
200:1.0
preamp:1.0
c70:1.0
500:1.0
290:1.0
klipschorns:1.6931471805599454
speakers:1.0
legends:1.0
time:1.0
3k:1.0
950:1.0
big:1.0
corner:1.0
loaded..will:1.0
play:1.0
unbelieveable:1.0
volumes:1.0
little:1.0
power:1.0
