s238:1.6931471805599454
cs.utexas.edu:1.6931471805599454
jeffrey:1.6931471805599454
bob:1.0
berthiaume:1.6931471805599454
subject:1.0
850:1.6931471805599454
mb:1.6931471805599454
scsi:1.6931471805599454
800:1.6931471805599454
friend:1.0
mine:1.0
would:1.0
like:1.0
sell:1.0
drive:1.6931471805599454
s/h:1.0
full-height:1.0
used:1.0
one:1.0
half:1.0
years:1.0
anyone:1.0
interested:1.0
please:1.0
e-mail:1.0
thank:1.0
