gt4661a:2.6094379124341005
prism.gatech.edu:1.6931471805599454
paolo:1.6931471805599454
marc:1.6931471805599454
anthony:1.6931471805599454
subject:1.0
computer:1.0
sale:1.0
georgia:1.6931471805599454
institute:1.0
technology:1.0
atlanta:1.0
30332:1.0
uucp:1.0
allegra:1.0
amd:1.0
hplabs:1.0
ut-ngp:1.0
gatech:1.0
prism:1.0
internet:1.0
