scott:1.6931471805599454
wilson:1.6931471805599454
sdw2:1.0
psuvm.psu.edu:1.0
subject:1.0
wanted:1.0
books:1.6931471805599454
imposting:1.0
emplyer:1.0
doesnt:1.0
net:1.0
access:1.0
reply:1.0
ill:1.6931471805599454
get:1.0
message:1.0
boss:1.0
looking:1.0
two:1.0
group:1.0
mamas:1.0
papas:1.0
papa:1.0
john:1.6931471805599454
phillips:1.0
california:1.0
dreaming:1.0
told:1.0
wrote:1.0
dont:1.0
remember:1.0
hed:1.0
prefer:1.0
hardcover:1.0
paperback:1.0
willing:1.0
sell:1.0
e-mail:1.0
pass:1.0
ssage:1.0
along:1.0
thank:1.0
