yuanchie:1.0
aludra.usc.edu:1.0
roger:1.0
hsu:1.0
subject:1.0
hp:1.6931471805599454
laserjet:1.6931471805599454
iii:1.6931471805599454
sale:1.6931471805599454
hi:1.0
printed:1.0
less:1.0
1500:1.0
pages:1.0
according:1.0
self:1.0
test:1.0
report:1.0
asking:1.0
1000:1.0
interested:1.0
please:1.0
e-mail:1.0
thanks:1.0
