robert:2.386294361119891
monster.apd.saic.com:1.6931471805599454
w:1.6931471805599454
mangum:1.6931471805599454
ii:1.6931471805599454
subject:1.0
arcade:1.6931471805599454
video:2.09861228866811
games:2.09861228866811
sale:1.6931471805599454
northern:1.6931471805599454
virginia:1.0
virgina:1.0
asteroids:1.0
200:1.0
omega:1.0
race:1.0
300:1.0
upright:1.0
excellent:1.0
condition:1.0
email:1.0
1005:1.0
hertford:1.0
street:1.0
work:1.0
703:1.6931471805599454
318-4548:1.0
herndon:1.0
va:1.0
22070:1.0
home:1.0
709-8022:1.0
