peng:2.09861228866811
poet.ucsd.edu:1.0
li:1.0
subject:1.0
color:1.6931471805599454
19:1.6931471805599454
zenith:1.6931471805599454
tv:1.6931471805599454
sale:1.6931471805599454
remote:1.0
control:1.0
60:1.0
interested:1.0
please:1.0
call:1.0
455:1.0
6948:1.0
e-mail:1.0
ece.ucsd.edu:1.0
must:1.0
sell:1.0
apr:1.0
30:1.0
thank:1.0
attention:1.0
