hsano:1.6931471805599454
cs.ulowell.edu:1.6931471805599454
hitoshi:1.0
sano:1.0
subject:1.0
wanted:1.0
wwf:1.0
album:2.386294361119891
looking:1.6931471805599454
copy:1.0
first:1.0
world:1.0
wrestling:1.0
federation:1.0
record:1.6931471805599454
format:1.0
pay:1.0
10:1.0
good:1.6931471805599454
condition:1.0
original:1.0
jacket:1.0
inserts:1.0
picture:1.0
bunch:1.0
wrestlers:2.09861228866811
ina:1.0
recording:1.0
studio:1.0
front:1.0
back:1.0
guy:1.6931471805599454
bad:1.0
making:1.0
faces:1.0
songs:1.0
include:1.0
land:1.0
thousand:1.0
dances:1.0
something:1.0
like:1.0
please:1.0
email:1.0
account:1.0
appears:1.0
header:1.0
