pchang:1.6931471805599454
ic.sunysb.edu:1.6931471805599454
pong:1.0
chang:1.0
subject:1.0
sale:1.0
c-128:1.0
system:1.0
95:1.6931471805599454
commodore:1.0
128:1.0
1571:1.0
d/s:1.0
disk:1.0
drive:1.0
2:1.0
joysticks:1.0
1:1.0
mouse:1.0
lotsa:1.0
software:1.0
games:1.0
apps:1.0
rapid:1.0
fire:1.0
joystick:1.0
adapter:1.0
necessary:1.0
cables:1.0
year:1.0
old:1.0
obo:1.0
c_ommon:1.0
s_ensestate:1.0
university:1.0
new:1.0
york:1.0
stony:1.0
brook:1.0
e_ngineer:1.0
