vrr:1.0
cbnewsj.cb.att.com:1.0
veenu.r.rashid:1.0
subject:1.0
sale:1.6931471805599454
760:1.6931471805599454
meg:2.386294361119891
esdi:1.6931471805599454
drive:1.6931471805599454
2:1.6931471805599454
256x4:1.0
dram:1.6931471805599454
1:1.0
st4766e:1.0
seagate:1.0
500:1.0
unformatted:1.0
without:1.0
controller:1.6931471805599454
friend:1.0
tested:1.0
says:1.0
works:1.0
256kx4:1.0
70ns:1.0
3:1.0
48:1.0
please:1.0
call:1.0
908:1.0
219-5935:1.0
email:1.0
thanks:1.0
veenu:1.0
