garla:1.0
cbnewsf.cb.att.com:1.0
padma.garla:1.0
subject:1.0
4sale:1.0
ballys:1.0
jack:1.6931471805599454
lallane:1.6931471805599454
membership:1.6931471805599454
two:1.0
gold:1.0
memberships:1.0
sale:1.0
owners:1.0
asking:1.0
600:1.0
please:1.0
contact:1.0
padma:1.0
srini:1.0
908:1.0
855-8865:1.0
details:1.0
thanks:1.0
