haydena:1.0
cnsvax.uwec.edu:1.0
subject:1.0
metallica:1.0
cd:1.6931471805599454
one:2.386294361119891
jap:1.0
import:1.0
single:1.0
contains:1.0
breadfan:1.0
bell:1.0
tolls:1.0
live:1.6931471805599454
sanitarium:1.0
demo:1.0
make:1.0
offer:1.0
andy:1.0
