matthew:2.09861228866811
alchemy.tn.cornell.edu:1.0
kleinmann:1.0
subject:1.0
computer:1.0
stuff:1.0
sale:1.0
hp:1.0
9872b:1.0
4:1.0
pen:1.0
plotter:1.0
150:2.09861228866811
fujistu:1.0
m2451e:1.0
130:1.0
meg:2.386294361119891
scsi:2.386294361119891
tape:1.6931471805599454
drive:2.386294361119891
sony:1.0
40:1.0
disk:1.0
sticks:1.0
50:1.6931471805599454
dead:2.09861228866811
maxtor:1.0
xt4380e:1.0
338:1.0
esdi:1.0
100:1.6931471805599454
miniscribe:1.0
20:2.09861228866811
10:1.0
adaptac:1.0
st-412:1.0
interface:1.0
board:1.0
daughter:1.0
boards:1.0
drives:1.0
qic-02:1.0
qic-36:1.0
twist:1.0
terms:1.6931471805599454
vt100:1.0
head:1.0
twists:1.0
80x25:1.0
80x72:1.0
14:1.0
analog:1.0
rgb:1.0
color:1.0
monitor:1.0
15.7:1.0
khz:1.0
works:1.0
nice:1.0
amigas:1.0
spool:1.0
90:1.0
feet:1.0
conductor:1.0
ribbon:1.0
cable:1.0
75:1.0
prices:1.6931471805599454
best:1.0
offer:1.0
include:1.0
ups:1.0
shipping:1.0
items:1.0
working:1.0
except:1.0
stated:1.0
