rwf2:1.6931471805599454
ns1.cc.lehigh.edu:1.0
robert:1.0
william:1.0
fusi:2.09861228866811
subject:1.0
88:1.6931471805599454
toyota:2.09861228866811
camry:2.09861228866811
super:1.0
deluxe:1.6931471805599454
9.9k:1.0
article:1.0
davidkc5uucr.h1d:1.0
netcom.com:1.6931471805599454
davidk:1.0
david:1.0
kiviat:1.0
write:1.0
top:1.0
line:1.0
vehicle:1.0
blue:1.0
book:1.0
10,500:1.0
asking:1.0
9,900:1.0
73:1.0
k:1.0
miles:2.09861228866811
auto:1.0
transmission:1.0
everything:1.6931471805599454
owned:1.0
meticulous:1.0
automoble:1.0
mechanic:1.0
call:1.0
408:1.0
425-8203:1.0
ask:1.6931471805599454
bob:1.6931471805599454
posted:1.0
friend:1.0
88888:1.0
1991:1.0
sale:1.0
70k:1.0
power:1.0
grey:1.0
3:1.0
years:1.0
newer:1.0
10k:1.0
highway:1.0
excellent:1.0
condition:1.0
rob:1.0
lehigh.edu:1.0
new:1.0
jersey:1.0
609-397-2147:1.0
