demers:2.6094379124341005
cs.ucsd.edu:1.6931471805599454
david:1.0
subject:1.0
us:1.6931471805599454
robotics:1.6931471805599454
dual:1.6931471805599454
standard:1.6931471805599454
modem:1.0
4:1.0
sale:1.0
article:1.0
1993apr23.022608.26985:1.0
samba.oit.unc.edu:1.0
sean.donovan:1.0
launchpad.unc.edu:1.0
sean:1.0
donovan:1.0
writes:1.0
external:1.0
latest:1.0
roms:1.0
still:1.0
warranty:1.0
v.32:1.6931471805599454
bis:1.0
v.42bis:1.0
mnp2-5:1.0
hst:1.0
compatible:1.0
well:1.6931471805599454
b/o:1.0
450:1.0
sells:1.6931471805599454
700:1.0
mail:1.0
order:1.0
570:1.0
southern:1.0
california:1.0
almost:1.0
everywhere:1.0
dave:1.0
computer:1.0
science:1.0
engineering0114demers:1.0
cs:1.6931471805599454
ucsd.bitnet:1.0
uc:1.0
san:1.0
diego:1.0
ucsd:1.0
la:1.0
jolla:1.0
ca:1.0
92093-0114:1.0
619:1.6931471805599454
534-0688:1.0
8187:1.0
fax:1.0
534-7029:1.0
