coates:1.6931471805599454
bigwpi.wpi.edu:1.0
jeffery:1.0
david:1.0
subject:1.0
test:1.6931471805599454
