kahana:2.386294361119891
ducky.ils.nwu.edu:1.0
jason:2.09861228866811
adam:1.6931471805599454
subject:1.0
wanted:1.0
sharp:1.6931471805599454
el5200:1.6931471805599454
im:1.0
looking:1.0
scientific:1.0
calculator:1.0
model:1.0
discontinued:1.0
know:1.0
dealer:1.0
may:1.0
around:1.0
please:1.0
reply:1.0
word:1.0
duh:1.0
mean:1.0
anything:1.0
ils.nwu.edu:1.0
northwestern:1.0
university:1.0
buffy:1.0
vampire:1.0
slayer:1.0
institute:1.0
learning:1.0
sciences:1.0
