tsa:1.6931471805599454
cellar.org:1.6931471805599454
silent:1.0
assassin:1.0
subject:1.0
sale:1.6931471805599454
game:1.6931471805599454
boy:1.6931471805599454
nintendo:1.0
tetris:1.0
castlevania:1.0
adventure:1.0
all-star:1.0
challenge:1.0
nemesis:1.0
play-action:1.0
football:1.0
link:1.0
cable:1.0
make:1.0
offer:1.0
libertarian:1.0
atheist:1.0
semi-anarchal:1.0
techno-rat:1.0
define:1.0
