coates:2.09861228866811
bigwpi.wpi.edu:1.0
jeffery:1.0
david:1.0
subject:1.0
sony:2.09861228866811
amplifier:2.386294361119891
crossover:2.09861228866811
sale:1.6931471805599454
1:1.0
car:1.6931471805599454
stereo:1.6931471805599454
model:2.09861228866811
xm-2040:1.0
rated:1.0
power:1.6931471805599454
20wx4:1.0
4:1.0
ohms:1.0
20-20,000hz:1.0
0.5:1.0
thd:1.0
2:1.6931471805599454
ohm:1.0
stable:1.0
short:1.0
circuit:1.0
overload:1.0
protected:1.0
great:2.09861228866811
little:1.0
picked:1.0
demo:1.0
lechmere:1.0
last:1.0
spring:1.0
never:1.0
got:1.0
chance:1.0
install:1.0
tested:1.0
works:1.0
perfect:1.0
adding:1.0
4-speaker:1.0
system:1.6931471805599454
powering:1.0
mids:1.0
tweets:1.0
whatever:1.0
mounted:1.0
board:1.0
complete:1.6931471805599454
rs:1.0
15:1.0
amp:1.6931471805599454
noise:1.0
filter:1.0
connections:1.0
made:1.0
barrier:1.0
strips:1.0
easy:1.0
screw-type:1.0
contacts:1.0
lists:1.0
new:1.0
crutchfield:1.0
129:1.0
asking:1.0
75:1.0
o.b.o:1.6931471805599454
electronic:1.0
xec-500:1.0
freq:1.0
response:1.0
5-100,000:1.0
hz:2.386294361119891
0:1.0
3:1.0
db:2.09861228866811
s/n:1.0
ratio:1.0
105:1.0
wtd:1.0
high:1.6931471805599454
pass:1.6931471805599454
x-over:2.09861228866811
flat,80,120,180:1.0
12db/octave:1.0
low:2.386294361119891
pas:1.0
50,80,120,180:1.0
18db/octave:1.0
1/2:1.0
din:1.0
size:1.0
in-dash:1.0
installation:1.0
many:1.0
cars:1.0
l:1.0
exceptional:1.0
unit:1.6931471805599454
found:1.0
extremely:1.0
useful:1.0
back:1.0
days:1.0
put:1.0
two:1.0
sets:1.6931471805599454
rca-type:1.0
inputs:1.0
f/r:1.0
three:1.0
outputs:1.0
f/r/sub:1.0
output:1.0
seperate:1.6931471805599454
level:1.0
control:1.6931471805599454
variable:1.0
boost:1.0
10:1.0
40:1.0
extending:1.0
bass:1.0
points:1.0
make:1.0
anybody:1.0
whos:1.0
interested:1.6931471805599454
building:1.0
sub/satellite:1.0
type:1.0
used:1.0
orig:1.0
box:1.0
papers:1.0
130:1.0
units:1.0
work:1.0
flawlessly:1.0
excellent:1.0
shape:1.0
cosmtically:1.0
ie:1.0
scratches:1.0
etc:1.0
anyone:1.0
please:1.0
respond:1.0
wpi.wpi.edu:1.0
ill:1.6931471805599454
happy:1.0
answer:1.0
questions:1.0
might:1.0
oh:1.0
yeah:1.0
want:1.0
sell:1.0
th:1.0
175:1.0
thanks:1.0
jeff:1.0
