ychen:1.0
hubcap.clemson.edu:1.0
eric:1.6931471805599454
chen:1.0
subject:1.0
transformer:1.0
wanted:1.0
dead:1.6931471805599454
compacq:1.6931471805599454
vga:1.6931471805599454
monitor:1.6931471805599454
14:1.0
id:1.0
due:1.0
transformers:1.0
failure:1.0
part:1.0
would:1.0
like:1.0
get:1.0
rid:1.0
pls:1.0
let:1.0
know:1.0
thanks:1.0
