tsa:1.6931471805599454
cellar.org:1.6931471805599454
silent:1.0
assassin:1.0
subject:1.0
wanted:1.0
286:1.6931471805599454
motherboard:2.09861228866811
vga:1.6931471805599454
card:1.6931471805599454
looking:1.6931471805599454
preferable:1.0
12:1.0
16:1.0
640k:1.0
1:1.0
meg:1.0
ram:1.0
also:1.0
willing:1.0
trade:1.0
1200:1.0
external:1.0
5.25:1.0
ld:1.0
drive:1.0
8088:1.0
monochrome:1.0
monitor:1.0
game:1.0
boy:1.0
combination:1.0
libertarian:1.0
atheist:1.0
semi-anarchal:1.0
techno-rat:1.0
define:1.0
