dlneal:2.09861228866811
apgea.army.mil:1.0
dennis:1.6931471805599454
l:1.6931471805599454
neal:1.6931471805599454
subject:1.0
c64/128:1.6931471805599454
game:1.0
x-men:1.6931471805599454
sale:1.0
selling:1.0
10:1.0
plus:1.0
shipping:1.0
first:1.0
email:1.0
gets:1.0
thanx:1.0
cbda9.apgea.army.mil:1.0
