mmchugh:1.6931471805599454
andy.bgsu.edu:1.6931471805599454
michael:1.6931471805599454
mchugh:1.6931471805599454
subject:1.0
rolling:2.6094379124341005
stones:1.0
45:1.6931471805599454
rpm:1.6931471805599454
singles:1.6931471805599454
sale:1.6931471805599454
following:1.0
collectable:1.0
7-inch:1.0
records:1.0
picture:2.6094379124341005
sleeves:1.0
price:1.0
include:1.0
postage:1.0
1.21:1.0
first:1.0
record:1.0
1.69:1.0
two:1.0
etc:1.0
stones|19th:1.0
nervous:1.0
brakdown:1.0
london:2.386294361119891
sleeve:2.386294361119891
10:2.386294361119891
stones|jumpin:1.0
jack:1.0
flash:1.0
stones|mothers:1.0
little:1.0
helper:1.0
stones|paint:1.0
black:1.0
intereste:1.0
please:1.0
contact:1.0
