mmchugh:1.6931471805599454
andy.bgsu.edu:1.6931471805599454
michael:1.6931471805599454
mchugh:1.6931471805599454
subject:1.0
sam:1.6931471805599454
virus:1.0
clinic:1.0
mac:1.0
software:1.0
sale:1.6931471805599454
one:1.6931471805599454
original:1.0
symantec:1.0
antivirus:1.0
macintosh:1.0
v3.0:1.0
comes:1.0
three:1.0
program:1.0
discs:1.0
user:1.0
manual:1.0
work:1.0
800k:1.0
1.4mb:1.0
disc:1.0
drives:1.0
selling:1.0
17.90:1.0
make:1.0
offer:1.0
includes:1.0
postage:1.0
respond:1.0
