mmchugh:1.6931471805599454
andy.bgsu.edu:1.6931471805599454
michael:1.6931471805599454
mchugh:1.6931471805599454
subject:1.0
45:2.791759469228055
rpm:1.6931471805599454
singles:1.6931471805599454
sale:1.6931471805599454
complete:1.0
list:1.0
following:1.0
collectable:1.0
7-inch:1.0
records:1.0
picture:3.995732273553991
sleeves:1.0
price:1.0
include:1.0
postage:1.0
1.21:1.0
first:1.0
record:1.0
1.69:1.0
two:1.0
etc:1.0
beach:2.9459101490553135
boys|barbara:1.0
ann:1.0
capitol:3.3978952727983707
sleeve:4.367295829986475
10|45:3.70805020110221
boys|califonia:1.0
girls:1.0
15|45:1.6931471805599454
boys|fun:1.0
fun:1.6931471805599454
boys|little:1.0
girl:1.0
knew:1.0
boys|please:1.0
let:1.0
wonder:1.0
boys|rock:1.0
n:1.0
roll:1.0
rescue:1.0
promo/picture:3.302585092994046
boys|when:1.0
grow:1.0
man:1.0
beatles|im:1.0
happy:1.0
dance:1.0
doctor:1.0
medics|burn:1.0
i.r.s:2.09861228866811
5|45:3.302585092994046
general:1.0
public|too:1.0
much:1.0
nothing:1.0
go:1.0
gos|our:1.0
lips:1.0
sealed:1.0
lennon:1.6931471805599454
john|instant:1.0
karma:1.0
shine:1.0
apple:2.386294361119891
15:2.09861228866811
john|mind:1.0
games:1.0
10:1.0
madonna|open:1.0
heart:1.0
sire:2.09861228866811
promo:2.09861228866811
mccartney:2.386294361119891
paul|coming:1.0
columbia:2.6094379124341005
paul|mull:1.0
kintyre:1.0
paul|stranglehold:1.0
paul|wonderful:1.0
christmastime:1.0
mercury:1.0
freddie|i:1.0
born:1.0
love:1.0
pink:1.0
floyd|learning:1.0
fly:1.0
queen|kind:1.0
magic:1.0
ramones|sheena:1.0
punk:1.0
rocker:1.0
rolling:2.386294361119891
stones|19th:1.0
nervous:1.0
brakdown:1.0
london:2.386294361119891
stones|jumpin:1.0
jack:1.0
flash:1.0
stones|mothers:1.0
little:1.0
helper:1.0
stones|paint:1.0
black:1.0
starr:1.6931471805599454
ringo|photograph:1.0
ringo|youre:1.0
sixteen:1.0
talking:1.0
heads|road:1.0
nowhere:1.0
waters:2.09861228866811
roger|sunset:1.6931471805599454
strip:1.6931471805599454
columiba:1.6931471805599454
5:1.0
roger|who:1.0
needs:1.0
information:1.0
interested:1.0
please:1.0
contact:1.0
