terry.walter:1.0
outlan.ersys.edmonton.ab.ca:1.6931471805599454
terry:1.0
walter:1.0
subject:1.0
looking:1.6931471805599454
video:2.386294361119891
card:1.6931471805599454
ibm:1.0
one:1.0
allow:1.0
watch:1.0
tv:1.6931471805599454
coax:1.0
digitize:1.0
pictures:1.0
windows:1.0
would:1.0
like:1.6931471805599454
able:1.0
look:1.0
rca:1.0
display:1.0
well:1.0
dos:1.0
apps:1.0
heard:1.0
snes:1.0
genesis:1.0
copiers:1.0
copy:1.0
games:1.0
real:1.0
message:1.0
posted:1.0
403-478-4010:1.0
hst:1.0
v.32bis:1.0
try:1.0
youll:1.0
