erc:2.386294361119891
plitvice.berkeley.edu:1.0
eric:2.09861228866811
ng:1.6931471805599454
subject:1.0
sega:1.6931471805599454
genesis:1.6931471805599454
plus:1.0
9:1.6931471805599454
sports:1.0
games:1.6931471805599454
sale:1.6931471805599454
1:1.6931471805599454
including:1.6931471805599454
cables:1.0
manuals:1.6931471805599454
boxes:1.6931471805599454
controller:1.0
sonic:1.0
hedgehog:1.0
road:1.0
rash:1.0
john:1.6931471805599454
madden:1.6931471805599454
football:1.6931471805599454
92:1.0
n.h.l:1.0
hockey:1.6931471805599454
sportstalk:1.0
baseball:1.0
bulls:1.0
vs:1.0
lakers:1.0
n.b.a:1.0
playoffs:1.0
93:1.0
n.h.l.p.a:1.0
super:1.0
monaco:1.0
gp:1.0
ii:1.0
300:1.0
best:1.0
offer:1.0
price:1.0
includes:1.0
ups:1.0
cod:1.0
shipping:1.0
send:1.0
e-mail:1.0
zabriskie.berkeley.edu:1.6931471805599454
interested:1.0
ucbvax:1.0
zabriskie:1.0
