mmchugh:1.6931471805599454
andy.bgsu.edu:1.6931471805599454
michael:1.6931471805599454
mchugh:1.6931471805599454
subject:1.0
pink:1.6931471805599454
floyd:1.0
45:1.6931471805599454
rpm:1.6931471805599454
singles:1.6931471805599454
sale:1.6931471805599454
following:1.0
collectable:1.0
7-inch:1.0
records:1.0
picture:1.0
sleeves:1.0
price:1.0
include:1.0
postage:1.0
1.21:1.0
first:1.0
record:1.0
1.69:1.0
two:1.0
etc:1.0
floyd|learning:1.0
fly:1.0
columbia:1.6931471805599454
promo/picture:1.6931471805599454
sleeve:1.6931471805599454
5:1.6931471805599454
waters:2.09861228866811
roger|sunset:1.6931471805599454
strip:1.6931471805599454
10:1.6931471805599454
columiba:1.6931471805599454
promo:1.6931471805599454
roger|who:1.0
needs:1.0
information:1.0
interested:1.0
please:1.0
contact:1.0
