caldwell:2.09861228866811
epcot.spdc.ti.com:1.6931471805599454
wayne:1.0
subject:1.0
printer:1.6931471805599454
game:1.6931471805599454
sale:1.6931471805599454
following:1.0
ti:1.0
855:1.0
excellect:1.0
working:1.0
condition:1.0
100:1.0
postage:1.6931471805599454
lost:1.0
files:1.0
sherlock:1.0
holmes:1.0
original:1.0
box:1.0
contents:1.0
used:1.0
1:1.0
time:1.0
unregistered:1.0
30:1.0
iterested:1.0
email:1.6931471805599454
hold:1.0
