kam-chung:1.0
cheung:1.0
kc35:1.0
andrew.cmu.edu:1.0
subject:1.0
moving:1.6931471805599454
sale:1.6931471805599454
large:1.0
table:1.0
25:1.0
four-drawer:1.0
dresser:1.0
29:1.0
five-shelf:1.0
book:1.0
case:1.0
19:1.6931471805599454
chair:1.0
15-speed:1.0
bicycle:1.0
khs:1.0
brand:1.0
69:1.0
microwave:1.0
oven:1.0
59:1.0
call:1.0
421-8466:1.0
