craigb:1.6931471805599454
rs6312.ecs.rpi.edu:1.0
brian:1.0
craig:1.0
subject:1.0
polk:1.6931471805599454
s4:1.6931471805599454
forsale:1.0
pair:1.0
sale:1.0
brand:1.0
new:1.0
never:1.0
opened:1.0
220.00:1.0
rpi.edu:1.0
