mark:3.1972245773362196
ocsmd.ocs.com:2.386294361119891
wilson:2.386294361119891
subject:1.0
wanted:1.0
nine-mile:1.6931471805599454
walk:1.6931471805599454
article:1.0
crossposted:1.0
rec.arts.books:1.0
author:2.09861228866811
posted:1.0
wed:1.0
21:1.0
apr:1.0
1993:1.0
11:55:55:1.0
gmt:1.0
looking:1.6931471805599454
following:1.0
book:1.0
seen:1.0
paperback:1.0
lent:1.0
copy:1.0
someone:1.0
forgetfulness:1.0
made:1.0
pronoun:1.0
permanently:1.0
indeterminate:1.0
one:1.0
two:1.0
copies:1.0
title:1.0
stories:1.6931471805599454
unsure:1.0
hyphen:1.0
exact:1.0
subtitle:1.0
harry:1.0
kemelman:1.0
rabbi:1.0
mysteries:1.0
collection:1.0
short:1.0
mystery:1.0
please:1.0
email:2.09861228866811
call:1.0
800:1.0
number:1.0
given:1.0
thanks:1.0
online:1.6931471805599454
computer:1.6931471805599454
systems:1.6931471805599454
1-800-922-9204:1.6931471805599454
1-301-601-2215:1.6931471805599454
try:1.6931471805599454
address:1.6931471805599454
file:1.6931471805599454
disclaims:1.6931471805599454
everything:1.6931471805599454
signed:1.6931471805599454
signature:1.6931471805599454
mean:1.6931471805599454
