carolan:2.09861228866811
owlnet.rice.edu:1.6931471805599454
bryan:1.6931471805599454
dunne:1.6931471805599454
subject:1.0
wysiwyg:2.386294361119891
word:2.791759469228055
processor:2.386294361119891
dos:1.6931471805599454
hey:1.0
ive:1.0
upgraded:1.0
laptop:1.6931471805599454
windows-capable:1.0
one:1.6931471805599454
dont:1.0
need:1.0
anymore:1.0
great:2.09861228866811
easy-to-use:1.0
undemanding:1.0
system:1.0
best:1.0
editing:2.386294361119891
mode:1.0
something:1.0
perfect:2.386294361119891
doesnt:1.0
im:1.6931471805599454
asking:1.0
65:2.386294361119891
shipping:1.6931471805599454
even:2.09861228866811
comes:2.791759469228055
several:1.0
hundred:1.0
dollars:1.0
free:2.09861228866811
utilities:2.09861228866811
full-featured:1.6931471805599454
lower:1.0
powered:1.0
machine:1.0
check:1.0
ca:5.060443010546419
wysiwyg-mode:1.0
still:1.6931471805599454
trying:1.0
graphics-importing:1.0
scaling:1.0
resizing:1.0
art:1.0
scalable:1.6931471805599454
fonts:1.6931471805599454
30:1.6931471805599454
typefaces:1.6931471805599454
included:1.6931471805599454
indentical:1.0
screen:1.6931471805599454
printer:2.09861228866811
see:1.6931471805599454
info:1.6931471805599454
font:1.6931471805599454
generator:1.0
on-line:1.0
spell-checking:1.0
thesaurus:1.6931471805599454
10-level:1.0
outliner:1.0
multiple:1.6931471805599454
columns:1.0
dual-document:1.0
opening:1.0
line:1.0
box:1.6931471805599454
drawing:1.0
search:1.0
replace:1.0
cut:1.0
copy:1.0
insert:1.0
paste:1.0
documents:2.386294361119891
inside:1.0
justification:1.0
control:1.0
resettable:1.0
margins:1.0
tabs:1.0
line-spacing:1.0
savable:1.0
layouts:1.0
headers:1.0
footers:1.0
page:1.0
numbering:1.0
table:1.0
contents:1.0
rulers:1.0
document:1.0
mail:1.0
merge:1.0
also:1.0
publishers:1.6931471805599454
powerpak:1.0
engine:1.0
gives:1.0
pfs:2.6094379124341005
write:2.791759469228055
sizes:1.0
4pt:1.0
72pt:1.0
support:1.0
9-pin:1.0
dot-matrix:1.6931471805599454
looks:1.0
supports:1.0
subscripts:1.0
superscripts:1.0
grammatik:1.6931471805599454
iv:1.0
grammar:1.0
style:1.0
checker:1.0
quick:1.0
reference:1.0
card:1.0
easy:1.6931471805599454
use:1.6931471805599454
really:1.0
helped:1.0
punctuation:1.0
usage:1.0
international:1.0
correctspell:1.0
english:1.0
rogets:1.0
electronic:1.0
th:1.0
dictionary:1.6931471805599454
thesuarus:1.0
pack:1.0
published:1.0
american:1.0
hertiage:1.0
cant:1.0
trust:1.6931471805599454
words:1.0
clickart:2.09861228866811
business:1.0
images:1.0
sampler:1.0
library:1.0
importing:1.0
bought:1.0
product:1.0
1:1.0
year:1.0
ago:1.0
129:1.0
turns:1.0
great-looking:1.0
want:1.0
dos-computer:1.0
looking:1.0
get:1.0
full:1.0
documentation:1.0
registration:1.0
cards:1.0
good:1.0
condition:1.0
5:1.0
1/4:1.0
3:1.6931471805599454
1/2:1.6931471805599454
disks:1.0
disk:1.0
worth:1.0
300:1.0
alone:1.0
wp:1.0
real:1.0
bargain:1.0
buyer:1.0
pays:1.0
please:1.0
respond:1.0
email:1.0
call:1.0
713:1.0
520-5720:1.0
