khoh:1.6931471805599454
usc.edu:1.6931471805599454
oliver:1.0
muoto:1.0
subject:1.0
sale:1.6931471805599454
030:1.6931471805599454
direct:1.6931471805599454
slot:1.6931471805599454
adapter:1.6931471805599454
card:1.6931471805599454
mac:2.09861228866811
iisi:1.6931471805599454
coprocessor:1.0
well:1.6931471805599454
looking:1.0
let:1.0
know:1.0
email:1.0
offer:1.0
interested:1.0
thanks:1.0
