mlf:1.6931471805599454
unl.edu:1.0
mary:1.6931471805599454
flaglelee:1.0
subject:1.0
wanted:1.0
singer:1.6931471805599454
featherweight:1.6931471805599454
221:1.6931471805599454
im:1.0
looking:1.0
sewing:1.6931471805599454
machine:1.6931471805599454
old:1.0
black:1.6931471805599454
case:1.0
please:1.0
contact:1.0
flagle-lee:1.0
unlinfo.unl.edu:1.0
