khoh:1.6931471805599454
usc.edu:1.6931471805599454
oliver:1.0
muoto:1.0
subject:1.0
sale:1.6931471805599454
silverlining:1.6931471805599454
5.42:1.6931471805599454
hard:1.6931471805599454
disk:2.09861228866811
management:1.6931471805599454
software:2.386294361119891
last:1.0
two:1.0
copies:1.0
la:1.0
cie:1.0
lets:1.0
evalulate/test:1.0
drive:1.0
install:1.0
test:1.0
drivers:1.0
partition:1.0
disks:1.0
supports:1.0
aux:1.0
prodos:1.0
etc:1.0
nice:1.0
piece:1.0
around:1.0
house:1.0
interested:1.0
please:1.0
email:1.0
offers:1.0
first:1.0
good:1.0
offer:1.0
also:1.0
gets:1.0
mactree:1.0
organization:1.0
free:1.0
