ralf:2.09861228866811
iqsc.com:1.0
subject:1.0
items:1.6931471805599454
sale:1.6931471805599454
price:1.0
listed:1.0
best:1.0
offer:1.0
kfc:1.0
svga:1.0
monitor:1.6931471805599454
1024x768:1.0
28dp:1.0
non-interlaced:1.0
14:1.0
screen:1.0
still:1.0
warranty:1.0
brand:1.0
new:1.0
290.00:1.0
1200:1.0
baud:1.0
compuadd:1.0
modem:1.0
box/docs/software:1.0
20.00:1.0
cga:1.0
cga/parallel:1.0
card:1.6931471805599454
30.00:1.0
sco:1.0
unix:1.0
v3.2.2:1.0
unlimited:1.0
user:1.0
os:1.0
base:1.0
extended:1.0
utilities:1.0
uucp:1.0
150.00:1.0
turbo:1.0
c/turbo:1.0
c:1.0
complete:1.0
reference:1.0
book:1.0
15.00:1.0
serial:2.09861228866811
i/o:1.0
1:1.6931471805599454
port:1.6931471805599454
10.00:1.6931471805599454
joystick:1.0
three:1.0
button:1.0
ide:1.0
controller:1.0
2:1.6931471805599454
parallel:1.0
one:1.0
game:1.0
available:1.0
10.00each:1.0
210:1.0
545-4741:1.0
ask:1.0
