khoh:1.6931471805599454
usc.edu:1.6931471805599454
oliver:1.0
muoto:1.0
subject:1.0
sale:1.6931471805599454
2:1.6931471805599454
x:1.6931471805599454
1meg:1.0
70ns:1.6931471805599454
simms:1.6931471805599454
macintosh:1.6931471805599454
two:1.0
1:1.0
meg:1.0
aka:1.0
fastones:1.0
interested:1.0
please:1.0
email:1.0
offer:1.0
