khoh:1.6931471805599454
usc.edu:1.6931471805599454
oliver:1.0
muoto:1.0
subject:1.0
sale:1.0
practical:1.0
peripherals:1.0
1200:1.6931471805599454
external:1.6931471805599454
modem:1.6931471805599454
nice:1.0
little:1.0
really:1.0
compact:1.0
cream:1.0
colored:1.0
good:1.0
mac:1.0
ibm:1.0
throw:1.0
cable:1.0
extra:1.0
5:1.0
interested:1.0
email:1.0
offer:1.0
