khoh:1.6931471805599454
usc.edu:1.6931471805599454
oliver:1.0
muoto:1.0
subject:1.0
sale:1.6931471805599454
4:1.6931471805599454
x:1.0
1meg:1.0
simms:1.6931471805599454
100ns:1.6931471805599454
macintosh:1.6931471805599454
four:1.0
1:1.0
meg:1.0
want:1.0
upgrade:1.0
mac:1.0
iisi:1.0
iici:1.0
whatever:1.0
email:1.0
offer:1.0
thanks:1.0
