khoh:1.6931471805599454
usc.edu:1.6931471805599454
oliver:1.0
muoto:1.0
subject:1.0
sale:1.6931471805599454
hayes:1.6931471805599454
2400:1.6931471805599454
external:1.6931471805599454
modem:2.09861228866811
personal:1.6931471805599454
mac:1.0
macintosh:1.6931471805599454
really:1.0
nice:1.0
small:1.0
think:1.0
plugs:1.0
directly:1.0
power:1.0
plug:1.0
ands:1.0
two:1.0
long:1.0
cables:1.0
phone:1.0
get:1.0
back:1.0
interested:1.0
offer:1.0
thanks:1.0
advance:1.0
