paschal:2.386294361119891
tscs.com:1.0
charles:1.6931471805599454
subject:1.0
nth:1.6931471805599454
engine:1.6931471805599454
graphics:1.6931471805599454
cards:1.6931471805599454
following:1.0
sale:1.0
w/drivers:1.0
autocad:1.0
r11:1.0
display:1.0
list:1.0
proccessing:1.0
done:1.0
hardware:1.0
b640:1.0
640x480:1.0
b752:1.0
752x580:1.0
take:1.0
highest:1.0
reanable:1.0
offer:1.0
total:1.0
support:1.0
computer:1.0
systems:1.0
tampa:1.6931471805599454
813:1.6931471805599454
876-5990:1.0
uucp:1.0
tscs:1.0
fax:1.0
871-2783:1.0
us-mail:1.0
post:1.0
office:1.0
box:1.0
15395:1.0
florida:1.0
33684-5395:1.0
