paschal:2.386294361119891
tscs.com:1.0
charles:1.6931471805599454
subject:1.0
novell:2.09861228866811
2.0a/3.11:1.0
2.0a:1.0
sell:1.0
692:1.0
upgraded:1.0
3.11:1.0
460:1.0
complete:1.0
documentation:1.0
network:1.0
cards:1.0
except:1.0
id:1.0
card:1.0
total:1.0
support:1.0
computer:1.0
systems:1.0
tampa:1.6931471805599454
813:1.6931471805599454
876-5990:1.0
uucp:1.0
tscs:1.0
fax:1.0
871-2783:1.0
us-mail:1.0
post:1.0
office:1.0
box:1.0
15395:1.0
florida:1.0
33684-5395:1.0
