jack.t.sendak:1.6931471805599454
office.wang.com:1.6931471805599454
jack:1.0
sendak:1.0
v:1.0
subject:1.0
baseball:2.09861228866811
card:2.09861228866811
sale:1.6931471805599454
roberto:1.0
clemente:1.0
1969:1.0
topps:1.0
near-mint:1.0
condition:1.6931471805599454
really:1.0
close:1.0
mint:1.0
get:1.0
lists:1.0
55:1.0
recent:1.0
pricelist:1.0
may:1.0
offering:1.0
50:1.0
ill:1.0
pay:1.0
certified:1.0
postage:1.0
ship:1.0
please:1.0
respond:1.0
1-800-999-3732:1.0
ext:1.0
5269:1.0
maryland:1.0
