khoh:1.6931471805599454
usc.edu:1.6931471805599454
subject:1.0
sale:1.6931471805599454
cdrom:2.09861228866811
searchdisc:1.6931471805599454
uswest:1.6931471805599454
phone:2.09861228866811
directory:1.6931471805599454
teh:1.0
names:1.0
number:1.0
address:1.0
business/residence:1.0
information:1.0
regions:1.0
covered:1.0
us:1.0
west:1.0
states:1.0
includes:1.0
oregon:1.0
washington:1.0
colorado:1.0
new:1.0
mexico:1.0
arizona:1.0
idaho:1.0
wyoming:1.0
montana:1.0
utah:1.0
minnesota:1.0
nebraska:1.0
iowa:1.0
north:1.0
dakota:1.6931471805599454
south:1.0
two:1.0
disks:1.0
one:1.0
june:1.0
1992:1.6931471805599454
oct:1.0
interested:1.0
make:1.0
offer:1.0
thanks:1.0
