tsa:1.6931471805599454
cellar.org:1.6931471805599454
silent:1.0
assassin:1.0
subject:1.0
sale:1.0
misc:1.0
ibm:1.0
stuff:1.0
5.25:1.0
internal:1.0
low:1.0
density:1.0
disk:1.0
drive:1.0
monochrome:1.0
monitor:1.0
8088:1.0
motherboard:1.0
built:1.6931471805599454
parallel:1.0
serial:1.0
ports:1.0
mono:1.0
color:1.0
output:1.0
7mhz:1.0
libertarian:1.0
atheist:1.0
semi-anarchal:1.0
techno-rat:1.0
define:1.0
