jmparkin:2.09861228866811
mtu.edu:2.09861228866811
jeremy:2.09861228866811
parkinson:1.6931471805599454
subject:1.0
wanted:1.0
hp28:1.0
calculator:1.6931471805599454
hello:1.0
looking:1.0
hp28s:1.0
hp28sx:1.0
anyone:1.0
one:1.0
getting:1.0
rid:1.0
please:1.0
let:1.0
know:1.0
reply:1.0
thanks:1.0
aka:1.0
slimy:1.0
id:1.0
give:1.0
right:1.0
arm:1.0
ambitexterous:1.0
unknown:1.0
