tao:1.6931471805599454
balboa.eng.uci.edu:1.0
eric:1.6931471805599454
yihching:1.0
subject:1.0
software:1.6931471805599454
sale:1.6931471805599454
ms-window:1.6931471805599454
3.1:1.6931471805599454
ms-works:1.0
pc-tool:1.0
7.1:1.6931471805599454
dos:1.0
6.0:1.6931471805599454
following:1.0
prices:1.0
neogotiable:1.0
gateway:1.0
manuals:2.09861228866811
20:1.6931471805599454
ms-workwith:1.0
30:1.0
pc-tools:1.0
40:1.0
ms-dos:1.0
softwares:1.0
almost:1.0
new:1.0
