brett:2.386294361119891
oce.orst.edu:1.0
barksdale:1.6931471805599454
subject:1.0
high-end:1.0
car:1.0
stereo:1.0
sale:1.0
note:1.0
posted:1.0
friend:1.0
reply:1.0
account:1.0
please:1.0
direct:1.0
replies:1.6931471805599454
scott:2.6094379124341005
burke:1.6931471805599454
sparcom.com:2.09861228866811
alpine:1.6931471805599454
5959s:1.0
6-cd:1.0
shuttle:1.0
paid:2.09861228866811
600:1.0
want:2.09861228866811
420/obo:1.0
1203:1.0
remote:1.0
cd:1.0
changer:1.0
control:1.0
250:1.0
175/obo:1.0
boston:1.0
proseries:1.0
10.0:1.0
subwoofers:1.0
2:1.0
box:1.6931471805599454
545:1.0
380/obo:1.0
equipment:1.0
6:1.0
months:1.0
old:1.0
includes:1.0
full-replacement:1.0
5-year:1.0
warranty:1.0
original:1.0
point:1.0
purchase:1.0
subwoofer:1.0
custom:1.0
designed:1.0
fit:1.0
back:1.0
bronco:1.0
ii:1.0
14:1.0
21:1.0
27:1.0
send:1.0
project:1.0
leader:1.0
sparcom:1.0
corporation:1.0
corvallis:1.0
telephone:1.0
503:1.6931471805599454
757-8416:1.0
fax:1.0
753-7821:1.0
waiting:1.0
nuts:1.0
porky.oce.orst.edu:1.0
