tao:1.6931471805599454
balboa.eng.uci.edu:1.0
eric:1.6931471805599454
yihching:1.0
subject:1.0
hard:1.6931471805599454
drive:2.09861228866811
40m:1.0
ide:1.0
90:1.6931471805599454
6:1.0
months:1.0
old:1.0
upgrading:1.0
selling:1.0
40:1.0
run:1.0
great:1.0
without:1.0
problem:1.0
share:1.0
shipping:1.0
