shapiro:2.09861228866811
sofbas.enet.dec.com:1.0
steve:2.09861228866811
subject:1.0
ms:1.0
c/c:1.0
book:1.0
forsale:1.0
regards:1.0
views:1.0
opinions:1.0
expressed:1.0
sks:1.0
computer:1.0
consulting:1.0
inc:1.0
offered:1.0
as-is:1.0
steve.shapiro:1.0
f440.n101.z1.fidonet.org:1.0
bbs:1.0
508:1.0
664-6354:1.0
n81:1.0
