jhdicker:1.6931471805599454
unix.amherst.edu:1.0
james:1.0
henry:1.0
dickerson:1.0
subject:1.0
wanted:1.0
pasadenas:1.6931471805599454
cassette:1.6931471805599454
cd:1.6931471805599454
good:1.0
r:1.0
b:1.0
group:1.0
came:1.0
1988:1.0
called:1.6931471805599454
bought:1.0
single:1.0
fell:1.0
love:1.0
ive:1.0
tried:1.0
find:1.0
lp:1.0
success:1.0
whatsoever:1.0
wondering:1.0
whether:1.0
anyone:1.0
netland:1.0
heard:1.0
song:1.0
hit:1.0
charts:1.0
tribute:1.0
thanks:1.0
jay:1.0
jhdickerson:1.0
amh.amherst.edu:1.0
amhux1.amherst.edu:1.0
