3mwieu4:1.6931471805599454
cmuvm.csv.cmich.edu:1.0
subject:1.0
dak:1.0
shorwave:1.6931471805599454
radio:1.6931471805599454
digitally-tuned:1.0
alarm:1.0
clock:1.0
5:1.0
presets:1.0
per:1.0
band:1.0
fm:1.0
sw1:1.0
sw2:1.0
bands:1.0
asking:1.0
25:1.0
shppg:1.0
reply:1.0
details:1.0
thanks:1.0
pete:1.0
cmuvm.cmich.edu:1.0
