jfreeman:1.6931471805599454
frontporch.win.net:1.6931471805599454
jeff:2.09861228866811
freeman:1.6931471805599454
subject:1.0
question/suggestion:1.0
everyone:1.0
please:1.0
read:1.0
paries:1.0
transaction:1.6931471805599454
obviously:1.0
cod:2.09861228866811
allows:1.6931471805599454
parties:1.0
exercise:1.0
amount:1.0
trust:1.6931471805599454
see:1.0
fit:1.0
fine:1.6931471805599454
buyer:1.6931471805599454
opens:1.0
box:1.6931471805599454
find:1.0
paid:1.0
150.00:1.0
brick:1.0
seller:1.6931471805599454
personal:1.0
check:1.0
used:1.0
till:1.0
stop:1.0
payment:1.0
made:1.0
methods:1.0
protect:1.0
sort:1.0
even:1.0
merchants:1.0
customers:1.0
problems:1.0
stolen:1.0
credit:1.0
cards:1.0
chargebacks:1.0
return:1.0
policies:1.0
getting:1.0
wrong:1.0
item:1.0
etc:1.0
protection:1.0
available:1.0
business:1.0
someone:1.6931471805599454
around:1.0
1-800-go-porch:1.0
toll-free:1.0
front:1.0
porch:1.0
computers:1.0
1-706-695-1888:1.0
voice:1.0
rt:1.0
2:1.0
2178:1.0
1-706-695-1990:1.0
fax:1.0
chatsworth:1.0
ga:1.0
30705:1.0
75260,21:1.0
compuserve:1.0
id:1.0
internet:1.0
