jla:1.0
paris.cs.berkeley.edu:1.0
joseph:1.0
arceneaux:1.0
subject:1.0
claris:1.6931471805599454
filemaker:1.6931471805599454
mac:1.0
pro:1.0
database:1.0
manager:1.0
macintosh:1.0
still:1.0
unpackaged:1.0
150:1.0
best:1.0
offer:1.0
please:1.0
call:1.0
415:1.0
824:1.0
6209:1.0
respond:1.0
account:1.0
