gt7187c:2.09861228866811
prism.gatech.edu:2.09861228866811
thomas:1.6931471805599454
oates:1.6931471805599454
subject:1.0
sherwood:1.6931471805599454
am/fm:1.6931471805599454
stereo:1.6931471805599454
reciever:1.6931471805599454
sale:1.6931471805599454
20:1.0
memory:1.0
presets:1.0
think:1.0
may:1.0
18:1.0
25:1.0
watts:1.0
per:1.0
channel:1.0
70:1.0
best:1.0
offer:1.0
please:1.0
reply:1.0
atlanta:1.0
braves:1.0
1992:1.0
national:1.0
league:1.0
champions:1.0
prodigy:1.0
ngdr20a:1.0
cant:1.0
stop:1.0
chop:1.0
georgia:1.0
institute:1.0
technology:1.0
