rrg:1.0
rtp.fibercom.com:1.0
rhonda:2.09861228866811
gaines:2.386294361119891
subject:1.0
sale:1.0
1990:1.6931471805599454
mazda:1.6931471805599454
mx-6:1.6931471805599454
5-spd:1.0
a/c:1.0
am/fm:1.0
cassette:1.0
cruise:1.0
tilt:1.0
steering:1.0
white:1.0
w:1.0
burgundy:1.0
interior:1.0
excellent:1.0
condition:1.0
73k:1.0
miles:1.0
7500/best:1.0
offer:1.0
systems/network:1.0
administrator:1.0
internet:1.0
fibercom.com:1.0
fibercom:1.6931471805599454
inc:1.0
p.o:1.0
box:1.0
11966:1.0
uucp:1.0
uunet:1.0
roanoke:1.0
va:1.0
24022-1966:1.0
fax:1.0
703-342-5961:1.0
phone:1.0
703-342-6700:1.0
800-423-1183:1.0
x291:1.0
