reb:1.0
ingres.com:1.0
phydeaux:1.0
subject:1.0
white:1.6931471805599454
toyota:1.6931471805599454
camry:1.6931471805599454
le:1.6931471805599454
1988:1.6931471805599454
must:1.6931471805599454
sell:1.6931471805599454
car:1.6931471805599454
ac:1.0
ps:1.0
pb:1.0
sunroof:1.0
am/fm:1.0
cassette:1.0
radio:1.0
cruise:1.0
control:1.0
etc:1.0
61000:1.0
miles:1.0
red:1.0
interior:1.0
excellent:1.0
condition:1.0
located:1.0
paramus:1.0
nj:1.0
area:1.0
7900:1.0
best:1.0
offer:1.0
interested:1.0
please:1.0
call:1.0
201-666-9207:1.0
