schmidt:1.0
lns62.tn.cornell.edu:1.0
subject:1.0
photographic:1.6931471805599454
stuff:1.0
sell:1.0
spring:1.0
cleaning:1.0
following:1.0
partial:1.0
list:1.0
come:1.6931471805599454
soon:1.0
exakta:1.6931471805599454
tessar:1.6931471805599454
2.8/50:1.6931471805599454
lens:2.9459101490553135
plus:3.0794415416798357
front:1.6931471805599454
cap:2.09861228866811
case:2.6094379124341005
meyer:1.0
oreston:1.0
1.9/50:1.0
spiratone:1.6931471805599454
telxtender:1.0
model:1.6931471805599454
ii:1.0
orig:2.386294361119891
piesker:1.0
co:1.0
berlin:1.0
extension:1.0
bellows:1.0
4x-12x:1.0
box:1.0
entire:1.6931471805599454
package:1.6931471805599454
30:1.0
shipping:2.09861228866811
pentax:1.0
universal:1.0
screw-mount:1.0
cameras:1.0
3.5/35:1.0
caps:1.6931471805599454
fujinon:1.0
1.8/55:1.0
aetna:1.0
coligon:1.0
2.8/135:1.0
25:1.6931471805599454
enlarging:1.0
lenses:1.0
prinz:1.0
4.5/150:1.6931471805599454
10:2.09861228866811
el-nikkor:1.0
4.0/50:1.0
45:1.6931471805599454
rodenstock:1.0
ysaron:1.0
75:1.6931471805599454
busch:1.6931471805599454
pressman:1.6931471805599454
c:1.0
2-1/4:1.0
x:2.386294361119891
3-1/4:1.0
wollensak:1.0
velostigmat:1.0
4.5/101:1.0
rapax:1.0
shutter:2.386294361119891
85:1.0
hexacon:1.0
slr:1.0
sluggish:1.6931471805599454
collectible:1.0
thus:1.0
rolleicord:1.0
v:1.0
synchro-compur:1.0
xenar:1.0
3.5/75:1.0
fool:1.0
got:1.0
oil:1.6931471805599454
blades:1.0
60:1.0
olympus:1.0
om2-n:1.0
body:1.0
viewfinder:1.0
appears:1.0
work:1.0
fine:1.0
wise:1.0
cotact:1.0
printing:1.0
frame:1.0
35mm:1.0
6:1.6931471805599454
strips:1.0
lockdown:1.0
plate-glass:1.0
cover:1.0
excellent:1.0
condition:1.0
omega:1.0
s.s:1.6931471805599454
developing:1.6931471805599454
tank:1.6931471805599454
2:1.0
35:1.0
mm:1.0
reels:2.09861228866811
12:1.0
nikkor:1.6931471805599454
7:1.6931471805599454
120:1.0
kodak:1.0
polycontrast:1.0
filter:1.0
set:1.0
prices:1.0
exclusive:1.0
conserve:1.0
bandwith:1.0
dont:1.0
back:1.0
petty:1.0
offers:1.0
however:1.0
consider:1.0
trades:1.0
interesting:1.0
equipment:1.0
toward:1.0
still:1.0
digging:1.0
leitz:1.0
reprovit:1.0
iia:1.0
minox:1.0
enlarger:1.0
4:1.6931471805599454
5:2.09861228866811
tanks:1.0
lenses/shutters:1.6931471805599454
e-mail:1.0
interested:1.0
thanks:1.0
reading:1.0
