jburgin:1.6931471805599454
ralph.cs.haverford.edu:1.6931471805599454
joshua:2.09861228866811
marc:1.6931471805599454
burgin:1.6931471805599454
subject:1.0
sale:1.6931471805599454
kenwood:1.6931471805599454
receiver:2.09861228866811
article:1.0
1r7ual:1.0
a9u:1.0
venus.haverford.edu:1.0
writes:1.0
audio/visual:1.0
surround:1.0
sound:1.0
follow-up:1.0
note:1.0
sold:1.0
dont:1.0
e-mail:1.0
call:1.0
anymore:1.0
sorry:1.0
dissapoint:1.0
anyone:1.0
