gt7187c:2.09861228866811
prism.gatech.edu:2.09861228866811
thomas:1.6931471805599454
oates:1.6931471805599454
subject:1.0
ms-dos:1.6931471805599454
6.0:1.6931471805599454
sale:1.6931471805599454
upgrade:1.0
open:1.0
unregistered:1.0
3.5:1.0
disks:1.0
40:1.0
best:1.0
offer:1.0
please:1.0
mail:1.0
replies:1.0
atlanta:1.0
braves:1.0
1992:1.0
national:1.0
league:1.0
champions:1.0
prodigy:1.0
ngdr20a:1.0
cant:1.0
stop:1.0
chop:1.0
georgia:1.0
institute:1.0
technology:1.0
