subject:1.0
286:1.0
mother:1.6931471805599454
board:1.6931471805599454
4:1.0
sale:1.0
james:1.6931471805599454
chu:1.0
ccc105:1.0
psuvm.psu.edu:1.0
c:1.6931471805599454
chip:1.0
set:1.0
286-12:1.0
bios:1.0
2:1.0
meg:1.0
ram:1.0
80ns:1.0
reply:1.0
reasonable:1.0
offer:1.0
interested:1.0
thanks:1.0
