aharris:1.6931471805599454
athena.cs.uga.edu:1.6931471805599454
austin:1.6931471805599454
harris:1.6931471805599454
subject:1.0
bc200xlt:1.6931471805599454
handheld:1.6931471805599454
radio:1.6931471805599454
scanner:1.6931471805599454
hello:1.0
recieves:1.0
police:1.0
fire:1.0
ambulance:1.0
aircraft:1.0
cordless:1.0
cellular:1.0
phone:1.0
etc:1.0
unit:1.0
original:1.0
condition:1.0
comes:1.0
manual:1.0
power:1.0
supply:1.0
battery:1.0
charger:1.0
price:1.0
200:1.0
plus:1.0
s/h:1.0
