rupin.dang:1.0
dartmouth.edu:1.0
rupin:1.0
dang:1.0
subject:1.0
nikkor:1.6931471805599454
70-210:1.6931471805599454
af:1.6931471805599454
sale:1.6931471805599454
175:1.0
immediate:1.0
excellent:1.0
condition:1.0
send:1.0
e-mail:1.0
details:1.0
