richg:2.09861228866811
sequent.com:2.09861228866811
richard:1.0
garrett:1.6931471805599454
subject:1.0
wanted:1.0
original:1.0
shanghai:1.6931471805599454
pc:1.0
looking:1.0
solitaire:1.0
game:1.0
mahjongg:1.0
tiles:1.0
pcs:1.0
copy:1.0
laying:1.0
around:1.0
send:1.0
email:1.0
thanks:1.0
ooo:1.0
rich:1.0
oo:1.0
work:1.0
503:1.0
578-3822:1.0
