x90mahdiarwi:1.6931471805599454
gw.wmich.edu:1.6931471805599454
subject:1.0
pc:1.6931471805599454
tools:1.6931471805599454
8.0:1.6931471805599454
original:1.0
disk:1.6931471805599454
manual:1.0
registration:1.0
card:1.0
included:1.0
size:1.0
3.5:1.0
price:1.0
60:1.0
shipping:1.0
martin:1.0
