rupin.dang:1.0
dartmouth.edu:1.0
rupin:1.0
dang:1.0
subject:1.0
slr:1.6931471805599454
camera:1.6931471805599454
zoom:1.6931471805599454
sale:1.6931471805599454
great:1.0
ricoh:1.0
nikon:1.0
fe:1.0
features:1.0
also:1.0
shutter:1.0
speeds:1.0
form:1.0
16:1.0
seconds:1.0
excellent:1.0
condition:1.0
accessories:1.0
lens:1.0
reasonable:1.0
price:1.0
send:1.0
e-mail:1.0
