read:1.6931471805599454
world.std.com:1.0
harold:1.0
subject:1.0
877:1.6931471805599454
mb:1.6931471805599454
3.5:1.6931471805599454
scsi:1.0
disk:1.6931471805599454
sale:1.6931471805599454
new:1.0
opened:1.0
box:1.0
tested:1.0
drive:1.6931471805599454
toshiba:1.0
mk438fb:1.0
formatted:1.0
12:1.0
ms:1.0
scsi-2:1.0
3:1.0
year:1.0
warranty:1.0
thought:1.0
would:1.0
work:1.0
need:1.0
larger:1.0
system:1.0
asking:1.0
900.00:1.0
great:1.0
opportunity:1.0
let:1.0
hear:1.0
