formula:2.09861228866811
athena.mit.edu:2.09861228866811
ronald:1.6931471805599454
r:1.6931471805599454
duff:1.6931471805599454
jr:1.6931471805599454
subject:1.0
new:1.6931471805599454
3m:2.386294361119891
used:1.6931471805599454
8:2.791759469228055
floppy:2.6094379124341005
disks:3.6390573296152584
sale:1.0
brand-new:1.0
shrinkwrapped:1.0
boxes:2.386294361119891
would:2.09861228866811
like:1.0
sell:1.6931471805599454
40:1.0
4:1.0
10:1.6931471805599454
ss/sd:1.6931471805599454
60:1.0
6:1.0
ds/dd:1.6931471805599454
w/wp:1.0
misco:1.0
selling:2.09861228866811
25.90:1.0
box:2.09861228866811
ten:2.09861228866811
31.90:1.0
take:1.6931471805599454
best:2.09861228866811
offer:2.09861228866811
get:2.09861228866811
many:1.0
want:1.0
also:1.6931471805599454
quantity:1.0
people:1.0
getting:1.0
rid:1.0
probably:1.0
due:1.0
upgrade:1.0
newer:1.0
drive:1.6931471805599454
system:1.0
labels:1.0
appear:1.0
good:1.0
physical:1.0
shape:1.0
however:1.0
make:1.0
guarantees:1.0
quality:1.0
statistics:1.0
quantitymaketype:1.0
103msingle:1.0
side/double:1.6931471805599454
density:1.6931471805599454
soft:1.6931471805599454
sector,128:1.6931471805599454
bytes/record:1.6931471805599454
66memorex:1.0
single:1.0
accept:1.0
receive:1.0
im:1.6931471805599454
willing:1.0
different:1.0
amounts:1.0
minimum:1.0
offers:1.0
considering:1.0
throwing:1.0
head-cleaning:1.0
kit:1.0
disk:1.0
drives:1.0
sales:1.0
final:1.0
prefer:1.0
ship:1.0
cod:1.0
add:1.0
shipping:1.0
costs:1.0
onto:1.0
total:1.0
order:1.0
cost:1.0
please:1.0
send:1.0
e-mail:1.0
interested:1.0
address:1.0
phone:1.0
508:1.0
842-2293:1.0
home:1.0
29:1.0
lamplighter:1.0
617:1.0
253-1652:1.0
work:1.0
mit:1.0
room:1.0
6-332:1.0
shrewsbury:1.0
01545:1.0
internet:1.0
