foxfire:2.09861228866811
access.digex.com:1.0
subject:1.0
car:1.6931471805599454
audio:1.6931471805599454
forsale:1.0
products:1.0
sale:1.0
kicker:2.386294361119891
stillwater:1.6931471805599454
designs:1.6931471805599454
ss10x2:1.0
2:2.386294361119891
10:1.0
kickers:1.0
sealed:1.0
box:2.09861228866811
manufactured:1.0
direct:1.0
instructions:1.6931471805599454
asking:2.09861228866811
175:1.6931471805599454
shipping:2.09861228866811
12:1.0
subwoofers:1.0
sold:1.0
pair:1.0
kenwood:1.0
kac923:1.0
amp:1.0
220:1.0
watts:1.0
x:1.0
ohm:1.0
stable:1.0
instruction:1.0
included:1.0
375:1.0
im:1.0
selling:1.0
item:1.0
friend:1.0
without:1.0
internet:1.0
access:1.0
either:1.0
e-mail:1.0
call:1.0
mike:1.0
metalios:1.0
410:1.0
665-5773:1.0
