br.pct:1.0
rlg.stanford.edu:1.0
peter:1.0
c:1.0
tam:1.0
subject:1.0
ftp:2.09861228866811
pc/tcp:1.6931471805599454
ver:1.0
2.04:1.6931471805599454
sale:1.6931471805599454
cheap:1.6931471805599454
software:1.6931471805599454
inc:1.0
networking:1.0
dos:1.0
version:1.0
lan:1.0
driver:1.0
3c503:1.0
cards:1.0
others:1.0
get:1.0
serial:1.0
numbers:1.0
orignal:1.0
diskettes:1.0
tcp/ip:1.0
telnet/ftp/ping/lpr/finger:1.0
etc:1.0
6:1.0
copies:1.0
45.00:1.0
