ongh:1.0
iastate.edu:1.6931471805599454
calvin:1.0
n:1.0
hobbes:1.0
subject:1.0
wanted:1.0
one:1.6931471805599454
way:1.6931471805599454
flight:1.6931471805599454
des:1.6931471805599454
moines:1.6931471805599454
chicago:1.6931471805599454
hi:1.0
need:1.0
ticket:1.0
28th:1.0
may:1.0
1993:1.0
please:1.0
send:1.0
replies:1.0
jasonlim:1.0
account:1.0
soon:1.0
possible:1.0
thank:1.0
