daspaz:1.0
stein.u.washington.edu:1.0
spaz:1.0
subject:1.0
one:1.6931471805599454
way:1.6931471805599454
omaha:2.09861228866811
seattle:1.6931471805599454
plane:1.0
ticket:1.6931471805599454
5/9:1.6931471805599454
female:1.0
name:1.0
jessamyn:1.0
west:1.0
travel:1.0
must:1.0
picked:1.0
airport:1.0
thereabouts:1.0
5/6:1.0
continental:1.0
airlines:1.0
make:1.0
offer:1.0
reply:1.0
jwest:1.0
hamp.hampshire.edu:1.0
