rupin.dang:1.0
dartmouth.edu:1.0
rupin:1.0
dang:1.0
subject:1.0
s-vhs:1.6931471805599454
broadcast:2.09861228866811
tapes:1.6931471805599454
forsale:1.6931471805599454
fresh:1.0
stock:1.0
master:1.6931471805599454
album:1.0
covers:1.0
unopened:1.0
still:1.0
plastic:1.0
sell:1.0
lot:1.0
50:1.0
worth:1.0
around:1.0
75:1.0
discount:1.0
video:1.0
warehouse:1.0
fuji:1.0
send:1.0
e-mail:1.0
