brosen:1.0
sol.cis.udel.edu:1.0
bruce:1.6931471805599454
subject:1.0
supra:2.09861228866811
modem:2.09861228866811
2400:1.6931471805599454
scale:1.0
upgraded:1.0
9600:1.0
fax:1.0
sale:1.0
50:1.0
s/h:1.0
approx:1.0
1.3:1.0
years:1.0
old:1.0
excellent:1.0
working:1.0
condition:1.0
send:1.0
email:1.0
rosen:1.6931471805599454
ringer.cs.utsa.edu:1.0
call:1.0
210-691-5696:1.0
