foxfire:2.09861228866811
access.digex.com:1.6931471805599454
subject:1.0
car:1.6931471805599454
amp:1.0
forsale:1.0
audio:1.0
system:1.6931471805599454
items:1.6931471805599454
sony:2.09861228866811
xr-7070:1.0
head:1.0
unit:1.6931471805599454
radio:2.09861228866811
pullout:1.0
20:1.0
w:1.6931471805599454
x:2.6094379124341005
4:2.386294361119891
max:1.0
dolby:1.0
b:1.0
controls:1.6931471805599454
cd:2.6094379124341005
changers:1.6931471805599454
disc/track:1.0
select:1.0
track/disc:1.0
scan:1.6931471805599454
repeat:1.0
shuffle:1.0
play:1.0
features:2.09861228866811
auto:1.0
reverse:1.0
logic:1.0
6am/18fm:1.0
presets:1.0
strong:1.0
station:1.0
memory:1.0
preset:1.0
tuner:1.0
monitor:1.0
seek/manual:1.0
tuning:1.0
mono/stereo:1.0
local/dx:1.0
switches:1.0
metal:1.0
tape:1.0
compatible:1.0
fader:1.0
orig:2.09861228866811
299:1.0
cdx-a15:1.0
10:1.0
disc:1.0
changer:1.6931471805599454
4x:1.0
oversampling:1.0
dual:1.0
d/a:1.0
converters:1.0
single:1.0
clock:1.0
design:1.0
one-beam:1.0
laser:1.0
spring:1.0
silicon-charged:1.0
suspension:1.0
horizontal:1.0
vertical:1.0
mounting:1.0
13-pin:1.0
din:1.0
connector:1.0
10-disc:1.0
magazine:1.0
connecting:1.0
cable:1.0
5-20,000:1.0
hz:2.386294361119891
0.05:1.0
thd:2.386294361119891
399:1.0
asking:1.6931471805599454
450:1.0
controller:1.0
problems:1.0
either:1.0
reasonably:1.0
good:1.6931471805599454
condition:1.6931471805599454
sold:1.0
together:1.0
two:1.0
2:2.6094379124341005
coustic:1.0
amp-360:1.0
3:1.0
channels:1.6931471805599454
bridgeable:1.0
30w:1.0
105w:1.0
1:2.09861228866811
ohms:2.09861228866811
20-20,000:2.09861228866811
0.09:1.6931471805599454
channel:1.0
150w:1.0
0.2:1.0
65w:1.0
ohm:1.0
stable:1.0
pwm:1.0
switching:1.0
power:2.09861228866811
supply:1.6931471805599454
protection:1.0
circuits:1.0
249:1.0
150/each:1.0
units:1.0
working:1.0
currently:1.0
used:1.0
subs:1.0
demonstrate:1.0
ratings:1.0
interested:1.0
questions:1.0
drop:1.0
e-mail:1.0
