rtd:1.6931471805599454
spectrx.saigon.com:1.6931471805599454
ramesh:1.6931471805599454
daryani:1.6931471805599454
subject:1.0
co:1.0
porcessor:1.0
cpu:1.6931471805599454
hi:1.0
fellows:1.0
still:1.0
got:1.0
bunch:1.0
386dx-25:1.0
intel:1.6931471805599454
387dx-25:1.0
coprocessors:1.0
buy:1.0
set:1.0
79:1.0
5.00:2.09861228866811
shipping:1.0
individually:1.0
80386dx-25:1.0
42:1.6931471805599454
47.00:1.6931471805599454
80387dx-25:1.0
interested:1.0
respond:1.0
call:1.0
408/942-9690:1.0
fax:1.0
408/942-9693:1.0
spectrox:1.0
systems:1.0
1.408.252.1005:1.0
silicon:1.0
valley:1.0
ca:1.0
