rajaram:1.6931471805599454
camilla.eng.sun.com:1.0
subject:1.0
sale:1.0
window:1.6931471805599454
shades:1.6931471805599454
kirsch:1.0
pull:1.0
white:1.0
light:1.0
filtering:1.0
73.25:1.0
wide:1.0
72:1.0
high:1.0
cut:1.0
width:1.0
brand:1.0
new:1.0
unopened:1.0
best:1.0
quality:1.0
vinyl:1.0
coated:1.0
cotton:1.0
mounting:1.0
brackets:1.0
included:1.0
35:1.0
bought:1.0
60:1.0
j.c.penney:1.0
sun.com:1.0
w:1.0
415/336-5194:1.0
h:1.0
510/796-9932:1.0
