subject:1.0
usr:1.0
16.8k:1.6931471805599454
hst:1.6931471805599454
external:1.6931471805599454
mo:1.0
herbert.wottle:1.0
cccbbs.uucp:1.0
herbert:1.0
wottle:1.0
sale:1.0
u.s.robotics:1.0
modem:1.0
including:1.0
power:1.0
adapter:1.0
users:1.0
guide:1.0
quick-reference:1.0
card:1.0
515.00:1.0
call:1.6931471805599454
voice:1.0
513:1.0
831-0162:1.0
lets:1.0
talk:1.0
herb:1.0
qmpro:1.0
1.02:1.0
42-0616:1.0
dogs:1.0
come:1.0
cats:1.0
answering:1.0
machines:1.0
