rtd:1.6931471805599454
spectrx.saigon.com:1.6931471805599454
ramesh:1.6931471805599454
daryani:1.6931471805599454
subject:1.0
1x1-80:1.6931471805599454
36pcs:1.0
102:1.6931471805599454
hi:1.0
fellows:1.0
36:1.0
pcs:1.0
5.00:1.0
shipping:1.0
total:1.0
107.00:1.0
interested:1.0
respond:1.0
call:1.0
408/942-9690:1.0
fax:1.0
408/942-9693:1.0
spectrox:1.0
systems:1.0
1.408.252.1005:1.0
silicon:1.0
valley:1.0
ca:1.0
