rupin.dang:1.0
dartmouth.edu:1.0
rupin:1.0
dang:1.0
subject:1.0
nikon:1.6931471805599454
l35:1.6931471805599454
camera:2.09861228866811
50:1.6931471805599454
af:1.0
35/2.8:1.0
lens:1.0
case:1.0
package:1.0
send:1.0
e-mail:1.0
