rupin.dang:1.0
dartmouth.edu:1.0
rupin:1.0
dang:1.0
subject:1.0
texas:1.6931471805599454
instuments:1.0
ti-81:1.6931471805599454
calculator:1.6931471805599454
instruments:1.0
calculalor:1.0
excellent:1.0
scientific:1.0
best:1.0
offer:1.0
