jeff:1.0
wishnie:1.0
jwishnie:1.0
taligent.com:1.0
subject:1.0
genesis:1.6931471805599454
carts:1.0
forsale:1.0
posting:1.6931471805599454
friend:1.6931471805599454
please:1.0
call:1.6931471805599454
steve:1.6931471805599454
415:1.6931471805599454
252-1618:1.6931471805599454
interested:1.6931471805599454
sega:1.6931471805599454
games:1.0
sale:1.0
original:1.6931471805599454
boxes:1.0
manuals:1.0
approximately:1.0
1:1.0
month:1.0
old:1.0
john:1.0
madden:1.0
football:1.0
93:1.0
electronic:1.0
arts:1.0
40.00:1.6931471805599454
obo:1.6931471805599454
ecco:1.0
dolphin:1.0
im:1.0
