llarsen:1.0
lmsc5.is.lmsc.lockheed.com:1.0
subject:1.0
porsche:1.6931471805599454
928:1.6931471805599454
posting:1.0
friend:1.0
1982:1.0
new:1.6931471805599454
vehicle:1.6931471805599454
74,000:1.0
today:1.0
book:1.0
list:1.0
11,500:1.0
15,000:1.0
perfect:1.0
every:1.0
way:1.0
options:1.0
including:1.0
paint:1.0
leather:1.0
interior:1.0
sunroof:1.0
low:1.0
miles:1.0
call:1.0
408:1.0
264-4444:1.0
ask:1.0
frank:1.0
lets:1.0
negotiate:1.0
trades:1.0
considered:1.0
