awakhras:1.0
phoenix.princeton.edu:1.0
amer:1.0
wahid:1.0
akhras:1.0
subject:1.0
cds:1.0
4:1.0
sale:2.09861228866811
please:1.6931471805599454
reply:1.6931471805599454
following:2.386294361119891
address:1.6931471805599454
hani.akhras:1.6931471805599454
jhuapl.edu:1.6931471805599454
discs:1.6931471805599454
postage:1.0
paid:1.0
camouflage|methods:1.0
silence:1.0
8:2.791759469228055
ppd:3.0794415416798357
revenge|one:1.0
true:1.0
passion:1.0
cabaret:1.0
voltaire|technology:1.0
western:1.0
re-works:1.0
1992:1.0
soul:1.6931471805599454
ii:2.09861228866811
soul|keep:1.0
moving:1.0
cd5:1.0
5:1.0
soul|vol:1.0
new:1.0
decade:1.0
lee:1.0
perry:1.0
upsetters|all:1.0
hits:1.0
daou|head:1.0
music:1.0
7:1.0
bizzare:1.0
inc|energique:1.0
cassettes:1.0
2:1.0
minimum:1.0
living:1.6931471805599454
box:1.6931471805599454
3|cs:2.386294361119891
michael:1.0
jackson|thriller:1.0
olivia:1.0
newton:1.0
john|physical:1.0
steel:1.0
pulse|reggae:1.0
greats:1.0
