kpeterso:1.0
nyx.cs.du.edu:1.0
kirk:1.6931471805599454
peterson:1.6931471805599454
subject:1.0
ibm:2.791759469228055
software:2.09861228866811
sale:1.6931471805599454
cheap:1.0
three:1.6931471805599454
packages:1.0
pc:2.6094379124341005
compatible:1.6931471805599454
computers:1.0
wing:2.09861228866811
commander:2.09861228866811
deluxe:1.0
edition:1.0
includes:2.791759469228055
secret:2.386294361119891
missions:2.386294361119891
1:1.6931471805599454
2:1.0
original:3.1972245773362196
packaging:2.09861228866811
manuals:2.09861228866811
disks:2.09861228866811
registration:1.0
card:1.0
send:1.0
register:1.0
name:1.0
price:3.1972245773362196
69.95:1.0
29.95:1.6931471805599454
ii:1.0
total:1.6931471805599454
129.85:1.0
asking:2.09861228866811
games:1.0
together:1.0
65.00:1.0
battle:1.6931471805599454
flight:1.6931471805599454
simulator:1.6931471805599454
set:1.0
space:1.6931471805599454
standard:1.0
fun:1.6931471805599454
things:1.0
simulators:1.0
like:1.0
taking:1.0
landing:1.0
carriers:1.0
flying:1.0
course:1.6931471805599454
better:1.0
yet:1.0
also:1.0
lot:1.0
indeed:1.0
least:1.0
640k:1.0
dual:1.0
floppies:1.0
hard:2.386294361119891
drive:1.0
required:2.386294361119891
winway:1.6931471805599454
resume:2.386294361119891
windows:2.791759469228055
50.00:1.0
35.00:1.0
writing:1.0
program:2.09861228866811
excellent:1.0
got:1.0
job:1.0
running:1.0
interface:1.0
makes:1.0
easy:1.0
use:1.6931471805599454
answer:1.6931471805599454
questions:1.0
print:1.0
results:1.0
minutes:1.0
beautifully:1.0
professionally:1.0
designed:1.0
3.0:1.0
later:1.0
installed:1.0
mb:1.0
free:1.0
disk:2.09861228866811
typefaces:2.09861228866811
99.99:1.0
30.00:1.0
package:1.6931471805599454
typetype:1.0
font:1.6931471805599454
families:1.0
twelve:1.0
fonts:2.386294361119891
3.1:1.6931471805599454
included:2.09861228866811
marque:1.0
crystal:1.0
architech:1.0
italic:1.6931471805599454
bold:1.6931471805599454
versions:1.0
unique:1.0
used:1.0
either:1.6931471805599454
morefonts:1.0
typeface:1.0
adobe:1.0
type:1.0
manager:1.0
truetype:1.6931471805599454
geoworks:1.0
express:1.0
publisher:1.0
coreldraw:1.0
want:1.0
format:1.0
formats:1.0
one:1.0
programs:2.09861228866811
listed:1.0
interested:1.0
please:1.0
leave:1.6931471805599454
email:1.0
call:1.6931471805599454
303:1.0
494-7951:1.0
anytime:1.0
dont:1.0
message:1.0
answering:1.0
machine:1.0
ill:1.0
back:1.0
pay:1.0
shipping:1.0
anywhere:1.0
continental:1.0
united:1.0
states:1.0
thank:1.0
