lohia:2.09861228866811
apple.com:1.0
raj:1.6931471805599454
subject:1.0
1.2gb:1.6931471805599454
disk:2.09861228866811
sale:1.6931471805599454
full:1.0
size:1.0
seagate:1.0
scsi2:1.0
model:1.0
st41200n:1.0
brand:1.0
new:1.0
never:1.0
used:1.0
formatted:1.0
send:1.0
offer:1.0
bharat.aux.apple.com:1.0
