02106:1.6931471805599454
ravel.udel.edu:1.0
samuel:1.0
ross:1.0
subject:1.0
desert:2.386294361119891
storm:2.386294361119891
cards:2.6094379124341005
sale:1.6931471805599454
divided:1.0
two:1.0
lots:1.0
take:1.0
highest:1.0
bid:1.6931471805599454
4/30/93:1.0
drop:1.0
line:1.0
lot:1.6931471805599454
1:1.0
coalition:1.0
peace:1.0
topps:1.6931471805599454
38,3,16,28:1.0
8:1.0
71,30,34*2,69,48,2,79,15,16:1.0
66,69,17,21,26:1.0
85,25,17:1.0
18,6,86,23,49:1.0
2nd:1.0
series:1.0
118,111,92,104,115,160,95,162,31:1.0
136,110,123:1.0
147,107,164,108,170:1.0
2:1.0
pro:1.0
set:1.0
44,87,120,196,229,19,74,121,153,208,47,100,150,187,13,58,178,217:1.0
22,94,142,197,227,4,108,174,228,6,89,137,190,205,23,82,128,199,211:1.0
sticker:1.0
card:1.0
sam:1.0
chopin.udel.edu:1.0
