hsieh1:1.0
carson.u.washington.edu:1.0
darrell:1.0
kirk:1.0
subject:1.0
sale:1.0
complete:1.6931471805599454
communicator:1.6931471805599454
card:1.6931471805599454
ibm-voicemail:1.0
modem:2.09861228866811
fax:2.09861228866811
latest:1.0
vers:1.0
new:1.6931471805599454
box:1.0
works:1.0
dos:1.0
windows:1.0
one:1.6931471805599454
get:1.0
voicemail:1.6931471805599454
auto:1.0
switch:1.0
line:1.0
handles:1.0
communications:1.0
500:1.0
250:1.0
dollars:1.0
pay:1.0
shipping:1.0
