rclar:1.6931471805599454
ctp.com:1.6931471805599454
richard:1.0
clark:1.0
subject:1.0
16:1.6931471805599454
hobiecat:1.0
special:1.6931471805599454
sale:1.0
1982:1.0
hobie:1.0
cat:1.0
good:1.0
condition:1.0
trailer:1.0
catbox:1.0
righting:1.0
system:1.0
many:1.0
extras:1.0
boat:1.0
currently:1.0
garaged:1.0
natick:1.0
25:1.0
miles:1.0
east:1.0
boston:1.0
1800:1.0
contact:1.0
call:1.0
617:1.0
374-8217:1.0
