berger:2.386294361119891
c4west.eds.com:1.0
damien:1.6931471805599454
subject:1.0
saturn:1.6931471805599454
sale:1.0
1992:1.0
sl2:1.0
5spd:1.6931471805599454
23k:1.0
miles:1.0
ac:1.0
cruise:1.0
abs:1.0
air:1.0
bag:1.0
cassette:1.0
anti:1.0
theft:1.0
excellent:1.0
12,000/obo:1.0
consider:1.0
85-88:1.0
4dr:1.0
compact:1.0
part:1.0
trade:1.0
ug.eds.com:1.0
