oplinger:2.09861228866811
meson.crd.ge.com:1.0
brian:1.6931471805599454
subject:1.0
lynx:1.6931471805599454
games:1.6931471805599454
sale/trade:1.6931471805599454
ive:1.0
got:1.0
following:1.0
make:1.0
offer:1.0
batman:1.0
returns:1.0
pinball:1.0
jam:1.0
paperboy:1.0
gates:1.0
zendecon:1.0
ra.crd.ge.com:1.0
include:1.0
standard.disclaimer:1.0
