gewong:2.09861228866811
mtholyoke.edu:1.0
g.e.r.m.a.i.n:1.0
subject:1.0
cs:1.0
math:2.386294361119891
physics:2.386294361119891
gre:2.386294361119891
books:2.791759469228055
forsale:1.0
c.s:1.0
also:1.6931471805599454
marked:1.0
new:2.9459101490553135
condition:1.6931471805599454
perfect:1.0
good:1.0
shipping:1.0
buyer:1.0
pays:1.0
1:1.0
per:1.0
book:2.386294361119891
list:1.0
hate:1.0
prices:1.0
email:1.6931471805599454
offer:1.0
title:1.0
author:1.0
orig:1.0
price:1.6931471805599454
asking:1.0
communication:1.0
networks:1.0
52.25:1.0
42:1.6931471805599454
walrand:1.0
computer:1.6931471805599454
origanisation:1.0
58.85:1.0
architecture:1.0
stallings:1.0
2-nd:2.09861228866811
edition:2.386294361119891
ai:1.0
design:1.0
expert:1.0
45.80:1.0
35:1.0
systems:1.0
lugar:1.0
stubberfiled:1.0
artificial:1.0
intelligence:1.0
46.25:1.0
39:1.6931471805599454
patrick:1.0
henry:1.0
winston:1.0
operating:1.0
system:1.0
concepts:1.0
silberschaltz:1.0
peterson:1.0
galvin:1.0
50:1.0
c:1.6931471805599454
34.25:1.0
20:1.6931471805599454
kelley:1.0
pohl:1.0
teach:1.0
youself:1.0
10:1.6931471805599454
siegal:1.0
understanding:1.0
hard:1.6931471805599454
disk:1.0
management:1.0
pc:1.0
jonathan:1.0
kamin:1.0
freshmen:1.0
calculus:1.0
9:1.0
big:1.6931471805599454
cover:1.0
discrete:1.0
application:1.0
50.95:1.0
40:1.0
susanna:1.0
epp:1.0
course:1.0
linear:1.6931471805599454
algebra:1.6931471805599454
damiano:1.0
little:1.0
schaums:1.0
outline:1.0
series:1.0
11.95:1.0
6:1.0
foundations:1.0
58.95:1.0
48:1.0
halliday:1.0
resnick:1.0
3-rd:1.0
selling:1.0
brand:1.0
never:1.0
used:1.0
arco:1.6931471805599454
general:1.0
test:1.0
red:1.0
19:1.0
science:1.0
13:1.0
please:1.0
send:1.0
interested:1.0
orixa.mtholyoke.edu:1.0
p.o:1.0
box:1.0
1465:1.0
germain:1.0
wong:1.0
mhc.mtholyoke.edu:1.0
mount:1.0
holyoke:1.0
college:1.0
tel:1.0
413-538:1.0
3015:1.0
south:1.0
hadley:1.0
01075:1.0
