vormooth:1.6931471805599454
athena.mit.edu:1.6931471805599454
kenneth:1.0
j:1.0
vollmer:1.0
subject:1.0
cds:1.6931471805599454
games:2.09861228866811
books:2.09861228866811
sale:1.6931471805599454
following:1.0
5:1.0
plus:1.0
shipping:1.6931471805599454
body:1.0
count:1.0
without:1.0
cop:1.0
killer:1.0
yo:1.0
mtv:1.0
raps:1.0
volume:1.0
1:1.0
skid:1.0
row:1.0
1st:1.0
album:1.0
bryan:1.0
adams:1.0
waking:1.0
neighbours:1.0
temple:1.0
dog:1.0
c:1.6931471805599454
music:1.0
factory:1.0
gon:1.0
na:1.0
make:1.0
sweat:1.0
ibm:1.0
pc:1.0
eye:1.0
beholder:1.0
2:1.6931471805599454
cluebook:1.0
25:1.6931471805599454
pools:1.0
darkness:1.0
18:2.09861228866811
jet:1.0
fighter:1.0
ancient:1.6931471805599454
egypt:1.6931471805599454
social:1.0
history:1.0
retail:1.0
26:1.0
sell:1.0
8:1.0
encyclopedia:1.6931471805599454
hardcover:1.6931471805599454
283:1.0
pages:1.6931471805599454
physics:1.0
1371:1.0
1990:1.0
also:1.0
yes:1.0
haggle:1.0
e-mail:1.0
offers:1.0
