oplinger:2.09861228866811
meson.crd.ge.com:1.0
brian:1.6931471805599454
subject:1.0
genesis:1.0
games:1.6931471805599454
sale/trade:1.6931471805599454
following:1.0
make:1.0
offer:1.0
trouble:1.0
shooter:1.0
time:1.0
carmen:1.0
sandiego:1.0
ra.crd.ge.com:1.0
include:1.0
standard.disclaimer:1.0
