oplinger:2.09861228866811
meson.crd.ge.com:1.0
brian:1.6931471805599454
subject:1.0
game:1.0
gear:1.0
games:1.6931471805599454
sale/trade:1.6931471805599454
following:1.0
make:1.0
offer:1.0
crystal:1.0
warriors:1.0
junction:1.0
revenge:1.0
drancon:1.0
psychic:1.0
world:1.0
castle:1.0
illusion:1.0
starring:1.0
micky:1.0
mouse:1.0
chessmaster:1.0
ra.crd.ge.com:1.0
include:1.0
standard.disclaimer:1.0
