oplinger:2.09861228866811
meson.crd.ge.com:1.0
brian:1.6931471805599454
subject:1.0
tg-16:1.0
games:1.6931471805599454
sale/trade:1.6931471805599454
following:1.0
make:1.0
offer:1.0
hu-cards:1.0
r-type:1.0
sidearms:1.0
alien:1.0
crush:1.0
neutopia:1.0
tricky:1.0
kick:1.0
ninja:1.0
spirit:1.0
somer:1.0
assault:1.0
cd:1.0
lords:1.0
rising:1.0
sun:1.0
sherlock:1.0
holmes:1.0
ra.crd.ge.com:1.0
include:1.0
standard.disclaimer:1.0
