rupin.dang:1.6931471805599454
dartmouth.edu:1.6931471805599454
rupin:1.0
dang:1.0
subject:1.0
minolta:1.6931471805599454
fd:1.6931471805599454
50:1.6931471805599454
mm:1.6931471805599454
forsale:1.0
lens:1.0
sale:1.0
good:1.0
condition:1.0
asking:1.0
30:1.0
