oplinger:2.09861228866811
meson.crd.ge.com:1.0
brian:1.6931471805599454
subject:1.0
marx:1.6931471805599454
brother:1.0
vhs:1.0
forsale:1.6931471805599454
following:1.0
brothers:1.0
tapes:1.0
would:1.0
like:1.0
sell:1.0
batch:1.0
possible:1.0
except:1.0
new:1.0
carfully:1.0
stored:1.0
copies:1.0
bought:1.0
laserdisks:1.0
mgm/ua:1.0
day:1.0
races:1.0
circus:1.0
big:1.0
store:1.0
mca:1.0
hourse:1.0
feathers:1.0
cocoanuts:1.0
duck:1.0
soup:1.0
animal:1.0
crackers:1.0
ra.crd.ge.com:1.0
include:1.0
standard.disclaimer:1.0
