tpremo:1.0
mentor.cc.purdue.edu:1.0
cinnamon:1.0
bear:1.0
subject:1.0
onkyo:1.6931471805599454
integra:1.6931471805599454
series:1.6931471805599454
integrated:1.6931471805599454
amp:1.0
sale:1.0
amplifier:1.0
looking:1.0
get:1.0
rid:1.0
60w/ch:1.0
works:1.0
great:1.0
problem:1.0
asking:1.0
100:1.0
obo:1.0
interested:1.0
call:1.0
317-743-2656:1.0
email:1.0
address:1.0
make:1.0
offer:1.0
todd:1.6931471805599454
premo:1.0
purdue:1.0
universtiy:1.0
environmental:1.0
engineering:1.0
