bartmich:2.09861228866811
cwis.isu.edu:2.09861228866811
barta_michael_d:1.0
subject:1.0
1989:1.6931471805599454
honda:1.6931471805599454
accord:1.6931471805599454
lx:1.6931471805599454
light:1.0
brown:1.0
four:1.0
door:1.0
power:2.6094379124341005
windows:1.0
brakes:1.0
locks:1.0
steering:1.0
antenna:1.0
am/fm:1.0
cassette:1.0
totally:1.0
cloth:1.0
interior:1.0
nice:1.0
70,000:1.0
miles:1.0
excellent:1.0
condition:1.0
must:1.0
sell:1.0
quit:1.0
job:1.0
go:1.0
back:1.0
school:1.0
blue:1.0
book:1.0
9,200:1.0
idaho:1.6931471805599454
asking:1.0
8,000:1.0
obo:1.0
email:1.6931471805599454
phone:1.0
208-233-8039:1.0
pocatello:1.0
michael:1.0
bartas:1.0
amiga2000:1.0
send:1.0
i.s.u:1.0
electronics:1.0
student:1.0
