rupin.dang:1.0
dartmouth.edu:1.0
rupin:1.0
dang:1.0
subject:1.0
panasonic:1.6931471805599454
answering:1.6931471805599454
machine:1.6931471805599454
forsale:1.0
auto:1.0
logic:1.0
dual:1.0
cassette:1.0
system:1.0
include:1.0
cassettes:1.0
ac:1.0
power:1.0
adaptor:1.0
excellent:1.0
condition:1.0
asking:1.0
30:1.0
accessories:1.0
