feng.qian:1.0
launchpad.unc.edu:1.6931471805599454
feng:1.6931471805599454
qian:1.0
subject:1.0
os/2:1.0
2.1:1.0
unleashed:1.0
copy:1.0
book:1.6931471805599454
new:1.0
read:1.0
20:1.0
plus:1.0
s/h:1.0
dc:1.0
pickup:1.0
1100:1.0
pages:1.0
quite:1.0
heavy:1.0
opinions:1.0
expressed:1.0
necessarily:1.0
university:1.0
north:1.0
carolina:1.0
chapel:1.0
hill:1.0
campus:1.0
office:1.0
information:1.0
technology:1.0
experimental:1.0
bulletin:1.0
board:1.0
service:1.0
internet:1.0
152.2.22.80:1.0
