fioranvj:1.0
cnsvax.uwec.edu:1.0
subject:1.0
wanted:1.0
gnr:1.0
pay:1.6931471805599454
per:1.6931471805599454
view:1.6931471805599454
paris:1.6931471805599454
trying:1.0
obtain:1.0
hi-fi:1.0
copy:2.09861228866811
guns:1.0
n:1.0
roses:1.0
last:1.0
summer:1.0
anyone:1.0
would:1.0
like:1.0
sell:1.0
could:1.0
make:1.0
please:1.0
e-mail:1.0
thanks:1.0
