ag423:1.0
cleveland.freenet.edu:1.0
frank:1.6931471805599454
fijalkovich:1.0
subject:1.0
machinist:1.6931471805599454
tools:1.6931471805599454
wanted:1.0
im:1.0
looking:1.0
buy:1.0
kind:1.0
know:1.0
sale:1.0
please:1.0
leave:1.0
e-mail:1.0
ill:1.0
get:1.0
back:1.0
promptly:1.0
