jyow:1.6931471805599454
desire.wright.edu:1.6931471805599454
subject:1.0
camera:2.09861228866811
olymypus:1.0
stylus:1.6931471805599454
pocket:1.6931471805599454
olympus:1.0
35mm:1.0
smallest:1.0
class:1.0
includes:1.0
time:1.0
date:1.0
stamp:1.0
battery:1.0
carrying:1.0
case:1.0
red:1.0
eye:1.0
reduction:1.0
timer:1.0
fully:1.0
automatic:1.0
rated:1.0
2:1.0
consumer:1.0
reports:1.0
115:1.0
obo:1.0
jason:1.0
yowhuman:1.0
factors:1.0
psychology:1.0
program:1.0
wright:1.0
state:1.0
university:1.0
dayton:1.0
ohe-mail:1.0
