goldberg:2.386294361119891
oasys.dt.navy.mil:2.09861228866811
mark:1.0
subject:1.0
camera:1.6931471805599454
bags:1.0
sale:1.0
1:1.6931471805599454
large:1.0
padded:1.6931471805599454
cordura:1.0
bag:2.09861228866811
maker:1.0
unknown:1.0
nge:1.0
exterior:1.0
black:1.6931471805599454
straps:1.0
interior:1.0
five:1.0
outside:1.0
pocket:1.6931471805599454
plus:1.6931471805599454
lid:1.6931471805599454
compartment:1.0
overlaps:1.0
internal:1.0
dividers:1.0
repositioned:1.0
held:1.0
whole:1.0
2-1/4:1.0
bronica:1.0
system:1.0
metz:1.0
flash:2.386294361119891
etc:2.6094379124341005
50:1.0
2:1.6931471805599454
small:2.6094379124341005
nikon:1.6931471805599454
shoulder:1.0
sorry:1.0
sold:1.0
shippe:1.0
3:1.6931471805599454
belt:2.09861228866811
pouch:2.09861228866811
khaki:1.0
like:1.6931471805599454
similar:1.6931471805599454
design:1.0
army:1.0
ammo:1.0
clips:1.0
holds:1.6931471805599454
zoom:2.09861228866811
lens:1.0
cleaner:1.0
5:1.6931471805599454
4:1.0
domke:1.0
also:1.0
metal:1.0
loops:1.0
want:1.0
attach:1.0
strap:1.6931471805599454
velcro:1.0
closure:1.0
concept:1.0
bigger:1.0
35-135:1.0
accessories:1.0
hardly:1.0
used:1.0
cost:1.0
20:1.0
originally:1.0
sell:1.0
15:1.6931471805599454
coast:1.0
tan:1.0
brown:1.0
main:1.0
front:1.0
hold:1.0
af:1.0
slr:1.0
film:1.0
matl:1.0
looks:1.0
gore-tex:1.0
dont:1.0
think:1.0
really:1.0
terms:1.0
payment:1.0
advance:1.0
money:1.0
order/bank:1.0
check:1.0
cash:1.0
buyer:1.0
pays:1.0
shipping:1.0
must:1.0
go:1.0
ups:1.0
others:1.0
send:1.0
adequate:1.0
self:1.0
addressed:1.0
mailing:1.0
envelope:1.0
recommended:1.0
enough:1.0
postage:1.0
everyones:1.6931471805599454
entitled:1.6931471805599454
opinion:1.6931471805599454
imagination:1.6931471805599454
important:1.6931471805599454
knowledge:1.6931471805599454
albert:1.6931471805599454
einstein:1.6931471805599454
