eric:1.0
b:1.0
karabin:1.0
ekarabin:2.09861228866811
magnus.acs.ohio-state.edu:1.6931471805599454
subject:1.0
c:3.5649493574615367
language:1.0
books:1.0
sale:1.0
pricelist:1.0
price:1.0
memory:1.0
management:1.0
techniques:1.0
22.00:1.6931471805599454
32.95:1.0
len:1.6931471805599454
dorfman:1.6931471805599454
marc:1.0
j:1.0
neuberger:1.0
includes:2.09861228866811
disk:2.09861228866811
1993:1.0
borland:1.0
handbook:1.0
18.00:2.09861228866811
29.95:2.09861228866811
second:2.386294361119891
edition:2.791759469228055
covers:1.6931471805599454
version:2.6094379124341005
3.0:1.0
chris:1.0
h:1.6931471805599454
pappas:1.0
william:1.0
murray:1.0
iii:1.6931471805599454
1992:2.386294361119891
converting:1.0
turbo:1.6931471805599454
art:1.0
39.95:1.6931471805599454
herbert:2.386294361119891
schildt:2.386294361119891
1991:1.0
using:2.6094379124341005
12.00:2.09861228866811
24.95:2.386294361119891
1990:1.6931471805599454
complete:2.09861228866811
reference:2.09861228866811
28.95:1.0
2.0:1.0
bruce:1.0
eckel:1.0
1989:2.09861228866811
advanced:1.6931471805599454
9.00:1.6931471805599454
21.95:1.0
1988:2.386294361119891
high:1.6931471805599454
performance:2.09861228866811
interactive:1.0
graphics:1.6931471805599454
8.00:2.09861228866811
22.95:2.09861228866811
lee:1.6931471805599454
adams:1.6931471805599454
examples:1.0
done:1.0
basic:1.0
1987:1.0
cad:1.0
10.00:1.6931471805599454
26.95:1.0
1986:1.0
pctools:1.0
15.00:1.0
versions:1.6931471805599454
7.0:1.0
7.1:1.0
hy:1.0
bender:1.0
dvoraks:1.0
inside:1.0
track:1.0
20.00:1.0
dos:1.0
pc:1.0
john:1.0
dvorak:1.0
nick:1.0
anis:1.0
quick:1.0
2nd:1.0
2:1.0
werner:1.0
feibel:1.0
wordperfect:1.0
series:1.0
5:1.0
karen:1.0
l:1.0
acerson:1.0
ventura:1.0
publisher:1.0
que:1.0
book:1.6931471805599454
first:1.0
might:1.0
good:1.0
newer:1.0
os/2:1.0
19.95:1.0
kris:1.0
jamsa:1.0
1.x:1.0
obviously:1.0
generic:1.0
cadd:1.0
levels:1.0
1-3:1.0
ray:1.0
freeman:1.0
pay:1.0
shipping:1.0
usa:1.0
70004.1523:1.0
compuserve.com:1.0
csi.compuserve.com:1.0
