rob:2.09861228866811
msc.cornell.edu:1.6931471805599454
subject:1.0
used:1.0
cds:1.0
sale:1.0
nova:1.0
mob:1.0
last:1.0
days:1.0
pompeii:1.0
8:1.6931471805599454
ppd:2.6094379124341005
overwhelming:1.6931471805599454
colorfast:1.6931471805599454
teenage:1.0
fanclub:1.0
bandwagonesque:1.0
9:1.6931471805599454
tin:1.6931471805599454
machine:1.6931471805599454
ii:1.0
various:1.0
teriyaki:1.0
asthma:1.0
i-v:1.0
comp:1.0
9.50:1.0
