alee:1.0
ecs.umass.edu:1.0
subject:1.0
probes:2.09861228866811
plugs:2.09861228866811
oscilloscope/function:1.0
generator:1.0
greetings:1.0
2:1.6931471805599454
sets:1.6931471805599454
oscilloscope:1.0
function:1.0
hooks:1.0
also:1.6931471805599454
multipliers:1.0
x1:1.0
x10:1.0
ref:1.0
switch:1.0
excellent:1.0
conditions:1.0
interested:1.0
please:1.0
make:1.0
offer:1.0
respond:1.0
replies:1.0
wed:1.0
al:1.0
