truman:1.6931471805599454
fenton:1.0
tf26:1.6931471805599454
andrew.cmu.edu:1.6931471805599454
subject:1.0
sale:1.6931471805599454
bulk:1.6931471805599454
enviro:1.0
t-shirts:2.09861228866811
company:1.0
thus:1.0
commercial:1.0
purchased:1.0
256:1.0
last:1.0
fall:1.0
fund:1.0
raiser:1.0
fell:1.0
didnt:1.0
time:1.6931471805599454
sell:2.6094379124341005
shirts:3.0794415416798357
175:1.6931471805599454
left:1.0
willing:1.6931471805599454
5.25:1.0
piece:1.6931471805599454
dollar:1.0
discount:1.0
would:1.6931471805599454
paid:1.0
supplier:1.0
even:1.0
thats:1.0
918.75:1.0
jim:1.6931471805599454
morris:1.6931471805599454
100:1.0
cotton:1.0
4:1.0
colors:1.0
clean:1.0
neatly:1.0
folded:1.0
box:1.0
happen:1.0
damaged:1.6931471805599454
refund:1.0
money:2.09861228866811
shirt:1.6931471805599454
replace:1.0
option:1.0
could:1.6931471805599454
least:1.0
8:1.0
15:1.0
higher:1.0
number:1.6931471805599454
nicer:1.0
raise:1.0
school:1.0
event:1.0
organization:1.0
realize:1.0
big:2.09861228866811
investment:1.0
pay:1.6931471805599454
lots:1.0
50:1.0
5.50:1.0
shipping:1.0
prefer:1.0
local:1.0
buyers:1.0
give:1.6931471805599454
bargaining:1.0
power:1.0
please:1.6931471805599454
help:1.0
need:1.0
taking:1.0
loss:1.0
selling:1.0
cheap:1.0
phone:1.0
varify:1.0
prices:1.6931471805599454
negotiable:1.0
email:1.0
tell:1.0
clubs:1.0
area:1.0
deal:1.0
theyre:1.6931471805599454
gone:1.6931471805599454
cause:1.0
business:1.0
