rob:1.6931471805599454
msc.cornell.edu:1.6931471805599454
subject:1.0
comics:1.0
sale:1.6931471805599454
marvel:2.09861228866811
dc:1.0
indie:1.0
small:1.0
comic:2.386294361119891
collection:1.0
issues:1.0
nm:4.258096538021482
unless:1.0
otherwise:1.0
noted:1.0
prices:1.0
flexible:1.0
large:1.0
purchases:1.0
buyer:1.0
pays:1.0
shipping:1.0
means:1.0
ordered:1.0
bagged:1.0
backing:1.0
upon:1.0
arrival:1.0
never:1.0
read:1.0
opened:1.0
numbers:1.0
parenthesis:1.0
represent:1.0
number:1.0
multiple:1.0
copies:1.0
60:1.0
graded:2.09861228866811
price:2.09861228866811
fantasy:1.0
masterpieces:1.0
silver:1.0
surfer:1.0
second:2.09861228866811
series:2.6094379124341005
8:2.09861228866811
firestorm:1.6931471805599454
original:2.6094379124341005
1:4.332204510175204
f:3.0794415416798357
2-5:2.386294361119891
fury:1.0
3,6:1.0
human:1.6931471805599454
fly:1.0
vf:3.772588722239781
torch:1.0
indiana:1.0
jones:1.0
2:4.13549421592915
kazar:1.0
19-21:1.0
legion:1.6931471805599454
super:1.0
heroes:1.0
293:1.0
machine:1.0
man:2.09861228866811
8,9:1.0
g:1.0
2001:1.0
space:1.0
oddessy:1.0
origin:1.0
6:1.6931471805599454
micronauts:1.0
19,20,46,47:1.0
new:2.09861228866811
gods:1.0
19:1.0
outsiders:1.6931471805599454
3,4:1.0
ragman:1.0
5:2.386294361119891
rom:1.0
4:2.9459101490553135
secret:1.6931471805599454
origins:1.0
blue:1.0
beetle:1.0
wars:1.0
ii:1.0
9:1.6931471805599454
shade:1.0
changing:1.0
vg:1.6931471805599454
2,5:1.0
thing:1.0
26-30:1.0
thor:1.6931471805599454
361:1.0
mighty:1.0
13:1.0
dbl:1.6931471805599454
iss:1.6931471805599454
75:1.0
ambush:1.0
bug:1.0
stocking:1.0
stuffer:1.0
avengers:1.0
259-262:1.0
263:1.0
264-267:1.0
batman:1.0
29,30:1.0
beauty:1.0
beast:1.0
4-issues:1.0
1-2:1.0
cloak:1.0
dagger:1.0
vf+/nm:1.0
daredevil:2.09861228866811
192:1.0
193:1.0
221-225:1.0
deadman:1.6931471805599454
haney:1.0
adams:1.0
7:2.386294361119891
helfer:1.0
lopez:1.0
4-issue:1.0
limited:1.0
doctor:1.0
strange:1.0
74:1.0
fantastic:1.0
four:1.0
281-284:1.0
286:1.0
287-290:1.0
firestar:1.0
4-iss:2.386294361119891
hercules:1.0
3:2.6094379124341005
date:1.0
stamp:1.0
iron:1.0
98,102:1.0
126,127:1.0
197-199:1.0
200:1.0
202:1.0
203:1.0
204,205:1.0
laser:1.0
eraser:1.0
pressbutton:1.0
eclipse:1.0
fanfare:1.0
epic:2.09861228866811
universe:1.0
4,5:1.0
moonshadow:1.0
12-issues:1.6931471805599454
6,7:1.0
nightcrawler:1.0
2,3:1.0
squadron:1.0
supreme:1.0
12-iss:1.6931471805599454
2,3,4,6,7:1.0
vision:1.6931471805599454
scarlet:1.6931471805599454
witch:1.6931471805599454
x-men:2.09861228866811
alpha:2.09861228866811
flight:2.09861228866811
2-iss:1.0
85:1.0
alien:1.0
10:1.0
3,10:1.0
19,22-24:1.0
25-26:1.0
27,28:1.0
29-30:1.0
31:1.0
32:1.0
crisis:1.0
infinite:1.0
earths:1.0
5-6:1.6931471805599454
9-10:1.0
11:1.0
12:1.0
miller:1.0
written:1.0
drawn:1.0
187,188,189:1.0
elfquest:1.0
warp:1.0
third:1.0
printing:2.9459101490553135
hulk:1.0
byrne:1.0
314:1.0
318:1.0
marc:1.0
spector:1.0
moon:1.0
knight:1.0
mutants:1.0
22-30:1.0
31-37,40,54,55:1.0
x-factor:1.6931471805599454
138:1.0
163:1.0
167:1.0
168:1.0
196,199:1.0
serious:1.0
inquiries:1.0
17x-men:1.0
crossover:1.6931471805599454
33wolverine:1.0
appearance:1.0
226:1.0
nm+miller:2.09861228866811
plot:1.0
227:1.0
script:1.0
starts:1.0
228:1.0
teenage:1.0
mutant:1.0
ninja:1.0
turtles:1.0
size:2.09861228866811
first:1.6931471805599454
magazine:1.0
michelangelo:1.0
fugitoid:1.0
raphael:1.0
teen:1.0
titans:1.0
marvel/d.c:1.0
w/darkseid:1.0
