pledge:1.6931471805599454
netcom.com:1.6931471805599454
alan:1.0
mclachlan:1.0
subject:1.0
mac:1.6931471805599454
512ke/hd20:1.0
sale:1.6931471805599454
512ke:1.0
mouse:1.0
keyboard:1.0
functions:1.0
fine:1.0
hd20:1.0
serial:1.0
hard:1.0
drive:1.0
plugs:1.0
floppy:1.0
port:1.0
gives:1.0
20mb:1.0
hd:1.0
make:1.0
offers:1.0
sig:1.0
construction:1.0
send:1.0
suggestions:1.0
