hans:1.6931471805599454
meyer:1.6931471805599454
hmmeyer:1.0
silver.ucs.indiana.edu:1.0
subject:1.0
pioneer:1.6931471805599454
double:1.6931471805599454
cassette:1.6931471805599454
deck:2.09861228866811
ct-w601r:1.0
auto:1.0
ble:1.0
tuning:1.0
cd:1.0
syncro:1.0
recording:1.0
music:1.0
search:1.0
high:1.0
speed:1.0
dubbing:1.0
standard:1.0
features:1.0
less:1.0
one:1.0
year:1.0
old:1.0
excellent:1.0
condition:1.0
200:1.0
firm:1.0
