hans:1.6931471805599454
meyer:1.6931471805599454
hmmeyer:1.0
silver.ucs.indiana.edu:1.0
subject:1.0
pioneer:1.6931471805599454
mulit-play:1.0
cd:1.6931471805599454
player:1.6931471805599454
sale:1.0
pd-m530:1.0
multi-play:1.0
5-disc:1.0
magazine:1.0
full-function:1.0
remote:1.0
standard:1.0
features:1.0
including:1.0
computer:1.0
allocated:1.0
program:1.0
editing:1.6931471805599454
time:1.0
fade:1.0
excellent:1.0
shape:1.0
1:1.0
year:1.0
old:1.0
asking:1.0
175:1.0
