ehud:2.386294361119891
eng.umd.edu:1.6931471805599454
oentung:1.0
subject:1.0
mfm:1.6931471805599454
controller:1.6931471805599454
wanted:1.0
friend:1.0
looking:1.0
buy:1.0
one:1.0
sale:1.0
would:1.0
please:1.0
contact:1.0
email:1.0
thanx:1.0
eoentung:1.0
cbis.com:1.0
