noel:1.6931471805599454
b:1.0
lorenzana:1.0
u38134:1.0
uicvm.uic.edu:1.0
subject:1.0
self:1.6931471805599454
defense:1.6931471805599454
pepper:1.0
spray:1.6931471805599454
sale:1.6931471805599454
small:1.0
cans:1.0
im:1.0
asking:1.0
12:1.0
one:1.0
size:1.0
pen:1.0
marker:1.0
works:1.0
pretty:1.0
good:1.0
hear:1.0
thanks:1.0
