hans:1.6931471805599454
meyer:1.6931471805599454
hmmeyer:1.0
silver.ucs.indiana.edu:1.0
subject:1.0
kenwood:1.6931471805599454
150w:1.0
speakers:1.6931471805599454
2:1.0
ks-h51:1.0
150-watt:1.0
floor-standing:1.0
sale:1.0
less:1.0
one:1.0
year:1.0
old:1.0
brand:1.0
new:1.0
shape:1.0
185:1.0
