dabennet:1.0
magnus.acs.ohio-state.edu:1.0
david:1.0
w:1.0
bennett:1.0
subject:1.0
looking:1.6931471805599454
music:1.0
macintosh:1.0
im:1.6931471805599454
trying:1.0
set:1.0
personal:1.0
studio:1.0
cheap:2.09861228866811
sampler:1.0
rack:1.0
keyboard:1.0
sound:1.0
card:1.0
audiomedia:1.0
ii:1.0
something:1.0
similar:1.0
course:1.0
relative:1.0
