sunbum:1.6931471805599454
cory.berkeley.edu:1.6931471805599454
subject:1.0
stealth:1.6931471805599454
vram:1.6931471805599454
sale:1.0
item:1.0
brand:1.0
new:1.0
hi-color:1.0
card:1.0
w:1.6931471805599454
1meg:1.0
display:1.0
price:1.0
135:1.0
comes:1.0
install:1.0
disk:1.0
turbo:1.0
windows:1.6931471805599454
3.x:1.6931471805599454
drivers:1.0
24bit:1.6931471805599454
color:1.0
halo:1.0
desktop:1.0
imager:1.0
advanced:1.0
autocad:1.0
accelerator:1.0
includes:1.0
big:1.0
picture:1.0
complete:1.0
manual:1.0
interested:1.0
please:1.0
e-mail:1.0
thanks:1.0
