reddy:2.386294361119891
ulysses.att.com:1.6931471805599454
kishore:2.09861228866811
p:1.6931471805599454
subject:1.0
82:1.6931471805599454
toyota:2.09861228866811
tercel:1.0
2dr:1.0
125k:1.6931471805599454
good:1.0
condition:1.0
make:1.6931471805599454
offer:1.6931471805599454
hi:1.0
blue:1.6931471805599454
corolla/tercel:1.6931471805599454
sale:1.0
reason:1.0
seeling:1.0
great:1.0
little:1.0
car:2.09861228866811
new:1.6931471805599454
celica:1.0
specifications:1.0
1982:1.0
5-speed:1.0
miles:1.6931471805599454
2:1.0
door:1.0
air:1.0
conditioning/heat:1.0
am/fm:1.0
stereo:1.0
well:1.0
taken:1.0
care:1.0
maintained:1.0
clean:1.0
battery:1.0
timing:1.0
belt:1.6931471805599454
fan:1.0
inspection:1.0
sticker:1.0
valid:1.0
02/94:1.0
tough:1.0
generally:1.0
go:1.0
200k:1.0
e-mail:1.0
phone:1.0
908:1.0
582-3861:1.0
work:1.0
201:1.0
635-3705:1.0
home:1.0
include:1.0
std_disclaimer.h:1.0
reddyat:1.0
bell:1.0
laboratories:1.0
