subject:1.0
cds:1.6931471805599454
sale:1.6931471805599454
mparikh:1.0
uceng.uc.edu:1.0
mehul:1.0
parikh:1.6931471805599454
hi:1.0
following:1.0
2:1.0
absolutely:1.0
new:1.0
original:1.0
packing:1.0
artistalbumoriginalsale:1.0
price:1.6931471805599454
madonnathe:1.0
immaculate:1.0
collection:1.0
19.95:1.6931471805599454
11.95:1.6931471805599454
pet:1.0
shop:1.0
boysdiscography:1.0
interested:1.0
pls:1.0
contact:1.0
parikhma:1.0
ucunix.san.uc.edu:1.0
thanks:1.0
