un023203:1.0
wvnvms.wvnet.edu:1.0
subject:1.0
wanted:1.0
airline:1.6931471805599454
certificate/voucher:2.09861228866811
willing:1.0
pay:1.0
reasonable:1.0
amount:1.0
looking:1.0
1:1.0
valid:1.0
round-trip:1.0
ticket:1.0
coast:1.6931471805599454
anywhere:1.0
us:1.0
2:1.0
transferrable:1.0
name:1.0
please:1.0
reply:1.0
e-mail:1.0
phone:1.0
304:1.0
292-5960:1.0
anosh:1.0
