rtsbangi:1.6931471805599454
msuvx1.memst.edu:1.0
subject:1.0
cd:1.0
sale:1.6931471805599454
cds:1.0
1:1.0
jon:1.0
bon:1.0
jovi:1.0
new:1.0
jersey:1.0
8.00:2.09861228866811
2:1.0
boomerang:1.0
soundtrack:1.0
3:1.0
police:1.0
every:1.0
breath:1.0
take:1.0
1.00:1.0
s/h:1.0
e_mail:1.0
memstvx1.memst.edu:1.0
