malcolm:2.386294361119891
emcamiga.uucp:1.0
crosby:1.6931471805599454
subject:1.0
forsale:1.6931471805599454
microbotics:1.6931471805599454
hardframe:1.6931471805599454
scsi:1.6931471805599454
controller:1.6931471805599454
one:1.0
a2000:1.0
make:1.0
offer:1.0
e:1.0
internet:1.0
mcrosby:1.0
bsa1.kent.edu:1.0
e-mail:1.6931471805599454
emcamiga:1.0
redpoll.mrfs.oh.us:1.0
please:1.0
