rupin.dang:1.0
dartmouth.edu:1.0
rupin:1.0
dang:1.0
subject:1.0
nikkor:1.6931471805599454
70-210:1.6931471805599454
af:1.6931471805599454
forsale:1.0
f/4-5.6:1.0
zoom:1.0
lens:1.0
excellent:1.0
condition:1.0
im:1.6931471805599454
looking:1.0
get:1.0
2.8:1.0
version:1.0
selling:1.0
asking:1.0
175:1.0
offers:1.0
please:1.0
