alin:1.0
nyx.cs.du.edu:1.0
ailin:1.6931471805599454
lin:1.0
subject:1.0
vga:1.0
card/1:1.0
meg:1.6931471805599454
wanted:1.0
must:1.0
1:1.6931471805599454
memory:1.0
support:1.0
res:1.0
1024x768:1.0
even:1.0
higher:1.0
better:1.6931471805599454
9:1.0
15:1.0
pin:1.0
ports:1.0
also:1.0
supports:1.0
ega/cga:1.0
thats:1.0
pay:1.0
30:1.0
shipping:1.0
let:1.0
knoe:1.0
u:1.0
one:1.0
like:1.0
803-654-8817:1.0
