ychen:1.0
hubcap.clemson.edu:1.0
eric:1.6931471805599454
chen:1.0
subject:2.09861228866811
wanted:2.09861228866811
10:2.386294361119891
polaroid:2.386294361119891
palette:2.386294361119891
72-10:2.386294361119891
manual:2.791759469228055
newsgroups:1.6931471805599454
misc.wanted:1.6931471805599454
misc.forsale:1.6931471805599454
misc.forsale.computers:1.6931471805599454
distribution:1.6931471805599454
world:1.6931471805599454
organization:1.6931471805599454
clemson:2.386294361119891
university:1.6931471805599454
sc:1.6931471805599454
need:1.6931471805599454
model:1.6931471805599454
similar:1.0
willing:1.0
pay:1.0
plus:1.0
shipping:1.0
charge:1.0
via:1.0
usps:1.0
3rd:1.0
class:1.0
dont:1.0
original:1.0
one:1.0
photo-copyed:1.0
fine:1.0
please:1.0
help:1.0
thanks:1.0
advance:1.0
803:1.0
6548817:1.0
summary:1.0
followup-to:1.0
keywords:1.0
