lgibb:1.6931471805599454
nyx.cs.du.edu:1.6931471805599454
lance:1.0
gibb:1.0
subject:1.0
wanted:1.6931471805599454
xapshot:2.09861228866811
digital:1.6931471805599454
camera:1.6931471805599454
cannons:1.0
id:1.0
interested:1.0
makes:1.0
one:2.386294361119891
im:1.0
familiar:1.0
need:1.0
composite:1.0
output:1.0
approx:1.0
50:1.0
pictures:1.0
per:1.0
disk:1.0
capability:1.0
sale:1.0
know:1.0
cheap:1.0
place:1.0
order:1.0
please:1.0
leave:1.0
email:1.0
thanks:1.0
