davidk:1.0
netcom.com:1.0
david:1.0
kiviat:1.0
subject:1.0
88:1.6931471805599454
toyota:1.6931471805599454
camry:1.6931471805599454
super:1.0
deluxe:1.0
9.9k:1.0
top:1.0
line:1.0
vehicle:1.0
blue:1.0
book:1.0
10,500:1.0
asking:1.0
9,900:1.0
73:1.0
k:1.0
miles:1.0
auto:1.0
transmission:1.0
everything:1.0
owned:1.0
meticulous:1.0
automoble:1.0
mechanic:1.0
call:1.0
408:1.0
425-8203:1.0
ask:1.0
bob:1.0
posted:1.0
friend:1.0
