tsa:1.6931471805599454
cellar.org:1.6931471805599454
silent:1.0
assassin:1.0
subject:1.0
sale:1.6931471805599454
monochrome:2.09861228866811
monitor:1.6931471805599454
8088:1.6931471805599454
motherboard:2.09861228866811
disk:1.6931471805599454
drive:1.6931471805599454
trade:1.6931471805599454
combination:1.0
286-16:1.0
2400:1.0
v.42bis:1.0
pretty:1.0
generic:1.0
ibm:1.0
7:1.0
mhz:1.0
built:1.6931471805599454
color:1.0
support:1.0
serial:1.0
parallel:1.0
ports:1.0
stick:1.0
robot:1.0
use:1.0
make:1.6931471805599454
cheap:1.0
terminal:1.0
whatever:1.6931471805599454
5.25:1.0
internal:1.0
low:1.0
density:1.0
1200:1.0
baud:1.0
external:1.0
modem:1.0
practical:1.0
peripherals:1.0
offer:1.0
suggest:1.0
libertarian:1.0
atheist:1.0
semi-anarchal:1.0
techno-rat:1.0
define:1.0
