der:2.09861228866811
anomaly.sbs.com:1.6931471805599454
admiral:1.6931471805599454
david:1.6931471805599454
e:1.6931471805599454
ryan:1.6931471805599454
subject:1.0
144mhz/440mhz:1.0
amps:1.0
2mtr:2.09861228866811
ht:1.6931471805599454
sale:1.6931471805599454
following:1.0
equipment:1.0
1:1.0
kenwood:1.0
th-28a:1.0
250.00:1.6931471805599454
2:1.0
rf:1.0
concepts:1.0
amp:1.6931471805599454
45in:1.0
170out:1.0
275.00:1.0
3:1.0
hamtronics:1.0
class:1.0
c:1.0
continuous:1.0
duty:1.0
440mhz:1.0
10watt-in:1.0
40watt-out:1.0
prices:1.0
include:1.0
shipping/insurance:1.0
additional:1.0
information:1.0
contact:1.0
address:1.0
dave:1.0
uunet:1.0
rayssd:1.0
anomaly:1.0
