rupin.dang:1.0
dartmouth.edu:1.0
rupin:1.0
dang:1.0
subject:1.0
nikon:1.6931471805599454
fm2:1.0
lens:2.09861228866811
forsale:1.0
fm-2:1.0
sold:1.0
following:1.0
remains:1.0
minolta:1.0
md:1.0
50:1.0
mm:1.0
25:1.0
ricoh:1.0
camera:1.0
zoom:1.0
identical:1.0
features:1.0
fe:1.0
plus:1.0
great:1.0
condition:1.0
inquire:1.6931471805599454
low:1.0
price:1.0
s-vhs:1.0
tapes:1.0
brand:1.0
new:1.0
fuji:1.0
high:1.0
quality:1.0
