davecru:2.09861228866811
ersys.edmonton.ab.ca:2.09861228866811
dave:1.6931471805599454
cruickshank:1.6931471805599454
subject:1.0
wanted:1.0
sega:1.6931471805599454
glasses:1.6931471805599454
badly:1.0
need:1.0
pair:1.0
3d:1.0
cheap:1.0
vr:1.0
setup:1.0
set:1.0
want:1.0
part:1.0
arrange:1.0
shipping:1.0
etc:1.0
duty:1.0
necessary:1.0
leave:1.0
e-mail:1.0
call:1.0
403:1.0
459-2893:1.0
ask:1.0
dj:1.0
