mallen:1.0
eniac.seas.upenn.edu:1.0
matt:1.0
allen:1.0
subject:1.0
amigas:1.6931471805599454
sale:1.6931471805599454
2:2.09861228866811
commodore:1.6931471805599454
amiga:1.6931471805599454
1000best:1.0
offer:2.386294361119891
512k:1.0
ram:1.6931471805599454
1:2.386294361119891
internal:1.6931471805599454
floppy:2.09861228866811
drive:1.6931471805599454
detachable:1.0
keyboard:1.0
button:1.6931471805599454
mouse:1.6931471805599454
500best:1.0
1024k:1.0
rgb:1.0
monitorbest:1.0
external:1.0
drivebest:1.0
call:1.0
brian:1.0
dickman:1.0
717:1.0
872-1719:1.0
send:1.0
e-mail:1.0
dickman_con:1.0
huey:1.0
millersv.edu:1.0
