er1:1.6931471805599454
eridan.chuvashia.su:1.6931471805599454
yarabayeva:1.0
albina:1.0
nikolayevna:1.0
subject:1.0
sale:1.0
high-guality:1.0
conifer:1.0
oil:1.0
russia:1.0
450/ton,400:1.0
ton:1.0
inguiry:1.0
address:1.0
