bbates:1.6931471805599454
pro-freedom.van.wa.us:1.6931471805599454
brandon:1.0
bates:1.0
subject:1.0
wanted:1.0
video:2.09861228866811
equipment:1.6931471805599454
repost:1.0
looking:1.0
working:1.0
docking:1.0
deck:1.6931471805599454
goes:1.0
back:1.0
camera:1.6931471805599454
old:1.0
jvc:1.0
gx-s700:1.6931471805599454
tube:1.0
format:1.0
acceptable:1.0
please:1.0
send:1.0
message:1.0
even:1.0
know:1.0
anything:1.0
decks:1.0
also:1.0
interested:1.0
sale:1.0
professional:1.0
consumer:1.0
thank:1.0
pro-freedom:1.0
bbs:1.0
206:1.0
694-3276:1.0
