tcollins:1.6931471805599454
teal.csn.org:1.0
traci:1.6931471805599454
collins:1.6931471805599454
subject:1.0
looking:1.0
mike:2.09861228866811
damico:1.6931471805599454
recently:1.0
purchased:1.0
ibm:1.0
monochrome:1.0
vga:1.0
monitor:2.09861228866811
arrived:1.0
missing:1.0
power:1.6931471805599454
cable:1.0
mikes:1.0
address:1.6931471805599454
apparently:1.0
proper:1.0
mail:1.0
cant:1.0
reach:1.0
anyone:1.0
knows:1.0
contact:1.0
could:1.0
help:1.0
find:1.0
would:1.6931471805599454
appreciate:1.0
sure:1.0
set:1.0
aside:1.0
cord:1.6931471805599454
packing:1.0
lot:1.0
useful:1.0
well:1.0
professor:1.0
computer:1.0
education:1.0
colorado:1.0
mountain:1.0
college:1.0
bridget.newcastle.co.us:1.0
