rebop:2.09861228866811
well.sf.ca.us:1.6931471805599454
bob:1.6931471805599454
ulius:1.6931471805599454
subject:1.0
newtek:1.6931471805599454
video:2.09861228866811
toaster:2.6094379124341005
link:1.0
sale:1.0
bout:1.0
dozen:1.0
links:1.0
available:1.6931471805599454
connect:1.0
macs:1.0
list:1.0
595:1.0
street:1.0
price:1.0
likely:1.0
495:1.0
sell:1.0
425:1.0
including:1.0
shipping:1.0
anywhere:1.0
factory:1.0
shrinkwrapped:1.0
plus:1.0
tax:1.0
california:1.0
e-mail:1.0
call:1.0
916:1.6931471805599454
924-9911:1.0
m-f:1.0
8-5:1.0
would:1.0
like:1.0
info:1.0
accessories:1.0
system:1.0
components:1.0
well:1.0
338-4766:1.0
