noel:1.6931471805599454
b:1.0
lorenzana:1.6931471805599454
u38134:1.6931471805599454
uicvm.uic.edu:1.6931471805599454
subject:1.0
comics:1.6931471805599454
sale:1.6931471805599454
miscellaneous:1.0
really:1.0
would:1.0
like:1.6931471805599454
get:1.0
rid:1.0
lack:1.0
space:1.0
buyer:1.0
pays:1.0
shipping:1.0
offers:1.0
considered:1.0
oh:1.0
first:1.0
purchase:1.0
20:1.0
posts:1.0
gets:1.0
free:1.0
maxx:1.0
1/2:1.0
coupon:1.0
trashed:1.0
copy:1.0
amazing:1.0
spidey:1.0
300:1.0
goes:1.0
deathlok:1.0
1:3.3978952727983707
3.00:2.386294361119891
2-17:1.0
1.75:2.09861228866811
annual:1.0
2.50:2.386294361119891
special:1.6931471805599454
2.00:2.386294361119891
sleepwalker:1.0
1,2,6,8,9,13:1.0
7.00:1.0
set:1.6931471805599454
1.25:1.6931471805599454
next:1.0
men:1.0
ray:1.0
1.00:1.6931471805599454
deathstroke:1.0
5,6:1.0
darkhawk:1.0
13:1.0
new:1.0
warriors:1.0
18:1.0
fantasti:1.0
four:1.0
358:1.0
moon:1.0
knight:1.0
35,36:1.0
hulk:1.0
386-388:1.0
1.50:2.09861228866811
punisher:1.0
w.z:1.0
cage:1.0
x-force:1.0
silver:1.0
sable:1.0
x-calibur:1.0
26,27,48,49:1.0
hearts:1.0
darkness:1.0
5.00:2.09861228866811
infinity:1.0
guantlet:1.0
1-4:1.0
batman:1.0
v:1.0
pred:1.0
1,3:1.0
deluxe:1.0
guardians:1.0
galaxy:1.0
spider-man:1.6931471805599454
2099:1.0
1-3:1.0
spec:1.0
189:1.0
hologram:1.0
let:1.0
know:1.0
youd:1.0
buy:1.0
anything:1.0
address:1.0
thanks:1.0
