gld:2.386294361119891
cunixb.cc.columbia.edu:1.0
gary:1.6931471805599454
l:1.6931471805599454
dare:1.6931471805599454
subject:1.0
star:1.0
trek:1.0
tos:1.0
novels:1.0
3:1.0
8:1.6931471805599454
package:1.6931471805599454
reading:1.0
recent:1.0
interview:1.0
trip:1.0
waiting:1.6931471805599454
day:1.0
ohare:1.0
month:1.0
ago:1.0
storm:1.0
new:1.0
york:1.0
price:1.0
phoenix:1.6931471805599454
fate:1.0
memory:1.0
prime:1.0
take:1.0
trade:1.0
good:1.0
used:1.0
cd:1.0
je:1.0
souviens:1.0
columbia.edu:1.0
go:1.6931471805599454
winnipeg:1.0
jets:1.0
cunixc.bitnetselanne:1.0
domi:1.0
stanley:1.0
