unpingco:2.09861228866811
raman.ucsd.edu:1.6931471805599454
jose:1.0
subject:1.0
sale:1.6931471805599454
ultrabots:1.6931471805599454
pc:1.0
game:1.6931471805599454
electronics:1.0
arts:1.0
book:1.0
original:1.6931471805599454
3.5:1.0
disks:1.0
box:1.0
22:1.0
best:1.0
offer:1.0
contact:1.0
