hinds:2.09861228866811
cmgm.stanford.edu:1.0
alexander:1.6931471805599454
subject:1.0
headphones:1.6931471805599454
sale:1.0
two:1.0
pairs:1.0
id:1.0
like:1.0
sell:1.0
excellent:1.0
great:1.0
condition:1.0
denon:1.0
ah-d350:1.0
jvc:1.0
ha-d590:1.0
reasonable:1.0
offer:1.0
accepted:1.0
415:1.0
497-3719:1.0
