jay:3.0794415416798357
gdx.uucp:1.0
snyder:2.09861228866811
subject:1.0
wanted:1.0
avionics:1.0
equip:1.0
im:1.0
looking:1.0
good:1.0
deals:1.0
following:1.0
used:1.0
new:1.0
aviation:1.0
headsets:1.0
mic:1.0
handheld:1.0
nav/com:1.0
tranciever:1.0
may:1.0
consider:1.0
com:1.0
portable:1.0
gps:1.0
loran:1.0
navigator:1.0
reply:1.0
call:2.09861228866811
717:2.386294361119891
737-3236:1.0
5pm:1.0
please:1.0
dont:1.0
wake:1.0
night:1.0
worker:1.0
house:1.0
540-2895:1.0
must:1.0
day:1.0
understand:1.0
want:1.0
employer:1.0
pay:1.0
gdx:2.386294361119891
uunet:1.6931471805599454
vogon1:1.6931471805599454
compnect:1.6931471805599454
brain:2.386294361119891
unix:2.386294361119891
gdx-bbs:1.6931471805599454
737-3249:1.6931471805599454
worldblazer:1.6931471805599454
drugs:1.6931471805599454
msdos:2.386294361119891
file:1.6931471805599454
areas:1.6931471805599454
xenix:1.6931471805599454
bins:1.6931471805599454
