ac216:1.6931471805599454
cleveland.freenet.edu:1.6931471805599454
johnathan:1.0
evans:1.0
subject:1.0
time:1.6931471805599454
line:1.6931471805599454
windows:1.6931471805599454
sale:1.0
symantec:1.0
never:1.0
opened:1.0
still:1.0
wrap:1.0
retails:1.0
495.00:1.0
asking:1.0
250.00:1.0
send:1.0
e-mail:1.0
interested:1.0
jonathan:1.0
internet:1.0
jonathan.evans:1.0
commlink.wariat.org:1.0
