berger:1.6931471805599454
chaos.cs.brandeis.edu:1.0
david:1.6931471805599454
subject:1.0
101:1.6931471805599454
keyboard:1.6931471805599454
wanted:1.0
im:1.6931471805599454
looking:1.6931471805599454
buy:1.0
100:1.0
working:1.0
286:1.0
system:1.0
preferably:1.0
layout:1.0
spend:1.0
20:1.0
