jr0930:2.09861228866811
eve.albany.edu:1.6931471805599454
regan:1.0
james:1.0
p:1.6931471805599454
subject:1.0
macintosh-plus:1.6931471805599454
sale:1.0
f:1.0
r:1.0
l:1.0
e:1.6931471805599454
c:1.0
h:1.0
includes:1.0
2:1.0
3.5:1.0
drives:1.0
1:1.0
external:1.0
software:1.0
word:1.0
excel:1.0
pascal:1.0
intro:1.0
package:1.0
hypercard:1.0
tour:1.0
etc:1.0
leaving:1.0
school:1.0
may:1.0
must:1.0
sell:1.0
steal:1.0
450:1.0
please:1.0
reply:1.0
e-mail:1.0
albnyvms.bitnet:1.0
strong:1.0
