hinds:2.09861228866811
cmgm.stanford.edu:1.0
alexander:1.6931471805599454
subject:1.0
sega:1.6931471805599454
genesis:1.6931471805599454
games:1.6931471805599454
sale:1.0
barely:1.0
used:1.0
iud:1.0
like:1.0
sell:1.0
following:1.0
sonic:1.0
hedgehog:1.0
revenge:1.0
shinobi:1.0
thunderforce:1.0
iii:1.0
im:1.0
asking:1.0
160:1.0
obo:1.0
best:1.0
reached:1.0
via:1.0
email:1.0
alternatively:1.0
phone:1.0
415:1.0
497-3719:1.0
