dmatic:1.6931471805599454
athena.mit.edu:1.6931471805599454
davor:1.6931471805599454
matic:1.0
subject:1.0
looking:1.0
technics:1.6931471805599454
sa-gx910:1.6931471805599454
would:1.6931471805599454
like:1.6931471805599454
sell:1.6931471805599454
receiver:1.0
know:1.0
someone:1.0
please:1.0
contact:1.0
im:1.0
willing:1.0
pay:1.0
reasonable:1.0
price:1.0
thanx:1.0
617:1.0
225-9489:1.0
