scherf:3.70805020110221
netcom.com:1.0
steve:3.70805020110221
subject:2.791759469228055
sale:3.4849066497880004
altos:3.4849066497880004
2000:3.4849066497880004
unix:4.178053830347945
machine:2.791759469228055
system:4.58351893845611
v.3:3.4849066497880004
actually:2.791759469228055
two:2.791759469228055
ones:2.791759469228055
several:2.791759469228055
years:2.791759469228055
ago:2.791759469228055
well-known:2.791759469228055
machines:2.791759469228055
sold:2.791759469228055
30,000:2.791759469228055
base:3.4849066497880004
configuration:3.4849066497880004
particular:2.791759469228055
one:2.791759469228055
much:3.4849066497880004
depending:2.791759469228055
want:4.178053830347945
386:2.791759469228055
16:2.791759469228055
mhz:2.791759469228055
cpu:2.791759469228055
8:3.4849066497880004
meg:3.4849066497880004
ram:2.791759469228055
fifteen:2.791759469228055
15:2.791759469228055
serial:3.8903717578961645
ports:3.4849066497880004
multidrop:2.791759469228055
port:2.791759469228055
256:2.791759469228055
ethernet:3.4849066497880004
5.25:2.791759469228055
floppy:2.791759469228055
drive:4.178053830347945
qic:2.791759469228055
24:2.791759469228055
cartridge:2.791759469228055
tape:3.4849066497880004
170:2.791759469228055
esdi:3.4849066497880004
hard:2.791759469228055
either:2.791759469228055
micropolis:2.791759469228055
cdc:2.791759469228055
installation:2.791759469228055
networking:2.791759469228055
software:3.8903717578961645
package:3.4849066497880004
tcp/ip:2.791759469228055
development:2.791759469228055
c:2.791759469228055
compiler:2.791759469228055
libraries:2.791759469228055
asking:2.791759469228055
700:2.791759469228055
firm:2.791759469228055
another:2.791759469228055
card:2.791759469228055
add:2.791759469228055
50:2.791759469228055
additional:2.791759469228055
disks:2.791759469228055
100:2.791759469228055
install:2.791759469228055
total:2.791759469228055
three:2.791759469228055
drives:2.791759469228055
would:3.4849066497880004
consider:2.791759469228055
trade:2.791759469228055
scsi:2.791759469228055
dat:2.791759469228055
box:3.4849066497880004
make:2.791759469228055
great:2.791759469228055
bbs:2.791759469228055
terminal:2.791759469228055
server:2.791759469228055
originally:2.791759469228055
designed:3.4849066497880004
service:2.791759469228055
40:2.791759469228055
active:3.4849066497880004
users:3.4849066497880004
70:2.791759469228055
moderately:2.791759469228055
pc:2.791759469228055
start:2.791759469228055
fast:2.791759469228055
exceptionally:2.791759469228055
reliable:2.791759469228055
dimensions:2.791759469228055
approximately:2.791759469228055
2.5:2.791759469228055
high:2.791759469228055
tower:2.791759469228055
wide:2.791759469228055
2:2.791759469228055
deep:2.791759469228055
interested:2.791759469228055
dealing:2.791759469228055
someone:2.791759469228055
local:2.791759469228055
enough:2.791759469228055
come:2.791759469228055
pick:2.791759469228055
shipping:2.791759469228055
way:2.791759469228055
hassle:2.791759469228055
call:2.791759469228055
wish:2.791759469228055
send:2.791759469228055
email:2.791759469228055
408:3.4849066497880004
736-2093:2.791759469228055
home:2.791759469228055
559-5616:2.791759469228055
work:2.791759469228055
moonsoft.com:2.791759469228055
swdc.stratus.com:2.791759469228055
newsgroups:2.6094379124341005
ba.market.misc:2.6094379124341005
ba.market.computers:2.6094379124341005
misc.forsale:2.6094379124341005
misc.forsale.computers:2.6094379124341005
misc.forsale.computers.other:2.6094379124341005
summary:2.09861228866811
expires:2.09861228866811
references:2.09861228866811
sender:2.09861228866811
followup-to:2.09861228866811
distribution:2.09861228866811
organization:2.6094379124341005
moondog:2.791759469228055
sunnyvale:2.6094379124341005
ca:2.6094379124341005
keywords:2.09861228866811
ceo:1.0
zeppelin.moonsoft.com:1.0
