thouchin:1.6931471805599454
cs.umr.edu:1.6931471805599454
j:1.0
houchin:1.6931471805599454
subject:1.0
sale:1.6931471805599454
paradise:1.6931471805599454
svga:1.6931471805599454
accelerator:1.6931471805599454
card:1.6931471805599454
800x600x32768:1.0
1240x1024x16:1.0
15:1.0
times:1.0
faster:1.0
vga:1.0
manual:1.0
drivers:1.0
used:1.0
5:1.0
months:1.0
perfect:1.0
condition:1.0
wd:1.0
chipset:1.0
120:1.0
obo:1.0
info:1.0
t.j:1.0
