night:2.09861228866811
acm.rpi.edu:2.09861228866811
trip:1.6931471805599454
martin:1.6931471805599454
subject:1.0
printing:1.0
2943988816.0.p00020:1.0
psilink.com:1.6931471805599454
jack:1.0
previdi:1.0
p00020:1.0
writes:1.0
matter:1.0
fact:1.0
d.j:1.0
make:1.0
difference:1.0
almost:1.0
half:1.0
million:1.0
new:1.0
users:1.0
joined:1.0
internet:1.6931471805599454
last:1.0
year:1.0
many:1.0
commercial:2.09861228866811
businesses:1.0
ban:1.0
use:1.0
true:1.0
long-standing:1.0
tradition:1.0
keep:1.0
advertising:1.0
biz:1.0
hierarchy:1.0
rpi.edu:1.0
