mike:1.0
budlanski:1.0
mike.budlanski:1.0
canrem.com:1.0
subject:1.0
unix:1.6931471805599454
unix****unix****unix****unix****unix****unix****unix:1.0
forsale:1.0
esix:1.0
system:2.6094379124341005
v:1.0
release:1.0
4:1.0
new:1.6931471805599454
2:1.6931471805599454
user:2.386294361119891
license:2.386294361119891
400:1.0
unlimited:1.6931471805599454
450:1.0
dev:1.6931471805599454
kit:1.6931471805599454
500:1.0
550:1.0
systems:2.09861228866811
include:1.0
floppies:1.0
tapes:1.0
instalation:1.0
manuals:1.0
never:1.0
installed:1.0
market:1.0
value:1.0
1500:1.0
us:1.0
interested:1.0
please:1.0
contact:1.0
416-233-6038:1.0
canada:1.0
remote:1.0
toronto:1.0
ontario:1.0
416-629-7000/629-7044:1.0
