nicolas.nowinski:1.0
aquila.com:1.0
nicolas:1.6931471805599454
nowinski:1.6931471805599454
subject:1.0
14.4k:1.6931471805599454
modem:1.6931471805599454
zoom:1.6931471805599454
fax/data:1.0
v.32bis:1.0
evreything:1.0
purchased:1.0
january:1.0
happily:1.0
provide:1.0
fax/comm:1.0
software:1.0
box:1.0
manuals:1.0
selling:1.0
125+s/h:1.0
cod:1.0
703-435-9590:1.0
feel:1.0
free:1.0
call:1.0
quickest:1.0
service:1.0
olx:1.0
2.1:1.0
td:1.0
yes:1.0
become:1.0
asm:1.0
programer:1.0
1,000,000+s/h:1.0
