blaakso:1.6931471805599454
ua.d.umn.edu:1.0
brian:1.6931471805599454
laakso:1.6931471805599454
subject:1.0
pc:2.09861228866811
transporter:2.09861228866811
sale:1.6931471805599454
hello:1.0
work:1.0
either:1.0
apple:1.0
iie:1.0
gs:2.386294361119891
however:1.0
installation:1.6931471805599454
kit:1.6931471805599454
pct:2.09861228866811
also:1.0
co-processor:1.0
installed:1.6931471805599454
comes:1.0
latest:1.0
software:1.6931471805599454
2.05:1.6931471805599454
3.5:1.6931471805599454
drive:1.6931471805599454
get:1.0
problems:1.0
runs:1.0
great:1.0
video:1.0
tape:1.0
instructions:1.0
needed:1.0
harware:1.0
color:1.0
adapter:1.0
monitor:1.0
8087:1.0
co:1.0
processor:1.0
board:1.0
manuals:1.0
ver:1.0
aepc:1.0
one:1.0
800k:1.0
hook:1.0
send:1.0
reasonable:1.0
offers:1.0
email:1.0
ub.d.umn.edu:1.0
