st702459:1.0
brownvm.brown.edu:1.0
subject:1.0
mac:1.6931471805599454
modem:1.6931471805599454
wanted:1.0
would:2.09861228866811
like:1.0
buy:1.0
cheap:2.386294361119891
mention:1.0
prefer:1.0
2400:1.0
baud:1.0
preferred:1.0
youre:1.0
looking:1.0
mean:1.0
beggars:1.0
cant:1.0
choosers:1.0
e-mail:1.0
oh:1.0
im:1.0
seattle:1.0
also:1.0
bonus:1.0
