kari:2.09861228866811
sage.cc.purdue.edu:1.6931471805599454
subject:1.0
cd:2.09861228866811
player:2.09861228866811
3.5:1.6931471805599454
1.44mg:1.0
floppy:2.6094379124341005
360k:2.09861228866811
rc10:1.6931471805599454
rc:1.0
car:2.09861228866811
stuff:2.09861228866811
lots:1.0
please:2.6094379124341005
read:1.0
immediate:1.6931471805599454
sale:2.09861228866811
greetings:1.0
netters:1.0
following:1.0
items:1.0
need:2.09861228866811
money:1.0
work:1.0
deal:1.0
sharp:1.0
single:1.0
disk:1.0
originally:1.0
paid:2.09861228866811
oodles:1.0
couple:1.6931471805599454
years:1.0
ago:1.6931471805599454
works:2.09861228866811
well:1.6931471805599454
standards:1.0
remote:2.09861228866811
sensor:1.0
included:1.0
20:1.6931471805599454
track:1.0
pragrammable:1.0
memory:1.0
etc:1.6931471805599454
got:1.0
new:2.09861228866811
one:1.6931471805599454
sell:1.0
email:2.09861228866811
offer:2.386294361119891
standard:1.0
black:1.0
component:1.0
style:1.0
1.44:1.0
meg:1.6931471805599454
drive:2.386294361119891
real:1.0
ibm:1.0
cable:1.0
mounting:1.0
case:1.0
40:2.09861228866811
months:1.0
last:1.0
time:1.6931471805599454
would:1.0
like:1.0
get:1.6931471805599454
back:1.0
obo:2.09861228866811
applies:1.0
5.25:1.0
im:1.0
sure:1.0
someone:1.0
needs:2.09861228866811
extra:1.0
great:2.09861228866811
nice:1.0
quiet:1.0
control:1.0
4:1.6931471805599454
world:1.0
leader:1.0
design:1.0
overhauled:1.0
runs:1.0
even:1.0
though:1.0
body:1.6931471805599454
pretty:1.0
engine:1.0
racing:1.0
pinion:1.0
chassis:1.0
nicked:1.0
hard:1.0
running:1.0
still:1.0
include:1.0
electronics:1.0
comes:1.0
monster:1.0
truck:1.6931471805599454
conversion:1.0
kit:1.0
wheel:1.0
arms:1.0
already:1.0
installed:1.0
virgin:1.0
bumper:1.0
car+kit:1.0
100+20:1.0
120:1.0
make:1.6931471805599454
name:1.0
probably:1.0
send:1.0
regarding:1.0
want:1.0
request:1.0
list:1.0
hate:1.0
part:1.0
eh:1.0
misc:1.0
cds:1.0
alice:1.0
chains:1.0
facelift:1.0
8:1.6931471805599454
skid:1.0
row:1.0
self:1.0
titled:1.0
really:1.0
box:1.0
computer:1.0
printer:1.0
paper:1.0
might:1.0
1*9:1.0
60:1.0
ns:1.0
simms:1.0
forsale:1.0
motherboard:1.0
interested:1.0
price:1.0
piece:1.0
sold:1.0
set:1.0
thanks:1.0
advance:1.0
respond:1.0
soon:1.0
conveniently:1.0
possible:1.0
dave:1.0
317-495-5978:1.0
