subject:1.0
intel:1.6931471805599454
i486dx-33:1.6931471805599454
cpu:1.6931471805599454
300:1.6931471805599454
shipping:1.0
awlin:1.6931471805599454
eagle.wesleyan.edu:1.6931471805599454
forsale:1.0
price:1.0
must:1.0
sell:1.0
immediately:1.0
andie:1.0
wei-ku:1.0
lin:1.0
