kcschie:1.0
vm.cmp.ilstu.edu:1.0
subject:1.0
sale:1.6931471805599454
hit:1.0
movies:1.0
vhs:1.6931471805599454
following:1.0
prerecorded:1.0
tapes:1.0
great:1.0
shape:1.0
sold:1.0
since:1.0
replaced:1.0
laserdiscs:1.0
star:1.0
wars:1.0
empire:1.0
strikes:1.0
back:1.0
return:1.0
jedi:1.0
batman:1.0
indiana:1.6931471805599454
jones:1.6931471805599454
temple:1.0
doom:1.0
last:1.0
crusade:1.0
e.t:1.0
interested:1.0
titles:1.0
please:1.0
mail:1.0
offer:1.0
