yuanchie:1.0
aludra.usc.edu:1.0
roger:1.0
hsu:1.0
subject:1.0
14.4k:1.0
fax:1.0
modem:2.6094379124341005
sale:1.0
repost:1.0
hi:1.0
since:1.0
original:1.0
buyer:1.0
found:1.0
couldnt:1.0
use:1.0
mac:1.0
beleive:1.0
mentioned:1.0
internal:1.0
former:1.0
post:1.0
re-available:1.0
suprafaxmodem:1.0
v.32bis:1.0
interested:2.09861228866811
please:1.6931471805599454
e-mail:1.6931471805599454
thanks:1.0
ps:1.0
sorry:1.0
already:1.0
lost:1.0
e-mails:1.0
stated:1.0
still:1.0
