kcschie:1.0
vm.cmp.ilstu.edu:1.0
subject:1.0
wanted:1.0
playboy:1.6931471805599454
campus:1.0
girls:1.6931471805599454
issues:1.6931471805599454
im:1.6931471805599454
looking:1.0
buy:1.0
annual:1.0
magazine:1.0
issue:1.0
featuring:1.0
colleges:1.0
around:1.0
us:1.0
specificly:1.0
want:1.0
1989:1.0
1990:1.0
1991:1.0
1992:1.0
one:1.0
features:1.0
girl:1.0
went:1.0
high:1.0
school:1.0
curious:1.0
see:1.0
turned:1.0
help:1.0
appreciated:1.0
