mih8447:1.0
ucs.usl.edu:1.0
hebert:1.0
marc:1.6931471805599454
subject:1.0
wanted:1.0
portable:1.0
color:2.09861228866811
tv:1.6931471805599454
seems:1.0
im:1.0
fortunate:1.0
position:1.0
desire:1.0
many:1.0
people:1.0
want:1.0
sell:1.0
miniature:1.0
require:1.0
input:1.0
cable:1.0
vcr:1.0
would:1.0
prefer:1.0
5inch:1.0
diagonal:1.0
tube:1.0
television:1.0
lcd:1.0
get:1.0
paid:1.0
first:1.0
make:1.0
offer:1.0
email:1.0
