hernandez:2.386294361119891
info-gw.mese.com:1.0
manny:1.6931471805599454
subject:1.0
misc:1.0
items:2.09861228866811
pip:2.09861228866811
tv:1.0
tuner:2.6094379124341005
cb:2.09861228866811
ant:1.0
gym:2.386294361119891
scanner:2.09861228866811
run:1.0
brds:1.0
following:1.0
sale:1.0
rabbit:1.6931471805599454
soloflex-like:1.0
800:1.0
mhz:2.09861228866811
antenna:1.6931471805599454
blazer/jimmy:1.0
running:2.09861228866811
boards:2.09861228866811
picture-in-picture:1.0
box:2.09861228866811
device:1.0
used:1.0
vcr:2.09861228866811
allow:1.0
second:1.0
channel:2.6094379124341005
popped:1.0
corner:1.0
screen:1.0
press:1.0
swap:1.6931471805599454
remote:1.0
small:1.0
picture:2.09861228866811
swapped:1.0
main:1.0
limitation:1.0
36:2.09861228866811
means:1.0
tune:1.6931471805599454
higher:1.6931471805599454
cable:1.0
however:1.0
capable:1.0
tuning:1.0
simply:1.0
desired:1.0
pictures:1.0
assuming:1.0
alternate:1.0
lower:1.0
work:1.0
fine:1.0
original:2.386294361119891
cost:2.386294361119891
149:1.0
sell:2.6094379124341005
75:1.0
jimmy:1.0
blazer:1.0
brand:1.6931471805599454
new:1.6931471805599454
black:1.6931471805599454
s10/15:1.0
models:1.0
purchased:1.6931471805599454
realized:1.0
could:1.0
use:1.0
return:1.0
period:1.0
expired:1.0
wheel:1.0
trim:1.0
installed:1.0
vehicle:1.0
125:1.6931471805599454
65:1.0
regency:1.0
mx4200:1.0
20-channel:1.0
recieves:1.0
cellular:1.0
frequencies:1.0
800-950:1.0
along:1.0
7:1.0
bands:2.09861228866811
ni-cad:1.0
battery:1.0
pack:1.0
249:1.0
135:1.0
gyn/plex:1.0
model:1.0
2000:1.0
workout:1.0
similar:1.6931471805599454
solo-flex:1.6931471805599454
uses:1.0
resistance:1.0
increase:1.0
effective:1.0
lifting:1.0
weight:1.6931471805599454
made:1.0
steel:1.0
extra:1.0
set:1.0
included:1.0
349:1.0
big:1.0
stick:1.0
27:1.0
band:1.0
30:1.0
difficulty:1.0
last:1.0
2:1.0
atlanta:1.0
area:1.0
please:1.6931471805599454
share:1.0
non-cod:1.0
shipping:1.0
charges:1.0
thanks:1.0
information:1.0
gateway:1.0
bbs:1.0
1:1.0
404-928-7873:1.0
public:1.0
access:1.0
newsgroups/email:1.0
reply:1.0
info-gw.blackwlf.mese.com:1.0
sysop:1.0
info-gw.atl.ga.us:1.0
