uk02657:1.0
nx39.mik.uky.edu:1.0
jerry:1.0
marvin:1.0
haws:1.0
subject:1.0
looking:1.6931471805599454
diffraction:1.6931471805599454
grating:1.6931471805599454
glasses:1.0
quantity:1.6931471805599454
yeah:1.0
sums:1.0
place:1.0
sells:1.0
goggles:1.0
thanks:1.0
