schroedj:1.0
cnsvax.uwec.edu:1.0
subject:1.0
wanted:1.6931471805599454
256k:1.6931471805599454
60ns:1.6931471805599454
sips:1.6931471805599454
4:1.0
please:1.0
tell:1.0
much:1.0
want:1.0
includding:1.0
shipping:1.0
