beezer:1.6931471805599454
cc.utah.edu:1.0
subject:1.0
forsale:1.0
wedding:1.6931471805599454
dress:1.6931471805599454
size:1.6931471805599454
9:1.6931471805599454
lots:1.0
beads:1.0
inquire:1.0
801-269-1157:1.0
mst:1.0
utah:1.0
9oo:1.0
paid:1.0
asking:1.0
45o:1.0
