davi:1.6931471805599454
saturn.rowan.edu:1.6931471805599454
subject:1.0
85:1.0
mb:1.6931471805599454
western:1.0
digital:1.6931471805599454
hard:1.6931471805599454
drive:1.6931471805599454
sale:1.0
wester:1.0
caviar:1.0
280:1.0
internal:1.0
85.3:1.0
3.5:1.0
half:1.0
height:1.0
ide:1.0
1.5:1.0
years:1.0
old:1.0
great:1.0
shape:1.0
160:1.0
closest:1.0
offer:1.0
mike:1.0
