uk02657:1.6931471805599454
nx39.mik.uky.edu:1.0
jerry:1.0
marvin:1.0
haws:1.0
subject:1.0
hp:1.0
plotters:1.6931471805599454
sale:1.0
new:1.0
2:1.0
em:1.0
straight:1.0
box:1.0
docs:1.0
lost:1.0
make:1.0
offer:1.0
cod:1.0
shipping:1.0
jj:1.0
mik.uky.edu:1.0
