schroedj:1.0
cnsvax.uwec.edu:1.0
subject:1.0
forsale:1.0
286:1.6931471805599454
hard-drive:2.09861228866811
packer:1.0
bell:1.0
12mhz:1.0
5:1.0
16bit:1.0
expansion:1.0
slots:1.0
2:1.0
5.25:1.0
external:1.0
drive:2.09861228866811
bays:1.0
floppies:1.0
1:1.0
3.5:2.09861228866811
internal:1.0
bay:1.0
1.44mb:1.0
floppy:1.0
1mb:1.0
ram:1.0
140:1.0
best:1.6931471805599454
offer:1.6931471805599454
including:1.6931471805599454
shipping:1.6931471805599454
segate:1.0
32mb:1.6931471805599454
st138n:1.0
scsi:1.0
great:1.0
shape:1.0
controller:1.0
format:1.0
85:1.0
