zmed16:1.6931471805599454
trc.amoco.com:1.6931471805599454
michael:1.0
subject:1.0
sale:1.6931471805599454
drum:1.6931471805599454
machine:1.6931471805599454
alesis:1.0
hr-16:1.0
includes:1.0
velocity-sensitive:1.0
pads:1.0
49:1.6931471805599454
digital:1.0
sounds:1.0
99:1.0
pattern:1.0
memory:1.6931471805599454
song:1.0
interested:1.0
make:1.0
offer:1.0
please:1.0
respond:1.0
thanks:1.0
mike:1.0
