zmed16:1.6931471805599454
trc.amoco.com:1.6931471805599454
michael:1.0
subject:1.0
sale:1.6931471805599454
4-track:1.6931471805599454
recorder:1.6931471805599454
fostex:1.0
x-26:1.0
excellent:1.0
condition:1.0
includes:1.0
dolby:1.0
noise:1.0
reduction:1.0
sub-mixing:1.0
6:1.0
inputs:1.0
uses:1.0
normal:1.0
cassettes:1.0
interested:1.0
make:1.0
offer:1.0
please:1.0
respond:1.0
thanks:1.0
mike:1.0
