jinmo:1.0
ahn:1.0
ja2f:1.6931471805599454
andrew.cmu.edu:1.6931471805599454
subject:1.0
sony:1.6931471805599454
camcorder:1.6931471805599454
399:1.6931471805599454
ccd-v9:1.0
8mm:1.0
originally:1.0
bought:1.0
1200:1.0
original:1.0
box:1.0
accesories:1.0
412-268-7505:1.0
