davisonj:1.6931471805599454
en.ecn.purdue.edu:1.0
john:1.6931471805599454
davison:1.6931471805599454
subject:1.0
cds:1.0
sale:1.0
article:1.0
1993apr21.232428.21442:1.0
leland.stanford.edu:1.6931471805599454
ryner:1.0
ryan:1.0
tamm:1.0
writes:1.0
paid:1.0
19.95:1.0
cd:1.6931471805599454
youre:1.0
fool:1.0
got:1.0
ripped:1.0
please:1.0
tell:1.0
get:1.0
wergo:1.0
music:1.0
label:1.0
less:1.0
20:1.0
foolishly:1.0
ecn.purdue.edu:1.0
