rfp:1.6931471805599454
jhuvm.hcf.jhu.edu:1.0
rebecca:1.0
priver:1.0
subject:1.0
wanted:1.6931471805599454
summer:1.6931471805599454
sublet:1.6931471805599454
dc:1.6931471805599454
nw:1.0
red:1.0
metro:1.0
line:1.0
bedroom:1.0
share:1.0
common:1.0
areas:1.0
others:1.0
apartment:1.0
room:1.0
400:1.0
less:1.0
move:1.0
memorial:1.0
day:1.0
weekend:1.0
end:1.0
august:1.0
smokers:1.0
email:1.0
prinaoa:1.0
yalevm:1.0
jhuvm:1.0
