psr:2.09861228866811
acsu.buffalo.edu:2.09861228866811
strider:2.09861228866811
subject:1.0
wanted:1.0
roller-blades:1.0
im:1.0
looking:1.0
pair:1.0
inline:1.0
skates:1.0
aka:1.0
roller:1.0
blades:1.0
new:1.0
used:1.0
less:1.0
60.00:1.0
including:1.0
shipping:1.0
size:1.0
11:1.0
suny:1.6931471805599454
buffalo:1.6931471805599454
lord:1.6931471805599454
mayor:1.6931471805599454
hill:1.6931471805599454
people:1.6931471805599454
716:1.6931471805599454
636:1.6931471805599454
4862:1.6931471805599454
v127mhsk:1.6931471805599454
ubvms.bitnet:1.6931471805599454
son:1.6931471805599454
able:1.6931471805599454
said:2.386294361119891
though:1.6931471805599454
scare:1.6931471805599454
watch:1.6931471805599454
beloved:1.6931471805599454
