dcassen:1.6931471805599454
cs.umr.edu:1.0
daniel:1.0
cassen:1.0
subject:1.0
sale:1.6931471805599454
trident:1.0
1:1.0
meg:1.0
video:1.0
card:1.0
1024x768:1.0
256:1.0
colors:1.0
50:1.0
dollars:1.0
best:1.0
offer:1.0
e-mail:1.0
mcs213d.cs.umr.edu:1.0
