subject:1.0
items:1.6931471805599454
sale:1.6931471805599454
must:1.0
sell:2.09861228866811
koutd:2.09861228866811
hiramc.hiram.edu:1.0
douglas:1.6931471805599454
kou:1.6931471805599454
package:3.302585092994046
bought:1.0
throught:1.0
award:1.6931471805599454
give-away:1.0
company:2.09861228866811
attempted:1.0
cancel:1.0
order:1.0
received:1.0
late:1.0
refused:1.0
take:1.0
back:2.386294361119891
refund:1.0
know:1.0
truth:1.0
would:2.6094379124341005
never:1.6931471805599454
get:3.0794415416798357
697:1.6931471805599454
wish:2.386294361119891
money:1.0
close:1.0
possible:1.0
describtion:1.0
nishika:1.0
3d:1.6931471805599454
camerait:1.0
takes:1.0
good:2.09861228866811
picture:1.0
opended:1.0
used:1.0
came:1.6931471805599454
wide:1.0
angle:1.0
flesh:1.0
carring:1.0
case:1.0
film:1.6931471805599454
instruction:1.0
video:1.0
four:1.0
lens:1.0
created:1.0
effect:1.0
regular:1.0
35mm:1.0
jewelryit:1.0
additional:1.0
gift:1.6931471805599454
bahama:1.0
vacation:2.09861228866811
voucherthe:1.0
voucher:2.386294361119891
two:1.0
rt:2.09861228866811
airfare:2.09861228866811
freeport:1.0
users:1.0
special:1.0
hotel:2.791759469228055
rate:1.0
27:1.0
per-person:1.0
per-night:1.0
meals:2.09861228866811
ground:2.09861228866811
transfer:2.09861228866811
tax:2.09861228866811
included:2.09861228866811
las:1.0
vegas:1.0
reno:1.0
orlandothe:1.0
provides:1.6931471805599454
one:2.386294361119891
accomodation:1.6931471805599454
3:2.386294361119891
days:1.6931471805599454
2:1.6931471805599454
nights:1.6931471805599454
locations:1.0
cant:1.0
travel:1.0
places:1.0
cancun:1.0
mexicothe:1.0
usual:1.0
paid:1.0
whole:1.6931471805599454
try:1.0
cold-blooded:1.0
make:1.6931471805599454
offer:2.09861228866811
details:1.6931471805599454
provided:1.0
request:1.0
looking:1.0
vouchers:1.6931471805599454
dont:1.6931471805599454
care:1.0
camera:1.6931471805599454
higher:1.0
pric:1.0
interested:2.09861228866811
could:2.6094379124341005
treat:1.0
receive:1.6931471805599454
letter:1.0
mail:1.0
box:1.0
says:1.0
selected:1.0
part:1.0
sweeptake:1.0
least:1.0
five:1.0
awards:1.0
trust:1.0
exactly:1.0
given:1.6931471805599454
away:1.0
bother:1.0
even:1.0
call:1.0
really:1.6931471805599454
cheaper:1.6931471805599454
price:1.6931471805599454
within:1.0
week:1.0
waited:1.0
three:1.0
months:1.0
first:1.0
final:1.0
packages:1.0
also:1.0
ask:1.0
credit:1.6931471805599454
card:1.6931471805599454
number:1.0
pay:1.0
interest:1.0
spend:1.0
please:1.6931471805599454
reply:1.0
soon:1.0
posible:1.0
confortable:1.0
send:1.0
u.p.s:1.0
next:1.0
day:1.0
morning:1.0
contact:1.0
hirama.hiram.edu:1.6931471805599454
hiram:1.0
college:1.0
e-mail:1.0
address:1.0
