jbell:2.09861228866811
eecom.gatech.edu:2.09861228866811
jb:1.0
subject:1.0
word:2.09861228866811
perfect:2.09861228866811
2.1:1.6931471805599454
100/offer:1.0
v2.1:1.0
mac:1.0
brand:1.0
new:1.0
copy:1.0
latest:1.0
release:1.0
100:1.6931471805599454
used:1.0
still:1.0
shrink:1.0
wrap:1.0
student:1.0
version:1.6931471805599454
upgradable:1.0
newer:1.0
sells:1.0
250:1.0
would:1.0
like:1.0
get:1.0
please:1.0
e-mail:1.6931471805599454
john:1.0
bell:1.0
georgia:1.0
institute:1.0
technology:1.0
school:1.0
electrical:1.0
engineering:1.0
atlanta:1.0
ga:1.0
30332-0250:1.0
