mkawecki:1.0
cbnewsk.cb.att.com:1.0
michael.kawecki:1.0
subject:1.0
coleco:1.6931471805599454
unit:1.6931471805599454
w/games:1.0
sale:1.0
selling:1.0
base:1.0
2:1.0
controllers:1.0
1:1.0
atari:1.6931471805599454
game:1.0
adapter:1.0
play:1.0
games:1.6931471805599454
12:1.0
ms:1.0
pac:1.0
man:1.0
smurfs:1.0
etc:1.0
ship:1.0
cod:1.0
price:1.0
make:1.0
offer:1.0
call:1.0
cheryl:1.0
908-805-2011:1.0
day:1.0
908-469-3250:1.0
eve:1.0
