scalawag:1.6931471805599454
carson.u.washington.edu:1.6931471805599454
keith:1.6931471805599454
frederick:1.6931471805599454
subject:1.0
loaded:1.0
apple:3.4849066497880004
e:2.09861228866811
system:2.09861228866811
sale:1.6931471805599454
enhanced:1.0
65c02:1.0
cpu:1.0
w/64k:1.0
motherboard:1.0
extended:1.0
80-column:1.0
card:2.09861228866811
expands:1.0
memory:1.0
128k:1.0
total:1.0
2:1.6931471805599454
5.25:1.0
floppy:1.6931471805599454
drives:1.0
disk:1.0
controller:1.6931471805599454
1:1.0
3.5:1.0
drive:1.0
unidisk:1.0
monochrome:1.0
monitor:1.0
super:1.6931471805599454
serial:1.0
cards:1.0
2400:1.0
baud:1.0
external:1.0
modem:1.0
original:2.791759469228055
documentation:1.0
prodos:1.0
dos:1.0
3.3:1.0
software:1.6931471805599454
talk:1.0
cheap:1.0
communications:1.0
w:2.6094379124341005
docs:2.6094379124341005
isys:1.0
forth:1.0
fig-forth:1.0
sunday:1.0
footbal:1.0
game:2.09861228866811
tsushima:1.0
books:1.0
6502:1.0
systems:1.0
programming:1.0
graphics:1.0
arcade:1.0
design:1.0
machine:1.0
language:1.0
beginners:1.0
250:1.0
shipping:1.0
probably:1.0
20:1.0
30:1.0
questions:1.0
please:1.0
e-mail:1.0
reasonable:1.0
offers:1.0
considered:1.0
r:1.0
happiness:1.0
moral:1.0
purpose:1.0
206:1.0
285-1576:1.0
see:1.0
dr:1.0
fu:1.0
manchu:1.0
kill:1.0
reason:1.0
absolute:1.0
im:1.6931471805599454
number:1.0
free:1.0
man:1.0
cis:1.0
73760,3521:1.0
uwid:1.0
8722277:1.0
road:1.0
cornell:1.0
