susan:1.6931471805599454
wuee1.wustl.edu:1.0
castleman:1.0
subject:1.0
test:1.6931471805599454
thanks:1.0
