tinguyen:1.0
cs.ulowell.edu:1.0
tin:1.0
nguyen:1.0
subject:1.0
cs:1.0
misc:1.0
books:1.0
ultrix:1.6931471805599454
4.2:1.0
manual:2.386294361119891
sale:1.0
hi:1.0
time:1.0
clean:1.0
shelf:1.0
price:1.0
include:1.0
shipping:1.0
dont:1.0
worry:1.0
pay:1.0
amount:1.0
see:1.0
name:1.0
cover:1.0
publisher:1.0
year:1.0
origin:1.0
ultimate:1.0
dos:1.0
heavy:2.09861228866811
programmers:1.0
hard:3.4849066497880004
windcrest:2.09861228866811
1991:2.386294361119891
50:2.386294361119891
25:3.0794415416798357
bit-mapped:1.0
graphics:1.6931471805599454
1990:2.6094379124341005
algorithms:1.0
c:2.6094379124341005
addison-wesley:2.386294361119891
45:1.6931471805599454
file:2.6094379124341005
structure:2.386294361119891
1988:1.0
36:1.0
20:2.386294361119891
programming:2.09861228866811
data:1.0
pascal:1.6931471805599454
version:1.0
soft:3.0794415416798357
prentice:1.6931471805599454
hall:1.6931471805599454
1989:2.386294361119891
10:1.6931471805599454
digital:2.09861228866811
design:1.0
wiley:1.0
51:1.0
30:2.09861228866811
numerical:1.0
analysis:1.0
pws-kent:1.6931471805599454
w:2.09861228866811
disk:2.09861228866811
batch:1.6931471805599454
files:1.6931471805599454
go:1.0
mcgraw-hill:1.6931471805599454
1992:2.386294361119891
35:1.0
advanced:1.6931471805599454
computer:2.09861228866811
principle:1.0
practice:1.0
65:1.0
40:2.09861228866811
interpreter:1.0
program:1.0
macgraw-hill:1.0
introduction:1.6931471805599454
bell:1.0
tele:1.0
lab:1.0
15:2.386294361119891
building:1.0
library:1.0
x:1.0
window:1.0
system:2.9459101490553135
lib:1.0
protocol:1.0
reference:2.386294361119891
press:1.0
oh:1.0
w.w:1.0
norton:1.0
1986:1.0
differential:1.0
equation:1.0
55:1.0
applied:1.0
discrete:1.0
science:1.0
macmillan:1.0
1993:1.0
28:1.0
using:1.0
wordperfect:1.0
5.0:1.0
houghton:1.0
8:1.0
free:1.0
purchase:1.0
linear:1.0
algebra:1.0
dec:1.0
station:1.0
disks:1.0
ms-dos:1.0
3.30.01:1.0
binders:1.0
gw-basic:1.0
box:1.0
big:1.0
gray:1.0
book:1.0
next:1.0
step:1.0
ultrix/sql:1.0
net:1.0
users:1.6931471805599454
guide:4.332204510175204
database:1.0
adminstrators:1.6931471805599454
error:1.6931471805599454
message:1.6931471805599454
dictionary:1.0
operation:1.0
diskless:1.0
management:1.0
services:1.0
server:1.0
setup:2.09861228866811
remote:1.0
installation:1.0
service:2.386294361119891
bind/hesiod:1.0
network:1.6931471805599454
ethernet:1.0
communication:1.0
servers:1.0
networking:1.0
distributed:1.0
yellow:1.0
page:1.6931471805599454
backup:1.0
restore:1.0
shutdown:1.0
startup:1.0
maintenance:1.6931471805599454
kerberos:1.0
gudie:1.0
uucp:1.0
utility:1.6931471805599454
ibm:1.0
terminal:1.0
emulation:1.0
vax:1.0
processors:1.0
configuration:1.0
scamp:1.0
printer:1.0
clients:1.0
security:1.6931471805599454
location:1.0
broker:1.0
environment:1.0
software:1.0
licensing:1.0
exercise:1.0
logger:1.0
crash:1.0
recovery:1.0
nawk:1.0
kernal:1.0
section:1.0
4:1.0
special:1.0
5:1.0
formats:1.0
7:1.0
macro:1.0
package:1.0
conventions:1.0
asking:1.0
100/obo:1.0
pretty:1.0
though:1.0
please:1.0
e-mail:1.0
feel:1.0
interested:1.0
thank:1.0
