felicia:1.6931471805599454
csd4.csd.uwm.edu:1.6931471805599454
chu:1.0
peng:1.0
cheong:1.0
subject:1.0
16:1.6931471805599454
pg/min:1.0
talaris:2.09861228866811
laser:1.0
printer:2.386294361119891
sale:1.6931471805599454
lazer:1.6931471805599454
16pg/min:1.0
suppose:1.0
pg:1.0
min:1.0
never:1.0
set:1.0
use:1.0
expect:1.0
bigger:1.0
lazerjet:1.0
iip:1.0
wrong:1.0
purshase:1.0
used:1.0
company:1.0
liquidated:1.0
350:1.0
shipping:1.0
reply:1.0
interested/obo:1.0
email:1.0
phone/leave:1.0
message:1.0
414-332-7657:1.0
