rt6465:1.6931471805599454
albnyvms.bitnet:1.6931471805599454
subject:1.0
snowboard:1.6931471805599454
1988:1.0
burton:1.0
air:1.0
multiflex:1.0
bindings:1.0
triple:1.0
strap:1.0
back:1.0
binding:1.0
board:1.0
bag:1.0
leash:1.0
included:1.0
recently:1.0
toned:1.0
waxed:1.0
139:1.0
firm:1.0
