marc:2.6094379124341005
comp.lancs.ac.uk:1.6931471805599454
goldman:1.0
subject:1.0
uk:1.6931471805599454
wanted:1.0
vectrex:1.6931471805599454
game:1.0
system:1.6931471805599454
title:1.0
says:1.0
im:1.0
one:1.0
want:1.0
get:1.0
rid:1.0
let:1.0
know:1.0
offer:1.0
cash:1.0
possible:1.0
trades:1.0
megadrive:1.0
snes:1.0
games:1.0
cheers:1.0
net:1.0
no-one:1.0
hear:1.0
scream:1.0
email:1.0
computing.lancaster.ac.uk:1.0
