art:2.6094379124341005
icdi70.compu.com:1.6931471805599454
lekoff:1.6931471805599454
subject:1.0
furniture:1.0
need:1.0
nice:1.0
furnishings:1.0
apartment:1.0
house:1.0
glass:1.6931471805599454
topped:1.0
wood:1.0
sides:1.0
chrome:1.0
edging:1.0
1:1.6931471805599454
coffee:1.6931471805599454
2:1.6931471805599454
end:1.6931471805599454
tables:2.09861228866811
sale:1.0
approximately:1.0
five:1.0
feet:1.6931471805599454
length:1.0
two:1.0
wide:1.0
2.5:1.6931471805599454
ft:1.6931471805599454
x:1.0
clear:1.0
scratches:1.0
first:1.0
50.00:1.0
takes:1.0
thanks:1.0
reading:1.0
internet:1.0
3224:1.0
lisa:1.0
turn:1.0
compu:1.0
erve:1.0
72460.2024:1.0
compuserve.com:1.0
bensalem:1.0
pa:1.0
19020:1.0
bell:1.0
215/757-3126:1.0
