jth:1.6931471805599454
bach.udel.edu:1.6931471805599454
jay:1.0
thomas:1.0
hayes:1.0
subject:1.0
turbo:1.6931471805599454
graphx:1.6931471805599454
games:2.386294361119891
forsale:1.6931471805599454
revised:1.0
list:1.0
following:1.6931471805599454
16:1.0
sale:1.0
cases:1.0
instructions:1.0
im:1.6931471805599454
asking:1.6931471805599454
10:1.0
piece:1.0
3:2.09861228866811
h:1.6931471805599454
pay:1.0
first:1.6931471805599454
game:1.6931471805599454
please:1.0
email:1.0
replies:1.0
alien:1.0
crush:2.09861228866811
world:1.6931471805599454
class:1.0
baseball:1.0
takin:1.0
hoop:1.0
psychosis:1.0
sidearms:1.0
keith:1.6931471805599454
courage:1.6931471805599454
legendary:1.6931471805599454
axe:1.6931471805599454
ii:2.09861228866811
splatterhouse:1.0
ninja:1.0
spirit:1.0
tiger:1.0
road:1.0
power:1.0
golf:1.0
sports:1.0
competition:1.0
space:1.0
harrier:1.0
silent:1.0
debugers:1.0
cyber-core:1.0
final:1.6931471805599454
lap:1.0
twin:1.0
devils:1.0
galaga:1.0
90:1.0
aline:1.0
victory:1.0
run:1.0
blazing:1.0
lazers:1.0
tg-16:1.0
cd-rom:1.0
20:1.6931471805599454
ys:2.09861228866811
book:1.0
cd:2.6094379124341005
zone:1.0
valis:1.0
iii:1.6931471805599454
wanderers:1.0
dragon:1.0
slayer:1.0
cd-rom2:1.0
r:1.0
cosmic:1.0
fantasy:1.0
2:1.0
