jslauson:1.6931471805599454
magnus.acs.ohio-state.edu:1.6931471805599454
justin:1.6931471805599454
slauson:1.0
subject:1.0
video:1.6931471805599454
tapes:1.6931471805599454
sale:1.6931471805599454
adult:1.0
following:1.0
playboy:1.6931471805599454
videos:1.0
email:1.6931471805599454
interested:1.6931471805599454
original:1.6931471805599454
course:1.0
boxes:1.0
playmate:1.0
calendar:1.0
1991:1.0
wet:1.0
wild:1.0
ii:1.6931471805599454
sexy:1.6931471805599454
lingerie:1.6931471805599454
iii:1.0
prices:1.0
15:1.0
2:1.0
25:1.0
3:1.0
35:1.0
4:1.0
45:1.0
also:1.0
bunch:1.0
magazines:1.0
penthouse:1.0
hustler:1.0
chic:1.0
club:1.0
im:1.0
willing:1.0
sell:1.0
part:1.0
collection:1.0
cheaply:1.0
builders:1.0
built:1.0
buildings:1.0
like:1.0
write:1.0
programs:1.0
first:1.0
woodpecker:1.0
came:1.0
along:1.0
would:1.0
destroy:1.0
civilization:1.0
