sharris:1.6931471805599454
chopin.udel.edu:1.6931471805599454
scott:1.6931471805599454
harris:1.6931471805599454
subject:1.0
new:1.6931471805599454
mitsumi:1.0
mice:2.386294361119891
sale:1.0
11:1.6931471805599454
9:1.0
taking:1.0
space:1.0
office:1.0
please:1.0
buy:1.0
price:1.0
cost:1.0
2.90:1.0
ship:1.0
usps:1.0
prepay:1.0
know:1.0
2-button:1.0
high:1.0
resolution:1.0
400cpi:1.0
acutally:1.0
quite:1.0
comfortable:1.0
much:1.0
like:1.0
hp:1.0
ergo:1.0
mouse:1.0
snugs:1.0
hand:1.0
