al166:2.09861228866811
cleveland.freenet.edu:1.6931471805599454
john:2.09861228866811
heiden:2.09861228866811
subject:1.0
hot:2.09861228866811
shots:2.09861228866811
93:1.6931471805599454
adult:1.0
cards:3.3978952727983707
sale:1.0
recently:1.0
got:1.6931471805599454
case:1.6931471805599454
unfortunately:1.0
planned:1.0
keeping:1.0
sort:1.0
stuck:1.0
im:1.0
going:1.0
mention:1.0
names:1.0
though:1.6931471805599454
trying:1.0
sell:1.6931471805599454
minus:1.0
set:2.386294361119891
interest:1.6931471805599454
box:1.0
singles:1.0
please:1.6931471805599454
let:1.0
know:1.0
250:1.0
card:1.6931471805599454
features:1.0
great:1.0
looking:1.0
woman:1.0
various:1.0
stages:1.0
dress:1.0
nude:1.0
semi-nude:1.0
lingerie:1.0
dressed:1.0
99:1.0
percent:1.0
gorgeous:1.0
feel:1.0
4:1.0
subsets:1.0
girl:1.6931471805599454
girls:1.0
1:2.386294361119891
9:2.386294361119891
promo:1.6931471805599454
251:1.0
259:1.0
also:2.09861228866811
numbered:1.0
emperors:1.0
all-stars:1.0
269:1.0
277:1.0
stripping:1.0
empress:1.0
260:1.0
268:1.0
supposed:1.0
getting:1.0
holograms:1.6931471805599454
soon:1.0
well:2.09861228866811
oh:1.6931471805599454
lastly:1.6931471805599454
error:1.0
originally:1.0
intended:1.0
used:1.0
company:1.0
changed:1.0
mind:1.0
none:1.0
easy:1.0
get:1.0
anyway:1.0
drop:1.0
line:1.0
eager:1.0
bunch:1.0
interested:1.0
92:1.0
left:1.0
2:1.0
sets:1.0
california:1.0
dreaming:1.0
mentioned:1.0
lot:1.0
freenet.cleveland.edu:1.0
