bm:1.6931471805599454
shadow.columbia.edu:1.0
blair:1.6931471805599454
macintyre:1.6931471805599454
subject:1.0
sharp:1.0
os8000s:1.0
sale:1.0
8000s:1.0
id:1.6931471805599454
like:1.6931471805599454
sell:1.0
im:1.0
finished:1.0
taing:1.0
dont:1.0
nearly:1.0
many:1.0
appoints:1.0
miss:1.0
put:1.0
money:1.0
toward:1.0
laptop:1.0
asking:1.0
200:1.0
bought:1.0
last:1.0
christmas:1.0
great:1.0
shape:1.0
includes:1.0
added:1.0
bonus:1.0
nice:1.0
padded:1.0
leather:1.0
carrying:1.0
case:1.0
cs.columbia.edu:1.0
cs:1.0
department:1.0
columbia:1.0
university:1.0
drive:1.0
kill:1.0
movie:1.0
roadkill:1.0
