jth:1.6931471805599454
bach.udel.edu:1.6931471805599454
jay:1.6931471805599454
thomas:1.0
hayes:1.0
subject:1.0
radar:1.6931471805599454
detector:1.6931471805599454
forsale:1.6931471805599454
uniden:1.0
visor:1.0
clip:1.0
sized:1.0
x:1.0
k:1.0
ka:1.0
band:1.0
city/highway:1.0
audio/mute:1.0
options:1.0
comes:1.0
cigarette:1.0
lighter:1.0
attachment:1.0
im:1.0
asking:1.0
50:1.0
please:1.0
e-mail:1.0
replies:1.0
thanks:1.0
