coutsoft:1.0
cheshire.oxy.edu:1.0
michael:1.0
coutsoftides:1.0
subject:1.0
emu:1.6931471805599454
sampler:1.6931471805599454
sale:1.0
emax:1.0
ii:1.0
rackmount:1.0
w:1.0
16:1.0
bit:1.0
stereo:1.6931471805599454
sampling:1.0
3:1.0
inputs:1.0
6:1.0
outs:1.0
internal:1.6931471805599454
sequencer:1.0
32:1.0
voice:1.0
polyphony:1.0
170:1.0
meg:1.6931471805599454
hd:1.0
stock:1.0
ram:1.0
2:1.0
think:1.0
perfect:1.0
condition:1.0
5:1.0
months:1.0
old:1.0
1600:1.0
obo:1.0
