coutsoft:1.0
cheshire.oxy.edu:1.0
michael:1.6931471805599454
coutsoftides:1.0
subject:1.0
386dx:1.6931471805599454
20mhz:1.6931471805599454
motherboard:1.0
sale:1.0
hate:1.0
posts:1.0
mb:1.0
w:1.0
4meg:1.0
60ns:1.0
ram:1.0
make:1.0
offer:1.0
