jth:1.6931471805599454
bach.udel.edu:1.6931471805599454
jay:1.6931471805599454
thomas:1.0
hayes:1.0
subject:1.0
lotus:1.6931471805599454
1-2-3:1.6931471805599454
forsale:1.0
extra:1.0
copy:1.0
ver:1.0
3.4:1.0
dos:1.0
id:1.0
like:1.0
get:1.0
100:1.0
please:1.0
reply:1.0
e-mail:1.0
thanks:1.0
