wgs1:1.6931471805599454
ra.msstate.edu:1.0
walter:2.386294361119891
g:2.386294361119891
seefeld:2.386294361119891
subject:1.6931471805599454
syquest:1.6931471805599454
drive:2.6094379124341005
cartridges:2.386294361119891
lower:1.0
price:1.0
take:1.0
375:1.0
whole:1.0
package:1.0
original:2.09861228866811
post:1.0
follows:1.0
article:1.0
61358:1.0
misc.forsale:1.6931471805599454
newsgroups:1.0
misc.forsale.computers:1.0
isis.msstate.edu:1.0
internal:1.6931471805599454
44:1.0
8:1.6931471805599454
sale:1.0
trade:2.09861228866811
summary:1.0
350mb:1.6931471805599454
300mb:1.6931471805599454
ide:1.6931471805599454
sell:1.6931471805599454
450:1.6931471805599454
organization:1.0
mississippi:1.0
state:1.0
university:1.0
distribution:1.0
na:1.0
date:1.0
tue:1.0
20:1.0
apr:1.0
1993:1.0
18:48:06:1.0
gmt:1.0
less:1.0
one:1.0
year:1.0
old:1.0
bought:1.0
since:1.0
excellent:1.0
condition:1.0
still:1.0
warranty:1.0
due:1.0
change:1.0
system:1.0
use:1.0
need:1.0
large:1.0
contiguous:1.0
offer:1.0
includes:1.0
sydos:1.0
44i:1.0
scsi:1.0
adapter:1.0
card:1.0
cables:1.0
documentation:1.0
software:1.0
packaging:1.0
totalling:1.0
bad:1.0
sectors:1.0
defects:1.0
installation:1.0
breeze:1.0
386:1.0
clone:1.0
something:1.0
near:1.0
also:1.0
consider:1.0
trading:1.0
4:1.0
4mx9:1.0
30:1.0
pin:1.0
simms:1.0
70ns:1.0
dawns:1.6931471805599454
early:1.6931471805599454
light:1.6931471805599454
940:1.6931471805599454
n:1.6931471805599454
jackson:2.386294361119891
st:1.6931471805599454
1a:1.6931471805599454
know:1.6931471805599454
right:1.6931471805599454
starkville:1.6931471805599454
ms:1.6931471805599454
39759:1.6931471805599454
going:1.6931471805599454
reap:1.6931471805599454
sown:1.6931471805599454
n5qxr:1.6931471805599454
brown:1.6931471805599454
