jean:1.0
andrews:1.0
ja23:1.0
andrew.cmu.edu:1.0
subject:1.0
wanted:1.0
large:1.6931471805599454
dog:2.09861228866811
cage:1.6931471805599454
need:1.0
kind:1.0
use:1.0
housebreak:1.0
around:1.0
adopted:1.0
11:1.0
month:1.0
old:1.0
non-housetrained:1.0
huskey:1.0
pittsburgh:1.0
area:1.0
number:1.0
412:1.0
268-8843:1.0
