viktor:2.6094379124341005
olesov.aiva.lt:2.09861228866811
olesov:1.6931471805599454
subject:1.0
human:1.6931471805599454
alpha-fetoprothein:1.6931471805599454
sale:1.0
dear:1.0
sirs:1.0
commercial:1.0
firm:1.0
lithuania:1.6931471805599454
polius:1.0
interested:1.0
new:1.0
partners:1.0
establishing:1.0
business:1.0
contacts:1.0
present:1.0
may:1.0
offer:1.0
following:1.0
liquit:1.0
leofil:1.0
dried:1.0
state:1.0
purity:1.0
less:1.0
96,6:1.0
price:1.0
980:1.0
per:1.0
1:1.0
mg:1.6931471805599454
every:1.0
month:1.0
deliveries:1.0
quantity:1.0
50:1.0
100:1.0
information:1.0
please:1.0
contact:1.0
e-mail:1.6931471805599454
internet:1.6931471805599454
fax:1.0
3702:1.6931471805599454
223:1.0
537:1.0
phone:1.0
757:1.0
533:1.0
vilnius:1.0
tel:1.0
0122:1.0
355:1.0
441:1.0
