jth:1.6931471805599454
bach.udel.edu:1.6931471805599454
jay:1.6931471805599454
thomas:1.0
hayes:1.0
subject:1.0
pc:1.6931471805599454
games:2.09861228866811
forsale:1.6931471805599454
following:1.0
cyber:1.0
empire:1.0
vga:3.302585092994046
3.5:2.6094379124341005
disks:1.0
15:2.386294361119891
prophecy:1.0
shadow:1.0
prince:1.0
persia:1.0
5.25:3.5649493574615367
gunship:1.0
20000:1.0
10:3.772588722239781
global:1.0
conquest:1.0
ega:3.302585092994046
kings:1.6931471805599454
quest:1.6931471805599454
v:1.0
iv:1.0
ancient:1.0
art:1.0
war:1.0
sea:1.0
mech:1.0
warrior:1.0
5.25/3.5:1.0
champions:1.0
krynn:1.0
test:1.0
drive:1.0
iii:1.0
balance:1.0
power:1.0
leisure:1.0
suit:1.0
larry:1.0
land:1.0
lounge:1.0
lizards:1.0
3.5/5.25:1.0
sentinel:1.0
world:1.0
bards:1.6931471805599454
tale:1.6931471805599454
skyfox:1.0
ii:1.6931471805599454
modem:1.0
wars:1.0
hillsfar:1.0
stunt:1.0
track:1.0
racer:1.0
original:1.0
boxes:1.0
instructions:1.0
manuals:1.0
copy:1.0
protection:1.0
devices:1.0
please:1.0
respond:1.0
e-mail:1.0
thanks:1.0
