smb:1.6931471805599454
col.hp.com:1.6931471805599454
sam:1.6931471805599454
bauer:1.0
subject:1.0
sale:1.6931471805599454
snes:2.09861228866811
star:1.6931471805599454
fox:1.6931471805599454
home:1.6931471805599454
alone:1.6931471805599454
ii:1.0
games:2.386294361119891
2:1.0
35:1.0
42:1.0
trade:1.0
good:1.0
condition:1.6931471805599454
copy:1.0
must:1.0
box:2.09861228866811
docs:1.0
one:1.0
following:1.0
prince:1.0
persia:1.0
gods:1.0
batman:1.0
returns:1.0
super:1.0
turrican:1.0
cybernator:1.0
prices:1.0
include:1.6931471805599454
shipping:1.0
excellent:1.0
unless:1.0
otherwise:1.0
stated:1.0
us:1.0
buyers:1.0
please:1.0
shipped:1.0
inside:1.0
packing:1.0
priority:1.6931471805599454
usps:1.0
original:1.0
materials:1.0
including:1.0
manual:1.0
etc:1.0
first:1.0
responder:1.0
offering:1.0
asking:2.09861228866811
price:1.6931471805599454
guarenteed:1.0
get:1.6931471805599454
game:1.6931471805599454
questions:1.0
offer:1.0
buy:1.0
lower:1.0
offers:1.6931471805599454
may:1.0
considered:1.0
assuming:1.0
made:1.0
bauer|hewlett:1.0
packard:1.0
co:1.6931471805599454
719:1.0
531-4460|network:1.0
test:1.0
division:1.0
colorado:1.0
springs:1.0
