erik:1.6931471805599454
sette:1.6931471805599454
io00139:1.6931471805599454
maine.maine.edu:1.6931471805599454
subject:1.0
486:2.09861228866811
slc:1.6931471805599454
notebook:2.09861228866811
deal:1.0
forsale:1.0
25:1.0
small:1.0
includes:1.0
following:1.0
cyrix:1.0
25mhz:1.0
proc:1.0
fast:1.6931471805599454
midwest:1.0
micro:1.0
elite:1.0
series:1.0
60:1.0
meg:1.0
hard:1.0
drive:1.6931471805599454
120:1.0
w:1.0
stacker:1.6931471805599454
1:2.09861228866811
3.5inch:1.0
serial:1.0
parallel:1.0
2:1.0
megs:1.6931471805599454
ram:1.0
upgradable:1.0
8:1.0
64:1.0
shades:1.0
grey:1.0
vga:1.0
built:1.0
trackball:1.0
machine:1.0
loaded:1.0
windows:1.0
dos:1.0
5.0:1.0
carrying:1.0
case:1.0
power:1.6931471805599454
supply:1.0
bought:1.0
3:1.0
months:1.0
ago:1.0
1500.00:1.0
realized:1.0
dont:1.0
need:1.0
much:1.0
asking:1.0
1300.00:1.0
first:1.0
person:1.0
1150.00:1.0
takes:1.0
