kaufmanj:1.6931471805599454
ucs.orst.edu:1.6931471805599454
john:1.0
kaufman:1.0
subject:1.0
wanted-old:1.0
70s:1.0
record:1.0
im:1.0
looking:1.0
old:1.0
album:2.6094379124341005
cassette:1.6931471805599454
tape:1.0
group:1.0
sanford/townsend:1.0
name:1.0
smoke:1.0
distant:1.0
fire:1.0
think:1.0
came:1.0
somewhere:1.0
around:1.0
1975-76:1.0
believe:1.0
first:1.0
produced:1.0
kenny:1.0
loggins:1.0
jim:1.0
messina:1.0
broke:1.0
happen:1.0
willing:1.6931471805599454
part:1.6931471805599454
great:1.0
dont:1.0
want:1.0
copy:1.0
onto:1.0
id:1.0
love:1.0
thanks:1.0
jk:1.0
