jth:1.6931471805599454
bach.udel.edu:1.6931471805599454
jay:1.6931471805599454
thomas:1.0
hayes:1.0
subject:1.0
turbo:2.791759469228055
grafx:2.09861228866811
cd:2.09861228866811
forsale:1.6931471805599454
16:1.0
game:1.0
system:1.6931471805599454
add:1.0
cd-rom:1.0
want:1.0
sell:1.0
pad:1.0
ys:1.0
book:1.0
ii:1.0
100:1.0
ill:1.0
split:1.0
h:1.0
charges:1.0
please:1.0
reply:1.0
e-mail:1.0
thanks:1.0
