goldberg:2.386294361119891
oasys.dt.navy.mil:2.09861228866811
mark:1.0
subject:1.0
camera:1.6931471805599454
bags:1.6931471805599454
sale:1.0
new:1.0
list:1.0
dimensions:1.6931471805599454
reposting:1.0
cause:1.0
two:1.0
door:1.0
took:1.0
1:2.09861228866811
5:2.09861228866811
important:2.09861228866811
camcorder:1.0
users:1.6931471805599454
large:1.0
padded:1.6931471805599454
cordura:1.0
bag:2.386294361119891
maker:1.0
unknown:1.0
orange:1.0
exterior:1.0
black:1.6931471805599454
straps:1.0
interior:1.0
five:1.0
outside:1.0
pockets:1.6931471805599454
plus:2.09861228866811
lid:2.09861228866811
compartment:1.0
overlaps:1.0
internal:1.0
dividers:1.0
repositioned:1.0
held:1.0
whole:1.0
2-1/4:1.0
bronica:1.0
system:1.0
metz:1.0
flash:2.09861228866811
etc:2.386294361119891
main:1.6931471805599454
chamber:1.0
incl:1.0
18.5:1.0
w:1.0
x:2.791759469228055
9:1.0
h:2.09861228866811
7:1.0
strong:1.0
good:1.0
medium:1.0
format:1.0
videographers:1.0
2:1.6931471805599454
small:2.386294361119891
nikon:1.6931471805599454
shoulder:1.0
sorry:1.6931471805599454
sold:1.6931471805599454
shipped:1.6931471805599454
3:1.0
belt:2.09861228866811
pouch:2.386294361119891
khaki:1.0
like:1.6931471805599454
similar:1.0
design:1.0
us:1.0
army:1.0
ammo:1.0
clips:1.0
holds:1.0
zoom:1.6931471805599454
35-70:1.0
fixed:1.0
lens:1.6931471805599454
cleaner:1.0
4:1.0
domke:1.0
coast:1.0
tan:1.0
brown:1.0
strap:1.0
front:1.6931471805599454
pocket:1.0
hold:1.0
af:1.0
slr:1.0
film:1.0
10.5:1.6931471805599454
9.5:1.0
4.5:1.0
6.5:1.0
1.5:1.0
looks:1.0
gore-tex:1.0
dont:1.0
think:1.0
really:1.0
15:1.0
terms:1.0
payment:1.0
advance:1.0
money:1.0
order/bank:1.0
check:1.0
cash:1.0
buyer:1.0
pays:1.0
shipping:1.0
go:1.0
ups:1.0
others:1.0
send:1.0
adequate:1.0
self:1.0
addressed:1.0
mailing:1.0
envelope:1.0
recommended:1.0
enough:1.0
postage:1.0
please:1.0
contact:1.0
email:1.0
interested:1.0
everyones:1.6931471805599454
entitled:1.6931471805599454
opinion:1.6931471805599454
imagination:1.6931471805599454
knowledge:1.6931471805599454
albert:1.6931471805599454
einstein:1.6931471805599454
