pxy:1.0
eclx.psu.edu:1.0
pen-li:1.0
yen:1.0
subject:1.0
x10more:1.0
35mm:1.6931471805599454
slide:1.6931471805599454
projectors:1.6931471805599454
sale:1.6931471805599454
regardless:1.0
first:1.0
post:1.0
new:1.0
light:1.0
bulb:1.0
lens:2.09861228866811
remote:1.0
controller:1.0
inperfect:1.0
working:1.0
condition:1.0
1:1.0
kodak:1.6931471805599454
carousel:1.6931471805599454
800:1.0
non-af:2.09861228866811
60:1.0
2:1.0
760h:1.0
autofocus:1.0
85:1.0
3:1.0
singer:1.6931471805599454
caramate:1.6931471805599454
ii:1.0
w/built-in:1.6931471805599454
casette:1.6931471805599454
player:1.6931471805599454
40:1.0
4:1.0
sp:1.0
45:1.0
yuesea:1.0
