hv0:1.6931471805599454
psuvm.psu.edu:1.6931471805599454
subject:1.0
nintendo:1.6931471805599454
system:1.6931471805599454
power:2.09861228866811
pad:1.6931471805599454
light:1.6931471805599454
gun:1.6931471805599454
games:1.6931471805599454
80:1.6931471805599454
8:1.0
bit:1.0
zapper:1.0
2:1.0
controllers:1.0
supermario:1.0
duck:1.0
hunt:1.0
field:1.0
wings:1.0
asking:1.0
please:1.0
reply:1.0
