yhdw:1.0
quads.uchicago.edu:1.0
stephen:1.0
parker:1.0
subject:1.0
dos:2.09861228866811
5.0:2.09861228866811
posting:1.0
friend:1.0
reply:1.0
sale:1.0
micro:1.6931471805599454
soft:1.6931471805599454
v:1.6931471805599454
release:1.0
date:1.0
11/11/91:1.0
3:1.0
1/2:1.0
diskettes:1.0
manual:1.0
perfect:1.0
conditioni:1.0
best:1.0
offer:1.0
accepted:1.0
pay:1.0
shippinig:1.0
contact:1.0
randall:1.0
randall_clark:1.0
byu.edu:1.0
801:1.6931471805599454
222-0834:1.0
home:1.0
378-2722:1.0
work:1.0
