spencer:2.09861228866811
world.std.com:1.6931471805599454
marks:1.0
subject:1.0
two:1.6931471805599454
america:2.09861228866811
west:2.09861228866811
tickets:2.386294361119891
sale:1.6931471805599454
airline:1.6931471805599454
300:1.0
vouchers:1.0
airlines:1.0
used:1.6931471805599454
toward:1.0
purchase:1.0
wherever:1.0
goes:1.0
restrictions:1.0
blackout:1.0
times:1.0
theyre:1.0
legally:1.0
transferable:1.0
anytime:1.0
july:1.0
1:1.0
asking:1.0
250:1.0
please:1.0
respond:1.0
email:1.0
voice:1.0
cheryl:1.6931471805599454
mathworks.com:1.0
person:1.6931471805599454
selling:1.0
posting:1.0
article:1.0
call:1.0
508-653-2452:1.0
x:1.0
301:1.0
