kimman:1.0
magnus.acs.ohio-state.edu:1.0
kim:1.0
richard:1.6931471805599454
man:1.0
subject:1.0
syquest:1.6931471805599454
44m:1.6931471805599454
cartrifge:1.0
forsale:1.6931471805599454
2:1.6931471805599454
new:1.0
slightly:1.0
used:1.0
cartridge:1.0
asking:1.0
230:1.0
shipping:1.0
included:1.0
please:1.0
reply:1.0
e-mail:1.0
