terry.walter:1.0
outlan.ersys.edmonton.ab.ca:1.6931471805599454
terry:1.0
walter:1.0
subject:1.0
vesa:1.6931471805599454
looking:1.0
local:1.0
bus:1.0
card:1.0
control:1.0
ide:1.0
drives:1.0
floppies:1.0
game:1.0
port:1.6931471805599454
parallel:1.0
serial:1.6931471805599454
ports:1.6931471805599454
must:1.0
sockets:1.0
uarts:1.0
non:1.0
intergraded:1.0
chipset:1.0
generic:1.0
boards:1.0
message:1.0
posted:1.0
403-478-4010:1.0
hst:1.0
v.32bis:1.0
try:1.0
youll:1.0
like:1.0
