scotts:1.6931471805599454
math.orst.edu:1.6931471805599454
scott:1.6931471805599454
settlemier:1.0
subject:1.0
forsale:1.0
mag:1.6931471805599454
innovision:1.6931471805599454
mx15f:1.6931471805599454
1280x1024:1.6931471805599454
fantastic:1.0
15:1.0
multiscan:1.0
monitor:1.6931471805599454
display:1.0
noninterlaced:1.0
26:1.0
mm:1.0
dot:1.0
pitch:1.0
looking:1.0
large:1.0
crystal:1.0
clear:1.0
super:1.0
vga:1.0
430:1.0
call:1.0
503:1.0
757-3483:1.0
email:1.0
