imagesyz:1.0
aol.com:1.0
subject:1.0
put:2.09861228866811
printed:1.6931471805599454
book:1.6931471805599454
disk:2.09861228866811
yes:1.0
fast:1.0
accurate:1.0
also:1.0
typewritten:1.0
articles:1.0
thesis:1.0
term:1.0
papers:1.0
etc:1.0
interested:1.0
reply:1.0
details:1.0
