jsh:1.6931471805599454
ipxed16.nswses.navy.mil:1.0
jeffrey:1.0
hackney:1.0
x8593,4v12:1.0
subject:1.0
bronica:1.6931471805599454
sqa:1.6931471805599454
medium:1.0
format:1.0
camera:1.0
sale:1.0
includes:1.0
2:1.0
lenses:1.0
1:1.0
film:1.0
back:1.0
view:1.0
finder:1.0
2.200.00:1.0
firm:1.0
contact:1.0
via:1.0
e-mail:1.0
info:1.0
live:1.6931471805599454
ride:1.6931471805599454
suned1.nswses.navy.mil:1.0
statements:1.0
made:1.0
mine:1.0
alone:1.0
navys:1.0
far:1.0
know:1.0
