alin:1.0
nyx.cs.du.edu:1.0
ailin:1.6931471805599454
lin:1.0
subject:1.0
cheap:1.0
386:1.0
motherboard:1.6931471805599454
novell:1.0
386dx16:1.0
cpu:1.0
4:1.0
megs:1.0
memory:1.0
i/o:1.0
ports:1.0
160:1.0
shipping:1.0
firm:1.0
let:1.0
know:1.0
interested:1.0
803-654-8817:1.0
