dino.fiabane:2.386294361119891
pics:2.386294361119891
twwells.com:2.09861228866811
dino:1.6931471805599454
fiabane:1.6931471805599454
subject:1.0
cordless:1.6931471805599454
phone:1.6931471805599454
uniden:1.0
phone-model:1.0
xe:1.0
300:1.0
perfect:1.0
working:1.0
condition:1.0
base:1.0
station:1.0
missing:1.0
antenna:1.6931471805599454
mount:1.0
intact:1.0
25:1.0
shipping:1.0
included:1.0
prepaid:1.0
reply:2.09861228866811
pics.com:1.0
mail:1.0
bounce:1.0
sent:1.0
address:1.0
instead:1.6931471805599454
please:1.0
via:2.09861228866811
private:1.0
e-mail:2.386294361119891
since:1.0
home:1.0
bbs:1.0
handle:1.0
personal:1.0
messages:1.0
time:1.0
replies:1.0
also:1.0
arrive:1.0
way:1.0
regular:1.0
newsgroup:1.0
150:1.0
weston:1.0
drive:1.0
cherry:1.0
hill:1.0
nj:1.0
08003-2132:1.0
609:1.6931471805599454
424-3836:1.0
slmr:1.0
2.1a:1.0
online:1.6931471805599454
multiuser:1.0
system:1.0
753-2540:1.0
hst:1.0
609-753-1549:1.0
v32:1.0
massive:1.0
file:1.0
collection:1.0
45,000:1.0
files:1.0
250:1.0
newsgroups:1.0
