johnw:1.6931471805599454
unixhub.slac.stanford.edu:1.6931471805599454
jonathan:1.6931471805599454
wong:1.0
subject:1.0
wanted:1.0
ibm:1.0
clone:1.0
486:1.6931471805599454
dx33:1.0
better:1.0
friend:1.0
mine:1.0
market:1.0
system:1.0
8:1.0
ram:1.0
170:1.0
hd:1.0
svga:1.0
monitor:1.0
card:1.0
5:1.0
1/4:1.0
3:1.0
1/2:1.0
fd:1.0
200+w:1.0
ps:1.0
one:1.0
sale:1.0
email:1.0
forward:1.0
thanks:1.0
