bwee:1.0
midway.ecn.uoknor.edu:1.0
boon-khim:1.0
wee:1.0
subject:1.0
looking:1.0
battletech:1.6931471805599454
games:1.6931471805599454
pc:1.6931471805599454
interested:1.0
ibm:1.0
grateful:1.0
anymore:1.0
information:1.0
please:1.0
email:1.0
would:1.0
like:1.0
transaction:1.0
thank:1.0
