baden:2.6094379124341005
sys6626.bison.mb.ca:1.6931471805599454
de:1.6931471805599454
bari:1.6931471805599454
subject:1.0
sega:1.6931471805599454
3-d:1.6931471805599454
glasses:1.6931471805599454
wanted:1.0
anyone:1.0
pair:1.6931471805599454
theyre:1.0
willing:1.0
part:1.0
know:1.0
anywhere:1.0
acquire:1.0
dont:1.0
around:1.0
thanks:1.0
inspiration:1.0
comes:1.0
inqmind.bison.mb.ca:1.0
seek:1.0
unknown:1.0
