perrault:2.09861228866811
a.chem.upenn.edu:1.6931471805599454
ange:1.0
r:1.0
subject:1.0
datsun:2.09861228866811
car:1.6931471805599454
sale:1.0
81:1.0
210:1.0
hatchbak:1.0
forsale:1.0
blue:1.0
two:1.0
doors:1.0
three:1.0
since:1.0
hatchback:1.0
69,900:1.0
miles:1.0
automatic:1.0
good:1.0
condition:1.0
hate:1.0
sell:1.0
phila:1.0
insurance:1.0
outrageous:1.0
also:1.0
dont:1.0
need:1.0
right:1.0
asking:1.0
800:1.0
bo:1.0
call:1.0
ron:1.0
215-222-6933or:1.0
email:1.0
