bitzm:2.386294361119891
columbia.dsu.edu:2.09861228866811
michael:1.0
bitz:1.6931471805599454
subject:1.0
dos:1.6931471805599454
4.01:1.6931471805599454
5.25:1.6931471805599454
3.5:1.6931471805599454
sale:1.6931471805599454
cheap:1.0
original:1.0
manuals:1.0
box:1.0
either:1.0
disks:1.0
full:1.0
version:1.0
oem:1.0
15.00:1.0
including:1.0
shipping:1.0
charges:1.0
please:1.0
respond:1.0
mike:1.0
internet:1.0
research:1.0
development:1.0
dsuvax.dsu.edu:1.0
dakota:1.0
state:1.0
university:1.0
bitnet:1.0
s93020:1.0
sdnet.bitnet:1.0
