jamal:2.09861228866811
socrates.umd.edu:1.6931471805599454
asi:1.0
subject:1.0
comics:1.0
complete:1.6931471805599454
set:1.6931471805599454
ad:1.0
buck:1.6931471805599454
rogers:1.6931471805599454
25th:1.0
century:1.0
adventures:1.0
forsale:1.0
make:1.0
reasonable:1.0
offer:1.0
email:1.0
back:1.0
interested:1.0
thanks:1.0
