goldberg:2.386294361119891
oasys.dt.navy.mil:2.09861228866811
mark:1.0
subject:1.0
camera:1.6931471805599454
bag:2.6094379124341005
sale:1.0
two:1.0
left:1.0
gone:2.09861228866811
except:1.0
3:2.09861228866811
5:2.09861228866811
go:1.0
ahead:1.0
make:1.0
offer:1.0
cant:1.0
refuse:1.0
1:1.6931471805599454
large:1.0
padded:1.0
cordura:1.0
sorry:2.09861228866811
sold:1.0
awaiting:1.0
check:1.6931471805599454
2:1.0
small:2.6094379124341005
nikon:1.6931471805599454
shoulder:1.6931471805599454
belt:2.09861228866811
pouch:2.09861228866811
khaki:1.0
similar:1.0
army:1.0
ammo:1.0
clips:1.0
etc:2.09861228866811
holds:1.0
flash:1.6931471805599454
zoom:1.6931471805599454
lens:1.6931471805599454
cleaner:1.0
great:1.0
extra:1.0
dont:1.6931471805599454
want:1.0
tote:1.0
think:2.09861228866811
hold:2.09861228866811
walkman:1.0
tapes:1.0
postage:1.6931471805599454
4:1.0
domke:1.0
coast:1.0
tan:1.0
brown:1.0
strap/trim:1.0
main:1.0
front:1.0
pocket:1.0
10:1.0
x9x4.5:1.0
10x6.5x1.5:1.0
respectively:1.0
af:1.0
slr:1.0
plus:1.0
even:1.0
8mm:1.0
compact-vhs:1.0
video:1.0
camcorder:1.0
material:1.0
looks:1.0
like:1.0
gore-tex:1.0
also:1.0
portable:1.0
cd:1.0
player:1.0
bunch:1.0
discs:1.0
headphones:1.0
ac:1.0
15:1.0
terms:1.0
payment:1.0
advance:1.0
money:1.0
order/bank:1.0
cash:1.0
everyones:1.6931471805599454
entitled:1.6931471805599454
opinion:1.6931471805599454
imagination:1.6931471805599454
important:1.6931471805599454
knowledge:1.6931471805599454
albert:1.6931471805599454
einstein:1.6931471805599454
