zero:2.09861228866811
io00844:1.6931471805599454
maine.maine.edu:1.0
subject:1.6931471805599454
cdtv:3.1972245773362196
acessories:1.0
1084s:2.09861228866811
monitor:2.386294361119891
accessories:1.6931471805599454
questionable:1.0
bids:1.0
placed:1.0
set-up:1.0
including:1.0
guideline:1.0
prices:1.0
repost:1.0
negotiable:1.0
course:1.0
anticipation:1.0
arrival:1.0
new:1.0
computer:1.6931471805599454
system:1.0
selling:1.0
rush:1.0
sell:2.386294361119891
dont:1.6931471805599454
money:1.0
may:1.0
able:1.0
get:1.0
weeks:1.0
make:1.0
bid:1.6931471805599454
let:1.0
know:1.0
willing:1.0
pieces:1.0
separately:1.6931471805599454
wait:1.0
accounted:1.0
least:1.0
keyboard:2.09861228866811
kit:1.0
6:1.6931471805599454
months:1.6931471805599454
old:2.09861228866811
mint:2.09861228866811
condition:2.09861228866811
comes:2.09861228866811
documentation:1.6931471805599454
packaging:2.09861228866811
receipt:2.09861228866811
etc:2.09861228866811
demo:1.0
disc:1.6931471805599454
start:2.09861228866811
bidding:1.6931471805599454
375:1.0
package:1.6931471805599454
mouse:1.0
3.5:1.6931471805599454
drive:1.0
documention:1.0
turns:1.0
full:1.0
fledged:1.0
amiga:1.0
500:1.0
125:1.6931471805599454
couple:1.0
years:1.0
good:1.0
find:1.0
bdding:1.0
software:1.6931471805599454
various:1.0
titles:1.0
games:1.0
demos:1.0
note:1.0
discs:1.0
based:1.0
free:1.0
deal:1.0
please:1.0
send:1.0
best:1.0
maine:1.6931471805599454
call:1.0
207:1.6931471805599454
581-7589:1.6931471805599454
ask:1.0
batzell:1.6931471805599454
leave:1.0
message:1.0
im:1.0
z:1.0
owner:1.6931471805599454
come:1.0
peace:1.0
shoot:1.0
kill:1.0
iguana:1.0
ncc-42:1.0
u.s.s:1.0
heart:1.0
gold:1.0
university:1.0
video:1.0
hobbyist:1.0
live:1.0
long:1.0
panic:1.0
student:1.0
star:1.0
trek:1.0
tng:1.0
fan:2.09861228866811
mostly:1.0
harmless:1.0
douglas:1.0
n:1.0
adams:1.0
major:1.0
life:1.0
universe:1.0
transfer:1.0
mind:1.0
orson:1.0
scott:1.0
card:1.0
everything:1.0
enterprise:1.0
ship:1.0
freeloading:1.0
degenerate:1.0
hitchhikers:1.0
