bitzm:2.386294361119891
columbia.dsu.edu:2.09861228866811
michael:1.0
bitz:1.6931471805599454
subject:1.0
wanted:1.0
9-chip:1.6931471805599454
1:1.6931471805599454
megabyte:1.6931471805599454
simms:1.6931471805599454
60ns:1.0
market:1.0
4:1.0
must:1.6931471805599454
variety:1.0
also:1.0
60:1.0
nanoseconds:1.0
email:1.0
thanks:1.0
mike:1.0
internet:1.0
research:1.0
development:1.0
dsuvax.dsu.edu:1.0
dakota:1.0
state:1.0
university:1.0
bitnet:1.0
s93020:1.0
sdnet.bitnet:1.0
