minh:2.386294361119891
bigwpi.wpi.edu:1.0
anh:1.0
pham:1.6931471805599454
subject:1.0
dana:2.9459101490553135
weick:3.302585092994046
still:2.09861228866811
l:1.0
k:1.6931471805599454
n:1.6931471805599454
g:1.0
f:1.0
r:1.0
w:2.09861228866811
e:1.0
c:1.0
crook:1.0
dont:2.386294361119891
deal:2.791759469228055
please:1.6931471805599454
help:1.0
looking:1.0
month:1.0
ago:1.0
made:1.6931471805599454
net:1.0
sell:1.0
memory:2.09861228866811
exchang:1.0
100:2.6094379124341005
486-66:1.0
cpu:3.4849066497880004
thought:1.0
great:1.6931471805599454
went:1.6931471805599454
sent:2.791759469228055
cod:2.791759469228055
suppose:1.0
send:3.1972245773362196
receive:1.6931471805599454
payment:2.09861228866811
4/8/93:1.0
message:2.09861228866811
4/16/93:1.0
two:1.0
weeks:1.0
didnt:2.6094379124341005
numerous:1.0
asking:1.0
confirmation:1.0
ship:1.6931471805599454
address:2.6094379124341005
make:1.6931471805599454
sure:1.0
get:1.6931471805599454
lost:1.0
mail:2.6094379124341005
never:2.09861228866811
reply:2.791759469228055
finally:1.0
resorted:1.0
calling:1.6931471805599454
arizona:1.0
first:1.0
call:2.6094379124341005
throught:1.0
got:2.791759469228055
answering:1.0
machine:1.0
left:1.0
number:2.09861228866811
next:1.6931471805599454
day:2.386294361119891
pick:2.09861228866811
phone:2.386294361119891
asked:1.6931471805599454
said:2.386294361119891
yes:1.0
doesnt:1.0
know:2.09861228866811
would:2.09861228866811
check:1.0
record:1.0
home:1.6931471805599454
back:1.6931471805599454
suprise:1.0
called:2.09861228866811
email:1.6931471805599454
messages:1.0
strang:1.0
every:1.0
wont:2.386294361119891
even:1.0
also:1.0
emailing:1.0
one:1.0
contact:1.0
reach:1.0
4238:1.6931471805599454
las:1.6931471805599454
palmaritas:1.6931471805599454
phoenix:1.6931471805599454
az:1.6931471805599454
85051:1.6931471805599454
602:2.386294361119891
925-6123:1.6931471805599454
time:1.0
business:1.0
842-2145:1.6931471805599454
evenings:1.6931471805599454
master.lds-az.loral.com:1.6931471805599454
wed:1.0
mar:1.0
17:1.0
20:09:20:1.0
1993:1.0
72-pin:1.0
simms:2.386294361119891
arent:1.0
hot:1.0
sellers:1.0
upgrade:1.0
market:1.0
140-160:1.0
quite:1.0
often:1.0
best:1.0
486dx2/66:1.6931471805599454
ok:1.6931471805599454
ill:1.6931471805599454
trade:1.0
4:1.0
72pins:1.0
intel:1.0
need:1.0
shippment:1.0
via:1.6931471805599454
pay:1.0
shipping/handling:1.0
arrive:1.0
charge:1.0
part:1.0
possible:1.0
way:1.0
warranty:1.6931471805599454
days:1.0
prefer:1.0
us:1.0
2nd:1.0
priority:1.0
costs:1.0
2.90:1.0
brand:1.0
new:1.0
install:1.6931471805599454
correctly:1.0
meaning:1.0
plug:1.6931471805599454
backwards:1.6931471805599454
bend:1.0
pins:1.6931471805599454
6:1.0
months:1.0
thanks:1.0
4/8:1.0
yet:1.6931471805599454
replied:1.0
4/9:1.0
glad:1.0
keep:1.0
eyes:1.0
careful:1.6931471805599454
static:1.0
discharge:1.0
bending:1.0
insertion:1.0
absolutely:1.0
certain:1.0
chip:2.09861228866811
proper:1.0
orientation:1.6931471805599454
checked:1.0
prior:1.0
shipping:1.0
cook:1.0
plugging:1.0
real:1.0
sympathetic:1.0
tell:1.0
installed:1.0
guess:1.0
update:1.0
sunday:1.0
wife:1.0
debbie:1.0
picked:1.0
busy:1.0
kids:1.0
10:1.0
minuets:1.0
half:1.0
house:1.0
discon:1.0
nected:1.0
since:1.0
post:1.0
numberous:1.0
people:1.0
saying:1.0
ripped:1.0
something:1.0
guy:1.0
appearrently:1.0
years:1.0
getting:1.0
away:1.0
e-mail:1.0
wpi.wpi.edu:1.0
worcester:1.0
polytechnical:1.0
institute:1.0
