tatsuya:2.09861228866811
zapotec.math.byu.edu:1.0
kawasaki:1.0
subject:1.0
stering:1.6931471805599454
silver:1.6931471805599454
necklace:2.386294361119891
sale:1.6931471805599454
italian:1.0
made:1.0
size:1.0
20:2.09861228866811
24:1.0
26:1.0
low:1.0
2.00:1.0
shipping:1.0
less:1.0
29cents:1.0
rope:1.6931471805599454
design:1.0
weight:1.6931471805599454
around:1.6931471805599454
9:1.0
grams:1.0
9.00:1.0
desgin:1.0
25:1.0
gram:1.0
17.00:1.0
left:1.0
please:1.0
respond:1.0
asap:1.0
thnx:1.0
