jinmo:1.0
ahn:1.0
ja2f:1.6931471805599454
andrew.cmu.edu:1.6931471805599454
subject:1.0
maxtor:1.6931471805599454
660mb:1.0
scsi:1.6931471805599454
xt8670s:1.0
660:1.0
mb:1.0
drive:1.0
16ms:1.0
access:1.0
time:1.0
2:1.0
years:1.0
old:1.0
external:1.0
casing:1.0
777:1.0
412-268-7505:1.0
