opferman:2.09861228866811
jupiter.fnbc.com:1.6931471805599454
subject:1.0
snes:2.09861228866811
ranma:1.6931471805599454
1/2:1.6931471805599454
pt:1.0
2:1.0
pt2:1.0
professionally:1.0
converted:1.0
play:1.0
asking:1.0
60:1.0
willing:1.0
trade:1.0
simearth:1.0
dragonball:1.0
z:1.0
bill:1.0
thoughts:1.0
employers:1.0
email:1.0
leave:1.0
fax:1.0
312:1.0
732-7284:1.0
thanks:1.0
enjoy:1.0
buffet:1.0
