cchu:1.6931471805599454
dewey.udel.edu:1.0
chien-shun:1.0
chu:1.6931471805599454
subject:1.0
wanted:1.0
sim:1.6931471805599454
city:1.6931471805599454
pc:1.6931471805599454
hello:1.0
looking:1.0
new/used:1.0
please:1.0
make:1.0
offer:1.0
udel.edu:1.0
thanks:1.0
