jry:1.0
reef.cis.ufl.edu:1.0
john:1.0
young:1.6931471805599454
subject:1.0
cd:1.6931471805599454
singles:1.6931471805599454
sale:1.6931471805599454
list:1.0
mostly:1.0
european:1.0
5:1.0
brand:1.0
new:2.386294361119891
still:1.0
shrink-wrapped:1.0
please:1.0
e-mail:1.0
interested:1.0
crowded:1.0
house:1.0
weather:1.0
w/3:2.09861228866811
remixes:1.0
10:3.772588722239781
peter:1.0
gabriel:1.0
blood:1.0
eden:1.0
digipak:1.6931471805599454
w/12:1.0
pg:1.0
booklet:1.0
8:00:1.0
remix:2.09861228866811
mercy:1.0
street:1.0
genesis:1.0
never:1.0
time:1.6931471805599454
w:3.0794415416798357
dreaming:1.0
sleep:1.0
live:2.791759469228055
turn:1.0
1992:1.0
tonight:2.386294361119891
full:1.0
version:2.6094379124341005
brian:1.0
may:1.0
much:1.6931471805599454
love:2.6094379124341005
kill:1.6931471805599454
guitar:1.0
2:1.6931471805599454
r.e.m:3.0794415416798357
radio:1.0
song:2.09861228866811
3:1.0
green:1.0
world:1.0
tour:1.0
shiny:1.0
happy:1.0
people:1.0
40:1.0
secong:1.0
losing:1.0
religion:1.0
acoustic:1.0
near:1.0
wild:1.6931471805599454
heaven:1.0
toms:1.0
diner:1.0
low:1.0
endgame:1.0
man:1.0
moon:1.6931471805599454
non-lp:2.386294361119891
tracks:2.386294361119891
fruity:1.0
organ:1.6931471805599454
orleans:1.6931471805599454
instrumental:1.6931471805599454
arms:1.0
sidewinder:1.6931471805599454
sleeps:2.09861228866811
tonite:1.6931471805599454
w/2:2.09861228866811
lions:1.0
fretless:1.0
star:1.0
kitten:1.0
demo:1.0
everybody:1.6931471805599454
hurts:1.6931471805599454
edit:2.09861228866811
1:1.0
long:1.0
mandolin:1.0
strum:1.0
chance:1.0
dub:1.0
dark:1.0
globe:1.0
sting:1.6931471805599454
ever:1.6931471805599454
lose:1.6931471805599454
faith:1.6931471805599454
songs:1.0
mtv:1.0
unplugged:1.0
mad:1.0
every:1.0
breath:1.0
take:1.0
form:1.0
12:1.0
u2:2.09861228866811
sunday:1.6931471805599454
bloody:1.0
w/remixes:1.0
two:1.0
hearts:1.0
beat:1.0
one:1.0
years:1.0
day:1.0
unforgettable:1.0
fire:1.0
ep:1.0
three:1.0
sunrises:1.0
sort:1.0
homecoming:1.0
comes:1.0
tumbling:1.0
bass:1.0
trap:1.0
whos:1.0
gon:1.0
na:1.0
ride:1.0
horses:1.0
paint:1.0
black:1.0
salome:1.0
zooromancer:1.0
cant:1.0
help:1.0
falling:1.0
triple:1.0
peaks:1.0
neil:1.0
harvest:1.0
single:1.0
deep:1.0
forbidden:1.0
lake:1.0
campaigner:1.0
winterlong:1.0
8:1.0
