rob:2.386294361119891
phavl.uucp:1.6931471805599454
robt:1.0
ransbottom:2.09861228866811
subject:1.0
unix:3.6390573296152584
books:1.6931471805599454
following:1.0
sale:1.0
good:1.0
excellent:1.0
condition:1.0
make:1.0
offers:1.0
uunet:1.0
phavl:1.0
robert:1.6931471805599454
general:1.0
supply:1.0
metals:1.0
inc:1.0
voice:1.0
508-999-6257:1.0
index:1.0
miscellany:1.6931471805599454
c:3.8903717578961645
operating:2.386294361119891
system:2.9459101490553135
intel:2.386294361119891
processor:1.6931471805599454
ms-dos:2.386294361119891
algorithms:1.0
2nd:1.0
ed:1.6931471805599454
sedgewick:1.0
hardbound:1.6931471805599454
list:4.737669618283368
41.00:1.0
programmers:2.9459101490553135
work:1.0
lammers:1.0
10.00:2.386294361119891
software:1.6931471805599454
reliability:1.0
musa:1.0
iannino:1.0
okumoto:1.0
51.00:1.0
users:1.0
guide:2.6094379124341005
small:1.0
computers:1.0
jerry:1.0
pournelle:1.0
inner:1.0
circle:1.0
bill:1.0
landreth:1.0
elementary:1.0
pascal:1.0
ledgard:1.6931471805599454
singer:1.0
13.00:1.6931471805599454
language:2.09861228866811
object:1.0
oriented:1.0
program:1.0
design:1.6931471805599454
examples:1.0
mark:1.0
mullin:1.0
20.00:3.1972245773362196
variations:1.0
schustack:1.0
23.00:2.6094379124341005
programs:1.0
data:1.0
structures:1.0
ammeraal:1.0
turbo:2.09861228866811
library:1.6931471805599454
jamsa:1.0
advanced:1.6931471805599454
hebert:1.0
schildt:1.6931471805599454
understanding:1.6931471805599454
bruce:1.0
hunter:1.0
18.00:1.0
database:1.0
development:1.0
al:1.6931471805599454
stevens:1.0
24.00:1.0
purdum:2.09861228866811
leslie:1.0
stegemotter:1.0
dr:1.6931471805599454
dobbs:1.6931471805599454
toolbook:1.0
journal:1.0
25.00:2.6094379124341005
excellence:1.0
programing:1.0
proverbs:1.0
henry:1.0
19.00:1.0
pocket:1.0
reference:1.6931471805599454
herbert:1.0
5.00:1.0
programming:2.386294361119891
jack:1.6931471805599454
wear:1.0
toolkit:1.0
w:1.6931471805599454
disk:1.6931471805599454
40.00:1.0
step-by-step:1.0
waite:2.09861228866811
prata:1.6931471805599454
28.00:1.6931471805599454
v:1.6931471805599454
environment:1.0
r:1.6931471805599454
bourne:1.0
27.00:2.09861228866811
papers:1.0
michael:1.6931471805599454
editor:1.0
steven:1.0
mikes:1.0
business:1.0
yates:1.0
emerson:1.0
80286/80386:1.0
alan:1.0
deikman:1.0
complete:1.0
stephen:1.0
collin:1.0
primer:1.0
plus:1.0
martin:1.0
introduction:1.0
daniel:1.0
farkas:1.0
super-users:1.0
foxley:1.0
26.00:1.0
communications:1.0
henderson:1.0
et:1.0
microport:1.0
made:1.0
easy:1.6931471805599454
learning:1.6931471805599454
o.s:1.0
oreilly:1.6931471805599454
sv.3.2:1.0
using:2.09861228866811
coff:1.0
gintaras:1.0
assoc:1.0
22.00:1.0
xinu:1.0
approach:1.0
p.c:1.0
comer:1.0
foosum:1.0
hard:1.0
53.00:1.0
microcomputer:1.0
systems:1.0
dahmke:1.0
17.00:1.0
inside:1.0
ibm:2.09861228866811
pc:2.09861228866811
peter:1.0
norton:1.0
30.00:1.0
prolog:1.0
robinson:1.0
assembly:1.0
wyatt:1.0
orientation:1.0
computes:1.0
quick:1.0
lotus:1.0
1-2-3:1.0
doug:1.0
wolf:1.0
80386:1.6931471805599454
techniques:1.0
james:1.0
turley:1.0
writers:1.0
corp:1.0
performance:1.0
young:1.0
problem:1.0
solver:1.0
xt:1.0
jourdain:1.0
extremely:1.0
important:1.0
maintain:1.0
correct:1.0
attributions:1.0
anonymous:1.0
