jordan.mcauley:1.0
ehbbs.com:1.6931471805599454
jordan:1.6931471805599454
mcauley:1.6931471805599454
subject:2.09861228866811
vhs:2.386294361119891
movies:2.386294361119891
must:2.09861228866811
sell:2.09861228866811
moving:2.386294361119891
dk:4.218875824868201
n:1.6931471805599454
koutd:2.09861228866811
hiramb.hiram.edu:2.09861228866811
newsgroups:1.0
misc.forsale:1.0
rec.video:1.0
message-id:1.0
1993apr22.095736.1:1.0
douglas:2.09861228866811
kou:1.6931471805599454
date:1.0
22:1.0
apr:1.0
93:1.0
09:57:36:1.0
0500:1.0
organization:1.0
hiram:1.6931471805599454
college:1.6931471805599454
sold:1.0
6:1.0
weeks:1.0
idea:1.0
happend:1.0
people:1.0
made:1.0
deal:1.0
trying:1.0
post:1.0
another:1.0
message:1.0
againt:1.0
dont:1.6931471805599454
mean:1.0
waste:1.0
valuable:1.0
time:1.0
basic:1.6931471805599454
instinct:1.6931471805599454
11.00:2.791759469228055
born:1.0
forth:1.0
july:1.0
backdraft:1.0
presumed:1.0
innocent:1.0
prince:1.0
tides:1.0
dance:1.0
wolves:1.0
prices:1.0
including:1.0
shipping:1.0
get:1.0
60.00:1.0
package:1.0
deals:1.0
welcome:1.0
make:1.0
offer:1.0
hirama.hiram.edu:1.0
hi:1.0
id:1.0
like:1.0
purchase:1.0
11:1.0
notes:1.0
returned:1.0
know:1.6931471805599454
keeps:1.0
saying:1.0
address:1.0
unknown:1.0
please:1.0
let:1.0
movie:1.0
still:1.0
available:1.0
thank:1.0
atlanta:1.6931471805599454
dita:1.0
info-gw.blackwlf.mese.com:1.0
slmr:1.0
2.0:1.0
ed:1.0
hoppers:1.0
bbs:1.0
berkeley:1.0
lake:1.0
georgia:1.0
usr/hst:404-446-9462:1.0
v.32bis:404-446-9465-home:1.0
uupcb:1.0
usenet:1.0
pc:1.0
board:1.0
