ejs16:1.6931471805599454
cunixb.cc.columbia.edu:1.6931471805599454
eric:1.6931471805599454
jaron:1.6931471805599454
stieglitz:1.6931471805599454
subject:1.0
movie:1.0
plan:1.0
9:1.0
outer:1.0
space:1.0
wanted:1.0
im:1.0
looking:1.0
copy:1.6931471805599454
bela:1.0
lugosis:1.0
last:1.0
film:1.0
anyone:1.6931471805599454
stinker:1.0
please:1.6931471805599454
e-mail:1.0
also:1.0
knows:1.0
better:1.0
place:1.0
post:1.0
tell:1.0
school:1.0
212:1.0
853-6883:1.0
ate:1.0
thing:1.0
ever:1.0
loved:1.0
home:1.0
401:1.0
421-7479:1.0
seymour:1.0
lsoh:1.0
