jpau:1.0
oracle.com:1.0
jeffrey:1.0
pau:1.0
subject:1.0
sony:1.6931471805599454
color:1.6931471805599454
watchman:1.6931471805599454
4sale:1.0
model:1.0
fdl-310:1.0
vhf/uhf:1.0
86,400:1.0
pixels:1.0
2.7:1.0
inch:1.0
diag:1.0
screen:1.0
dimensions:1.0
3:1.0
3/8:1.0
x:1.6931471805599454
6:1.0
1/8:1.0
1:1.0
3/16:1.0
bright:1.0
vibrant:1.0
colors:1.0
sharp:1.0
unlike:1.0
casio:1.0
pocket:1.0
tvs:1.0
ac:1.0
power:1.0
adapter:1.0
paid:1.0
300.00:1.0
asking:1.0
150.00:1.0
obo:1.0
