scrume:2.09861228866811
magnus.acs.ohio-state.edu:2.09861228866811
stephen:1.6931471805599454
k:1.0
crume:1.6931471805599454
subject:1.0
electronic:1.6931471805599454
typewriter:2.09861228866811
needed:1.0
wanted:1.0
word:1.0
processing:1.0
friend:1.0
looking:1.0
wordproccing:1.0
preferably:1.0
40:1.0
char:1.0
display:1.0
spelling:1.0
correction:1.0
send:1.0
info:1.0
addresses:1.0
thanks:1.0
steve:1.0
know:1.0
think:1.0
put:1.0
mountains:1.0
otherwise:1.0
characters:1.0
going:1.0
fall:1.0
laurie:1.0
anderson:1.0
ohstmvsa.bitnet:1.0
