zaphodb:1.0
lonnie-mack.cs.unlv.edu:1.0
charles:1.0
p:1.0
cutler:1.0
ii:1.0
subject:1.6931471805599454
test:2.09861228866811
article:1.0
1r9lu9:1.0
s1d:1.0
bigboote.wpi.edu:1.0
coates:2.386294361119891
bigwpi.wpi.edu:1.6931471805599454
jeffery:1.6931471805599454
david:1.6931471805599454
writes:1.0
date:1.0
23:1.0
apr:1.0
1993:1.0
21:09:29:1.0
gmt:1.0
organization:1.0
worcester:1.0
polytechnic:1.0
institute:1.0
failed:1.0
