pledge:1.6931471805599454
netcom.com:1.6931471805599454
alan:1.0
mclachlan:1.0
subject:1.0
sale:1.0
pocket:1.6931471805599454
ethernet:1.6931471805599454
adapter:1.6931471805599454
xircom:1.0
connects:1.0
pc:1.0
parallel:1.0
port:1.0
network:1.0
make:1.0
offer:1.0
sig:1.0
construction:1.0
send:1.0
suggestions:1.0
