paulm:2.09861228866811
storcon.com:1.6931471805599454
paul:1.6931471805599454
moreau:1.6931471805599454
subject:1.6931471805599454
wanted:1.0
16mhz:1.0
mc68881:1.6931471805599454
floating:1.6931471805599454
point:1.6931471805599454
co-proc:1.0
id:1.0
say:1.0
line:1.0
covers:1.0
need:1.0
co-processor:1.0
sun:1.0
3:1.0
system:1.0
please:1.0
reply:1.0
via:1.0
email:1.6931471805599454
youve:1.0
got:1.0
one:1.0
thingies:1.0
yould:1.0
like:1.0
sell:1.0
thanks:1.0
l:1.0
storage:1.0
concepts:1.0
inc:1.0
sr:1.0
diagnostics:1.0
eng:1.0
1622:1.0
deere:1.0
ave:1.0
irvine:1.0
ca:1.0
92714:1.0
uucp:1.0
storcon:1.0
714:1.6931471805599454
852-8511:1.0
fax:1.0
557-5064:1.0
