jpau:1.0
oracle.com:1.0
subject:1.0
speakers:3.1972245773362196
forsale:1.0
home:1.0
nht:1.0
hear:1.0
inc:1.0
model:1.6931471805599454
ii:1.6931471805599454
floor:1.0
tower:1.0
speaker:1.0
system:1.0
pair:1.0
3:1.0
way:1.0
design:1.0
3/4:1.0
tweeter:1.0
6.5:1.6931471805599454
mid-range:1.0
two:1.0
woofer:1.0
low:1.0
bass:1.0
impedance:1.0
8:1.6931471805599454
ohms:1.6931471805599454
minimum:1.0
4:1.0
cross-over:1.0
points:1.0
100hz:1.0
3.2:1.0
khz:1.0
frequency:1.0
response:1.0
rated:1.6931471805599454
40hz:1.0
22khz:1.0
3db:1.0
efficiency:1.0
87db:1.0
power:1.0
rating:1.0
35:1.0
200:1.0
watts:1.0
per:1.0
channel:1.6931471805599454
black:1.6931471805599454
finish:1.0
magnetic:1.0
shielded:1.0
perfect:1.6931471805599454
surround:1.6931471805599454
sound:1.6931471805599454
front:1.0
hifi:1.0
audio:1.6931471805599454
retail:1.0
850.00:1.0
macys:1.0
asking:2.791759469228055
500:1.0
obo:1.6931471805599454
year:1.0
old:1.0
rarely:1.0
used:1.0
excellent:1.0
like:2.386294361119891
new:2.9459101490553135
condition:1.6931471805599454
bose:1.0
301:1.0
book:1.0
shelf:1.0
paid:2.6094379124341005
350.00:1.6931471805599454
220.00:1.0
firm:2.386294361119891
b:1.0
bang:1.0
olufsen:1.0
beovox:1.0
cx100:1.0
satellite:1.0
white:1.0
brand:1.6931471805599454
box:2.09861228866811
450.00:1.0
yamaha:1.6931471805599454
center:1.6931471805599454
125:1.0
80.00:1.0
rear:1.0
doby:1.0
150:1.0
99.00:1.0
car:1.6931471805599454
boston:1.0
acoustic:1.0
861:1.0
seperates:1.0
6:1.0
woofers:1.6931471805599454
seperate:1.0
tweeters:1.0
crossovers:1.0
never:1.6931471805599454
installed:1.6931471805599454
259.00:1.0
good:1.6931471805599454
guys:1.6931471805599454
199.00:1.0
2:1.0
mtx:1.0
free:1.0
air:1.0
49.00:1.0
70.00:1.0
