jtobias:1.6931471805599454
cs.tamu.edu:1.0
jason:1.6931471805599454
tobias:1.6931471805599454
subject:1.0
4sale:1.0
486:1.0
localbus:1.0
mb:1.0
w/cpu:1.0
weitek:2.6094379124341005
et4k:1.0
video:1.6931471805599454
ide:1.6931471805599454
etc:1.0
cad:1.6931471805599454
setup:1.6931471805599454
sale:1.0
g486plb:1.0
local:2.386294361119891
bus:2.386294361119891
motherboard:1.0
use:1.0
32mb:1.0
simms:1.0
256k/1m/4m:1.0
9:1.0
expansion:1.0
slots:1.6931471805599454
8:1.0
16-bit:1.0
1:2.09861228866811
32-bit:1.0
slot:1.0
4167:1.6931471805599454
co-processor:2.09861228866811
socket:1.0
33:1.6931471805599454
mhz:1.6931471805599454
intel:1.0
cpu:1.0
math:1.0
g-host4000:1.0
et4000:1.6931471805599454
card:1.6931471805599454
based:1.0
tseng:1.0
labs:1.0
chip:1.0
design:1.0
supports:1.0
resolutions:1.0
1280x1024:1.0
interlaced:1.0
non-interlaced:1.0
uses:1.0
ramdac:1.0
allow:1.0
32k:1.0
colors:1.6931471805599454
800x600:1.0
65k:1.0
640x480:1.0
register:1.0
level:1.0
compatible:1.0
cga:1.0
ega:1.0
vga:1.0
mda:1.0
software:1.0
drivers:1.0
available:1.0
1-2-3:1.0
symphony:1.0
autocad:2.09861228866811
autoshade:1.0
windows:1.0
wordperfect:1.0
vesa:1.0
8514/a:1.0
emulation:1.0
also:1.6931471805599454
contained:1.0
controller:1.6931471805599454
floppy:1.0
disk:1.0
two:1.0
fully:1.0
configuarable:1.0
serial:1.0
ports:1.0
parallel:1.0
port:1.6931471805599454
game:1.0
used:1.0
run:1.0
3d:2.09861228866811
studio:2.09861228866811
combination:1.0
made:1.0
fast:1.0
modeling:1.6931471805599454
work:1.0
coprocessor:1.0
cut:1.0
render:1.0
times:1.0
half:1.0
sometimes:1.0
increases:1.0
redraws:1.0
regens:1.0
everything:1.0
less:1.0
year:1.0
old:1.0
asking:1.0
950.00:1.0
shipping:1.0
whole:1.0
package:1.0
please:1.0
respond:1.0
via:1.0
email:1.0
thanks:1.0
photon.tamu.edu:1.0
