lmmik:1.0
cbnewsb.cb.att.com:1.0
larry.m.mikkelson:1.0
subject:1.0
stereo:1.6931471805599454
equipment:1.0
speakers:1.6931471805599454
sale:1.6931471805599454
keywords:1.0
polk:1.6931471805599454
sansui:1.6931471805599454
akai:1.6931471805599454
rta:1.0
12:1.0
4900z:1.0
60:1.0
watt:1.0
rx:1.0
csm:1.0
40:1.0
rm:1.0
500:1.0
best:1.0
offer:1.0
friend:1.0
asked:1.0
post:1.0
interested:1.0
want:1.0
information:1.0
call:1.6931471805599454
reply:1.0
thanks:1.0
carl:1.0
609:1.0
466-9490:1.0
leave:1.0
message:1.0
