pw4963:1.6931471805599454
thor.albany.edu:1.0
peter:1.6931471805599454
white:1.6931471805599454
subject:1.0
mac:1.6931471805599454
lcii:1.6931471805599454
4/80:1.6931471805599454
sale:1.0
purchased:1.0
last:1.0
august:1.0
cpu:1.0
mouse:1.0
monitor:1.0
keyboard:1.0
800:1.0
obo:1.0
csc.albany.edu:1.0
pwhite:1.0
mac.archive.umich.edu:1.0
