alin:1.0
nyx.cs.du.edu:1.0
ailin:1.6931471805599454
lin:1.0
subject:1.0
mfm:1.6931471805599454
hd:1.0
10mb:1.6931471805599454
25:1.6931471805599454
30mb:1.6931471805599454
70:1.6931471805599454
seagate:1.0
st-212:1.0
hh:1.0
ibm:1.0
fh:1.0
type:1.0
good:1.0
working:1.0
condition:1.0
buyers:1.0
pay:1.0
shipping:1.0
803-654-8817:1.0
