dwf:1.0
kepler.unh.edu:1.0
dennis:1.0
w:1.0
fitanides:1.0
subject:1.0
counterpoint:1.6931471805599454
sa-12:1.6931471805599454
tube:1.6931471805599454
power:1.0
amp:1.0
85watts:1.0
per:1.0
channel:1.0
warm:1.0
sound:1.0
great:1.0
warming:1.0
cds:1.0
excellent:1.0
shape:1.0
asking:1.0
650:1.0
thanks:1.0
tom:1.0
nezwek:1.0
