scratch:2.09861228866811
sce.carleton.ca:2.09861228866811
craig:2.09861228866811
scratchley:2.09861228866811
subject:1.0
wanted:1.0
4:1.6931471805599454
channel:1.6931471805599454
multitrack:1.6931471805599454
recorder:1.6931471805599454
cassette:1.6931471805599454
preferred:1.0
would:2.09861228866811
like:1.0
buy:1.0
prefer:1.0
machine:1.0
made:1.0
fostex:1.0
tascam:1.0
yamaha:1.0
etc:1.0
consider:1.0
reel-to-reel:1.0
well:1.0
write:1.0
know:1.0
anything:1.0
thanks:1.0
w:1.6931471805599454
internet:1.6931471805599454
dept:2.791759469228055
systems:1.6931471805599454
computer:1.6931471805599454
engineering:1.6931471805599454
phone:1.6931471805599454
613:2.791759469228055
788-5740:1.6931471805599454
carleton:1.6931471805599454
university:1.6931471805599454
241-6952:1.6931471805599454
home:1.6931471805599454
ottawa:1.6931471805599454
canada:1.6931471805599454
k1s:1.6931471805599454
5b6:1.6931471805599454
fax:1.6931471805599454
788-5727:1.6931471805599454
