georgian:1.0
tigger.jvnc.net:1.0
ops:1.0
mgr:1.0
subject:1.0
informix:1.6931471805599454
wingz:1.6931471805599454
dos-os/2:1.0
sale:1.6931471805599454
graphic:1.0
spreadsheet:1.0
hyperscript:1.0
version:1.0
1.1:1.0
runs:1.0
windows:1.0
network:1.0
ready:1.0
5.25:1.0
distribution:1.0
brand:1.0
new:1.0
unopened:1.0
150:1.0
shipping:1.0
included:1.0
email:1.0
queries:1.0
responses:1.0
flames:1.0
lee:1.6931471805599454
polarsun:1.0
rna.rockefeller.edu:1.0
