ah157:1.0
cleveland.freenet.edu:1.0
rob:1.0
henry:1.0
subject:1.0
wanted:1.0
3:1.6931471805599454
tickets:2.09861228866811
cleveland:1.6931471805599454
phantom:1.6931471805599454
opera:1.6931471805599454
show:1.6931471805599454
need:1.0
showing:1.0
pay:1.0
face:1.0
value:1.0
50:1.0
dollar:1.0
lower:1.0
range:1.0
preferably:1.0
matinee:1.0
middle:1.0
late:1.0
may:1.0
bought:1.0
please:1.0
leave:1.0
mail:1.0
