steveg:1.0
bach.udel.edu:1.0
steven:1.0
n:1.0
gaudino:1.0
subject:1.0
200:1.0
meg:1.6931471805599454
western:1.6931471805599454
digital:1.6931471805599454
ide:1.6931471805599454
hard:1.0
drive:1.0
sale:1.0
selling:1.0
212:1.0
hd:1.0
caviar:1.0
2200:1.0
model:1.0
access:1.0
time:1.0
15:1.0
ms:1.0
built:1.0
cache:1.0
brand:1.0
new:1.0
still:1.0
original:1.0
static:1.0
bag:1.0
asking:1.0
275:1.0
obo:1.0
