tominatr:1.0
ac.dal.ca:1.0
subject:1.0
john:1.0
bell:1.0
luck:1.0
catching:1.0
yet:1.0
one:1.0
unfortunate:1.0
people:1.6931471805599454
run:1.0
guy:1.6931471805599454
sent:1.0
30:1.0
cash:1.0
stupid:1.0
know:1.6931471805599454
4:1.0
cds:1.0
last:1.0
heard:1.0
ripped:1.0
advances:1.0
tracking:1.0
tom:1.0
n:1.0
