pledge:2.09861228866811
netcom.com:2.386294361119891
alan:1.6931471805599454
mclachlan:1.6931471805599454
subject:1.0
sale:1.0
pocket:1.6931471805599454
ethernet:1.6931471805599454
adapter:1.6931471805599454
article:1.0
pledgec646fu.mue:1.0
writes:1.0
xircom:1.0
connects:1.0
pc:1.0
parallel:1.0
port:1.0
network:1.0
make:1.0
offer:1.0
note:1.0
device:1.0
never:1.0
used:1.0
ie:1.0
still:1.0
plastic:1.0
10baset:1.0
sig:1.0
construction:1.0
send:1.0
suggestions:1.0
