europa:1.0
eng.umd.edu:1.0
tae:1.0
hun:1.0
kim:1.0
subject:1.0
hard:1.6931471805599454
drive:1.6931471805599454
sale:1.0
brand:1.0
new:1.0
1.2gb:1.0
seagate:1.0
scsi:1.0
15ms:1.0
access:1.0
time:1.0
full:1.0
height:1.0
5-1/4:1.0
size:1.0
1100:1.0
s/h:1.0
leave:1.0
e-mail:1.0
interested:1.0
