c152-lz:1.0
dv349-5f.berkeley.edu:1.0
ben:1.0
wong:1.0
subject:1.0
gt:1.0
bmx:1.0
bike:1.6931471805599454
300:1.6931471805599454
obo:2.386294361119891
apple:1.6931471805599454
iie:1.6931471805599454
computer+extras:1.0
400:1.6931471805599454
please:1.0
reply:1.6931471805599454
account:1.6931471805599454
posting:1.6931471805599454
friend:1.6931471805599454
gt-bmx:1.0
chrome:1.0
frame:1.0
blue:1.0
alloy:1.0
parts:1.0
z-rims:1.0
mint:1.0
condition:1.0
asking:1.6931471805599454
64k:1.0
floppy:1.0
drive:1.0
monitor:1.0
okidata:1.0
microline:1.0
92:1.0
printer:1.0
modem:1.0
30:1.0
disks:1.0
stuff:1.0
call:1.0
ariel:1.0
510:1.0
881-8627:1.0
leave:1.0
message:1.0
im:1.0
