khcheng:1.0
unix.amherst.edu:1.0
kim:1.0
hong:1.0
cheng:1.0
subject:1.0
gateway:2.386294361119891
2000:1.6931471805599454
telepath:1.0
fax/modem:1.6931471805599454
sale:1.0
send:1.6931471805599454
receive:1.6931471805599454
fax:1.0
9600:1.0
baud:1.6931471805599454
57,000:1.0
never:1.0
used:1.0
comes:1.0
software:1.0
crosstalk/winfax:1.0
new:1.0
195:1.0
sold:1.0
customer:1.0
fit:1.0
bus:1.0
asking:1.0
180/obo:1.0
