martinez:1.6931471805599454
info-gw.mese.com:1.0
phil:1.0
subject:1.0
decservers:1.0
sale:1.0
following:1.0
items:1.0
use:1.0
accept:1.0
best:1.6931471805599454
offers:1.6931471805599454
either:1.0
brand:1.0
new:1.0
decserver:1.6931471805599454
300:1.0
200/mc:1.0
interested:1.0
send:1.0
thanks:1.0
