belvilad:1.6931471805599454
dunx1.ocs.drexel.edu:1.6931471805599454
belville:1.6931471805599454
subject:1.0
pool:1.6931471805599454
table:1.6931471805599454
sale:1.0
article:1.0
1993apr25.135642.5666:1.0
magnus.acs.ohio-state.edu:1.6931471805599454
kwmiller:1.0
kenneth:1.0
w:1.0
miller:1.0
writes:1.0
ken:1.0
well:1.0
tell:1.0
us:1.0
andy:1.6931471805599454
taken:1.0
long:1.0
time:1.0
ive:1.0
fallen:1.0
love:1.0
beautiful:1.0
woman:1.0
