rwf2:1.0
ns1.cc.lehigh.edu:1.0
robert:1.0
william:1.0
fusi:1.0
subject:1.0
hp:1.6931471805599454
laserjet:1.6931471805599454
iii:1.6931471805599454
sale:1.6931471805599454
article:1.0
1r9542innsm2:1.0
aludra.usc.edu:1.6931471805599454
yuanchie:1.0
roger:1.0
hsu:1.0
writes:1.0
hi:1.0
printed:1.0
less:1.0
1500:1.0
pages:1.0
according:1.0
self:1.0
test:1.0
report:1.0
asking:1.0
1000:1.0
interested:1.0
please:1.0
e-mail:1.0
thanks:1.0
get:1.0
new:1.0
newer:1.0
model:1.0
cheaper:1.0
price:1.0
thru:1.0
mail:1.0
order:1.0
believed:1.0
reincarnation:1.0
former:1.0
life:1.0
