dwilson:1.0
csugrad.cs.vt.edu:1.0
david:1.0
wilson:1.0
subject:1.0
looking:1.0
audio/video/computer/furniture:1.0
items:1.6931471805599454
unless:1.0
otherwise:1.0
noted:1.0
mainly:1.0
interested:1.0
used:2.09861228866811
following:1.0
sale:1.0
please:2.386294361119891
contact:1.0
email:1.0
mbeck:1.0
vtssi.vt.edu:1.0
phone:1.0
703:1.0
552-4381:1.0
usmail:1.0
michael:1.0
beck:1.0
1200:1.0
progress:1.0
street:1.0
5500e:1.0
blacksburg:1.0
virginia:1.0
24060:1.0
give:1.0
much:1.6931471805599454
info:1.0
possible:1.0
brand:1.0
age:1.0
condition:1.0
etc:1.0
wanted:1.0
10am:1.0
4/27/93:1.0
computer:1.0
equip:1.6931471805599454
1:3.1972245773362196
cheap:1.0
100:1.6931471805599454
tape:1.0
drive:1.6931471805599454
pretty:1.0
kind:1.0
ibm:1.0
memory:1.6931471805599454
expansion:1.0
card:1.0
ps/2:1.6931471805599454
model:1.6931471805599454
50z:1.6931471805599454
new:1.0
high:1.0
density:1.0
1.2:1.0
mb:1.0
5:1.0
1/4:1.0
disk:1.0
external:1.0
non-computer:1.0
tv:1.0
27:1.0
bigger:1.0
stereo:1.6931471805599454
vcr:1.0
4:1.0
heads:1.0
receiver:1.0
watts:1.0
w:1.0
dolby:1.0
prologic:1.0
surround:1.0
sound:1.0
capability:1.0
bed:1.0
full:1.0
queen:1.0
sized:1.0
local:1.6931471805599454
offers:1.6931471805599454
desk:1.0
due:1.0
shipping:1.0
constraints:1.0
