subject:1.0
wanted:1.6931471805599454
lcd:1.6931471805599454
overhead:1.6931471805599454
mon:1.0
jonathan.evans:1.6931471805599454
commlink.wariat.org:1.6931471805599454
jonathan:1.6931471805599454
evans:1.0
monitor:1.0
school:1.6931471805599454
cga:1.0
looking:1.0
one:2.09861228866811
fairly:1.0
good:1.0
shape:1.0
doesnt:1.0
alot:1.0
money:1.0
spend:1.0
know:1.0
sale:1.0
please:1.0
e-mail:1.0
thanks:1.0
ac216:1.0
cleveland.freenet.edu:1.0
