aya:1.6931471805599454
sol.rtsg.mot.com:1.0
arkady:1.6931471805599454
altman:1.6931471805599454
subject:1.0
zenith:1.6931471805599454
386:1.6931471805599454
20mhz:1.6931471805599454
40:1.6931471805599454
mb:2.6094379124341005
hard:1.6931471805599454
disk:1.6931471805599454
zcm:1.6931471805599454
1492:1.6931471805599454
following:1.0
machine:1.6931471805599454
sale:1.0
3.5:1.0
inch:1.0
1.44:1.0
floppy:1.6931471805599454
drive:1.6931471805599454
5.25:1.0
1.2:1.0
2:1.6931471805599454
ram:1.0
vga:1.6931471805599454
card:1.0
ftm:1.0
flat:1.6931471805599454
tension:1.0
mask:1.0
color:1.0
monitor:1.0
screen:1.0
non-glare:1.0
101:1.0
key:1.0
keyboard:1.0
serial:1.0
ports:1.0
1:1.0
parallel:1.0
port:1.0
original:1.0
manuals:1.0
came:1.0
excellent:1.0
condition:1.0
1100.00:1.0
best:1.0
reasonable:1.0
offer:1.0
csg06.rtsg.mot.com:1.0
