scotts:1.0
bbking.ftcollinsco.ncr.com:1.0
scott:1.6931471805599454
sherman:1.0
subject:1.0
radius:1.6931471805599454
24x:1.6931471805599454
800:1.6931471805599454
accelerated:1.0
graphics:1.0
adaptor:1.0
supports:1.0
multiple:1.0
resolutions:1.0
allows:1.0
on-the-fly:1.0
changing:1.0
resolution:1.0
bit:1.0
depth:1.0
msrp:1.0
1999:1.0
street:1.0
price:1.6931471805599454
1700:1.0
best:1.0
offer:1.0
303:1.0
962-9473:1.0
x9779:1.0
