vincent:1.6931471805599454
garnet.berkeley.edu:1.0
j:1.0
lee:1.0
subject:1.0
wanted:1.0
center:1.6931471805599454
channel:1.6931471805599454
pref:1.0
infinity:1.6931471805599454
polk:1.6931471805599454
im:1.0
interested:1.6931471805599454
home:1.0
theater:1.0
yu:1.0
one:1.6931471805599454
would:1.0
selling:1.0
please:1.0
let:1.0
know:1.0
thanks:1.0
prefer:1.0
ably:1.0
audio:1.0
