ho:1.0
cs.arizona.edu:1.0
hilarie:1.6931471805599454
orman:1.6931471805599454
subject:1.0
licensing:1.0
public:1.0
key:1.0
implementations:1.0
regard:1.0
speculations:1.0
nsa:1.0
involvement:1.0
creation:1.0
pkp:1.0
find:1.0
fails:1.0
test:1.0
occams:1.0
butcher:1.0
knife:1.0
never:1.0
attribute:1.0
conspiracy:1.0
explained:1.0
forthright:1.0
greed:1.0
