jim-miller:1.6931471805599454
suite.com:1.6931471805599454
subject:1.0
certifying:1.6931471805599454
authority:1.0
question:1.0
answered:1.0
access:1.0
ftp:1.0
try:1.0
ftping:1.0
rsa.com:1.0
login:1.0
anonymous:1.0
several:1.0
documents:1.0
including:1.0
frequently:1.0
asked:1.0
questions:1.0
todays:1.0
cryptography:1.0
document:1.6931471805599454
faq:1.6931471805599454
name:1.0
believe:1.0
explains:1.0
idea:1.0
behind:1.0
authorities:1.0
good:1.0
luck:1.0
john:1.0
kelsey:1.0
c445585:1.0
mizzou1.missouri.edu:1.0
thanks:1.0
ive:1.0
ftped:1.0
file:1.0
looking:1.0
