c445585:1.0
mizzou1.missouri.edu:1.0
john:1.0
kelsey:1.0
subject:1.0
rubber-hose:1.0
cryptanalysis:1.0
sick:1.0
part:1.0
really:1.0
liked:1.0
phrase:1.0
actually:1.0
merely:1.0
threat:1.0
long:1.0
prison:1.0
sentence:1.0
even:1.0
without:1.0
beating:1.0
get:1.6931471805599454
people:1.6931471805599454
give:1.0
especially:1.0
also:1.0
punctuated:1.0
trip:1.0
county:1.0
jail:1.0
one:1.0
happens:1.0
locked:1.0
drunk/stoned/crazy:1.0
folks:1.0
violent:1.0
left:1.0
cells:1.0
