grady:1.6931471805599454
netcom.com:1.6931471805599454
1016/2ef221:1.0
subject:1.0
declassifying:2.386294361119891
media:3.772588722239781
many:2.09861228866811
urban:1.0
legends:1.0
maybe:1.0
ought:1.0
crypt:1.0
faq:1.0
actually:2.09861228866811
sufficient:1.6931471805599454
clear:1.0
declassify:1.6931471805599454
magnetic:3.0794415416798357
used:1.6931471805599454
classified:1.0
data:1.0
information:2.09861228866811
horses:1.0
mouth:1.0
regarding:1.0
overwriting:2.09861228866811
clearing:1.6931471805599454
meant:1.0
retained:1.0
within:1.6931471805599454
controlled:2.386294361119891
environment:1.6931471805599454
material:1.0
reused:1.0
outside:1.0
national:2.09861228866811
telecommunications:1.6931471805599454
systems:1.6931471805599454
security:2.9459101490553135
ntiss:1.0
advisory:1.0
memorandum:1.0
office:1.0
automation:1.0
guidelines:1.0
ntissam:1.0
compusec/1/87:1.0
7.6.2.1:1.0
certain:1.6931471805599454
types:1.6931471805599454
removable:1.6931471805599454
e.g:2.386294361119891
tape:1.0
floppy:1.6931471805599454
disk:2.9459101490553135
cassettes:1.0
cards:1.0
may:2.386294361119891
cleared:2.386294361119891
entire:1.0
one:2.6094379124341005
time:1.6931471805599454
character:2.6094379124341005
disks:1.6931471805599454
applying:1.6931471805599454
vendors:1.6931471805599454
formatting:1.6931471805599454
program:2.09861228866811
overwrites:1.6931471805599454
location:1.6931471805599454
given:1.6931471805599454
fixed:2.09861228866811
winchester:1.6931471805599454
least:1.6931471805599454
way:1.0
vendor-supplied:1.0
shown:1.0
works:1.0
advertised:1.0
user:1.0
beware:1.0
programs:1.0
purport:1.0
overwrite:2.386294361119891
locations:1.6931471805599454
resides:1.0
facility:1.6931471805599454
released:1.0
destruction:2.09861228866811
however:1.0
marked:1.0
level:1.0
restrictive:1.0
sensitivity:1.0
ever:1.0
recorded:1.0
7.6.2.2:1.0
declassification:1.0
declassified:1.0
using:1.0
degaussing:1.6931471805599454
device:1.0
approved:2.386294361119891
type:1.0
list:1.6931471805599454
devices:1.0
maintained:1.0
nsa:1.0
medium:1.0
example:1.0
hard:1.0
operative:1.0
method:1.6931471805599454
pack:1.6931471805599454
employ:1.0
procedure:1.0
must:1.0
addressable:1.0
three:1.0
times:1.0
writing:1.0
complement:1.0
binary:1.6931471805599454
ones:1.0
zeros:1.0
alternatively:1.0
become:1.0
inoperative:1.6931471805599454
impossible:1.0
case:1.0
two:1.0
alternate:1.0
procedures:1.6931471805599454
1:1.0
disassemble:1.0
degauss:1.0
platter:1.6931471805599454
appropriate:1.0
equipment:1.0
2:1.0
courier:2.09861228866811
removed:1.0
sight:1.0
returned:1.0
secure:1.0
site:1.0
vendor:1.0
install:1.0
new:1.0
platters:1.0
repair:1.0
problems:1.0
unit:1.0
7.6.3:1.0
see:1.0
dod:1.0
computer:1.6931471805599454
center:1.0
department:1.0
defense:1.0
remanence:1.0
guideline:1.0
csc-std-003-85:1.0
official:1.0
use:1.0
interesting:1.0
documents:1.0
informative:1.0
probably:1.0
intended:1.0
obtained:1.0
free:1.0
executive:1.0
secretary:1.0
informations:1.0
committee:1.0
agency:1.0
fort:1.0
george:1.0
g:1.0
meade:1.0
md:1.0
20755-6000:1.0
write:1.0
fun:1.0
nsas:1.0
mailing:1.0
2ef221:1.0
15:1.0
e2:1.0
ad:1.0
d3:1.0
d1:1.0
c6:1.0
f3:1.0
fc:1.0
58:1.0
ac:1.0
f7:1.0
3d:1.0
4f:1.0
01:1.0
1e:1.0
2f:1.0
