ray:2.386294361119891
ole.cdac.com:1.6931471805599454
berry:1.6931471805599454
subject:1.0
hard:1.6931471805599454
drive:1.6931471805599454
security:1.6931471805599454
fbi:1.0
targets:1.0
rja14:1.0
cl.cam.ac.uk:1.0
ross:1.0
anderson:1.0
writes:1.6931471805599454
article:1.0
1993apr2.050451.7866:1.0
ucsu.colorado.edu:1.0
cuffell:1.0
spot.colorado.edu:1.0
tim:1.0
cuffel:1.0
suggests:1.0
new:2.09861228866811
pc:1.0
product:1.0
design:1.0
approach:1.6931471805599454
first:1.0
fill:1.0
50:1.6931471805599454
random:1.6931471805599454
files:2.791759469228055
encrypted:2.386294361119891
number:1.0
known:1.6931471805599454
keys:1.0
whenever:1.0
secret:1.0
file:3.0794415416798357
created:1.0
delete:1.0
replace:1.0
real:1.0
data:1.6931471805599454
non-secret:1.0
key:1.0
better:1.0
yet:1.0
instead:1.6931471805599454
thrashing:1.0
around:1.0
dos:2.6094379124341005
system:2.791759469228055
take:1.0
step:1.0
write:1.0
minimal:1.0
program:1.0
used:2.09861228866811
create/delete:1.0
en/decrypt:1.0
ramdisk:1.0
list:1.0
directory:1.6931471805599454
put:1.0
util:1.6931471805599454
password:1.0
protected:1.0
floppy:1.0
catch:1.0
storage:1.6931471805599454
space:1.6931471805599454
part:1.0
defrag:1.0
disk:2.386294361119891
thus:1.0
packing:1.0
allocated:1.0
clusters:1.6931471805599454
0-n:1.0
use:1.6931471805599454
back:1.0
end:2.09861228866811
partition:1.6931471805599454
hold:1.6931471805599454
stealth:1.6931471805599454
leave:1.0
small:1.0
2nd:1.0
assigned:1.0
another:1.0
might:1.0
contains:1.0
set:1.0
invariant:1.0
instance:1.0
due:1.0
allocating:1.0
minimum:1.0
unit:1.0
cluster:1.6931471805599454
unused:1.0
physical:1.0
tail:1.0
associated:1.0
dead:1.0
spaces:1.0
could:1.0
concatenated:1.0
situation:1.0
appears:1.0
kb7ht:1.0
rjberry:1.0
eskimo.com:1.0
73407.3152:1.0
compuserve.com:1.0
