hooper:2.09861228866811
ccs.queensu.ca:1.0
andy:1.6931471805599454
subject:1.0
text:1.0
white:1.0
house:1.0
announcement:1.0
q:1.0
clipper:1.6931471805599454
chip:1.0
encryption:1.0
isnt:1.0
trademark:1.0
fairchild:1.0
semiconductor:1.0
