rboudrie:1.0
chpc.org:1.0
rob:1.0
boudrie:1.0
subject:1.0
white:1.0
house:1.0
public:1.0
encryption:1.0
management:1.0
fact:1.0
sheet:1.0
security:1.0
key-escrow:1.0
system:2.09861228866811
making:1.0
decision:1.0
intend:1.6931471805599454
prevent:1.6931471805599454
private:1.6931471805599454
sector:1.6931471805599454
developing:1.6931471805599454
government:1.0
approving:1.0
microcircuits:1.0
algorithms:1.0
equally:1.6931471805599454
effective:1.6931471805599454
assuring:1.6931471805599454
privacy:1.6931471805599454
secure:1.0
key:1.6931471805599454
escrow:1.6931471805599454
yeah:1.0
applications:1.0
