schneier:1.6931471805599454
chinet.chi.il.us:1.0
bruce:1.6931471805599454
subject:1.0
issa:1.6931471805599454
93:1.0
conference:1.6931471805599454
anyone:1.0
attending:1.0
arlington:1.0
va:1.0
next:1.0
week:1.0
would:1.0
appreciate:1.0
getting:1.0
touch:1.0
