amanda:2.09861228866811
intercon.com:1.0
walker:1.6931471805599454
subject:1.0
text:1.0
white:1.0
house:1.0
announcement:1.0
q:1.0
clipper:1.0
chip:1.0
encryption:1.0
article:1.0
115713:1.0
bu.edu:1.0
uni:1.0
acs.bu.edu:1.0
shaen:1.0
bernhardt:1.0
writes:1.0
shocking:1.0
says:1.0
less:1.0
government:1.0
interested:1.0
monitoring:1.0
public:1.0
scare:1.0
mortifies:1.0
surprise:1.0
im:1.0
shocked:1.0
intercon:1.0
systems:1.0
corporation:1.0
