george:2.09861228866811
minster.york.ac.uk:1.0
subject:1.0
non-word:1.6931471805599454
password:1.6931471805599454
generator:1.6931471805599454
anyone:1.0
know:1.0
program:1.0
pcs:1.0
i.e:1.0
produce:1.0
nonsense:1.0
word:1.0
still:1.6931471805599454
pronouncible:1.0
e.g:1.0
lisgollan:1.0
wanted:1.0
force:1.0
users:1.0
adopt:1.0
secure:1.0
passwords:1.0
memorable:1.0
thanks:1.0
bolt:1.0
p.s:1.0
please:1.0
email:1.0
well:1.0
possible:1.0
psychmips.york.ac.uk:1.0
