crypt-comments:1.0
math.ncsu.edu:1.0
subject:1.0
cryptography:1.6931471805599454
faq:2.6094379124341005
07/10:1.0
digital:2.09861228866811
signatures:1.6931471805599454
archive-name:1.0
cryptography-faq/part07:1.0
last-modified:1.0
1993/4/15:1.0
sci.crypt:2.09861228866811
part:2.386294361119891
7:1.0
hash:3.833213344056216
functions:3.1972245773362196
seventh:1.0
ten:1.0
parts:2.09861228866811
mostly:1.0
independent:1.0
read:1.0
first:1.0
rest:1.0
dont:1.6931471805599454
time:1.0
send:1.0
missing:1.0
mail:1.0
ask:1.0
notes:1.0
kah67:1.0
refer:1.6931471805599454
reference:1.0
list:1.0
last:1.0
sections:1.0
available:2.09861228866811
via:1.0
anonymous:1.0
ftp:1.0
rtfm.mit.edu:1.0
pub/usenet/news.answers/cryptography-faq/part:1.0
xx:1.0
posted:1.0
newsgroups:1.0
sci.answers:1.0
news.answers:1.0
every:1.0
21:1.0
days:1.0
contents:1.0
one-way:3.0794415416798357
function:3.1972245773362196
difference:2.09861228866811
public:3.1972245773362196
private:3.1972245773362196
secret:1.6931471805599454
shared:2.386294361119891
etc:1.6931471805599454
md4:2.09861228866811
md5:2.791759469228055
snefru:2.386294361119891
typical:1.0
takes:1.0
variable-length:1.0
message:3.302585092994046
produces:1.0
fixed-length:1.0
given:1.0
computationally:1.6931471805599454
impossible:1.6931471805599454
find:1.0
fact:1.0
one:2.09861228866811
cant:1.0
determine:1.6931471805599454
usable:1.0
information:1.0
even:1.0
single:1.0
bit:1.0
also:1.6931471805599454
two:1.0
messages:1.0
produce:1.6931471805599454
like:1.6931471805599454
encryption:2.6094379124341005
heres:1.0
application:1.6931471805599454
public-key:1.6931471805599454
signature:2.09861228866811
systems:1.0
relatively:1.0
slow:1.0
sign:1.6931471805599454
long:1.0
may:1.0
take:1.0
longer:1.0
user:1.0
willing:1.0
wait:1.0
solution:1.0
compute:1.0
short:1.0
anyone:1.6931471805599454
wants:1.0
verify:1.6931471805599454
thing:1.0
another:1.0
name:1.0
digest:2.09861228866811
horrendous:1.0
mishmash:1.0
terminology:1.0
literature:1.0
small:1.0
set:1.0
concepts:1.0
algorithm:2.6094379124341005
depends:1.6931471805599454
key:2.791759469228055
isnt:1.6931471805599454
published:1.6931471805599454
call:1.6931471805599454
otherwise:1.0
e:1.6931471805599454
decryption:1.6931471805599454
hashing:2.09861228866811
h:1.6931471805599454
verification:2.09861228866811
v:1.6931471805599454
x:1.6931471805599454
1:1.0
cryptosystem:1.0
checksums:1.0
mentioned:1.0
previous:1.0
question:1.0
person:1.0
everyone:1.0
correct:1.0
obviously:1.0
meant:1.0
unusable:1.0
doesnt:1.0
theres:1.0
real:1.0
encrypt:1.0
data:1.0
friend:1.0
rather:1.6931471805599454
eyes:1.0
suddenly:1.0
shared-key:1.0
private-key:1.0
developed:1.6931471805599454
ron:1.0
rivest:1.0
definitions:1.6931471805599454
appear:1.6931471805599454
rfc:2.09861228866811
1320:1.0
1321:1.0
see:1.0
10:1.0
code:1.6931471805599454
ftpmd:1.0
note:1.0
transcription:1.0
error:1.0
found:1.0
original:1.0
draft:1.0
corrected:1.0
called:1.0
md5a:1.0
though:1.0
people:1.0
family:1.6931471805599454
ralph:1.0
merkle:1.0
snefru-8:1.0
8-round:1.0
newest:1.0
merkles:1.0
paper:1.0
me91a:1.0
ftpsf:1.0
