johnson:2.791759469228055
trwacs.fp.trw.com:2.09861228866811
steve:1.0
subject:1.0
know:1.6931471805599454
keys:1.0
ask:1.0
clipper:1.0
brad:2.09861228866811
clarinet.com:1.0
templeton:1.6931471805599454
writes:1.0
course:1.0
identify:1.0
phone:2.09861228866811
company:1.6931471805599454
since:1.0
complies:1.0
court:1.0
orders:1.0
magic:1.0
number:1.0
chip:1.0
sign:1.0
warrant:1.6931471805599454
present:1.0
key:1.6931471805599454
escrow:1.0
house:1.0
makes:1.0
forget:1.0
destroy:1.0
copies:1.0
theyve:1.0
decided:1.0
youre:1.0
criminal:1.0
today:1.0
curious:1.0
clarinet:1.0
communications:1.0
corp:1.0
sunnyvale:1.0
ca:1.0
408/296-0366:1.0
views:1.6931471805599454
expressed:1.6931471805599454
employer:1.6931471805599454
steven:1.6931471805599454
c:1.6931471805599454
wb3iru:1.6931471805599454
vk2gds:1.6931471805599454
trw:1.6931471805599454
fp1:1.6931471805599454
3133:1.6931471805599454
129.193.172.90:1.6931471805599454
1:2.09861228866811
federal:1.0
systems:1.0
park:1.0
drive:1.0
703:1.6931471805599454
968.1000:1.0
fairfax:1.0
virginia:1.0
22033-4412:1.0
u.s.a:1.0
fax:1.0
803.5189:1.0
