murray:1.6931471805599454
src.dec.com:1.0
hal:1.0
subject:1.0
know:1.0
keys:1.6931471805599454
ask:1.0
clipper:1.0
article:1.0
1993apr17.031520.13902:1.0
clarinet.com:1.6931471805599454
brad:1.6931471805599454
templeton:1.0
writes:1.0
actual:1.0
algorithm:1.0
classified:1.0
however:1.0
main:1.0
thrust:1.0
cellular:1.0
phones:1.0
encryption:1.0
radio:1.6931471805599454
end:2.6094379124341005
think:1.0
come:1.0
later:1.0
encrypting:1.0
link:1.0
doesnt:1.0
make:1.0
sense:1.0
means:1.0
telco:1.0
decryption:1.0
hence:1.0
need:1.0
going:1.0
kept:1.0
secure:1.0
