mearle:1.6931471805599454
netcom.com:1.6931471805599454
mark:1.0
earle:1.0
subject:1.0
pgp:1.6931471805599454
2.0:2.09861228866811
vs:1.0
2.2:2.386294361119891
ive:1.0
seen:1.0
mentioned:1.0
mac:1.0
platform:1.0
use:1.0
ms/dos:1.6931471805599454
site:1.0
two:1.0
available:1.0
id:1.0
need:1.0
executables:1.0
although:1.0
source:1.0
would:1.0
nice:1.0
review:1.0
fixed:1.0
changed:1.0
thanks:1.0
mwe:1.0
finger:1.0
pgp2.0:1.0
public:1.0
key:1.0
