amanda:2.09861228866811
intercon.com:1.0
walker:1.6931471805599454
subject:1.0
tapped:1.0
code:1.0
good:1.0
tcmay:1.0
netcom.com:1.0
timothy:1.0
c:1.0
may:1.0
writes:1.0
worse:1.6931471805599454
current:1.0
unsecure:1.0
system:1.6931471805599454
becomes:1.0
much:1.0
course:1.0
government:1.0
uses:1.0
clinton:1.0
clipper:1.0
argue:1.0
restrictions:1.0
unapproved:1.0
encryption:1.0
main:1.0
concern:1.0
us:1.0
think:1.0
camels:1.0
nose:1.0
tent:1.0
etc:1.0
agree:1.0
danger:1.0
see:1.0
say:1.0
political:1.0
issue:1.0
technical:1.0
one:1.0
intercon:1.0
systems:1.0
corporation:1.0
