gthomas:1.6931471805599454
fraser.sfu.ca:1.0
guy:1.6931471805599454
thomas:1.0
subject:1.0
going:1.0
zrepachol:1.6931471805599454
cc.curtin.edu.au:2.09861228866811
paul:1.6931471805599454
repacholi:1.6931471805599454
writes:1.6931471805599454
article:1.0
1993apr16.055100.1:1.0
cant:1.0
bothered:1.0
reading:1.0
get:1.0
video:1.6931471805599454
manufacturing:1.0
consent:1.0
reply:1.0
mail:1.0
queries:1.0
dont:1.0
know:1.0
available:1.0
yet:1.0
asked:1.0
month:1.0
ao:1.0
told:1.0
rsn:1.0
yes:1.0
national:1.0
film:1.0
board:1.0
canada:1.0
native-ed.bc.ca:1.0
