kadie:2.386294361119891
cs.uiuc.edu:1.6931471805599454
carl:1.6931471805599454
subject:1.0
clipper:1.6931471805599454
crap:1.0
encryptions:1.0
dual-edge:1.0
sword:1.0
encryption:1.0
helps:1.0
protect:1.0
privacy:1.0
individuals:1.0
industry:1.0
also:1.0
shield:1.0
criminals:1.0
terrorists:1.0
need:1.0
chip:1.0
necessity:1.0
plea:1.0
every:1.0
infringement:1.0
human:1.0
freedom:1.0
argument:1.0
tyrants:1.0
creed:1.0
slaves:1.0
william:1.0
pitt:1.0
represent:1.0
organization:1.0
