masjhd:1.0
gdr.bath.ac.uk:1.0
james:1.6931471805599454
davenport:1.6931471805599454
subject:1.0
trinomial-based:1.0
prng:1.0
tried:1.0
mail:1.0
peter:1.0
boucher:1.0
posted:1.0
question:1.0
e-mail:1.0
bounced:1.0
apologies:1.0
thsoe:1.0
interested:1.0
trinomials:2.6094379124341005
form:1.0
x**a:1.0
x**b:1.0
1:2.09861228866811
read:1.0
bremner:1.0
type:1.0
x:2.09861228866811
n:1.6931471805599454
ax:1.0
math:2.386294361119891
scand:2.386294361119891
49:1.0
1981:1.0
pp:2.386294361119891
145-155:1.0
zbl:1.6931471805599454
458.12012:1.0
mr:1.0
83k:12002:1.0
ljunggren:1.0
w:1.0
irreducibility:1.6931471805599454
certain:1.6931471805599454
quadrinomials:1.0
8:1.6931471805599454
1960:1.6931471805599454
65-70:1.0
tverberg:1.6931471805599454
h:1.6931471805599454
mpm:1.6931471805599454
121-126:1.0
cubic:1.0
factors:1.0
53:1.0
1983:1.0
178-184:1.0
513.12003:1.0
jhd:1.0
maths.bath.ac.uk:1.0
