reeds:2.09861228866811
alice.att.com:1.0
jim:1.6931471805599454
subject:1.0
patents:1.0
rc2:1.6931471805599454
rc4:1.6931471805599454
article:1.0
matt-160493203627:1.0
wardibm2.med.yale.edu:1.0
matt:1.6931471805599454
wardsgi.med.yale.edu:1.0
healy:1.0
writes:1.6931471805599454
bontchev:1.6931471805599454
fbihh.informatik.uni-hamburg.de:1.0
vesselin:1.0
wrote:1.0
ahaley:1.0
eoe.co.uk:1.0
andrew:1.0
haley:1.0
coca-cola:1.0
pepsi:1.0
cola:1.6931471805599454
teach:1.0
us:1.0
surely:1.0
must:1.0
use:1.0
pop:1.0
patent:1.0
law:1.0
examples:1.0
discuss:1.0
would:1.0
make:1.0
sense:1.0
consider:1.0
case:1.0
rc:1.0
