wesommer:1.0
mit.edu:1.6931471805599454
bill:1.0
sommerfeld:1.0
subject:1.0
source:1.0
announcement:1.0
telnet:2.6094379124341005
csrc.ncsl.nist.gov:1.6931471805599454
25:2.6094379124341005
trying:2.6094379124341005
connected:2.6094379124341005
escape:2.6094379124341005
character:2.6094379124341005
220:2.6094379124341005
first.org:2.386294361119891
sendmail:2.386294361119891
4.1/nist:1.6931471805599454
ready:2.6094379124341005
sat:2.386294361119891
17:2.386294361119891
apr:2.386294361119891
93:2.386294361119891
20:42:56:1.0
edt:2.386294361119891
expn:2.9459101490553135
clipper:1.0
250:4.367295829986475
csspab:1.6931471805599454
mail-gw.ncsl.nist.gov:2.386294361119891
denning:1.0
cs.georgetown.edu:1.0
hoffman:1.0
seas.gwu.edu:1.0
mkapor:1.0
eff.org:1.0
rotenberg:1.0
cpsr.org:1.0
rivest:1.0
mhellman:1.0
stanford.edu:1.0
alanrp:1.0
aol.com:1.0
dparker:1.0
sri.com:1.0
jim:1.0
rsa.com:1.0
branstad:2.09861228866811
tis.com:1.6931471805599454
mgrsplus:1.6931471805599454
csmes.ncsl.nist.gov:2.386294361119891
quit:2.09861228866811
221:2.09861228866811
closing:1.6931471805599454
connection:2.386294361119891
closed:1.6931471805599454
note:1.0
also:1.0
129.6.54.2:1.0
rbj/dougm:1.0
23:08:58:1.0
mcnulty:2.6094379124341005
ecf.ncsl.nist.gov:2.6094379124341005
250-irene:1.0
gilbert:1.0
igilbert:1.0
250-dennis:1.6931471805599454
250-robert:1.0
rosenthal:1.0
rmr:1.0
250-gene:1.0
troy:1.6931471805599454
smid:2.386294361119891
st1.ncsl.nist.gov:2.791759469228055
steinauer:1.0
dds:1.0
katzke:2.386294361119891
129.6.48.199:1.0
4.1/rbj/jck-3:1.0
23:06:50:1.0
burrows:2.386294361119891
ecf:1.6931471805599454
250-bill:1.0
colvin:1.6931471805599454
gangemi:1.0
dockmaster.ncsc.mil:1.6931471805599454
250-john:1.0
kuyers:1.6931471805599454
slambert:1.0
cgin.cto.citicorp.com:1.0
lipner:1.0
mitre.org:1.0
gallagher:1.0
cindy_rand:1.0
postmaster.dot.gov:1.0
walker:1.0
willis:1.0
rand.org:1.0
250-eddie:1.0
zeitler:1.6931471805599454
250-cris:1.0
castro:1.6931471805599454
whitehurst:1.0
vnet.ibm.com:1.0
129.6.54.91:1.0
4.1/nbs-rbj.11:1.0
23:13:43:1.0
miles:1.0
stuart:1.0
foreign:1.0
host:1.6931471805599454
129.6.48.2:1.0
tgv/multinet:1.6931471805599454
smtp:1.6931471805599454
service:1.6931471805599454
james:1.0
lynn:1.0
complete:1.0
whois:1.6931471805599454
h:1.0
rs.internic.net:1.0
national:1.0
institute:1.0
standards:1.0
technology:1.0
first-dom:1.0
225/a216:1.0
nist:1.0
gaithersburg:1.0
md:1.0
20899:1.0
domain:1.6931471805599454
name:1.0
administrative:1.0
contact:2.09861228866811
wack:1.6931471805599454
john:1.0
p:1.0
jpw18:1.0
enh.nist.gov:1.6931471805599454
301:1.6931471805599454
975-3411:1.0
fts:1.6931471805599454
879-3411:1.0
technical:1.0
zone:1.0
hunt:1.6931471805599454
craig:1.0
w:1.0
cwh3:1.0
975-3827:1.0
879-3827:1.0
record:1.0
last:1.0
updated:1.0
17-dec-91:1.0
servers:1.0
listed:1.0
order:1.0
dove.nist.gov129.6.16.2:1.0
ames.arc.nasa.gov128.102.18.3:1.0
internic:1.0
registration:1.0
services:1.0
contains:1.0
internet:1.0
information:1.6931471805599454
networks:1.0
asns:1.0
domains:1.0
pocs:1.0
please:1.0
use:1.0
server:1.0
nic.ddn.mil:1.0
milnet:1.0
