sethf:1.6931471805599454
athena.mit.edu:1.6931471805599454
seth:1.6931471805599454
finkelstein:1.6931471805599454
subject:1.0
source:1.0
announcement:1.0
also:1.0
note:1.0
branstad:1.0
tis.com:2.791759469228055
walker:2.09861228866811
whois:1.0
h:1.0
rs.internic.net:1.0
tis-dom:1.6931471805599454
trusted:1.0
information:1.0
systems:1.0
inc:1.0
3060:1.0
washington:1.0
road:1.6931471805599454
route:1.0
97:1.0
glenwood:1.0
md:1.0
21738:1.0
domain:1.6931471805599454
name:1.0
administrative:1.0
contact:2.09861228866811
stephen:1.0
stw3:1.0
301:1.6931471805599454
854-6889:1.6931471805599454
technical:1.0
zone:1.0
dalva:1.0
david:1.0
did1:1.0
dave:1.0
record:1.0
last:1.0
updated:1.0
02-jul-92:1.0
servers:1.0
listed:1.0
order:1.0
192.33.112.100:1.0
la.tis.com:1.0
192.5.49.8:1.0
dockmaster:1.0
infamous:1.0
address:1.0
hell:1.0
paved:1.0
good:1.0
intentions:1.0
