schinagl:1.6931471805599454
fstgds15.tu-graz.ac.at:1.0
hermann:1.6931471805599454
subject:1.0
need:1.0
source:2.09861228866811
feal:2.09861228866811
encrytion:1.0
algorithm:1.6931471805599454
hi:1.0
interested:1.0
encryption:1.0
someone:1.0
know:1.0
get:1.0
find:1.0
documentation:1.0
thanks:1.0
advance:1.0
ciao:1.0
please:1.0
email:1.0
