strnlght:1.0
netcom.com:1.0
david:2.09861228866811
sternlight:1.6931471805599454
subject:1.0
tapped:1.0
code:1.0
good:1.0
article:1.0
apr18.194927.17048:1.0
yuma.acns.colostate.edu:1.0
holland:1.6931471805599454
cs.colostate.edu:1.0
douglas:1.0
craig:1.0
writes:1.0
note:1.0
measures:1.0
protect:1.0
tempest:1.6931471805599454
surveillance:1.0
still:1.0
classified:1.0
far:1.0
know:1.0
think:1.0
inaccurate:1.0
one:1.0
buy:1.0
equipment:1.0
commercially:1.0
even:1.0
macs:1.0
great:1.0
care:1.0
taken:1.0
ensure:1.0
accuracy:1.0
information:1.0
errors:1.0
omissions:1.0
excepted:1.0
