mcbeeb:1.6931471805599454
atlantis.csos.orst.edu:1.0
brian:1.6931471805599454
mcbee:1.6931471805599454
subject:1.0
clipper:1.0
stay:1.6931471805599454
classified:1.0
maybe:1.0
dont:1.0
know:1.6931471805599454
enough:1.0
asking:1.0
millions:1.0
things:1.0
could:1.0
algorythm:1.0
possibly:1.0
secret:1.0
couldnt:1.0
clever:1.0
hackers:1.0
grind:1.0
thing:1.0
layer:1.6931471805599454
see:1.0
worked:1.0
atlantis.cs.orst.edu:1.0
finger:1.0
pgp:1.0
2.1:1.0
key:1.0
