jyork:1.6931471805599454
iastate.edu:1.6931471805599454
justin:1.6931471805599454
york:1.6931471805599454
subject:1.0
clipper:1.6931471805599454
chip:1.6931471805599454
would:2.6094379124341005
work:1.6931471805599454
talk:1.0
developed:1.0
one:1.6931471805599454
question:1.6931471805599454
use:2.09861228866811
get:1.0
decrypted:1.0
end:1.0
party:2.09861228866811
receiving:1.0
phone:1.0
call/mail/etc:1.0
know:1.0
code:1.0
undo:1.0
different:1.6931471805599454
method:1.0
calling:1.0
another:1.0
decrypt:1.0
doesnt:1.0
mean:1.0
someone:1.6931471805599454
else:1.0
could:1.6931471805599454
also:1.0
assume:1.0
everyone:1.0
key:1.6931471805599454
storing:1.0
secure:1.0
data:1.0
later:1.0
retrieval:1.0
seems:1.0
like:1.0
fundamental:1.0
little:1.6931471805599454
experience:1.6931471805599454
cryptosystems:1.0
des:1.0
give:1.0
explanation:1.0
used:1.0
remember:1.0
sort:1.0
thing:1.0
much:1.0
appreciated:1.0
