douglas:1.0
johnson:1.0
p00450:1.0
psilink.com:1.0
subject:1.0
unix:1.6931471805599454
crypt:2.09861228866811
dos:2.09861228866811
ive:1.6931471805599454
recently:1.0
moved:1.0
box:1.0
number:1.0
files:1.0
used:1.6931471805599454
protect:1.0
anyone:1.0
know:1.0
version:1.0
found:1.0
one:1.0
insists:1.0
six:1.0
letter:1.0
keys:1.0
shorter:1.0
ones:1.0
thanks:1.0
help:1.0
doug:1.0
