ignatz:1.0
chinet.chi.il.us:1.0
dave:1.0
ihnat:1.0
subject:1.0
tapped:1.0
code:1.0
good:1.0
article:1.0
1qpg8finn982:1.0
dns1.nmsu.edu:1.0
amolitor:1.0
nmsu.edu:1.0
andrew:1.0
molitor:1.0
writes:1.0
pick:1.0
mr:1.0
may:1.0
particular:1.0
course:1.0
isnt:1.0
kind:1.0
domino:1.6931471805599454
theory:1.6931471805599454
one:1.0
little:1.0
country:1.0
falls:1.0
neighbor:1.0
surely:1.0
follow:1.0
know:1.0
mining:1.0
salt:1.0
siberia:1.0
turning:1.0
captain:1.0
crunch:1.0
secret:1.0
decoder:1.0
rings:1.0
wrongness:1.0
attempt:1.0
correct:1.0
vietnam:1.0
et:1.0
al:1.0
wasnt:1.0
disproved:1.0
