jed:2.09861228866811
pollux.usc.edu:2.09861228866811
jonathan:1.6931471805599454
demarrais:1.6931471805599454
subject:1.0
crypto:1.6931471805599454
conference:1.6931471805599454
need:1.0
know:1.0
following:1.0
information:1.0
upcoming:1.0
address:1.0
submit:1.0
articles:1.0
number:1.0
copies:1.0
needed:1.0
thanks:1.0
jay:1.0
university:1.0
southern:1.0
california:1.0
depressingly:1.0
stupid:1.0
machine:1.0
marvin:1.0
