strnlght:1.0
netcom.com:1.0
david:2.09861228866811
sternlight:1.6931471805599454
subject:1.0
secret:1.0
algorithm:1.0
clipper:1.0
chip:1.0
crypto:1.6931471805599454
key-escrow:1.0
article:1.0
apr18.204843.50316:1.0
yuma.acns.colostate.edu:1.0
holland:1.6931471805599454
cs.colostate.edu:1.0
douglas:1.0
craig:1.0
writes:1.0
let:1.0
ask:1.0
would:1.6931471805599454
trust:1.0
richard:1.0
nixon:2.386294361119891
keys:1.0
wouldnt:1.0
take:1.0
mean:1.0
president:1.6931471805599454
private:1.0
citizen:1.0
sure:1.0
nothing:1.0
im:1.0
slightest:1.0
interest:1.0
great:1.0
care:1.0
taken:1.0
ensure:1.0
accuracy:1.0
information:1.0
errors:1.0
omissions:1.0
excepted:1.0
