brad:2.6094379124341005
clarinet.com:1.6931471805599454
templeton:2.09861228866811
subject:1.0
secret:2.09861228866811
algorithm:1.0
clipper:1.0
chip:1.0
crypto:2.6094379124341005
key-escrow:1.0
article:1.6931471805599454
1993apr18.032405.23325:1.0
magnus.acs.ohio-state.edu:1.6931471805599454
jebright:1.0
james:1.0
r:1.0
ebright:1.0
writes:1.6931471805599454
greatest:1.0
danger:1.0
escrow:1.0
database:1.6931471805599454
kept:1.6931471805599454
disk:1.0
would:1.0
chance:1.0
complete:1.0
copy:1.6931471805599454
could:1.0
somehow:1.0
leak:1.0
course:1.0
hard:1.0
backup:2.386294361119891
however:1.0
think:1.0
consequences:2.386294361119891
data:1.6931471805599454
warrant:1.6931471805599454
comes:1.6931471805599454
worse:1.0
isnt:1.0
effectively:1.6931471805599454
secure:1.6931471805599454
backups:1.0
thus:1.0
poster:1.6931471805599454
essentialy:1.0
arguing:1.0
better:1.6931471805599454
brain:1.0
wrong:1.0
gear:1.0
infer:1.0
first:1.0
sentence:1.0
meant:1.0
easy:1.0
clarinet:1.0
communications:1.0
corp:1.0
sunnyvale:1.0
ca:1.0
408/296-0366:1.0
