langley:1.6931471805599454
dirac.scri.fsu.edu:1.0
randolph:1.0
subject:1.0
text:1.0
white:1.0
house:1.6931471805599454
announcement:1.0
q:1.0
clipper:1.0
chip:1.0
encryption:1.0
gee:1.0
guess:1.0
also:1.0
repository:1.0
keys:2.09861228866811
car:1.0
safety:1.0
deposit:1.0
rdl:1.0
