uri:2.6094379124341005
watson.ibm.com:1.6931471805599454
blumenthal:1.0
subject:1.0
key:1.6931471805599454
registering:1.0
bodies:1.0
article:1.0
930419182442.669507:1.0
dockmaster.ncsc.mil:1.6931471805599454
grant:1.6931471805599454
lynn:1.0
r:1.0
writes:1.0
trust:2.09861228866811
nsa:1.6931471805599454
registrar:1.0
clipper:1.0
chip:1.0
halves:1.0
would:1.0
mitre:1.6931471805599454
either:1.0
wouldnt:1.0
another:1.0
reason:1.0
remember:1.0
cuckoos:1.0
egg:1.0
great:1.0
security:1.0
eh:1.0
well:1.0
list:1.0
known:1.0
turncoats:1.0
make:1.0
wonder:1.0
many:1.0
unknown:1.0
still:1.0
regards:1.0
scifi:1.0
angmar:1.0
disclaimer:1.0
