kadie:2.6094379124341005
eff.org:1.6931471805599454
carl:2.09861228866811
subject:1.0
would:1.0
clipper:2.386294361119891
make:1.0
good:1.6931471805599454
cover:1.6931471805599454
encryption:2.386294361119891
method:1.6931471805599454
might:1.0
way:1.0
use:1.0
another:1.0
layer:1.0
currently:1.0
send:1.0
encrypted:1.6931471805599454
message:1.6931471805599454
opponent:1.0
usually:1.6931471805599454
tell:1.0
1:1.0
using:1.6931471805599454
2:1.0
information:1.0
clear:1.0
opponents:1.6931471805599454
know:2.09861228866811
sending:1.0
clipper-text:1.6931471805599454
wont:1.0
encoded:1.0
get:1.0
clipper-keys:1.0
double:1.0
kind:1.0
like:1.0
safety:1.0
deposit:1.0
box:1.6931471805599454
containing:1.0
lock:1.0
dont:1.0
think:1.6931471805599454
replacements:1.0
also:1.0
front:1.0
ends:1.0
represent:1.0
eff:1.0
cs.uiuc.edu:1.0
