gumby:1.0
tweedledumb.cygnus.com:1.0
v:1.0
henkel-wallace:1.0
subject:1.0
screw:1.0
people:1.6931471805599454
crypto:1.0
hard-core:1.6931471805599454
hackers:1.6931471805599454
spooks:1.0
date:1.0
19:1.0
apr:1.0
93:1.0
19:57:21:1.0
gmt:1.0
jhart:1.0
agora.rain.com:1.0
jim:1.0
hart:1.0
simply:1.0
everyone:1.0
attitude:1.6931471805599454
computer:1.6931471805599454
never:1.0
make:1.0
phone:1.0
calls:1.0
away:1.0
10:1.0
yeards:1.0
everybody:1.0
talkig:1.0
pda:1.0
anyway:1.0
solve:1.0
problem:1.0
