ted:1.6931471805599454
nmsu.edu:1.0
dunning:1.0
subject:1.0
text:1.0
white:1.0
house:1.0
announcement:1.0
q:1.0
clipper:1.6931471805599454
chip:1.6931471805599454
encryption:1.0
nobody:1.0
seems:1.0
noticed:1.0
must:1.0
development:1.0
considerably:1.0
longer:1.0
3:1.0
months:1.0
clinton:1.6931471805599454
president:1.0
something:1.0
choosing:1.6931471805599454
bush:1.0
would:1.0
changed:1.0
slightest:1.0
works:1.0
time:1.0
