rja14:1.0
cl.cam.ac.uk:1.0
ross:1.6931471805599454
anderson:1.0
subject:1.0
clipper:1.0
chip:1.0
technical:1.0
details:1.0
article:1.0
1993apr19.052005.20665:1.0
ulysses.att.com:1.0
smb:1.0
research.att.com:1.0
steven:1.0
bellovin:1.0
writes:1.0
nothing:1.0
said:1.0
k_p:1.0
comes:1.0
youve:1.0
got:1.0
secure:1.0
device:1.0
dont:1.0
need:1.0
public:1.0
keys:1.0
secret:1.0
key:1.0
chips:1.0
share:1.0
sk:1.6931471805599454
use:1.0
kp:1.0
e:1.0
myname:1.0
yourname:1.0
date:1.0
maybe:1.0
thats:1.0
jim:1.0
bidzos:1.0
reported:1.0
cheesed:1.0
