marc:1.6931471805599454
tanda.isis.org:1.0
thibault:1.0
subject:1.0
dont:1.0
fight:1.0
clipper:1.0
chip:1.0
subvert:1.0
replace:1.0
article:1.0
ygoland.735123994:1.0
wright:1.0
jester:1.0
writes:1.0
proof:1.0
windows:1.0
virus:1.0
widespread:1.0
eats:1.0
disk:1.6931471805599454
space:1.0
slows:1.0
computer:1.6931471805599454
takes:1.0
control:1.0
performs:1.0
access:1.0
random:1.0
times:1.0
displays:1.0
silly:1.0
messages:1.0
screen:1.0
randomly:1.0
crashes:1.0
computer-vesselin:1.0
sounds:1.0
like:1.0
version:1.0
unix:1.0
solaris:1.0
