amanda:2.09861228866811
intercon.com:1.0
walker:1.6931471805599454
subject:1.0
text:1.0
white:1.0
house:1.0
announcement:1.0
q:1.0
clipper:1.0
chip:1.6931471805599454
encryption:1.0
gtoal:1.0
gtoal.com:1.0
graham:1.0
toal:1.0
writes:1.0
whatever:1.0
happens:1.0
though:1.0
effect:1.0
new:1.0
make:1.0
private:1.0
crypto:1.0
stand:1.0
like:1.0
sore:1.0
thumb:1.0
already:1.0
intercon:1.0
systems:1.0
corporation:1.0
