jbotz:1.6931471805599454
mtholyoke.edu:1.6931471805599454
jurgen:1.6931471805599454
botz:1.6931471805599454
subject:1.0
secret:1.0
source:1.0
announcement:1.0
article:1.0
marc.93apr17211937:1.0
oliver.mit.edu:1.0
marc:2.09861228866811
mit.edu:1.0
horowitz:1.0
n1nzu:1.0
writes:1.0
asked:1.6931471805599454
rather:1.0
computer:1.0
telnet:1.6931471805599454
csrc.ncsl.nist.gov:2.6094379124341005
25:1.0
trying:1.6931471805599454
connected:1.6931471805599454
escape:1.6931471805599454
character:1.6931471805599454
220:1.6931471805599454
first.org:2.09861228866811
sendmail:1.6931471805599454
4.1/nist:1.6931471805599454
ready:1.6931471805599454
sat:1.0
17:1.0
apr:1.6931471805599454
93:1.6931471805599454
20:42:56:1.0
edt:1.6931471805599454
expn:2.09861228866811
clipper:1.6931471805599454
250:1.0
csspab:1.0
mail-gw.ncsl.nist.gov:1.0
221:1.0
closing:1.0
connection:1.6931471805599454
closed:1.0
well:1.0
isnt:1.0
interesting:1.6931471805599454
dorothy:1.0
denning:1.0
mitch:1.0
kapor:1.0
even:1.0
smtp:1.6931471805599454
server:1.0
longer:1.0
recognizes:1.0
vrfy:1.0
commands:1.0
129.6.54.11:1.0
tue:1.0
20:1.0
17:01:34:1.0
500:1.0
command:1.0
unrecognized:1.0
seems:1.0
like:1.6931471805599454
sombody:1.0
didnt:1.0
snooping:1.0
around:1.0
vending:1.0
machines:1.0
respond:1.0
finger:1.0
south:1.0
hadley:1.0
usa:1.0
request:1.0
list:1.0
items:1.0
currently:1.0
unix:1.6931471805599454
dead:1.0
long:1.0
live:1.0
available:1.0
purchase:1.0
rfc1288:1.0
