usenet:1.0
news.cso.uiuc.edu:1.0
net:1.0
noise:1.0
owner:1.0
subject:1.0
facinating:1.0
facts:1.0
30:1.0
bit:1.0
serial:2.386294361119891
number:2.386294361119891
possibly:1.0
fixed:1.6931471805599454
s1:3.0794415416798357
s2:2.6094379124341005
way:1.0
view:1.0
method:1.0
generating:1.6931471805599454
unit:2.386294361119891
keys:2.09861228866811
back-door:1.0
else:1.0
call:1.0
key:2.386294361119891
deterministically:1.0
generated:1.0
generate:1.0
n:2.09861228866811
30-bit:1.0
value:1.0
first:1.6931471805599454
padded:1.6931471805599454
34-bit:1.6931471805599454
block:2.09861228866811
produce:1.6931471805599454
64-bit:2.09861228866811
n1:2.09861228866811
used:1.0
triple-encrypt:1.0
producing:1.0
r1:2.09861228866811
e:2.791759469228055
similarly:1.0
two:2.09861228866811
blocks:1.6931471805599454
n2:1.6931471805599454
n3:1.6931471805599454
additional:1.0
r2:2.09861228866811
r3:2.09861228866811
computed:1.0
concatenated:1.0
together:1.0
giving:1.0
192:1.0
bits:2.09861228866811
80:1.6931471805599454
assigned:1.0
u1:2.09861228866811
second:1.0
u2:2.09861228866811
rest:1.0
discarded:1.0
u:1.0
xor:1.0
parts:1.0
separately:1.0
escrowed:1.0
escrow:2.386294361119891
agencies:1.0
happens:1.0
need:1.6931471805599454
houses:2.386294361119891
completely:1.0
eliminated:1.0
say:1.0
access:1.0
decrypt:1.0
data:1.0
still:1.6931471805599454
serve:1.0
real:1.0
purpose:1.0
far:1.0
illusion:1.0
protection:1.0
small-town:1.0
cops:1.0
wont:1.0
let:1.0
secret:1.0
go:1.0
motions:1.0
going:1.0
fact:1.0
federal:1.0
government:1.0
build:1.0
chip:1.0
generates:1.0
encrypted:1.0
nuff:1.0
said:1.0
