rlglende:1.0
netcom.com:1.6931471805599454
robert:1.0
lewis:1.0
glendenning:1.0
subject:1.0
estimating:2.09861228866811
wiretap:3.0794415416798357
costs/benefits:1.0
article:1.0
1993apr20.203756.20667:1.0
kronos.arc.nasa.gov:1.6931471805599454
hanson:2.386294361119891
robin:1.6931471805599454
writes:1.0
im:2.09861228866811
attempting:1.0
write:1.0
serious:1.0
policy:1.6931471805599454
paper:1.6931471805599454
examining:1.0
whether:1.0
proposed:2.09861228866811
clipper:1.0
chip:2.09861228866811
cost-effective:1.6931471805599454
tool:1.0
police:2.09861228866811
investigation:1.0
ignoring:1.0
concerns:1.0
government:1.6931471805599454
intrusions:1.0
individual:1.0
privacy:1.0
value:1.0
easy:1.0
wiretaps:2.386294361119891
investigators:1.0
greater:1.0
cost:2.791759469228055
communications:1.0
industry:1.0
customers:1.0
support:1.6931471805599454
technology:2.09861228866811
rough:1.0
estimate:1.0
suggests:1.0
worth:1.6931471805599454
five:1.0
million:1.6931471805599454
dollars:1.6931471805599454
per:2.386294361119891
year:2.09861228866811
u.s:1.6931471805599454
law:1.6931471805599454
enforcement:1.6931471805599454
agencies:1.0
1990:1.0
872:1.0
led:1.6931471805599454
2057:1.0
arrests:1.6931471805599454
total:1.6931471805599454
expenditures:1.0
28:1.0
billion:1.0
11.25:1.0
ref:1.0
us:1.6931471805599454
statistical:1.0
abstracts:1.0
working:1.0
benefit:1.0
accurately:1.0
id:1.0
like:1.6931471805599454
ask:1.0
hardware:1.6931471805599454
experts:1.0
help:1.0
costs:1.0
new:1.0
please:1.0
send:1.0
quotable/citeable:1.0
estimates:1.0
many:1.0
chips:2.09861228866811
would:2.9459101490553135
need:1.0
made:1.0
keep:1.0
phones:1.0
much:2.09861228866811
make:1.0
develop:1.0
first:1.6931471805599454
place:1.0
supporting:1.0
people:1.6931471805599454
etc:2.09861228866811
percentage:1.6931471805599454
cheaper:1.0
encryption:1.6931471805599454
private:1.0
enterprise:1.0
could:1.0
compete:1.0
meet:1.0
customer:1.0
needs:1.0
phone:1.6931471805599454
traffic:1.6931471805599454
taken:1.0
blocks:1.0
handling:1.0
put:1.6931471805599454
another:1.0
way:1.0
question:1.0
asking:1.0
agency:1.0
wanted:1.0
particular:1.0
pay:1.0
charged:1.0
share:1.0
full:1.0
social:1.0
forcing:1.0
communication:1.0
compatible:1.0
choose:1.0
buy:1.0
find:1.0
instead:1.0
investigate:1.0
crimes:1.0
ways:1.0
ptolemy.arc.nasa.gov:1.0
415-604-3361:1.0
ms-269-2:1.0
nasa:2.09861228866811
ames:1.0
research:1.0
center:1.0
moffett:1.0
field:1.0
ca:1.6931471805599454
94035:1.0
510-651-7483:1.0
47164:1.0
male:1.0
terrace:1.0
fremont:1.0
94539-7921:1.0
fuck:1.0
wasting:1.0
tax:1.0
papers:1.0
stuff:1.0
far:1.0
outside:1.0
purvew/mission:1.0
second:1.0
isnt:1.0
problem:1.6931471805599454
economics:1.0
incremental:1.0
accumulation:1.0
police-state:1.0
powers:1.0
exactly:1.0
price:1.0
loss:1.0
freedom:1.0
society:1.6931471805599454
maybe:1.0
use:1.0
dollars/life:1.6931471805599454
lost:1.6931471805599454
calculations:1.0
extra:1.0
killed:1.0
gov:1.6931471805599454
pain:1.0
suffering:1.0
cases:1.0
tortured:1.0
caused:1.0
inevitable:1.6931471805599454
collapse:1.6931471805599454
economy:1.6931471805599454
secondary:1.0
effects:1.0
diseases:1.0
diet:1.0
plus:1.0
controls:1.0
becomes:1.0
corrupt:1.0
favor:1.0
resign:1.0
rather:1.0
right:1.0
go:1.0
useful:1.0
work:1.0
lew:1.6931471805599454
glendenningrlglende:1.0
perspective:1.0
80:1.0
iq:1.0
points:1.0
niels:1.0
bohr:1.0
somebody:1.0
