amanda:2.09861228866811
intercon.com:1.0
walker:1.6931471805599454
subject:1.0
secret:1.0
algorithm:1.0
clipper:1.0
chip:1.0
crypto:1.0
key-escrow:1.0
pdc:1.0
dcs.ed.ac.uk:1.0
paul:1.0
crowley:1.0
writes:1.0
cleaners:1.0
ill:1.0
stick:1.0
850w:1.0
electrolux:1.0
damn:1.0
carpet:1.0
nah:1.0
nothing:1.0
sucks:1.0
like:1.0
vax:1.0
intercon:1.0
systems:1.0
corporation:1.0
