steve-b:1.0
access.digex.com:1.0
steve:1.0
brinich:1.0
subject:1.0
tapped:1.0
code:1.0
good:1.0
wonder:1.0
landed:1.0
fat:1.0
fee:1.0
cooperation:1.0
nsa:1.6931471805599454
design:1.0
propoganda:1.0
stages:1.0
doesnt:1.0
care:1.6931471805599454
say:1.0
totally:1.0
perfidious:1.0
least:1.0
redeeming:1.0
virtue:1.0
taking:1.0
g:1.0
