strnlght:1.0
netcom.com:2.09861228866811
david:2.09861228866811
sternlight:1.6931471805599454
subject:1.0
escrow:1.0
database:1.0
article:1.0
tcmayc5rs6n.lz8:1.0
tcmay:1.0
timothy:1.0
c:1.0
may:1.0
writes:1.0
waco:1.0
massacre:1.0
big:1.0
brother:1.0
wiretap:1.0
chip:1.0
tactic:1.0
fair:1.0
pernicious:1.0
nonsense:1.0
great:1.0
care:1.0
taken:1.0
ensure:1.0
accuracy:1.0
information:1.0
errors:1.0
omissions:1.0
excepted:1.0
