strnlght:1.0
netcom.com:1.0
david:2.09861228866811
sternlight:1.6931471805599454
subject:1.0
would:1.0
clipper:2.09861228866811
make:1.0
good:1.0
cover:1.0
encryption:1.6931471805599454
method:1.0
article:1.0
1993apr20.032623.3046:1.0
eff.org:1.6931471805599454
kadie:1.6931471805599454
carl:1.0
writes:1.0
dont:1.0
think:1.6931471805599454
replacements:1.0
also:1.0
front:1.6931471805599454
ends:1.0
makes:1.0
sense:1.0
government:1.0
prohibits:1.0
alternative:1.0
non-escrowed:1.0
schemes:1.0
otherwise:1.0
use:1.0
end:1.0
without:1.0
great:1.0
care:1.0
taken:1.0
ensure:1.0
accuracy:1.0
information:1.0
errors:1.0
omissions:1.0
excepted:1.0
