holthaus:2.09861228866811
news.weeg.uiowa.edu:1.0
james:1.6931471805599454
r:1.0
subject:1.0
cryptology:1.0
world:1.6931471805599454
status:1.0
cruptology:1.0
private:1.0
citizens:1.6931471805599454
throughout:1.0
clearly:1.0
listing:1.0
countries:1.0
policies:1.0
encrypting:1.0
electronic:1.0
data:1.0
im:1.0
curious:1.0
europeans:1.0
handle:1.0
instance:1.0
james-holthaus:1.0
uiowa.edu:1.0
government:1.0
association:1.0
men:1.0
violence:1.0
rest:1.0
us:1.0
leo:1.0
tolstoy:1.0
pgp:1.0
2.2:1.0
public:1.0
key:1.6931471805599454
available:1.0
request:1.0
server:1.0
