subject:1.0
looking:1.0
ms-dos:1.6931471805599454
crypto:1.0
programs:1.0
extdsm:1.0
lure.latrobe.edu.au:1.0
maddison:1.6931471805599454
david:1.6931471805599454
new:1.0
reader:1.0
sci.crypt:1.0
would:1.6931471805599454
like:1.6931471805599454
obtain:1.6931471805599454
copy:1.0
public:1.0
domain:1.0
program:1.6931471805599454
encrypt:1.0
files:1.0
preferably:1.0
using:1.0
des:1.0
runs:1.0
also:1.0
password:1.0
protect:1.0
floppy:1.0
disks:1.0
possible:1.0
thanks:1.0
melbourne:1.0
australia:1.0
