amanda:2.09861228866811
intercon.com:1.0
walker:1.6931471805599454
subject:1.0
clipper:1.0
considered:1.0
harmful:1.0
shirriff:1.6931471805599454
sprite.berkeley.edu:1.0
ken:1.0
writes:1.0
since:1.0
archiving:1.0
would:1.0
powerful:1.0
tool:1.0
easy:1.0
wouldnt:1.0
happen:1.0
enough:1.0
magtape:1.0
seriously:1.0
idea:1.0
much:1.0
traffic:1.0
flows:1.0
us:1.0
phone:1.0
system:1.0
single:1.0
day:1.0
intercon:1.0
systems:1.0
corporation:1.0
