subject:1.0
tapped:1.0
code:1.0
good:1.0
a_rubin:2.09861228866811
dsg4.dse.beckman.com:2.09861228866811
arthur:2.386294361119891
rubin:2.09861228866811
1993apr20.151718.2576:1.0
magnus.acs.ohio-state.edu:1.6931471805599454
jebright:1.0
james:1.0
r:1.0
ebright:1.0
writes:1.6931471805599454
article:1.0
wouldnt:1.0
trust:1.6931471805599454
nsa:1.0
think:1.0
would:1.6931471805599454
president:2.09861228866811
im:1.0
certain:1.0
told:1.0
crook:1.0
richard:1.0
nixon:1.0
could:1.0
easily:1.0
wrong:1.0
l:1.0
work:1.0
beckman:1.0
instruments/brea:1.0
216-5888:1.0
mcimail.com:1.0
70707.453:1.0
compuserve.com:1.0
pnet01.cts.com:1.0
personal:1.0
opinions:1.0
represent:1.0
employer:1.0
