gtoal:1.0
gtoal.com:1.0
graham:1.0
toal:1.0
subject:1.0
shelf:1.0
cheap:1.0
des:1.6931471805599454
keyseach:1.0
machine:1.0
corporate:1.0
acceptance:1.0
wiretap:1.0
chip:1.0
think:1.0
also:1.0
point:1.0
mystical:1.0
engines:1.6931471805599454
known:1.0
plaintext:1.0
unless:1.0
add:1.0
ton:1.6931471805599454
really:1.6931471805599454
smart:2.09861228866811
hardware:1.6931471805599454
assume:1.0
doesnt:1.0
g:1.0
