random:1.6931471805599454
presto.uucp:1.0
jeff:1.6931471805599454
w:1.0
hyche:1.6931471805599454
subject:1.0
tapped:1.0
code:1.0
good:1.0
article:1.0
1993apr18.150259.1748:1.0
escom.com:1.0
al:1.0
donaldson:1.0
writes:1.0
unrelated:1.0
question:1.0
isnt:1.0
term:1.0
clipper:1.6931471805599454
neat:1.0
already:1.0
taken:1.0
intergraph:2.09861228866811
yes:1.0
trademark:1.0
risc:1.0
chip:1.0
used:1.0
thier:1.6931471805599454
workstations:1.0
wonder:1.0
going:1.0
infringement:1.0
name:1.0
sake:1.0
one:1.0
presto:1.0
uunet.uu.net:1.0
x:1.0
