eachus:2.09861228866811
spectre.mitre.org:1.0
robert:1.6931471805599454
subject:1.0
shelf:1.0
cheap:1.0
des:1.6931471805599454
keyseach:1.0
machine:2.09861228866811
corporate:1.0
acceptance:1.0
wiretap:1.0
chip:1.6931471805599454
smb:1.0
research.att.com:1.0
steven:1.0
bellovin:1.0
writes:1.0
thousands:1.6931471805599454
tens:1.0
arithmetic:1.0
please:1.0
skipjack:1.0
2^80:1.6931471805599454
possible:2.09861228866811
keys:1.6931471805599454
lets:1.0
assume:1.0
brute-force:1.0
engine:1.0
like:1.0
hypothesized:1.0
1:1.6931471805599454
microsecond:1.6931471805599454
per:2.386294361119891
trial:1.6931471805599454
million:1.6931471805599454
chips:2.09861228866811
thats:1.0
10^12:1.0
trials:1.6931471805599454
second:1.0
38,000:1.0
years:1.6931471805599454
well:1.0
maybe:1.0
get:1.0
running:1.0
one:2.791759469228055
nanosecond:1.0
build:1.0
10:1.0
sure:1.0
3.8:1.0
solution:1.0
much:1.0
pernicious:1.0
problem:1.0
scheme:2.09861228866811
proposed:1.0
building:1.0
brute:1.0
force:1.0
test:1.6931471805599454
2^40:1.0
half:1.0
escrow:2.791759469228055
agent:1.6931471805599454
easy:1.0
gives:2.386294361119891
break:1.6931471805599454
every:1.0
two:1.6931471805599454
weeks:1.0
messages:1.0
involving:1.0
phone:1.0
xor:1.6931471805599454
files:1.0
nothing:1.0
improvement:1.0
notice:1.0
xoring:1.0
truely:1.0
random:1.6931471805599454
bit:1.6931471805599454
strings:1.6931471805599454
allows:1.0
arbitrary:1.0
number:1.0
agents:2.09861228866811
using:1.0
sk:1.0
escrowed:1.0
key:1.0
b:1.0
hand:1.0
sk+a+b:1.0
sk+a:1.0
sk+b:1.0
three:1.0
come:1.0
encoding:1.0
match:1.0
pattern:1.0
example:1.0
3:1.0
4:1.0
fewer:1.0
cooperating:1.0
cracking:1.0
agency:1.0
benefit:1.0
standard_disclaimer:1.6931471805599454
use:1.0
function:1.0
message:1.0
text:1.0
clever_ideas:1.0
return:1.0
better_ideas:1.0
