jgfoot:1.0
minerva.cis.yale.edu:1.0
josh:1.0
goldfoot:1.0
subject:1.0
organized:1.0
lobbying:1.0
cryptography:1.0
tarl:1.6931471805599454
neustaedter:1.0
coyoacan.sw.stratus.com:1.0
wrote:1.0
means:1.0
effs:1.6931471805599454
public:1.0
stance:1.0
complicated:1.0
issues:1.6931471805599454
irrelevant:1.0
encryption:1.6931471805599454
issue:2.09861228866811
per:1.0
se:1.0
may:1.6931471805599454
well:1.0
people:1.0
care:1.6931471805599454
dont:1.0
associate:1.0
network:1.0
erotica:1.0
even:1.0
disagree:1.0
position:1.0
perhaps:1.0
encryption-only:1.0
types:1.0
would:1.0
defend:1.0
digitized:1.0
porn:1.0
posted:1.0
encrypted:1.0
seperable:1.0
maintain:1.0
