rdippold:1.0
qualcomm.com:1.0
ron:1.0
asbestos:1.0
dippold:1.0
subject:1.0
tapped:1.0
code:1.0
good:2.09861228866811
random:1.0
presto.uucp:1.0
jeff:1.0
w:1.0
hyche:1.0
writes:1.0
yes:1.0
clipper:1.0
trademark:1.0
intergraph:1.6931471805599454
risc:1.0
chip:1.0
used:1.0
thier:1.6931471805599454
workstations:1.0
wonder:1.0
going:1.0
infringement:1.0
name:1.0
sake:1.0
probably:1.0
keep:1.0
quiet:1.0
take:1.0
lest:1.0
get:1.0
kneecaps:1.0
busted:1.0
news:1.0
ten:1.0
weeks:1.0
friday:1.0
day:1.0
