rdippold:1.0
qualcomm.com:1.0
ron:1.0
asbestos:1.0
dippold:1.0
subject:1.0
need:2.6094379124341005
clipper:1.0
cheap:1.6931471805599454
security:1.0
gtoal:1.0
gtoal.com:1.0
graham:1.0
toal:1.0
writes:1.0
someone:1.0
tell:1.0
hardware:2.386294361119891
compression:2.386294361119891
needed:1.0
run:1.0
digital:1.0
speech:1.6931471805599454
14.4k:1.0
think:1.0
ive:1.0
heard:1.0
lets:1.0
say:1.0
8:1.6931471805599454
bit:2.09861228866811
samples:2.386294361119891
would:1.0
raw:1.0
data:1.0
corresponding:1.0
sampling:1.6931471805599454
rate:2.6094379124341005
usable:1.0
fancy:1.0
good:2.09861228866811
vocoder:1.6931471805599454
like:1.0
give:1.0
8000:1.6931471805599454
bits:1.0
per:1.0
second:2.09861228866811
locked:1.0
full:2.09861228866811
variable:1.6931471805599454
voice:1.6931471805599454
activity:1.0
want:1.6931471805599454
less:1.0
quality:1.6931471805599454
cut:1.0
4000:1.6931471805599454
bps:1.0
half:1.0
could:2.386294361119891
put:1.0
two:1.0
full-duplex:1.0
conversations:1.0
v.32bis:1.6931471805599454
modem:1.0
requires:1.0
dsp:1.6931471805599454
asics:1.0
though:1.0
rs-6000:1.0
cpu:1.0
probably:1.0
real-time:1.6931471805599454
add-and-multiply:1.0
instruction:1.0
things:1.0
isdn:1.0
8-bit:1.0
32:1.0
kbps:1.6931471805599454
fast:1.6931471805599454
2:1:1.6931471805599454
get:1.0
16:1.0
point:1.0
bleah:1.0
work:1.0
add:1.0
time:1.6931471805599454
encryption:1.0
method:1.0
youre:1.0
going:1.0
problem:1.6931471805599454
new:1.0
mac:1.0
amiga:1.0
pc:1.6931471805599454
soundblaster:2.09861228866811
card:1.6931471805599454
theyre:1.0
popular:1.0
also:1.0
build:1.0
simple:1.0
adc:1.0
doesnt:1.0
seem:1.0
duplex:1.0
cant:1.6931471805599454
sample:1.0
play:1.0
backq:1.0
making:1.0
two-way:1.0
conversation:1.0
tough:1.0
special:1.0
capable:1.0
sound:1.0
may:1.0
required:1.0
thing:1.0
worries:1.0
automatically:1.0
dont:1.0
feel:1.0
processor:1.0
intensive:1.0
estimate:1.0
youd:1.0
men:1.0
drink:1.6931471805599454
poets:1.6931471805599454
us:1.0
