ab:1.6931471805599454
ersys.edmonton.ab.ca:1.6931471805599454
allan:1.6931471805599454
brockman:1.6931471805599454
subject:1.0
dont:1.6931471805599454
ftp:1.6931471805599454
live:1.6931471805599454
canada:1.6931471805599454
get:1.6931471805599454
rsa:2.09861228866811
ras:1.0
4:1.0
ataris:1.0
means:1.0
would:1.0
illeagle:1.0
u.s:1.0
citizen:1.0
send:1.0
program:1.0
gigerment:1.0
wishes:1.0
restrict:1.0
dispersil:1.0
someone:1.0
europe:1.0
must:1.0
ported:1.0
coppy:1.6931471805599454
atarist:1.0
non-ftp:1.0
news:1.0
feed:1.0
