smhanaes:1.0
gpu.utcc.utoronto.ca:1.0
wigglesworth:1.0
subject:1.0
freely:1.6931471805599454
distributable:1.6931471805599454
public:1.6931471805599454
key:1.6931471805599454
cryptography:1.6931471805599454
c:2.09861228866811
code:1.6931471805599454
know:1.0
rsa:1.0
ive:1.0
tried:1.0
various:1.0
archie:1.0
searches:1.0
avail:1.0
thanks:1.0
dan:1.0
