mjr:1.6931471805599454
tis.com:1.0
marcus:1.0
j:1.0
ranum:1.0
subject:1.0
shelf:1.0
cheap:1.0
des:1.0
keyseach:1.0
machine:1.6931471805599454
corporate:1.0
acceptance:1.0
wiretap:1.0
chip:1.0
mean:1.0
imagine:2.09861228866811
1:1.0
trial/nanosecond:1.0
storage:1.0
medium:1.0
could:1.0
index:1.0
archive:1.0
think:1.0
youd:1.0
massive:1.0
data:1.0
compression:1.0
fit:1.0
bit:1.0
key:1.0
information:1.0
primary:1.0
particle:1.0
known:1.0
universe:1.0
hey:1.0
fun:1.0
