elee9sf:2.09861228866811
menudo.menudo.uh.edu:1.0
karl:2.09861228866811
barrus:2.6094379124341005
subject:1.0
tapped:1.0
code:1.0
good:1.0
david:1.0
sternlight:1.0
writes:1.0
id:1.6931471805599454
trust:2.09861228866811
something:1.6931471805599454
nsa:2.09861228866811
long:1.0
swiss:1.0
anbody:1.0
japanese:1.0
incredible:1.0
statement:1.0
tried:1.0
suppress:1.0
public:1.0
key:1.0
crypto:1.6931471805599454
rsa:1.0
yet:1.0
claim:1.0
encourage:1.0
use:1.0
strong:1.0
us:1.0
citizens:1.0
would:1.0
black-box:1.0
versus:1.0
open:1.0
system:1.0
elsewhere:1.0
l:1.6931471805599454
menudo.uh.edu:1.6931471805599454
preferred:1.6931471805599454
address:1.6931471805599454
tree.egr.uh.edu:1.6931471805599454
nextmail:1.6931471805599454
