andyl:1.6931471805599454
harlqn.co.uk:1.0
andy:1.6931471805599454
latto:1.6931471805599454
subject:1.0
shelf:1.0
cheap:1.0
des:1.6931471805599454
keyseach:1.0
machine:1.0
corporate:1.0
acceptance:1.0
wiretap:1.0
chip:1.6931471805599454
article:2.09861228866811
1993apr21.132318.16981:1.0
ulysses.att.com:1.6931471805599454
smb:1.6931471805599454
research.att.com:1.6931471805599454
steven:1.6931471805599454
bellovin:1.6931471805599454
writes:2.09861228866811
c5sy1z.4td:1.0
demon.co.uk:1.0
graham:1.0
toal:1.0
gtoal:1.0
gtoal.com:1.0
1993apr20.192105.11751:1.0
thousands:1.6931471805599454
tens:1.0
arithmetic:1.0
please:1.0
skipjack:1.0
2^80:1.6931471805599454
possible:1.6931471805599454
keys:1.6931471805599454
dont:2.09861228866811
yet:1.0
know:1.6931471805599454
80:1.0
bits:2.9459101490553135
count:1.0
doesnt:1.0
worry:1.0
theyre:1.6931471805599454
going:1.6931471805599454
cheat:1.6931471805599454
something:1.6931471805599454
get:1.6931471805599454
caught:1.6931471805599454
key:3.0794415416798357
size:1.0
one:1.0
things:1.0
verified:1.6931471805599454
externally:1.6931471805599454
feed:1.0
lots:1.0
random:1.6931471805599454
key/input:1.0
pairs:1.0
try:1.0
flipping:1.0
see:1.6931471805599454
happens:1.0
output:2.09861228866811
already:1.0
happen:1.0
half:1.0
vary:1.0
average:1.0
1-bit:1.0
change:2.09861228866811
input:1.0
build:1.0
weak:1.0
cryptosystem:1.6931471805599454
might:1.0
case:1.0
much:1.0
less:1.6931471805599454
powerful:1.0
others:1.0
sense:1.0
enter:1.0
encryption:1.0
late:1.0
game:1.0
contrast:1.0
designed:1.0
use:1.6931471805599454
bit:1.6931471805599454
early:2.09861228866811
50:1.0
rate:1.0
appears:1.0
round:1.0
5:1.0
though:1.0
think:1.0
nsa:1.0
crudely:1.0
likely:1.0
consider:1.0
cryptosytem:1.0
starts:1.0
xoring:1.0
23:1.0
47:1.0
using:1.0
either:1.0
except:1.0
xor:1.0
system:1.6931471805599454
makes:1.0
every:1.0
exhaustive:1.6931471805599454
search:2.09861228866811
would:2.09861228866811
2^79:1.0
test:1.0
varying:1.0
single:1.0
wouldnt:1.0
turn:1.0
anything:1.0
interesting:1.0
remember:1.0
theyve:1.0
promised:1.0
let:1.0
committee:1.0
outside:1.0
experts:1.0
design:1.6931471805599454
assume:1.0
des-like:1.0
biased:1.0
subkey:1.0
generation:1.0
schedule:1.0
stick:1.6931471805599454
like:1.6931471805599454
sore:1.6931471805599454
thumb:1.6931471805599454
algorithm:1.0
suggest:1.0
im:1.0
sure:1.0
could:1.0
subtle:1.0
redundancy:1.0
well-hidden:1.0
still:1.0
make:1.0
take:1.0
far:1.0
encryptions:1.0
believe:1.0
claim:1.0
real:1.0
keysize:1.0
harlequin.com:1.0
