amanda:2.6094379124341005
intercon.com:1.6931471805599454
walker:2.09861228866811
subject:1.0
would:1.0
clipper:1.0
make:1.6931471805599454
good:1.0
cover:1.0
encryption:1.0
method:1.0
writes:1.0
dont:1.0
get:1.0
arms:1.0
government:1.6931471805599454
fails:1.6931471805599454
protect:2.09861228866811
interests:1.0
people:1.0
lifetime:1.6931471805599454
never:2.09861228866811
therefore:1.0
expectation:1.0
sure:1.0
everyone:1.0
clear:1.0
refers:1.0
protects:1.0
i.e:1.0
seen:1.0
u.s:1.6931471805599454
consistently:1.0
interest:1.0
citizens:1.0
except:1.0
accident:1.0
intercon:1.0
systems:1.0
corporation:1.0
