pdc:1.6931471805599454
dcs.ed.ac.uk:1.6931471805599454
paul:1.6931471805599454
crowley:1.6931471805599454
subject:1.0
organized:1.0
lobbying:1.0
cryptography:1.0
quoting:1.0
jgfoot:1.0
minerva.cis.yale.edu:1.0
article:1.0
1r3jgbinn35i:1.0
eli.cs.yale.edu:1.0
perhaps:1.0
encryption-only:1.0
types:1.0
would:1.0
defend:1.0
digitized:1.0
porn:1.0
posted:1.0
encrypted:1.0
issues:1.0
seperable:1.0
maintain:1.0
fact:1.0
since:1.0
effective:1.0
encryption:1.0
makes:1.0
censorship:1.0
impossible:1.0
almost:1.0
issue:1.0
certainly:1.0
fall:1.0
brief:1.0
eff:1.0
trust:1.0
know:1.0
im:1.0
x:1.0
fold:1.0
fish:1.0
jesus:1.0
