ebrandt:1.6931471805599454
jarthur.claremont.edu:1.6931471805599454
eli:1.6931471805599454
brandt:1.0
subject:1.0
secret:1.0
source:1.0
announcement:1.0
article:1.0
1r3hgqinndaa:1.0
uwm.edu:1.0
rick:1.6931471805599454
miller:1.0
ee.uwm.edu:1.0
writes:1.6931471805599454
jbotz:1.0
mtholyoke.edu:1.0
jurgen:1.0
botz:1.0
seems:1.0
like:1.6931471805599454
sombody:1.0
didnt:1.6931471805599454
snooping:1.0
around:1.0
marc:1.6931471805599454
likely:1.0
explanation:1.0
spoofing:1.0
try:1.0
expansion:1.0
personally:1.0
know:1.0
least:1.0
two:1.0
people:1.0
got:1.0
results:1.0
allegation:1.0
incorrect:1.0
best:1.0
pgp:1.0
2:1.0
key:1.0
finger:1.0
e-mail:1.0
