habs:2.09861228866811
panix.com:2.09861228866811
harry:2.09861228866811
shapiro:2.09861228866811
subject:1.0
secret:1.0
source:1.0
announcement:1.0
1r1om5:1.0
c5m:1.0
slab.mtholyoke.edu:1.0
jbotz:1.0
mtholyoke.edu:1.0
jurgen:1.0
botz:1.0
writes:1.0
even:1.0
interesting:1.0
smtp:1.6931471805599454
server:1.0
csrc.ncsl.nist.gov:2.09861228866811
longer:1.0
recognizes:1.0
expn:1.6931471805599454
vrfy:1.0
commands:1.0
telnet:1.0
trying:1.0
129.6.54.11:1.0
connected:1.0
escape:1.0
character:1.0
220:1.0
first.org:1.0
sendmail:1.0
4.1/nist:1.0
ready:1.0
tue:1.0
20:1.0
apr:1.0
93:1.0
17:01:34:1.0
edt:1.0
clipper:1.6931471805599454
500:1.0
command:1.0
unrecognized:1.0
seems:1.6931471805599454
like:1.6931471805599454
sombody:1.0
didnt:1.0
snooping:1.0
around:1.0
marc:1.0
good:1.0
thing:1.0
already:1.6931471805599454
csspub:1.0
mailing:2.386294361119891
list:2.791759469228055
csspab:1.0
mail-gw.ncsl.nist.gov:1.0
address:1.0
contain:1.0
basically:1.0
members:1.0
nist:1.0
security:3.3978952727983707
board:2.386294361119891
addition:1.0
names:1.6931471805599454
posted:1.0
true:1.0
follows:1.0
burrows:1.6931471805599454
ecf:1.6931471805599454
james:1.0
director:2.791759469228055
nists:1.0
national:2.386294361119891
computer:2.791759469228055
systems:2.6094379124341005
laboratory:1.6931471805599454
mcnulty:1.6931471805599454
f:1.0
lynn:1.0
associate:1.0
institute:2.09861228866811
standards:1.0
technologys:1.0
gangemi:2.09861228866811
dockmaster.ncsc.mil:1.6931471805599454
gaetano:1.0
secure:1.0
program:1.0
wang:1.0
laboratories:1.0
inc:1.6931471805599454
wrote:1.0
basics:1.0
deborah:1.0
russell:1.0
g:1.0
sr:1.0
1991:2.09861228866811
oreilly:1.0
associates:1.0
slambert:1.0
cgin.cto.citicorp.com:1.0
sandra:1.0
lambert:1.0
vice-president:1.0
information:2.09861228866811
citibank:1.0
n.a:1.0
lipner:1.6931471805599454
mitre.org:1.0
mitre:1.0
corp.s:1.6931471805599454
gallagher:1.6931471805599454
patrick:1.0
agencys:1.0
center:1.0
member:1.6931471805599454
walker:1.6931471805599454
tis.com:1.0
stephen:1.0
expert:1.0
president:1.0
trusted:1.0
glenwood:1.0
md:1.0
willis:1.6931471805599454
rand.org:1.0
h:1.0
ware:1.0
rand:1.0
corp:1.0
executive:1.0
chairs:1.0
whitehurst:1.6931471805599454
vnet.ibm.com:1.0
william:1.0
ibm:1.0
data:1.0
programs:1.0
administrator:1.6931471805599454
extropy:1.6931471805599454
private:1.6931471805599454
communication:1.6931471805599454
extropian:1.6931471805599454
community:1.6931471805599454
since:1.6931471805599454
