smb:1.0
research.att.com:1.0
steven:1.0
bellovin:1.0
subject:1.0
clipper:1.0
corrupt:1.0
cops:1.0
wh:1.0
proposal:1.0
police:1.0
point:1.0
view:1.0
article:1.0
1993apr21.041033.16550:1.0
news.clarkson.edu:1.0
tuinstra:1.6931471805599454
signal.ece.clarkson.edu.soe:1.0
dwight:1.0
writes:1.0
clear:1.0
implication:1.0
legal:1.0
authorizations:1.0
court:1.6931471805599454
order:3.0794415416798357
leaky:1.0
dont:1.0
wiretap:1.0
statute:1.6931471805599454
handy:1.0
heres:1.0
law:2.09861228866811
says:1.0
pen:3.1972245773362196
registers:1.6931471805599454
title:2.09861228866811
18:1.6931471805599454
u.s:1.0
code:1.0
note:1.0
vague:1.0
3125:1.6931471805599454
1:1.6931471805599454
b:2.09861228866811
havent:1.0
chance:1.0
check:1.0
50:1.6931471805599454
u.s.c:1.6931471805599454
1801:1.6931471805599454
yet:1.0
usc:1.0
3121:1.6931471805599454
4/93:1.0
general:3.0794415416798357
prohibition:1.0
register:2.9459101490553135
trap:2.9459101490553135
trace:2.9459101490553135
device:2.9459101490553135
use:3.1972245773362196
exception:1.0
except:1.0
provided:1.0
section:2.09861228866811
person:1.6931471805599454
may:1.6931471805599454
install:1.0
without:1.6931471805599454
first:1.0
obtaining:1.0
3123:1.6931471805599454
foreign:1.0
intelligence:1.0
surveillance:1.0
act:1.0
1978:1.0
et:1.0
seq:1.0
emergency:1.6931471805599454
installation:3.1972245773362196
notwithstanding:1.0
provision:1.0
chapter:2.09861228866811
investigative:1.6931471805599454
enforcement:1.6931471805599454
officer:1.6931471805599454
specially:1.0
designated:1.0
attorney:2.9459101490553135
deputy:1.6931471805599454
associate:1.0
assistant:2.09861228866811
acting:1.6931471805599454
principal:1.0
prosecuting:1.0
state:1.6931471805599454
subdivision:1.0
thereof:1.0
pursuant:1.6931471805599454
reasonably:1.0
determines:1.0
situation:1.0
exists:1.0
involves:1.0
immediate:1.0
danger:1.0
death:1.0
serious:1.0
bodily:1.0
injury:1.0
conspiratorial:1.0
activities:1.0
characteristic:1.0
organized:1.0
crime:1.0
requires:1.0
authorizing:2.09861228866811
due:1.0
diligence:1.0
obtained:1.6931471805599454
2:1.0
grounds:1.0
upon:1.0
could:1.0
entered:1.0
authorize:1.0
installed:1.0
within:1.6931471805599454
forty-eight:2.09861228866811
hours:2.09861228866811
occurred:1.0
begins:1.0
occur:1.0
approving:1.0
issued:1.0
accordance:1.0
absence:1.0
shall:1.6931471805599454
immediately:1.0
terminate:1.0
information:1.0
sought:1.0
application:1.6931471805599454
denied:1.0
lapsed:1.0
since:1.0
whichever:1.0
earlier:1.0
c:1.0
knowing:1.0
subsection:1.0
constitute:1.0
violation:1.0
