caronni:2.6094379124341005
nessie.cs.id.ethz.ch:1.6931471805599454
germano:2.09861228866811
subject:1.6931471805599454
questions:2.09861228866811
revised:1.6931471805599454
summary:2.09861228866811
version:1.0
corrects:1.0
errors:1.0
provides:1.0
additional:1.0
information:1.0
explanation:1.0
thank:1.0
much:1.0
reading:1.0
text:1.0
distinct:1.0
arised:1.0
guess:1.6931471805599454
also:1.6931471805599454
asked:1.0
people:1.0
perhaps:1.0
would:2.09861228866811
interesting:1.0
find:1.0
answer:1.0
clipper:2.6094379124341005
chip:2.9459101490553135
technical:2.09861228866811
n:2.6094379124341005
30-bit:1.0
serial:2.386294361119891
number:2.09861228866811
length:1.0
change:1.0
shorter:1.0
longer:1.0
session:2.6094379124341005
key:3.4849066497880004
k:3.0794415416798357
established:1.0
used:1.6931471805599454
encrypt:1.0
conversation:1.0
message:2.09861228866811
stream:2.386294361119891
digitized:1.0
voice:1.0
telephone:1.6931471805599454
security:1.6931471805599454
device:1.0
feeds:1.0
produce:1.6931471805599454
two:1.6931471805599454
values:1.6931471805599454
e:2.6094379124341005
encrypted:2.791759469228055
u:2.6094379124341005
f:2.09861228866811
law:2.791759469228055
enforcement:2.791759469228055
field:2.386294361119891
transmitted:2.09861228866811
line:2.386294361119891
thus:1.6931471805599454
contains:1.6931471805599454
unit:2.386294361119891
concatenated:1.0
family:1.6931471805599454
decrypted:2.386294361119891
authorized:2.09861228866811
wiretap:1.0
installed:1.0
first:2.09861228866811
question:1.6931471805599454
lawenforcmentfield:1.0
remote:1.0
handle:1.0
periodically:1.0
blocks:1.0
beginning:1.6931471805599454
phone:1.0
side:1.0
discard:1.0
packets:1.0
via:2.09861228866811
protocol:1.0
whatsoever:1.0
tries:1.0
turn:1.0
voice-output:1.0
disturbing:1.0
trusted:1.0
agent:2.386294361119891
escrow:1.6931471805599454
agencies:1.0
enters:2.09861228866811
vault:1.0
1:1.0
secret:2.386294361119891
random:2.386294361119891
80-bit:1.6931471805599454
value:1.6931471805599454
s1:1.6931471805599454
laptop:1.0
2:1.0
s2:1.6931471805599454
serve:1.0
seeds:1.0
generate:1.0
keys:1.6931471805599454
sequence:1.0
numbers:1.0
function:1.0
160:1.0
bits:1.0
knows:1.0
80:1.0
second:1.0
strange:1.0
procedure:1.0
real:1.0
rng:1.0
turns:1.0
kind:1.0
bottleneck:1.0
system:1.0
tap:2.09861228866811
take:1.6931471805599454
warrant:1.0
service:1.0
provider:1.0
order:1.0
get:1.6931471805599454
access:1.0
communications:1.0
let:1.0
us:1.0
assume:1.0
place:1.6931471805599454
determined:1.0
giving:1.0
documentation:1.0
certifying:1.0
party:1.0
associated:1.0
sent:1.0
e.g:1.6931471805599454
secure:2.386294361119891
fax:2.09861228866811
agents:1.0
return:1.0
u1:1.6931471805599454
u2:1.6931471805599454
xored:1.0
together:1.0
finally:1.0
accomplished:1.0
special:1.0
black:1.0
box:1.0
decoder:1.0
provision:1.0
taken:1.0
timeout:1.0
warrants:1.0
unique:1.0
possibility:1.0
realize:1.0
restriction:1.0
letting:1.0
escrow-agencies:1.0
perform:1.0
decoding:1.0
modem-lines:1.0
instead:1.0
bad:1.0
idea:1.0
successor:1.0
called:1.0
capstone:1.0
government:1.6931471805599454
myk-80:1.0
mykotronx:1.0
already:1.0
developed:1.0
include:1.0
skipjack:1.0
algorithm:1.6931471805599454
digital:1.0
signature:1.0
standard:1.0
dss:1.0
hash:1.0
sha:1.6931471805599454
method:1.0
exchange:1.6931471805599454
fast:1.0
exponentiator:1.0
randomizer:1.6931471805599454
prototoype:1.0
available:1.0
testing:1.0
april:1.0
22:1.0
chips:1.0
expected:1.0
ready:1.0
delivery:1.0
june:1.0
july:1.0
wow:1.0
work:1.0
publicly:1.0
known:1.0
key-exchange:1.0
dh:1.0
seems:1.0
opposed:1.0
shall:1.0
tough:1.0
time:1.0
realy:1.0
means:1.0
act:1.0
friendly:1.0
greetings:1.0
instruments:1.0
register:1.6931471805599454
things:1.0
theyre:1.0
designed:1.0
space:1.0
still:1.0
infinite:1.0
unknowns:1.0
pgp-key-id:341027:1.0
fd560ccf586f3da747ea3c94dd01720f:1.0
