rita:2.386294361119891
eff.org:1.0
marie:1.0
rouvalis:1.6931471805599454
subject:1.0
sorry:1.0
folks:1.0
read:1.0
article:2.386294361119891
1993apr22.014646.28445:1.0
ucsu.colorado.edu:1.0
andersom:1.0
spot.colorado.edu:1.0
marc:1.0
anderson:1.0
writes:1.0
found:1.0
source:1.0
joke:1.0
heh:1.6931471805599454
seemed:1.0
pretty:1.0
damn:1.0
convincing:1.0
start:1.0
didnt:1.6931471805599454
notice:1.0
smiley:1.0
end:1.0
hints:1.0
caught:1.0
people:1.0
took:1.0
seriously:1.0
mean:1.0
know:1.0
net:1.0
prankster:1.0
even:1.0
clintons:1.0
sound-bites:1.0
right:1.0
village.com:1.0
