subject:1.0
large:1.6931471805599454
commercial:1.6931471805599454
keys:2.6094379124341005
pgut1:1.0
cs.aukuni.ac.nz:1.0
peter:1.6931471805599454
gutmann:1.0
1993apr20.182038.12009:1.0
ee.eng.ohio-state.edu:1.0
butzerd:1.0
maumee.eng.ohio-state.edu:1.0
dane:1.0
c:1.0
butzer:1.0
writes:1.0
typical:1.0
sizes:1.0
secret:1.0
key:2.6094379124341005
algorithms:1.0
know:1.0
des:1.6931471805599454
56:1.0
bits:2.791759469228055
tripple:1.0
112:1.0
idea:1.0
128:2.09861228866811
anything:1.6931471805599454
made:1.0
us:1.0
bit:1.0
anywhere:1.6931471805599454
larger:1.0
ive:1.0
heard:1.0
rc2:1.6931471805599454
scaled:1.0
arbitrarily:1.0
actually:1.0
implemented:1.0
mdc:1.0
cipher:1.6931471805599454
uses:2.09861228866811
one-way:1.0
hash:1.6931471805599454
function:1.0
cfb-mode:1.0
stream:1.0
current:1.0
implementation:1.0
md5:2.09861228866811
2048:1.6931471805599454
use:2.09861228866811
1-bit:1.0
want:1.0
copy:1.0
entire:1.6931471805599454
2048-bit:1.0
range:1.0
runtime:1.0
independant:1.0
size:1.0
system:1.6931471805599454
runs:1.0
slightly:1.0
slower:1.0
presume:1.0
rc4:1.0
similar:1.0
possibly:1.0
arbitrary-length:1.0
n:1.0
maybe:1.0
using:1.0
something:1.0
like:1.0
