pdc:1.6931471805599454
dcs.ed.ac.uk:1.6931471805599454
paul:1.6931471805599454
crowley:1.6931471805599454
subject:1.0
need:1.0
clipper:1.0
cheap:1.0
security:1.0
quoting:1.0
pmetzger:1.0
snark.shearson.com:1.0
perry:1.0
e:1.0
metzger:1.0
article:1.0
1993apr21.012011.27470:1.0
shearson.com:1.0
whats:1.0
difference:1.0
v.32bis:1.6931471805599454
modem:1.6931471805599454
fast:1.0
fastest:1.0
modems:1.0
go:1.0
far:1.0
voice:1.0
compressed:1.0
ive:1.0
seen:1.0
various:1.0
assertions:1.0
anyone:1.0
straightforward:1.0
bits-per-second:1.0
figures:1.0
friend:1.0
forever:1.0
trust:1.0
know:1.0
im:1.0
x:1.0
fold:1.0
fish:1.0
jesus:1.0
