gregb:2.09861228866811
den.mmc.com:1.0
subject:1.0
looking:1.6931471805599454
crypto:1.0
paper:1.6931471805599454
postscript:1.0
tex:1.0
version:1.6931471805599454
called:1.0
public-key:1.0
cryptography:1.0
written:1.0
james:1.0
nechvatal:1.0
security:1.0
technology:1.6931471805599454
group:1.0
national:1.6931471805599454
computer:1.0
systems:1.0
laboratory:1.0
institute:1.0
standards:1.0
gaithersburg:1.0
md:1.0
20899:1.0
december:1.0
1990:1.0
obtained:1.0
plain:1.0
text:1.0
symbolic:1.0
character:1.0
formatting:1.0
lost:1.0
tosgcla.den.mmc.com:1.0
