agk:2.09861228866811
neural.hampshire.edu:2.09861228866811
andrew:2.09861228866811
kriger:2.09861228866811
subject:1.0
detect:1.0
use:1.0
illegal:1.0
cipher:1.0
could:1.0
someone:1.0
repost:1.0
send:1.0
via:1.0
email:1.0
original:1.0
posting:1.0
clipper:1.0
chip:1.0
press:1.0
release:1.0
thanks:1.0
hampshire:1.6931471805599454
college:1.6931471805599454
three:1.0
may:1.0
keep:1.0
secret:1.0
two:1.0
dead:1.0
benjamin:1.0
franklin:1.0
