pjhong:1.0
cs.sunysb.edu:1.0
p:1.0
joseph:1.0
hong:1.0
subject:1.0
hidden:1.6931471805599454
markov:2.09861228866811
modeling:1.6931471805599454
article:1.0
last:1.0
talk:1.0
computer:1.0
may:1.0
issue:1.0
fortune:1.0
magazine:1.0
mentioned:1.0
phoneme:1.0
prediction:1.0
used:2.09861228866811
statistical:1.0
method:1.0
developed:1.0
predict:1.0
letter:1.6931471805599454
sequences:1.0
pushkins:1.0
novel:1.0
eugene:1.0
onegin:1.0
said:1.0
technique:1.0
worked:1.0
well:1.0
nsa:1.6931471805599454
crack:1.0
codes:1.0
anyone:1.0
references:1.0
hmm:1.0
extension:1.0
frequency:1.0
tables:1.0
using:1.0
anyway:1.0
joepjhong:1.0
clio.rad.sunysb.edu:1.0
