jon:1.6931471805599454
c:1.0
r:1.0
bennett:1.0
jb7m:1.0
andrew.cmu.edu:1.0
subject:1.6931471805599454
ideas:1.0
clipper:2.6094379124341005
idea:1.0
encryption:2.09861228866811
algorithm:2.791759469228055
needs:1.0
keep:1.0
secret:1.6931471805599454
things:1.0
think:1.0
implies:1.0
course:1.0
could:2.09861228866811
wrong:1.6931471805599454
chip:3.302585092994046
technical:1.0
summary:1.0
dorothy:1.0
denning:1.0
revised:1.0
april:1.0
21:1.0
1993:1.0
contains:1.6931471805599454
classified:1.0
single-key:1.0
64-bit:1.0
block:1.0
called:1.0
skipjack:1.6931471805599454
uses:1.0
80:1.0
bit:1.0
keys:2.09861228866811
compared:1.6931471805599454
56:1.0
des:2.09861228866811
32:1.6931471805599454
rounds:1.0
scrambling:1.0
16:1.0
supports:1.0
4:1.0
modes:1.0
operation:1.0
takes:1.6931471805599454
clock:1.0
ticks:1.0
electronic:1.0
codebook:1.0
ecb:1.0
mode:1.0
runs:1.0
12:1.0
mbits:1.0
per:1.0
second:1.0
includes:1.0
following:1.0
components:1.0
f:3.4849066497880004
80-bit:2.09861228866811
family:1.6931471805599454
key:3.302585092994046
common:1.0
chips:1.6931471805599454
n:2.791759469228055
30-bit:1.0
serial:1.6931471805599454
number:2.09861228866811
length:1.0
change:1.0
u:2.9459101490553135
unlocks:1.0
messages:1.6931471805599454
encrypted:2.386294361119891
encrypting:1.0
see:1.0
used:2.386294361119891
imagine:1.0
embedded:1.0
telephone:2.09861228866811
security:2.386294361119891
device:2.6094379124341005
suppose:2.09861228866811
call:1.0
someone:1.6931471805599454
pushing:1.0
button:1.0
start:1.0
secure:1.0
conversation:2.386294361119891
negotiate:1.0
session:2.09861228866811
k:3.1972245773362196
end:1.0
negotiation:1.0
place:1.0
without:1.0
general:1.0
method:2.386294361119891
exchange:1.0
diffie-hellman:1.0
public-key:1.0
distribution:1.0
established:1.0
encrypt:1.0
message:1.6931471805599454
stream:1.6931471805599454
digitized:1.0
voice:1.0
feeds:1.0
produce:1.0
two:1.0
values:1.0
e:2.6094379124341005
law:2.9459101490553135
enforcement:2.9459101490553135
field:2.6094379124341005
transmitted:1.0
line:1.0
thus:1.0
unit:1.0
concatenated:1.0
decrypted:1.0
authorized:1.0
wiretap:1.0
installed:1.0
knew:1.6931471805599454
worked:1.0
know:3.302585092994046
cryptanalysis:1.0
might:2.09861228866811
able:1.6931471805599454
determine:1.6931471805599454
knowing:2.09861228866811
would:1.6931471805599454
make:1.6931471805599454
much:1.0
harder:1.0
either:1.6931471805599454
legitimately:1.0
involved:1.0
party:1.6931471805599454
may:1.0
also:1.6931471805599454
defeat:1.0
since:1.6931471805599454
different:1.0
one:1.6931471805599454
using:1.0
allows:1.0
traffic:1.0
analysis:1.0
performed:1.0
saying:1.6931471805599454
admit:1.0
trying:1.0
compute:1.0
lots:1.0
work:1.6931471805599454
way:1.0
generation:1.0
deliberately:1.0
generate:1.0
weak:1.6931471805599454
matter:1.0
published:1.0
fact:1.0
perhaps:1.0
us:1.0
chosen:1.0
system:1.0
obviously:1.0
compromise:1.0
disaster:1.0
whole:1.0
thing:1.0
designed:1.0
people:1.6931471805599454
believe:1.0
giving:1.0
sure:1.0
alot:1.0
1:1.0
panel:1.0
experts:1.0
going:1.0
check:1.0
flaws:1.0
many:1.0
forget:1.0
grinding:1.0
bribery:1.0
blackmail:1.0
fine:1.0
problems:1.0
