victori:1.6931471805599454
xetron.com:1.6931471805599454
victor:1.6931471805599454
iseli:1.6931471805599454
subject:1.0
freely:1.0
distributable:1.0
public:1.0
key:1.0
cryptography:1.0
c:1.6931471805599454
code:2.386294361119891
numerical:1.0
recipes:1.0
fortran..pascal:1.0
nice:1.0
section:1.0
encryption:1.0
decryption:1.0
based:1.0
des:1.0
algorithm:1.0
also:1.6931471805599454
source:2.09861228866811
provided:1.0
think:1.0
versions:1.0
book:1.0
distributed:1.0
disk:1.0
ordered:1.0
publisher:1.0
