gardner:1.6931471805599454
convex.com:1.0
steve:1.0
subject:1.0
clipper:1.6931471805599454
corrupt:1.0
cops:1.6931471805599454
wh:1.0
proposal:1.0
police:2.09861228866811
point:1.0
view:1.0
article:1.0
1993apr21.041033.16550:1.0
news.clarkson.edu:1.0
tuinstra:1.0
signal.ece.clarkson.edu.soe:1.0
writes:1.0
make:1.0
criminals:1.6931471805599454
want:1.0
forces:1.0
war:1.0
drugs:1.0
already:1.0
turned:1.0
alot:1.0
yet:1.0
another:1.0
nail:1.0
constitutions:1.0
coffin:1.0
smg:1.0
