ns111310:1.6931471805599454
lance.colostate.edu:1.0
nathaniel:1.0
sammons:1.6931471805599454
subject:1.0
could:1.0
someone:1.0
mail:1.0
text:1.0
white:1.0
house:1.0
clipper:1.0
announcement:1.0
thanks:1.0
bunch:1.0
nate:1.6931471805599454
hate:1.0
quotations:1.0
message:1.0
brought:1.0
tell:1.0
know:1.0
number:1.0
42:1.0
ralph:1.0
waldo:1.0
emerson:1.0
longs.lance.colostate.edu:1.0
