strnlght:1.0
netcom.com:1.0
david:1.6931471805599454
sternlight:1.6931471805599454
subject:1.0
screw:1.0
people:1.0
crypto:1.0
hard-core:1.0
hackers:1.0
spooks:1.0
doug:1.0
holland:1.0
claims:1.0
tom:1.0
clancy:2.09861228866811
provided:1.0
recipe:1.0
nuclear:1.0
bombs:1.0
says:1.0
omitted:1.0
certain:1.0
crucial:1.0
steps:1.0
know:1.0
knows:1.0
rather:1.0
repeating:1.0
hes:1.0
read:1.0
told:1.0
unclassified:1.0
domain:1.0
great:1.0
care:1.0
taken:1.0
ensure:1.0
accuracy:1.0
information:1.0
errors:1.0
omissions:1.0
excepted:1.0
