lefty:2.386294361119891
apple.com:1.6931471805599454
subject:1.0
freely:1.0
distributable:1.0
public:1.0
key:1.0
cryptography:1.0
c:2.6094379124341005
code:2.386294361119891
article:1.0
gradyc5wgrz.cvc:1.0
netcom.com:1.6931471805599454
grady:1.0
1016/2ef221:1.0
wrote:1.6931471805599454
victor:1.6931471805599454
iseli:1.6931471805599454
victori:1.6931471805599454
xetron.com:1.6931471805599454
numerical:1.0
recipes:1.6931471805599454
fortran..pascal:1.0
nice:1.0
section:1.0
encryption:1.0
decryption:1.0
based:1.0
des:1.6931471805599454
algorithm:1.0
also:2.09861228866811
source:2.09861228866811
provided:1.0
think:1.0
versions:1.0
book:1.6931471805599454
distributed:1.0
disk:1.0
ordered:1.0
publisher:1.0
yes:1.0
benchmarked:1.0
implementation:1.6931471805599454
1:1.0
1/2:1.0
orders:1.0
magnitude:1.0
slower:1.0
outerbridge/karn/gillogly/et:1.0
al:1.0
may:1.0
instructional:1.0
isnt:1.0
fast:1.0
apparently:1.0
excised:1.0
second:1.0
edition:1.0
