kadie:2.386294361119891
cs.uiuc.edu:1.6931471805599454
carl:2.09861228866811
subject:1.0
political:1.0
point:1.0
attack:1.0
clipper:1.0
infrastructure:1.0
strnlght:1.0
netcom.com:1.0
david:1.0
sternlight:1.0
writes:1.0
attorney:1.0
general:1.0
publishes:1.6931471805599454
number:1.6931471805599454
court-ordered:1.0
taps:1.0
year:1.0
believe:1.6931471805599454
mistaken:1.0
dont:1.0
ag:1.0
state:1.0
wiretaps:1.0
represent:1.0
organization:1.0
