jon:1.6931471805599454
c:1.0
r:1.0
bennett:1.0
jb7m:1.0
andrew.cmu.edu:1.6931471805599454
subject:1.0
ideas:1.0
clipper:1.0
jim:1.6931471805599454
gillogly:1.0
mycroft.rand.org:1.0
writes:1.0
article:1.0
0fpizbg00wc70qokyw:1.0
write:1.0
suppose:1.6931471805599454
knew:1.6931471805599454
algorithm:1.6931471805599454
worked:1.0
n:2.386294361119891
chip:2.6094379124341005
know:3.6390573296152584
f:3.3978952727983707
cryptanalysis:1.0
might:2.09861228866811
able:2.09861228866811
determine:1.6931471805599454
law:2.09861228866811
enforcement:2.09861228866811
field:1.6931471805599454
e:2.6094379124341005
k:2.386294361119891
u:2.9459101490553135
knowing:2.386294361119891
would:1.6931471805599454
make:1.6931471805599454
much:1.0
harder:1.0
theyre:2.09861228866811
betting:1.6931471805599454
cant:2.6094379124341005
even:2.09861228866811
fact:2.09861228866811
trying:1.6931471805599454
keep:1.0
secret:1.0
find:2.386294361119891
grinding:1.6931471805599454
presumably:1.0
well:1.0
right:1.0
des:2.386294361119891
encryption:1.6931471805599454
method:2.09861228866811
without:2.09861228866811
almost:1.0
whole:1.6931471805599454
56-bit:1.0
search:1.6931471805599454
true:1.0
chosen:2.09861228866811
plaintext:1.0
attacks:1.0
keys:2.6094379124341005
determined:1.0
full:1.0
either:1.6931471805599454
legitimately:1.0
involved:1.0
conversation:1.6931471805599454
party:1.6931471805599454
may:1.0
given:1.0
i.e:1.0
claim:1.0
strong:1.0
trust:1.0
us:1.6931471805599454
willing:1.0
take:1.6931471805599454
bet:1.0
also:1.6931471805599454
defeat:1.0
since:2.386294361119891
could:2.6094379124341005
different:1.0
one:2.09861228866811
using:1.0
allows:1.0
traffic:1.0
analysis:1.0
performed:1.0
saying:2.09861228866811
im:1.6931471805599454
sure:1.6931471805599454
therell:1.0
way:2.09861228866811
shove:1.6931471805599454
arbitrary:1.6931471805599454
key:2.6094379124341005
data:1.6931471805599454
parts:1.0
ok:1.0
assuming:1.0
unknown:1.0
obviously:1.6931471805599454
stated:1.0
sesion:1.0
exchange:1.0
external:1.0
pick:1.0
admit:1.6931471805599454
someone:1.0
compute:1.0
lots:1.0
messages:1.6931471805599454
work:1.6931471805599454
generation:1.0
deliberately:1.0
generate:1.0
weak:1.6931471805599454
matter:1.6931471805599454
published:1.0
used:1.0
perhaps:1.0
system:1.0
assume:1.0
wont:1.0
many:1.6931471805599454
break:1.0
wouldnt:1.0
need:1.0
escrow:1.0
bing:2.6094379124341005
exactly:1.0
point:1.0
capability:1.0
safe:1.0
assumption:1.0
cryptographic:1.0
complaints:1.0
probably:1.0
unfounded:1.0
gonig:1.0
word:1.0
compromise:1.0
disaster:1.0
thing:1.0
designed:1.0
people:1.6931471805599454
believe:1.0
giving:1.0
security:1.0
number:1.0
alot:1.0
1:1.0
panel:1.0
experts:1.6931471805599454
going:1.0
check:1.0
flaws:1.0
forget:1.0
chips:1.0
bribery:1.0
blackmail:1.0
fine:1.0
clear:1.0
told:1.0
id:1.6931471805599454
surprised:1.0
expect:1.0
something:1.0
form:1.0
fips:1.0
pub:1.0
describing:1.0
look:1.0
general:1.0
rather:1.0
specific:1.0
set:1.0
oh:1.0
come:1.0
thats:1.0
like:1.0
evaluate:1.0
s-box:1.0
constants:1.0
