stephen:1.0
j:1.0
ludwick:1.0
sl3b:1.0
andrew.cmu.edu:1.0
subject:1.0
encryption:2.09861228866811
chips:1.6931471805599454
anyone:1.0
know:1.0
get:1.0
hold:1.0
secure:1.0
encrypting:1.0
devices:1.0
banned:1.0
completely:1.0
steve:1.0
outlawed:1.0
outlaws:1.0
