stan:1.6931471805599454
tacobel.uucp:1.0
subject:1.0
seen:1.0
lobby:1.0
us:1.0
ns111310:1.0
lance.colostate.edu:1.0
nathaniel:1.0
sammons:1.0
writes:1.0
second:1.0
motion:1.0
favor:1.6931471805599454
yall:1.0
newsletters:1.0
taking:1.0
addresses:1.0
future:1.0
feel:1.0
free:1.0
put:1.0
list:1.0
