russotto:1.6931471805599454
vnet.ibm.com:1.0
matthew:1.0
subject:1.0
tapped:1.0
code:1.0
good:1.6931471805599454
strnlghtc5who2.1fk:1.0
netcom.com:1.0
david:1.0
sternlight:1.0
writes:1.0
clipper:1.0
case:1.0
representative:1.0
body:1.0
experts:1.0
going:1.0
allowed:1.0
audit:1.0
well:1.0
assurances:1.6931471805599454
maybe:1.0
even:1.0
president:1.6931471805599454
escrowed:1.0
keys:1.0
back:1.0
doors:1.0
may:1.0
confidence:1.6931471805599454
among:1.0
wow:1.0
almost:1.0
campaign:1.0
promises:1.0
dont:1.0
see:1.0
anyone:1.0
wouldnt:1.0
