dougb:2.386294361119891
comm.mot.com:1.0
doug:1.6931471805599454
bank:1.6931471805599454
subject:1.0
revised:1.0
technical:1.0
summary:1.0
clipper:1.6931471805599454
chip:2.6094379124341005
article:1.0
1993apr21.192615.3465:1.0
guvax.acc.georgetown.edu:1.6931471805599454
denning:1.0
writes:1.0
chips:2.9459101490553135
programmed:2.09861228866811
mykotronx:1.6931471805599454
inc:1.6931471805599454
calls:1.0
myk-78:1.0
silicon:1.0
supplied:1.0
vlsi:1.0
technology:2.386294361119891
implemented:1.0
1:1.6931471805599454
micron:1.6931471805599454
initially:1.0
sell:1.6931471805599454
30:2.09861228866811
quantities:1.0
10,000:1.6931471805599454
price:1.0
drop:1.0
shrunk:1.0
8:1.0
hmmmmmm:1.0
seems:1.0
bit:1.0
expensive:1.0
big:1.6931471805599454
kind:2.09861228866811
packages:1.0
used:2.09861228866811
3:1.0
volt:1.6931471805599454
5:1.0
much:1.0
current:1.0
draw:1.0
think:1.0
many:1.0
practical:1.0
questions:1.0
havent:1.0
answered:1.0
especially:1.0
since:1.0
already:1.0
exists:1.0
inside:1.0
scif:2.09861228866811
secure:1.6931471805599454
compartmented:1.0
information:1.0
facility:1.0
essentially:1.0
vault:1.6931471805599454
contains:1.0
laptop:2.09861228866811
computer:1.0
equipment:1.0
program:1.6931471805599454
300:2.09861228866811
single:1.0
session:2.09861228866811
located:1.0
beginning:1.0
trusted:1.0
agent:2.386294361119891
two:1.0
key:1.6931471805599454
escrow:1.0
agencies:1.0
enters:2.09861228866811
secret:2.09861228866811
random:2.386294361119891
80-bit:2.09861228866811
value:1.6931471805599454
s1:1.0
2:1.0
s2:1.0
values:1.0
serve:1.0
seeds:1.0
generate:1.0
unit:1.6931471805599454
keys:1.6931471805599454
sequence:1.0
serial:1.0
numbers:1.0
thus:1.0
function:1.0
160:1.0
bits:1.0
knows:1.0
80:1.0
ok:1.0
ive:1.0
got:1.0
problem:1.0
world:1.0
expect:1.0
even:1.6931471805599454
overhead:1.0
involved:1.0
programming:1.0
procedure:1.0
2-4:1.0
people:1.0
time:1.0
give:1.0
break:1.0
long:1.6931471805599454
take:2.09861228866811
minute:1.0
per:1.0
greater:1.0
part:1.0
day:1.0
turn:1.0
things:1.0
suppose:1.6931471805599454
mentioned:1.0
highly:1.0
impractical:1.0
see:1.0
imagine:1.0
embedded:1.0
telephone:1.0
security:1.6931471805599454
device:2.6094379124341005
call:1.0
someone:1.0
pushing:1.0
button:1.0
start:1.0
conversation:1.0
negotiate:1.0
k:1.0
end:1.0
find:1.0
info:1.0
vocoder:1.0
use:1.0
require:1.0
isdn:1.0
phone:1.0
lines:1.0
full:1.0
duplex:1.0
sound:1.0
synchronization:1.0
scheme:1.0
little:1.0
black:1.0
boxes:1.6931471805599454
conform:1.6931471805599454
ts:1.0
choices:1.0
protocol:1.0
etc:1.0
anybody:1.0
else:1.0
allowed:1.0
build:1.0
specifications:1.0
private:1.0
systems:1.0
division:1.0
ecs.comm.mot.com:1.0
motorola:1.0
communications:1.0
sector:1.0
nwu.edu:1.0
schaumburg:1.0
illinois:1.0
casbah.acns.nwu.edu:1.0
708-576-8207:1.0
