cme:1.6931471805599454
ellisun.sw.stratus.com:1.0
carl:1.6931471805599454
ellison:1.6931471805599454
subject:1.0
organized:1.0
lobbying:1.0
cryptography:2.386294361119891
article:1.0
1993apr21.113152.395:1.0
gems.vcu.edu:1.6931471805599454
langford:1.0
writes:1.0
1:1.0
second:1.0
amendment:1.0
gives:1.6931471805599454
us:2.09861228866811
right:2.791759469228055
keep:1.0
bear:1.0
arms:1.6931471805599454
2:1.0
strong:1.6931471805599454
according:1.0
u.s:1.0
government:1.0
thats:1.0
hard:1.0
export:1.0
therefore:1.0
constituitional:1.0
better:1.0
think:1.0
peacably:1.0
assemble:1.6931471805599454
meet:1.0
park:1.0
talk:1.0
privately:1.0
see:1.0
anyone:1.0
nearby:1.0
listening:1.0
cyberspace:1.0
control:1.0
overhears:1.0
disclaimer:1.0
opinions:1.0
expressed:1.0
course:1.0
sw.stratus.com:1.0
stratus:1.0
computer:1.0
inc:1.0
m3-2-bkw:1.0
tel:1.0
508:1.6931471805599454
460-2783:1.0
55:1.0
fairbanks:1.0
boulevard:1.0
marlborough:1.0
01752-1298:1.0
fax:1.0
624-7488:1.0
