mathew:2.09861228866811
mantis.co.uk:1.0
subject:1.0
screw:1.0
people:1.6931471805599454
crypto:1.0
hard-core:1.0
hackers:1.0
spooks:1.0
ifarqhar:1.0
laurel.ocs.mq.edu.au:1.0
ian:1.0
farquhar:1.0
writes:1.0
hmmm:1.0
also:1.0
wonder:1.0
intergraph:1.0
thinks:1.0
use:1.0
name:1.0
clipper:1.6931471805599454
device:1.0
mention:1.0
computer:1.0
associates:1.0
ill:1.0
careful:1.0
stop:1.0
telling:1.0
im:1.0
programmer:1.0
might:1.0
lynch:1.0
