r1b6116:1.6931471805599454
zeus.tamu.edu:1.6931471805599454
mr:1.6931471805599454
weather:1.6931471805599454
subject:1.0
rush:1.6931471805599454
read:1.6931471805599454
e-mail:2.09861228866811
n9045178:1.0
henson.cc.wwu.edu:1.0
sean:1.0
dean:1.0
writes:1.0
2:1.0
posts:1.0
deleted:1.0
ive:1.0
heard:1.0
doesnt:1.0
alt.fan.rush:1.0
idea:1.0
compuserve:1.6931471805599454
address:1.6931471805599454
anyone:1.6931471805599454
limbaughs:1.0
might:1.0
able:1.0
look:1.0
otherwise:1.0
find:1.0
maybe:1.0
would:1.0
impossible:1.0
thought:1.0
least:1.0
ask:1.0
ken:1.0
blair:1.0
