wcs:1.6931471805599454
anchor.ho.att.com:1.0
bill:2.09861228866811
stewart:1.6931471805599454
1-908-949-0705:1.6931471805599454
subject:1.0
screw:1.0
people:1.6931471805599454
crypto:2.6094379124341005
hard-core:1.0
hackers:1.0
spooks:1.0
article:1.0
1993apr22.223906.25929:1.0
lehman.com:1.0
pmetzger:1.0
snark.shearson.com:1.0
perry:1.6931471805599454
e:1.0
metzger:1.0
writes:1.0
qualcomm:2.6094379124341005
spare:1.0
cycles:1.0
dsps:1.6931471805599454
new:2.386294361119891
cdma:1.6931471805599454
digital:1.6931471805599454
cellular:1.6931471805599454
phones:1.6931471805599454
wanted:1.6931471805599454
put:1.0
strong:1.0
since:1.0
capacity:1.0
government:2.386294361119891
decided:1.0
discourage:1.0
youre:1.0
blowing:1.6931471805599454
smoke:1.6931471805599454
wants:1.0
sell:1.6931471805599454
nice:1.0
lucrative:1.0
overseas:2.09861228866811
markets:1.0
like:1.6931471805599454
japan:1.0
ec:1.0
told:1.6931471805599454
dont:1.6931471805599454
encryption:1.6931471805599454
ever:1.0
hope:1.0
export:2.386294361119891
technology:1.0
reason:1.0
doesnt:1.6931471805599454
g-men:1.0
came:1.0
aknocking:1.0
qualcomms:1.0
door:1.0
think:1.6931471805599454
us:1.6931471805599454
market:1.0
big:1.0
enough:2.09861228866811
international:1.0
traffic:1.0
arms:1.0
regulations:1.0
already:1.0
stated:1.0
net:1.6931471805599454
wouldnt:1.0
allowed:1.0
hes:1.0
sure:1.0
probably:1.0
could:1.0
made:1.0
version:1.6931471805599454
non-crypto:1.0
contracted:1.0
bulgarian:1.0
japanese:1.0
software:1.0
house:1.6931471805599454
develop:1.0
rom:1.0
thats:1.6931471805599454
getting:1.6931471805599454
pretty:1.6931471805599454
expensive:1.0
cylink:1.6931471805599454
sells:1.0
theyre:1.6931471805599454
willing:1.0
make:1.0
different:1.6931471805599454
stuff:1.6931471805599454
domestic:1.0
use:1.0
vs:1.0
isnt:1.0
makes:1.0
money:1.0
capitalism:1.6931471805599454
comrade:1.0
well:1.6931471805599454
others:1.0
prefer:1.0
free:1.0
enterprise:1.0
using:1.0
stifle:1.0
competition:1.0
capitalist:1.0
someone:2.386294361119891
build:1.0
unit:1.0
better:1.0
yet:1.0
prehaps:1.0
produce:1.0
package:1.0
turns:1.0
486:1.0
box:1.0
sound:1.6931471805599454
card:1.0
secure:1.0
phone:1.0
easy:1.0
whining:1.0
instead:1.0
butt:1.0
gear:1.0
writing:2.09861228866811
good:2.09861228866811
code:1.0
something:1.0
programmers:1.0
algorithms:1.6931471805599454
specialized:1.6931471805599454
skill:1.0
developing:1.0
voice:1.0
coding:1.0
also:1.0
finding:1.0
ways:1.0
implement:1.0
complex:1.0
ones:1.0
horsepower:1.0
still:1.0
fairly:1.0
hairy:1.0
586/pentium:1.0
becomes:1.0
widespread:1.0
next:1.0
generation:1.0
boards:1.0
suspect:1.0
see:1.0
happen:1.0
maybe:1.0
vanilla:1.0
486+soundblaster:1.0
pray:1.0
peace:1.0
anchor.att.com:1.0
bell:1.0
labs:1.0
4m312:1.0
holmdel:1.0
nj:1.0
im:1.0
jersey:1.0
work:1.0
cyberspace:1.0
white:1.0
commect:1.0
line:1.0
1-202-456-1111:1.0
fax:1.0
1-202-456-2461:1.0
