pvr:1.6931471805599454
wang.com:1.0
subject:1.0
crypto:1.6931471805599454
file:1.6931471805599454
system:1.6931471805599454
reference:1.6931471805599454
ago:1.0
paper:1.0
cfs:1.0
given:1.0
someone:1.0
get:1.0
copy:1.0
available:1.0
net:1.0
published:1.0
author:1.0
thanks:1.0
peter:1.0
reilley:1.0
wiis.wang.com:1.0
ka1lat:1.0
well:1.0
says:1.0
