strnlght:1.0
netcom.com:1.0
david:2.09861228866811
sternlight:1.6931471805599454
subject:1.0
clipper:1.0
chip:1.0
technical:1.0
summary:1.0
pat:1.0
myrto:1.0
says:1.0
law:1.0
enforcement:1.0
wants:1.0
keys:1.0
let:1.0
get:1.0
court:1.0
order:1.0
ask:1.0
use:1.0
probably:1.6931471805599454
cause:1.6931471805599454
wiretapping:1.0
warrants:1.0
isnt:1.0
decrypt:1.0
historical:1.0
traffic:1.0
prospective:1.0
listening:1.0
established:1.0
pats:1.0
approach:1.0
would:1.0
tip:1.0
crooks:1.0
great:1.0
care:1.0
taken:1.0
ensure:1.0
accuracy:1.0
information:1.0
errors:1.0
omissions:1.0
excepted:1.0
