strnlght:1.0
netcom.com:1.0
david:2.09861228866811
sternlight:1.6931471805599454
subject:1.0
clipper:1.0
chip:1.0
technical:1.0
summary:1.0
reason:1.0
fingers:1.0
want:1.6931471805599454
type:1.0
probably:1.0
cause:1.6931471805599454
whenever:1.0
say:1.0
probable:1.0
sorry:1.0
confusion:1.0
previous:1.0
message:1.0
great:1.0
care:1.0
taken:1.0
ensure:1.0
accuracy:1.0
information:1.0
errors:1.0
omissions:1.0
excepted:1.0
