burt:2.386294361119891
chirality.rsa.com:1.0
kaliski:2.09861228866811
subject:1.0
pseudocollisions:2.791759469228055
md5:3.4849066497880004
following:1.0
short:1.0
note:1.0
commenting:1.0
den:2.386294361119891
boer:2.386294361119891
bosselaers:2.6094379124341005
recent:1.6931471805599454
work:2.09861228866811
message-digest:3.0794415416798357
algorithm:2.791759469228055
feel:1.0
free:1.0
email:1.0
questions:1.0
comments:1.0
rsa:2.09861228866811
laboratories:1.6931471805599454
documentstyle:1.0
12pt:1.0
article:1.0
begin:1.6931471805599454
document:1.6931471805599454
itle:1.0
author:1.0
burton:1.0
jr:1.0
rsa.com:1.6931471805599454
matthew:1.0
j.b:1.0
robshaw:1.0
matt:1.0
100:1.0
marine:1.0
parkway:1.0
redwood:1.0
city:1.0
ca:1.0
94065:1.0
date:1.0
april:1.6931471805599454
23:1.0
1993:1.6931471805599454
maketitle:1.0
maps:2.386294361119891
message:3.302585092994046
arbitrary:1.0
length:1.6931471805599454
digest:2.9459101490553135
fixed:1.0
three:1.0
properties:2.386294361119891
computing:1.6931471805599454
easy:1.0
finding:1.6931471805599454
given:1.0
inversion:2.09861228866811
hard:1.6931471805599454
two:2.09861228866811
messages:1.6931471805599454
collision:2.9459101490553135
also:1.0
algorithms:2.09861228866811
many:1.0
applications:1.0
including:1.0
digital:1.0
signatures:1.0
authentication:1.0
data:1.0
securitys:1.0
developed:1.0
ron:1.0
rivest:1.6931471805599454
cite:1.6931471805599454
rfc-md5:1.6931471805599454
128-bit:2.386294361119891
one-megabyte:1.0
takes:1.0
little:1.0
second:1.0
yet:1.0
em:1.6931471805599454
proved:1.6931471805599454
secure:2.09861228866811
believed:1.0
least:1.0
good:1.0
take:1.6931471805599454
2:2.09861228866811
128:1.0
operations:2.09861228866811
64:1.0
one:1.6931471805599454
found:1.6931471805599454
faster:1.0
approach:2.09861228866811
den-boer-md5:1.6931471805599454
presents:1.0
special:2.09861228866811
kind:1.0
pseudocollision:2.6094379124341005
md5s:1.0
internal:1.0
compression:1.6931471805599454
function:2.09861228866811
512-bit:1.0
block:1.6931471805599454
x:2.386294361119891
input:2.386294361119891
state:2.09861228866811
output:1.6931471805599454
show:1.0
find:1.6931471805599454
related:1.0
states:2.09861228866811
s_1:2.386294361119891
s_2:2.386294361119891
yield:1.0
f:2.386294361119891
well-thought:1.0
exploits:1.0
structural:1.6931471805599454
16:1.0
much:1.0
less:1.0
would:2.09861228866811
expect:1.0
practical:1.0
implications:1.0
security:1.0
evident:1.0
real:2.386294361119891
implies:1.0
pseudo-inversion:1.0
need:1.0
imply:1.0
indeed:1.0
since:1.0
involves:1.0
different:1.6931471805599454
almost:1.0
always:1.0
involve:1.0
blocks:1.6931471805599454
x_1:1.6931471805599454
x_2:1.6931471805599454
moreover:1.0
generally:1.0
unrelated:1.0
except:1.0
four:1.0
bits:1.0
seem:1.6931471805599454
way:1.0
extend:1.0
anything:1.6931471805599454
beyond:1.0
limitation:1.0
readily:1.0
admit:1.0
reasonable:1.0
therefore:1.0
believe:1.0
remains:1.0
interesting:1.0
lead:1.0
approaching:1.0
collisions:1.6931471805599454
research:1.0
course:1.0
give:1.0
better:1.0
understanding:1.0
strengths:1.0
eventual:1.0
hope:1.0
sense:1.0
bibliographystyle:1.0
plain:1.0
thebibliography:1.6931471805599454
1:1.0
bibitem:1.6931471805599454
bert:1.0
den~boer:1.0
antoon:1.0
ewblock:2.6094379124341005
advances:1.0
cryptology:1.0
eurocrypt:1.0
93:1.0
preprint:1.0
r.l:1.0
rfc:1.0
1321:1.0
internet:1.0
activities:1.0
board:1.0
1992:1.0
end:1.6931471805599454
