grant:2.09861228866811
dockmaster.ncsc.mil:1.0
lynn:1.6931471805599454
r:1.0
subject:1.0
get:1.0
keys:1.6931471805599454
50:1.0
people:1.0
far:1.0
asked:1.0
fbi:1.0
gets:1.0
clipper:1.0
wont:1.6931471805599454
able:1.6931471805599454
read:1.0
future:1.0
past:1.0
traffic:1.0
response:1.0
nist:1.0
nsa:1.6931471805599454
ms:1.0
denning:1.0
mr:1.0
hellman:1.0
anyone:1.0
else:1.0
might:1.0
give:1.0
us:1.0
authoritative:1.0
answer:1.0
troubling:1.0
didnt:1.0
think:1.0
feature:1.0
thought:1.6931471805599454
wouldnt:1.0
notice:1.0
would:1.6931471805599454
responded:1.0
something:1.0
form:1.0
well:1.0
problem:1.0
curious:1.0
