ed:2.09861228866811
titipu.resun.com:1.6931471805599454
edward:1.6931471805599454
reid:1.6931471805599454
subject:1.0
tapped:1.0
please:1.6931471805599454
restrict:1.0
followups:1.6931471805599454
however:1.0
valuable:1.0
discussion:1.0
belong:1.0
comp.org.acm:1.0
comp.org.ieee:1.0
edit:1.0
include:1.0
appropriate:1.0
newsgroups:1.0
greensboro:1.0
fl:1.0
nosc:1.0
blkhole:1.0
looking:1.0
programming:1.0
contracts:1.0
especially:1.0
unisys:1.0
a-series:1.0
