gtoal:1.0
gtoal.com:1.0
graham:1.0
toal:1.0
subject:1.0
pgp:1.6931471805599454
ideas:1.0
ibm:1.0
systems:1.0
ive:1.0
thinking:1.0
difficult:1.0
would:1.0
make:1.0
available:1.0
form:1.0
ebcdic:1.6931471805599454
machines:1.6931471805599454
dont:1.0
encourage:1.0
let:1.0
die:1.0
honorable:1.0
death:1.0
g:1.0
