steve-b:1.0
access.digex.com:1.0
steve:1.0
brinich:1.0
subject:1.0
secret:1.0
algorithm:1.0
clipper:1.0
chip:1.0
crypto:1.0
key-escrow:1.0
nonsense:1.0
wasnt:1.0
asked:1.0
larry:1.0
obrien:1.0
trust:1.0
nixon:1.0
keys:1.0
whether:1.0
would:1.0
well:1.0
explains:1.0
government:1.0
real:1.0
need:1.6931471805599454
spy:1.0
people:1.6931471805599454
already:1.0
love:1.0
big:1.0
brother:1.0
inclined:1.0
talk:1.0
back:1.0
watched:1.0
