gtoal:1.0
gtoal.com:1.0
graham:1.0
toal:1.0
subject:1.0
clipper:1.0
considered:1.0
harmful:1.0
dorothy:1.0
denning:2.386294361119891
read:1.0
group:1.6931471805599454
someone:1.0
forwarding:1.0
questions:1.0
like:1.0
martin:1.0
hellman:1.0
anyone:1.0
else:1.0
whos:1.0
seen:1.0
details:1.0
chip:1.0
course:1.0
shes:1.6931471805599454
toasted:1.0
often:1.0
nsa:1.0
patsy:1.0
keeping:1.0
head:1.0
always:1.0
mail:1.0
directly:1.0
guvax.acc.georgetown.edu:1.0
cs.cosc.georgetown.edu:1.0
cs.georgetown.edu:1.0
g:1.0
