ijames:2.386294361119891
helix.nih.gov:1.6931471805599454
carl:1.6931471805599454
subject:1.6931471805599454
revised:1.0
technical:1.0
summary:1.0
clipper:2.09861228866811
chip:2.9459101490553135
article:1.0
1993apr21.192615.3465:1.0
guvax.acc.georgetown.edu:1.6931471805599454
denning:1.0
writes:1.0
includes:1.0
following:1.0
components:1.0
skipjack:1.0
encryption:1.0
algorithm:1.0
f:2.09861228866811
80-bit:2.09861228866811
family:1.6931471805599454
key:3.3978952727983707
common:1.0
chips:1.0
n:2.386294361119891
30-bit:1.0
serial:1.6931471805599454
number:1.6931471805599454
length:1.0
change:1.0
u:2.6094379124341005
secret:1.0
unlocks:1.0
messages:1.0
encrypted:2.386294361119891
see:1.0
used:2.6094379124341005
imagine:1.0
embedded:1.0
telephone:2.09861228866811
security:2.09861228866811
device:2.6094379124341005
suppose:1.0
call:2.09861228866811
someone:1.0
pushing:1.0
button:1.6931471805599454
start:1.6931471805599454
secure:1.6931471805599454
conversation:1.6931471805599454
negotiate:1.0
session:2.386294361119891
k:2.791759469228055
end:1.0
negotiation:1.0
takes:1.0
place:1.0
without:1.0
general:1.0
method:1.6931471805599454
exchange:1.0
diffie-hellman:1.0
public-key:1.0
distribution:1.0
established:1.0
encrypt:1.0
message:1.6931471805599454
stream:1.6931471805599454
digitized:1.0
voice:1.0
feeds:1.0
produce:1.0
two:1.6931471805599454
values:1.0
e:2.09861228866811
law:2.791759469228055
enforcement:2.791759469228055
field:2.6094379124341005
transmitted:1.0
line:1.6931471805599454
thus:1.0
contains:1.0
unit:1.6931471805599454
concatenated:1.0
decrypted:1.0
authorized:1.0
wiretap:1.6931471805599454
installed:1.0
phone:2.09861228866811
placed:1.0
whose:1.0
pressed:1.0
first:1.6931471805599454
transmit:1.0
even:1.0
assuming:1.6931471805599454
one:1.0
choices:1.0
fbi:1.6931471805599454
going:1.0
get:1.0
fresh:1.0
database:1.0
every:1.6931471805599454
eventually:1.0
accumulating:1.0
keys:1.0
phones:1.0
connect:1.0
monitoring:1.0
suspects:1.0
ever-thrifty:1.0
doesnt:1.0
forget:1.0
permission:1.0
expired:1.0
quite:1.0
pyramid:1.0
bad:1.0
either:1.0
worried:1.0
day:1.0
