feustel:2.386294361119891
netcom.com:1.6931471805599454
david:1.0
subject:1.0
escrow:1.0
database:1.0
fox:1.0
rabies:1.0
dave:1.0
n9myi:1.0
sig:1.0
revised:1.0
