34aej7d:1.0
cmuvm.bitnet:1.0
subject:1.0
encryption:1.6931471805599454
chip:1.0
availibility:1.0
article:1.0
ofpppcs00iuy0_k3mr:1.0
andrew.cmu.edu:1.6931471805599454
stephen:1.0
j:1.0
ludwick:1.0
sl3b:1.0
says:1.0
hi:1.0
everybody:1.0
anyone:1.0
know:1.0
companies:1.0
currently:1.0
manufacturing:1.0
chips:1.0
sale:1.0
general:1.0
public:1.0
get:1.0
pointers:1.0
would:1.0
greatly:1.0
appreciated:1.0
thanks:1.0
steve:1.0
believe:1.0
fisher:1.0
sp:1.0
international:1.0
makers:1.0
watchdog:1.0
tm:1.0
pc:1.0
security:1.0
package:1.6931471805599454
offers:1.0
hardware:1.0
implementation:1.0
des:1.0
add-on:1.0
