jon:1.6931471805599454
c:1.0
r:1.0
bennett:1.0
jb7m:1.0
andrew.cmu.edu:1.0
subject:1.0
clipper:2.09861228866811
considered:1.0
harmful:1.0
restated:1.0
amplified:1.0
strnlght:1.0
netcom.com:1.0
david:1.0
sternlight:1.0
writes:1.0
crooks:1.0
use:1.0
innocent:1.0
persons:1.0
phone:1.6931471805599454
tapped:1.6931471805599454
line:1.6931471805599454
theres:1.0
problem:1.0
feds:1.0
dont:1.0
care:1.0
whose:1.0
instrument:1.0
used:1.0
conversation:1.0
suspect:1.0
get:1.6931471805599454
serial:1.0
number:1.0
keys:1.0
business:1.0
chip:1.0
person:1.0
association:1.0
ever:1.0
needed:1.0
celular:1.0
phones:1.0
