kingj:1.6931471805599454
hpcc01.corp.hp.com:1.0
john:1.6931471805599454
c:1.0
king:1.6931471805599454
subject:1.0
wanted:1.0
riverbank:2.09861228866811
pub:1.0
16:2.09861228866811
im:1.0
looking:1.0
copy:1.0
friedmans:1.0
publication:1.6931471805599454
methods:1.0
solution:1.0
running-key:1.0
ciphers:1.0
agean:1.0
park:1.0
press:1.0
tells:1.0
c-23:1.0
publications:1.0
volume:1.0
1:1.0
print:1.0
anyone:1.0
snail-mail:1.0
photocopy:1.0
someone:1.0
could:1.0
would:1.0
much:1.0
appreciated:1.0
regards:1.0
corp.hp.com:1.0
