feeley:1.6931471805599454
cattell.psych.upenn.edu:1.0
wm:1.0
michael:1.0
subject:1.0
clipper:1.6931471805599454
conference:1.6931471805599454
calls:1.6931471805599454
curious:1.0
would:1.0
chip:1.0
system:1.0
handle:1.0
