jhart:1.6931471805599454
agora.rain.com:1.6931471805599454
jim:1.0
hart:1.0
subject:1.0
dorothy:1.6931471805599454
denning:1.6931471805599454
opposes:1.0
clipper:1.0
capstone:1.0
wiretap:1.0
chips:1.0
security:1.0
system:1.0
depend:1.0
secrecy:1.6931471805599454
keys:1.0
algorithms:1.0
