smb:1.0
research.att.com:1.0
steven:1.0
bellovin:1.0
subject:1.0
clipper:2.09861228866811
conference:1.6931471805599454
calls:1.6931471805599454
article:1.0
122723:1.0
netnews.upenn.edu:1.0
feeley:1.6931471805599454
cattell.psych.upenn.edu:1.0
wm:1.0
michael:1.0
writes:1.0
curious:1.0
would:1.0
chip:1.0
system:1.6931471805599454
handle:1.0
encryption:1.0
ive:1.0
seen:1.0
number:1.0
designs:1.0
generally:1.0
involve:1.0
multi-line:1.0
cleartext:1.0
bridge:1.0
