dhesi:2.6094379124341005
rahul.net:1.6931471805599454
rahul:1.6931471805599454
subject:1.0
overreacting:1.0
tapped:1.0
code:1.0
good:1.0
2109:1.0
rwing.uucp:1.6931471805599454
pat:1.6931471805599454
myrto:1.0
writes:1.0
come:1.0
media:2.6094379124341005
telling:1.0
provisions:1.0
clipper:1.0
decision:1.0
bulk:1.6931471805599454
people:1.6931471805599454
informed:1.6931471805599454
refuses:1.0
answer:1.0
second:1.0
question:1.0
lies:1.0
way:1.0
phrased:1.0
first:1.0
one:1.6931471805599454
medis:1.0
isnt:1.0
means:1.0
medium:1.0
thousands:1.0
publications:1.6931471805599454
say:1.6931471805599454
wont:1.0
read:1.0
informative:1.0
also:1.0
cirrus.com:1.0
