mt92mmj:1.6931471805599454
brunel.ac.uk:1.6931471805599454
pwgll:1.0
subject:1.0
looking:1.0
ms-dos:1.6931471805599454
crypto:1.0
programs:1.0
maddison:1.6931471805599454
david:1.6931471805599454
wrote:1.0
new:1.0
reader:1.0
sci.crypt:1.0
would:1.6931471805599454
like:1.6931471805599454
obtain:1.6931471805599454
copy:1.0
public:1.6931471805599454
domain:1.0
program:2.09861228866811
encrypt:1.0
files:1.0
preferably:1.0
using:1.0
des:1.0
runs:1.0
also:1.0
password:1.6931471805599454
protect:1.6931471805599454
floppy:1.6931471805599454
disks:1.0
possible:1.0
thanks:1.6931471805599454
melbourne:1.0
australia:1.0
find:1.0
could:1.0
e-mail:1.0
marcus:1.0
jones:1.0
dept:1.0
materials:1.0
technology:1.0
brunel:1.0
university:1.0
pgp:1.0
v2.2:1.0
key:1.0
request:1.0
