tenney:2.791759469228055
netcom.com:2.09861228866811
glenn:2.09861228866811
subject:1.0
hearing:2.09861228866811
29:1.6931471805599454
april:2.386294361119891
1993:2.09861228866811
received:1.0
fax:2.09861228866811
letter:2.6094379124341005
representative:1.0
markey:2.09861228866811
subcommittee:1.6931471805599454
telecommunications:2.9459101490553135
finance:1.0
ron:1.0
brown:2.09861228866811
secretary:2.09861228866811
commerce:2.09861228866811
since:1.0
encryption:3.0794415416798357
clipper:2.386294361119891
chip:2.386294361119891
raised:2.09861228866811
felt:1.0
would:2.386294361119891
interest:1.6931471805599454
understand:1.0
mr:1.0
holding:1.0
questions:2.09861228866811
may:2.386294361119891
also:1.0
follow-on:1.0
dedicated:1.0
thats:1.0
definite:1.0
ive:1.0
typed:1.0
follows:1.6931471805599454
errors:1.0
transcription:1.0
mine:1.0
amateur:1.0
radio:1.6931471805599454
aa6er:1.6931471805599454
voice:1.6931471805599454
415:2.386294361119891
574-3420:1.6931471805599454
574-0546:1.6931471805599454
19:1.0
honorable:1.0
ronald:1.0
h:1.0
department:1.0
14th:1.0
pennsylvania:1.0
ave:1.0
nw:1.0
washington:1.0
dc:1.0
20236:1.0
dear:1.0
know:1.0
long:1.0
interested:1.0
privacy:1.6931471805599454
security:2.09861228866811
transmissions:2.09861228866811
data:2.386294361119891
networked:1.0
environment:1.0
recent:1.0
reports:1.0
concerning:1.0
administrations:2.386294361119891
endorsement:1.6931471805599454
electronic:1.0
standard:2.386294361119891
based:1.0
upon:1.0
technology:2.09861228866811
number:1.0
related:1.0
issues:1.6931471805599454
international:1.0
competitiveness:1.0
u.s:2.6094379124341005
high:1.0
tech:1.0
manufacturers:1.0
software:1.6931471805599454
industry:1.0
key:1.6931471805599454
factor:1.6931471805599454
government:2.386294361119891
consider:1.0
addressing:1.0
nation:1.0
moves:1.0
forward:1.0
developing:1.0
national:1.0
communications:1.6931471805599454
information:1.6931471805599454
infrastructure:1.0
network:2.09861228866811
increasingly:1.6931471805599454
important:1.0
protecting:1.0
users:1.6931471805599454
hacker:1.0
community:1.0
compromise:1.0
integrity:1.0
databases:1.0
linked:1.6931471805599454
people:1.0
businesses:1.6931471805599454
use:1.0
nations:1.0
personal:1.0
computers:1.0
demanding:1.0
protected:1.0
unauthorized:1.0
access:1.0
alteration:1.0
theft:1.0
concerned:1.0
plan:1.6931471805599454
mean:1.0
remain:1.0
competitive:1.6931471805599454
internationally:1.0
companies:1.6931471805599454
compelled:1.0
develop:1.0
two:1.0
products:1.6931471805599454
one:1.0
customers:1.0
another:1.0
private:1.0
commercial:1.0
want:1.0
higher:1.0
inadvertently:1.0
increase:1.0
costs:1.6931471805599454
hoping:1.0
serve:1.0
markets:1.0
assist:1.0
subcommittees:1.0
analysis:1.0
issue:1.0
please:2.386294361119891
respond:1.0
following:1.0
1:1.0
algorithm:2.09861228866811
endorsed:1.6931471805599454
administration:2.09861228866811
tested:1.6931471805599454
entity:1.6931471805599454
nsa:1.0
nist:1.0
vendor:1.0
identify:1.0
entities:1.6931471805599454
nature:1.0
testing:1.0
performed:1.0
describe:1.0
plans:1.0
outside:1.0
experts:1.6931471805599454
chosen:1.0
2:1.0
holders:1.6931471805599454
keys:1.0
decrypt:1.0
scrambled:1.0
procedures:1.0
criteria:1.0
utilize:1.0
designate:1.0
3:1.0
contain:1.0
trap:1.0
door:1.6931471805599454
back:1.0
could:1.0
allow:1.0
agency:1.0
federal:2.09861228866811
crack:1.0
code:1.0
4:1.0
clear:1.0
time:1.0
changes:1.0
technologies:1.0
used:1.0
require:1.0
new:1.0
techniques:1.0
additional:1.6931471805599454
equipment:1.6931471805599454
devices:1.0
adapt:1.0
rapid:1.0
advancement:1.0
5:1.0
proposed:1.0
place:1.0
estimated:1.0
cost:1.0
consumers:1.0
opt:1.0
6:1.0
departments:1.0
assessment:1.0
impact:1.0
exports:1.0
computer:1.0
hardware:1.0
appreciate:1.0
response:1.0
later:1.0
close:1.0
of-business:1.0
wednesday:1.0
28:1.0
staff:1.6931471805599454
contact:1.0
colin:1.0
crowell:1.0
karen:1.0
colannino:1.0
202:1.0
226-2424:1.0
sincerely:1.0
edward:1.0
j:1.0
chairman:1.0
ham:1.0
