mnemonic:1.6931471805599454
eff.org:1.6931471805599454
mike:2.09861228866811
godwin:2.09861228866811
subject:1.0
dorothy:1.6931471805599454
denning:1.6931471805599454
opposes:1.0
clipper:1.0
capstone:1.0
wiretap:1.0
chips:1.0
article:1.0
c614bj.bk6:1.0
agora.rain.com:1.6931471805599454
jhart:1.0
jim:1.0
hart:1.0
writes:1.0
security:1.0
system:1.0
depend:1.0
secrecy:1.6931471805599454
keys:1.0
algorithms:1.0
cite:1.0
source:1.0
please:1.0
ariel:1.0
rose:1.0
born:1.0
4-15-93:1.0
4:34:1.0
pm:1.0
cambridge:1.6931471805599454
617:1.0
576-4510:1.0
7:1.0
pounds:1.0
1.5:1.0
ounces:1.0
19.75:1.0
inches:1.0
long:1.0
eff:1.0
new:1.0
citizen:1.0
electronic:1.0
frontier:1.0
