jhupp:1.6931471805599454
shockwave.win.net:1.6931471805599454
jeff:1.6931471805599454
hupp:1.6931471805599454
subject:1.0
clipper:2.09861228866811
conference:1.6931471805599454
calls:1.6931471805599454
article:1.0
122723:1.0
netnews.upenn.edu:1.0
feeley:1.6931471805599454
cattell.psych.upenn.edu:1.0
wm:1.0
michael:1.0
writes:1.0
curious:1.0
would:1.6931471805599454
chip:1.0
system:1.6931471805599454
handle:1.0
encryption:1.6931471805599454
ive:1.0
seen:1.0
number:1.0
designs:1.0
generally:1.0
involve:1.0
multi-line:1.6931471805599454
cleartext:1.6931471805599454
bridge:2.09861228866811
put:1.0
isnt:1.0
one:1.0
receiptants:1.0
location:1.0
forget:1.0
blown:1.0
security:1.0
thought:1.0
might:1.0
internet:1.0
9797:1.0
medowglen:1.0
apt:1.0
1807:1.0
ad:1.0
contract:1.0
programming:1.0
novell:1.0
houston:1.0
texas:1.0
77042:1.0
network:1.0
design:1.0
support:1.0
voice:1.0
713:1.0
780:1.0
9419:1.0
best:1.0
govenment:1.0
doesnt:1.0
