spp:1.0
zabriskie.berkeley.edu:1.0
steve:1.6931471805599454
pope:1.0
subject:1.0
going:1.0
sdoty:1.0
odie.santarosa.edu:1.0
scott:1.0
doty:1.0
writes:1.0
look:1.0
like:1.0
csrc.ncsl.nist.gov:1.6931471805599454
become:1.0
un-machine:1.0
someone:1.0
would:1.0
try:1.0
ftping:1.0
knows:1.0
whats:1.0
id:1.0
really:1.0
appreciate:1.0
info:1.0
129.6.54.11:1.0
ftp-able:1.0
