georgel:1.6931471805599454
neosoft.com:1.6931471805599454
george:1.6931471805599454
livsey:1.6931471805599454
subject:1.0
illegal:1.6931471805599454
transmit:1.6931471805599454
encrypted:1.6931471805599454
data:1.6931471805599454
aware:1.0
restrictions:1.0
imposed:1.0
munitions:1.0
act:1.0
export:1.0
cryptographic:1.0
technology:1.0
however:1.0
u.s:1.0
another:1.0
country:1.0
laws:1.0
apply:1.0
situation:1.0
x02:4.912023005428146
visualize:1.0
whirrled:1.0
peas:1.0
nets:1.0
worth:1.0
713:1.0
994-0447:1.0
