ad:1.6931471805599454
cat.de:1.6931471805599454
axel:2.09861228866811
dunkel:1.6931471805599454
subject:1.0
sensible:1.6931471805599454
des:1.6931471805599454
towards:1.6931471805599454
bit-errors:1.0
hello:1.0
encrypted:1.0
data:1.6931471805599454
bit:1.6931471805599454
errors:1.0
much:1.0
per:1.0
lost:1.0
average:1.0
assume:1.0
still:1.0
correct:1.0
key:1.0
thanx:1.0
hints:1.0
experience:1.0
get:1.6931471805599454
dont:1.0
want:1.0
systemberatung:1.0
koenigsberger:1.0
strasse:1.0
41:1.0
6239:1.0
kriftel:1.0
germany:1.0
e-mail:1.0
voice:1.0
49-6192-46949:1.6931471805599454
fax:1.0
