zrepachol:1.0
cc.curtin.edu.au:1.0
paul:1.6931471805599454
repacholi:1.0
subject:1.0
seen:1.0
lobby:1.0
us:1.6931471805599454
article:1.0
1r9av2:1.0
bg6:1.0
transfer.stratus.com:1.0
cme:1.0
ellisun.sw.stratus.com:1.0
carl:1.0
ellison:1.0
writes:1.0
dont:1.0
know:1.0
nearly:1.0
forgotten:1.0
generate:1.0
paper:1.6931471805599454
mail:1.0
e-mail:1.6931471805599454
congress:1.0
would:1.0
written:1.6931471805599454
many:1.0
letters:1.0
havent:1.0
one:1.0
yet:1.0
turns:1.0
writing:1.0
complicated:1.0
job:1.0
hooked:1.0
way-cool:1.0
internet:1.0
ask:1.0
postmaster:1.0
address:1.0
printer:1.0
