jbs:1.0
watson.ibm.com:1.0
subject:1.0
clipper:1.0
chip:1.0
realistic:1.0
government:1.0
try:1.0
keep:1.0
details:1.6931471805599454
encrytion:1.0
algorithm:1.0
secret:1.0
intends:1.0
use:1.0
evidence:1.6931471805599454
wiretaps:1.6931471805599454
court:1.6931471805599454
wont:1.0
defense:1.0
attorneys:1.0
attempt:1.0
obtain:1.0
method:1.0
prosecution:1.0
attempts:1.6931471805599454
present:1.0
certain:1.0
fail:1.0
james:1.0
b:1.0
shearer:1.0
