schneier:1.6931471805599454
chinet.chi.il.us:1.0
bruce:1.6931471805599454
subject:1.0
comments:1.6931471805599454
clipper:1.6931471805599454
publication:1.0
writing:1.0
article:1.6931471805599454
network:1.0
world:1.0
looking:1.0
opinions:1.6931471805599454
quote:1.0
scheme:1.0
implications:1.0
security:1.0
privacy:1.0
acceptance:1.0
overseas:1.0
etc:1.0
hope:1.0
balenced:1.0
various:1.0
quarters:1.0
catch:1.0
name:1.0
company:1.0
affiliation:1.0
appear:1.0
print:1.0
tight:1.0
deadline:1.0
need:1.0
finish:1.0
wednesday:1.0
night:1.0
please:1.0
call:1.0
e-mail:1.0
responses:1.0
thanks:1.0
708:1.0
524-9461:1.0
