strnlght:1.0
netcom.com:1.0
david:2.09861228866811
sternlight:1.6931471805599454
subject:1.0
clipper:1.0
considered:1.0
harmful:1.0
article:1.0
1993apr25.193300.1707:1.0
microsoft.com:1.6931471805599454
gideony:1.0
gideon:1.0
yuval:1.0
writes:1.0
personal:1.0
attacks:1.0
stopped:1.0
prof:1.0
denning:1.0
replying:1.0
issues:1.0
substance:1.0
cause:1.0
real:1.0
harm:1.0
serious:1.0
debate:1.0
great:1.0
care:1.0
taken:1.0
ensure:1.0
accuracy:1.0
information:1.0
errors:1.0
omissions:1.0
excepted:1.0
