allen:1.6931471805599454
well.sf.ca.us:1.0
barrett:1.0
ethridge:1.0
subject:1.0
dorothy:1.6931471805599454
denning:1.6931471805599454
opposes:1.0
clipper:1.0
capstone:1.0
wiretap:1.0
chips:1.0
1993apr26.063532.10120:1.0
eff.org:1.6931471805599454
mnemonic:1.0
mike:1.0
godwin:1.0
writes:1.6931471805599454
article:1.0
c614bj.bk6:1.0
agora.rain.com:1.6931471805599454
jhart:1.0
jim:1.0
hart:1.0
security:1.6931471805599454
system:1.0
depend:1.0
secrecy:1.6931471805599454
keys:1.0
algorithms:1.0
cite:1.0
source:1.0
please:1.0
cryptography:1.0
data:1.0
page:1.0
8:1.0
perhaps:1.0
