jongsma:2.386294361119891
esseye.si.com:1.0
ken:1.6931471805599454
subject:1.0
rush:1.0
read:1.0
e-mail:1.6931471805599454
1993apr23.153320.4568:1.0
henson.cc.wwu.edu:1.6931471805599454
n9045178:1.0
sean:1.0
dean:1.0
writes:1.0
idea:1.0
compuserve:1.0
address:1.0
70277.2502:1.0
compuserve.com:1.6931471805599454
smiths:1.0
industries:1.0
swdev.si.com:1.0
grand:1.0
rapids:1.0
michigan:1.0
73115.1041:1.0
