marc:1.6931471805599454
tanda.isis.org:1.0
thibault:1.0
subject:1.0
overreacting:1.0
tapped:1.0
code:1.0
good:1.0
article:1.0
1993apr23.134422.25521:1.0
rick.dgbt.doc.ca:1.0
jerry:1.0
han:1.0
writes:1.0
smart:1.0
warrior:2.09861228866811
defeats:2.09861228866811
enemy:2.09861228866811
ambush:1.0
battlefield:2.09861228866811
smarter:1.0
open:1.0
warfare:1.0
smartest:1.0
without:1.0
using:1.0
yall:1.0
got:1.0
first:1.0
two:1.0
reversed:1.0
judge:1.0
roy:1.0
bean:1.0
