pdc:1.6931471805599454
dcs.ed.ac.uk:1.6931471805599454
paul:1.6931471805599454
crowley:1.6931471805599454
subject:1.0
clipper:1.0
conference:1.0
calls:1.0
quoting:1.0
dougb:1.0
ecs.comm.mot.com:1.0
article:1.0
1993apr26.150434.227:1.0
lmpsbbs.comm.mot.com:1.0
would:2.09861228866811
use:1.0
something:1.0
black:1.0
box:1.0
words:1.0
dont:1.0
think:1.0
public:1.6931471805599454
key:2.386294361119891
work:1.0
session:1.6931471805599454
agreed:1.0
upon:1.0
prior:1.0
conversation:1.0
distributed:1.0
sites:1.6931471805599454
beforehand:1.0
cant:1.0
one:1.0
site:1.0
decide:1.0
send:1.0
encryption:1.0
trust:1.0
know:1.0
im:1.0
x:1.0
fold:1.0
fish:1.0
jesus:1.0
