jin:2.09861228866811
spdcc.com:1.0
jerry:1.6931471805599454
natowitz:1.6931471805599454
subject:1.0
pd:1.0
code:1.6931471805599454
crypt:1.0
1:1.0
like:1.0
encryption:1.6931471805599454
looking:1.0
public:1.0
domain:1.0
exportable:1.0
nothing:1.0
elaborate:1.0
something:1.0
satisfy:1.0
marketing:1.0
need:1.0
oh:1.0
yes:1.0
unix:1.0
platform:1.0
guest:1.0
user:1.0
arpa:1.0
ursa-major.spdcc.com:1.0
uucp:1.0
ima:1.0
harvard:1.0
rayssd:1.0
linus:1.0
m2c:1.0
spdcc:1.0
