paul:1.6931471805599454
fairgate.com:1.0
subject:1.0
birthday:1.6931471805599454
attack:2.09861228866811
recently:1.0
saw:1.0
message:1.0
posted:1.0
bob:1.0
silverman:1.0
think:1.0
referred:1.0
cryptosystem:1.0
im:1.0
looking:1.0
references:1.0
explanations:1.0
type:1.0
thanks:1.0
