ad:1.6931471805599454
cat.de:1.6931471805599454
axel:2.386294361119891
dunkel:2.386294361119891
subject:1.0
summary:1.0
sensible:2.791759469228055
des:3.1972245773362196
towards:2.791759469228055
bit-errors:1.0
hi:1.0
id:1.0
like:1.6931471805599454
thank:1.6931471805599454
fast:2.386294361119891
responses:1.6931471805599454
special:1.0
thanks:1.0
go:1.0
replied:1.0
lexical:1.0
order:1.0
marcus:2.09861228866811
j:2.386294361119891
ranum:2.386294361119891
mjr:2.6094379124341005
tis.com:2.386294361119891
paul:2.9459101490553135
crowley:2.09861228866811
pdc:2.09861228866811
dcs.ed.ac.uk:2.09861228866811
pausch:2.386294361119891
saaf.se:2.386294361119891
schlyter:2.386294361119891
tarnold:2.09861228866811
vnet.ibm.com:2.09861228866811
todd:2.386294361119891
w:2.09861228866811
arnold:2.09861228866811
wcs:1.6931471805599454
anchor.ho.att.com:1.6931471805599454
bill:1.0
stewart:1.0
question:1.0
encrypted:2.791759469228055
data:3.8903717578961645
bit:3.6390573296152584
errors:2.9459101490553135
much:2.9459101490553135
per:2.6094379124341005
lost:2.791759469228055
average:2.6094379124341005
assume:2.6094379124341005
still:2.6094379124341005
correct:2.6094379124341005
key:2.6094379124341005
des-encrypted:1.0
affected:2.09861228866811
depends:2.386294361119891
used:1.0
encryption:1.0
mode:3.70805020110221
according:1.6931471805599454
cfb:2.386294361119891
cipher:1.6931471805599454
feedback:2.09861228866811
ecb:1.6931471805599454
electronic:1.6931471805599454
code:1.6931471805599454
book:1.6931471805599454
cbc:2.6094379124341005
block:3.772588722239781
chaining:2.09861228866811
ofb:1.6931471805599454
output:2.386294361119891
stuff:1.0
better:1.0
others:2.09861228866811
designed:1.0
communications:1.0
streams:1.0
files:1.0
unfortunally:1.0
people:1.6931471805599454
strongly:1.0
disagree:1.0
lead:1.0
destruction:1.0
following:1.0
sure:1.0
seems:1.0
modes:2.09861228866811
resync:1.0
quite:1.6931471805599454
never:1.0
even:1.0
effect:1.0
summarized:1.0
said:1.0
concerning:1.0
matter:1.0
current:1.6931471805599454
use:2.09861228866811
cihper:1.6931471805599454
remainder:1.6931471805599454
destroyed:2.09861228866811
well:1.6931471805599454
synchronizes:1.0
probably:1.6931471805599454
within:1.0
1:1.0
maracus:1.0
maybe:1.6931471805599454
someone:1.0
definitely:1.0
knows:1.0
happens:1.0
nevertheless:1.0
include:1.0
got:1.0
ad.735831059:1.6931471805599454
cat:1.6931471805599454
writes:1.0
youre:2.386294361119891
using:2.09861228866811
single:1.6931471805599454
64-bit:1.6931471805599454
input:1.6931471805599454
one-bit:1.0
error:2.6094379124341005
50:1.0
percent:1.0
chance:1.0
corrupting:1.0
64:2.6094379124341005
bits:3.3978952727983707
words:1.0
essentially:1.0
turns:1.0
random:1.0
number:1.0
encrypting:1.6931471805599454
however:1.0
one:2.6094379124341005
next:1.6931471805599454
follow:1.0
decrypted:1.0
properly:1.0
good:1.0
idea:1.0
kind:1.0
correction:1.0
system:1.6931471805599454
corrupted:1.0
likely:1.0
article:1.0
write:1.0
hello:1.0
least:1.0
8:1.0
bytes:1.0
seisitive:1.0
swedish:1.0
amateur:1.0
astronomers:1.0
society:1.0
saaf:1.0
nybrogatan:1.0
75:1.0
6:1.0
tr:1.0
s-114:1.0
40:1.0
stockholm:1.0
sweden:1.0
internet:1.0
bad:2.386294361119891
might:1.0
lose:1.0
rest:1.0
stream:1.0
want:1.6931471805599454
safety:1.0
dropped:1.0
correcting:1.0
coder:1.0
freeware:1.0
gnu:1.0
ecc:1.0
trust:1.0
know:1.0
im:1.0
x:1.0
fold:1.0
fish:1.0
jesus:1.0
takes:1.0
produces:1.0
changed:1.0
entire:1.0
becomes:1.0
forget:1.0
results:1.0
affect:1.0
later:2.09861228866811
blocks:2.386294361119891
self-synchronizes:1.0
repaired:1.0
theres:1.0
also:1.6931471805599454
framing:1.0
problem:1.0
change:1.6931471805599454
changes:1.0
added:1.0
63:1.0
65:1.0
everything:1.0
confused:1.0
example:1.0
synchronises:1.0
pretty:1.0
figure:1.0
destroy:1.0
experience:1.0
get:1.6931471805599454
dont:1.0
systemberatung:1.0
koenigsberger:1.0
strasse:1.0
41:1.0
6239:1.0
kriftel:1.0
germany:1.0
e-mail:1.0
voice:1.0
49-6192-41360:1.0
fax:1.0
49-6192-46949:1.0
