bchen:1.0
wpi.wpi.edu:1.0
bi:1.6931471805599454
chen:1.6931471805599454
subject:1.0
help:1.6931471805599454
faq:2.09861228866811
sci.crypt:1.0
questions:1.0
dear:1.0
netters:1.0
scanning:1.0
news:1.0
group:1.0
found:1.0
could:1.6931471805599454
someone:1.6931471805599454
enlight:1.0
find:1.0
one:1.0
also:1.0
recommend:1.0
good:1.0
books:1.0
encription:1.0
decription:1.0
patent:1.0
information:1.0
goverment:1.0
regulation:1.0
science/technology:1.0
appreciate:1.0
much:1.0
sincerely:1.0
