mnemonic:2.09861228866811
eff.org:2.386294361119891
mike:2.386294361119891
godwin:2.386294361119891
subject:1.0
dorothy:2.09861228866811
denning:2.09861228866811
opposes:1.0
clipper:1.0
capstone:1.0
wiretap:1.0
chips:1.0
article:1.6931471805599454
allen.735873202:1.0
well.sf.ca.us:1.6931471805599454
allen:1.6931471805599454
barrett:1.0
ethridge:1.0
writes:2.09861228866811
1993apr26.063532.10120:1.0
c614bj.bk6:1.0
agora.rain.com:1.6931471805599454
jhart:1.0
jim:1.0
hart:1.0
security:2.386294361119891
system:2.09861228866811
depend:1.6931471805599454
secrecy:2.386294361119891
keys:2.09861228866811
algorithms:1.6931471805599454
cite:1.0
source:1.0
please:1.0
cryptography:1.6931471805599454
data:1.6931471805599454
page:1.6931471805599454
8:1.6931471805599454
perhaps:1.0
thanks:1.0
got:1.0
two:1.0
sources:1.0
well:1.0
full:1.0
quote:1.0
follows:1.0
addison-wesley:1.0
1982,1983:1.0
cryptosystems:1.0
must:2.09861228866811
satisfy:1.0
three:1.0
general:1.0
requirements:1.0
1:1.0
enciphering:1.6931471805599454
deciphering:1.6931471805599454
transformations:1.0
efficient:1.0
2:1.0
easy:1.0
use:1.0
3:1.0
e:1.0
ariel:1.0
rose:1.0
born:1.0
4-15-93:1.0
4:34:1.0
pm:1.0
cambridge:1.6931471805599454
617:1.0
576-4510:1.0
7:1.0
pounds:1.0
1.5:1.0
ounces:1.0
19.75:1.0
inches:1.0
long:1.0
eff:1.0
new:1.0
citizen:1.0
electronic:1.0
frontier:1.0
