c445585:1.0
mizzou1.missouri.edu:1.0
john:1.0
kelsey:1.0
subject:1.0
forbidden:1.6931471805599454
reveal:1.0
wiretap:1.6931471805599454
inform:1.0
someone:1.0
police:1.0
phone:1.0
legal:1.0
work:1.6931471805599454
privtely:1.0
sweeper:1.0
report:1.0
person:1.0
whether:1.0
found:1.0
bug:1.0
