tedwards:1.0
eng.umd.edu:1.0
thomas:1.6931471805599454
grant:1.0
edwards:1.0
subject:1.0
clipper:1.0
considered:1.0
harmful:1.0
sternlight:1.0
writes:1.6931471805599454
gideon:1.0
yuval:1.0
personal:2.09861228866811
attacks:2.09861228866811
stopped:1.0
prof:1.6931471805599454
denning:1.6931471805599454
replying:1.0
issues:1.0
substance:1.0
cause:1.0
real:1.0
harm:1.0
serious:1.0
debate:1.6931471805599454
afraid:1.0
posting:1.6931471805599454
due:1.0
perhaps:1.0
use:1.0
anonymous:1.0
service:1.0
allow:1.0
heated:1.0
occur:1.0
without:1.0
anon:1.0
penet:1.0
back:1.0
yet:1.0
