c445585:1.0
mizzou1.missouri.edu:1.0
john:1.6931471805599454
kelsey:1.6931471805599454
subject:1.0
clipper:2.09861228866811
backdoors:2.09861228866811
david:1.6931471805599454
sternlight:1.0
says:1.0
discredits:1.0
writer:1.0
third:1.0
parties:1.0
claim:1.0
back:1.0
door:1.0
actually:1.0
dont:1.0
think:1.0
intellectually:1.0
honest:1.0
say:1.6931471805599454
unless:1.0
youve:1.0
chance:1.0
examine:1.0
algorithm:1.0
silicon:1.0
closely:1.0
know:1.0
skipjack:1.6931471805599454
could:1.0
easily:1.0
broken:1.0
impossible:1.0
break:1.0
clearly:1.0
secure:1.0
chip:1.0
worth:1.0
much:1.0
