rmal:1.0
jet.uk:1.0
richard:1.6931471805599454
lucock:1.0
subject:1.0
triple:1.6931471805599454
des:1.6931471805599454
seen:1.0
various:1.0
references:1.0
recently:1.0
could:1.0
anyone:1.0
tell:1.0
context:1.0
would:1.0
guess:1.0
means:1.0
encrypting:1.0
block:1.0
3:1.0
times:1.0
different:1.0
key:2.09861228866811
time:1.0
id:1.0
like:1.0
sure:1.0
replies:1.0
email:1.0
preferred:1.0
news:1.0
unreliable:1.0
thanks:1.0
pgp:1.6931471805599454
public:1.6931471805599454
available:1.6931471805599454
request:1.6931471805599454
disclaimer:1.0
please:1.0
note:1.0
personal:1.0
view:1.0
construed:1.0
official:1.0
comment:1.0
jet:1.0
project:1.0
