pom:1.0
anke.imsd.uni-mainz.de:1.0
prof:1.0
dr:1.0
klaus:1.6931471805599454
pommerening:1.6931471805599454
subject:1.0
summary:1.6931471805599454
des:2.386294361119891
init:2.09861228866811
vector:2.791759469228055
additional:2.09861228866811
key:3.1972245773362196
risk:1.0
getting:1.0
lost:1.0
clipper:1.0
chip:1.0
discussion:1.6931471805599454
give:1.6931471805599454
recent:1.6931471805599454
question:1.0
article:1.0
pqscbcnh:1.0
minnie.zdv.uni-mainz.de:1.0
wrote:1.0
news:1.0
group:1.0
suggests:1.0
search:2.386294361119891
attack:2.09861228866811
quite:1.0
feasible:1.0
normally:1.0
applied:1.0
cbc:1.6931471805599454
cfb:1.6931471805599454
mode:2.386294361119891
one:1.0
chooses:1.0
random:1.6931471805599454
8:1.0
bytes:1.0
questions:1.0
makes:1.0
sense:1.0
handle:1.0
56:1.0
64:1.0
120:1.6931471805599454
bit:2.09861228866811
yes:1.0
anything:1.0
known:1.6931471805599454
security:1.6931471805599454
scheme:1.0
break:1.0
faster:1.0
exhaustive:1.0
space:1.0
unfortunately:1.0
answer:1.0
concealing:1.0
initialisation:2.09861228866811
essentially:1.0
doesnt:1.6931471805599454
got:1.0
3:1.6931471805599454
answers:1.0
grady:1.0
netcom.com:1.0
mark.lomas:1.0
cl.cam.ac.uk:1.0
smb:1.0
research.att.com:1.0
opened:1.0
eyes:1.0
pretty:1.0
simple:1.0
say:1.0
e:2.09861228866811
encryption:2.09861228866811
decryption:1.6931471805599454
k:1.6931471805599454
64-bit:1.0
blocks:2.09861228866811
let:1.0
c:3.1972245773362196
0:2.09861228866811
1:2.09861228866811
2:2.09861228866811
message:1.6931471805599454
cipher:2.386294361119891
text:1.0
block:2.09861228866811
chaining:1.0
works:1.0
formula:1.0
xor:2.09861228866811
i-1:2.09861228866811
attacker:1.0
affects:1.0
first:1.0
situation:1.0
feedback:1.6931471805599454
complicated:1.0
similar:1.0
left:1.0
exercise:1.0
reader:1.0
finally:1.0
modified:1.0
output:1.0
ofb:1.0
whatever:1.0
use:1.0
simply:1.0
acts:1.0
generator:1.0
seed:1.0
given:1.0
usual:1.0
plaintext:1.0
xor-bitstream:1.0
ciphers:1.0
reduces:1.0
cracking:1.0
institut:1.0
fuer:1.0
medizinische:1.0
statistik:1.0
und:1.0
dokumentation:1.0
der:1.0
johannes-gutenberg-universitaet:1.0
obere:1.0
zahlbacher:1.0
strasse:1.0
69:1.0
w-6500:1.0
mainz:1.0
germany:1.0
