jhupp:1.6931471805599454
shockwave.win.net:1.6931471805599454
jeff:1.6931471805599454
hupp:1.6931471805599454
subject:1.0
stu-iii:1.6931471805599454
general:1.0
question:1.0
people:1.0
willing:1.0
trust:1.0
government:1.0
internet:1.0
9797:1.0
medowglen:1.0
apt:1.0
1807:1.0
ad:1.0
contract:1.0
programming:1.0
novell:1.0
houston:1.0
texas:1.0
77042:1.0
network:1.0
design:1.0
support:1.0
voice:1.0
713:1.0
780:1.0
9419:1.0
best:1.0
govenment:1.0
doesnt:1.0
