rja14:1.0
cl.cam.ac.uk:1.0
ross:1.6931471805599454
anderson:1.0
subject:1.0
hardware:1.6931471805599454
hash:2.09861228866811
function:1.6931471805599454
article:1.0
c6deo6.uye:1.0
watson.ibm.com:1.6931471805599454
basturk:1.6931471805599454
erol:1.0
writes:1.0
question:1.0
fast:1.6931471805599454
designed:1.0
implementation:1.0
yes:1.0
use:1.0
stream:1.6931471805599454
cipher:1.0
chip:1.0
data:1.0
slight:1.0
modification:1.0
see:1.0
cryptographic:1.0
checksum:1.0
algorithm:1.0
based:1.0
ciphers:1.0
x:1.0
lai:1.0
ra:1.0
rueppel:1.0
j:1.0
woolven:1.0
auscrypt:1.0
92:1.0
pp:1.0
8-7:1.0
8-11:1.0
