schlege:1.0
lips.ecn.purdue.edu:1.0
kevin:1.6931471805599454
l:1.0
schlegelmilch:1.0
subject:1.0
source:1.6931471805599454
code:1.6931471805599454
substitution:1.6931471805599454
cipher:1.6931471805599454
wondering:1.0
anyone:1.0
knew:1.0
could:1.0
find:1.0
program:1.0
solve:1.0
thanks:1.0
please:1.0
post:1.0
answer:1.0
instead:1.0
e-mailing:1.0
directly:1.0
