ji:1.6931471805599454
cs.columbia.edu:1.0
john:1.0
ioannidis:1.0
subject:1.0
organized:1.0
lobbying:1.0
cryptography:1.0
article:1.0
1993apr30.004519.7741:1.0
csus.edu:1.0
sphughes:1.0
sfsuvax1.sfsu.edu:1.0
shaun:1.0
p:1.0
hughes:1.0
writes:1.0
perhaps:1.0
someone:1.0
ask:1.0
zippy:1.0
pinhead:1.0
opinion:1.0
yow:1.0
encrypting:1.0
yet:1.0
didnt:1.0
go:1.6931471805599454
gunsncrypto:1.0
discussion:1.0
months:1.0
ago:1.0
must:1.0
