c445585:1.0
mizzou1.missouri.edu:1.0
john:1.6931471805599454
kelsey:1.6931471805599454
subject:1.0
one-time:2.6094379124341005
pad:3.302585092994046
authentication:1.0
think:1.0
couple:1.0
ways:1.0
guaranteeing:1.0
authenticity:1.0
encrytped:1.0
scheme:1.6931471805599454
though:1.0
im:2.9459101490553135
sure:2.6094379124341005
prove:1.0
kind:1.0
authenicity:1.0
provide:1.0
obvious:1.0
first-attempt:1.0
might:1.0
prepend:1.0
truly:1.0
random:2.791759469228055
unpredictable:1.0
eve:1.0
block:2.09861228866811
message:3.772588722239781
calculate:1.0
crc:1.6931471805599454
included:1.0
starting:1.6931471805599454
could:2.09861228866811
encrypted:1.0
problem:1.0
impossible:1.0
come:1.0
hash:1.6931471805599454
regardless:1.0
intuitively:1.0
seems:1.0
like:2.09861228866811
ought:1.0
hard:2.09861228866811
clearly:1.6931471805599454
crypto-strength:1.0
md5:1.0
sha:1.0
would:1.0
stronger:1.0
comfortable:1.0
claiming:1.0
unbreakable:1.0
use:2.386294361119891
bits:2.9459101490553135
decide:1.6931471805599454
many:2.09861228866811
0s:1.6931471805599454
include:1.0
plaintext:2.386294361119891
stream:2.386294361119891
going:1.6931471805599454
wouldnt:1.0
bad:1.0
either:1.6931471805599454
cost:1.6931471805599454
increasing:1.0
speed:1.0
used:1.6931471805599454
give:1.0
arbitrarily:1.0
low:1.0
probability:1.0
opponent:1.0
spoof:1.0
valid-looking:1.0
since:1.0
deciphered:1.0
spot:1.0
carrying:1.0
show:1.0
something:1.0
funnys:1.0
bit:2.6094379124341005
m_i:1.6931471805599454
one:1.6931471805599454
r_i:2.386294361119891
whether:1.0
insert:1.0
0:2.09861228866811
wed:1.6931471805599454
get:2.09861228866811
total:1.0
2.5:1.0
times:1.6931471805599454
length:1.6931471805599454
expand:1.0
size:1.0
half:1.0
appear:1.0
doesnt:1.0
guess:2.386294361119891
would-be:1.0
spoofer:1.0
trying:1.0
see:1.6931471805599454
quantify:1.0
chances:1.0
making:1.0
way:2.6094379124341005
spoofed:2.09861228866811
gets:1.0
little:1.0
complicated:1.0
un:1.0
synched:1.0
still:1.0
happen:1.0
place:1.0
simple:1.0
thats:1.6931471805599454
got:1.0
secure:1.6931471805599454
using:1.6931471805599454
4:1.0
xor:1.0
together:1.0
x_i:1.6931471805599454
encrypt:1.0
three:1.0
enemy:1.0
guessing:1.6931471805599454
he/she:1.0
cant:1.0
change:1.0
makes:2.09861228866811
ciphertext:1.6931471805599454
involve:1.0
without:1.6931471805599454
spoofing:1.6931471805599454
equivalent:1.0
correctly:1.0
messages:1.0
know:1.6931471805599454
whole:1.0
text:1.0
none:1.0
fact:1.0
looks:1.0
generate:1.0
entirely:1.0
easier:1.0
provably:1.0
