olson:2.09861228866811
umbc.edu:1.6931471805599454
bryan:1.0
cmsc:1.0
g:1.0
subject:1.0
advanced:1.0
one:2.09861228866811
time:1.6931471805599454
pad:2.09861228866811
stuff:1.0
o.k:1.0
youve:1.0
read:1.0
group:1.0
know:1.6931471805599454
one-time-pad:1.6931471805599454
heres:1.6931471805599454
question:1.6931471805599454
havent:1.0
seen:1.0
yeilds:1.0
ideal:2.6094379124341005
security:2.386294361119891
well-known:1.0
flaw:1.0
authentication:2.386294361119891
suppose:1.0
use:1.6931471805599454
random:1.0
bit:1.0
stream:1.6931471805599454
exclusive-or:1.0
encryption:1.0
operation:1.0
adversary:1.0
knows:1.6931471805599454
plaintext:1.6931471805599454
message:2.791759469228055
change:1.0
works:1.0
alice:1.6931471805599454
sending:1.0
bob:2.386294361119891
p:3.0794415416798357
key:1.6931471805599454
computes:1.6931471805599454
ciphertext:1.0
c:2.791759469228055
xor:2.386294361119891
sends:1.6931471805599454
eve:2.386294361119891
plainext:1.0
wants:1.0
appear:1.0
intercepts:1.0
decrypts:1.0
computing:1.0
cxor:1.0
thus:1.0
receiving:1.0
false:1.0
substituted:1.0
attack:1.0
defeated:1.0
information:1.0
theoretic:1.0
computational:1.0
define:1.0
something:1.0
like:1.0
analog:1.0
obtain:1.0
much:1.0
limit:1.0
eves:1.0
control:1.0
achieve:1.0
solution:1.6931471805599454
bits:1.0
expand:1.0
show:1.0
optimal:1.0
parameters:1.0
anyone:1.0
questions:1.0
aswered:1.0
