keith:2.386294361119891
cco.caltech.edu:1.0
allan:1.0
schneider:1.0
subject:1.0
pompous:1.0
ass:1.0
kmr4:1.0
po.cwru.edu:1.0
ryan:1.0
writes:1.0
people:1.0
keep:1.0
asking:1.0
questions:1.0
rarely:1.0
ever:1.0
answer:1.0
nope:1.0
ive:1.0
answered:1.6931471805599454
question:1.0
posed:1.0
multiple:1.0
times:1.0
