keith:2.09861228866811
cco.caltech.edu:1.0
allan:1.0
schneider:1.0
subject:1.0
political:1.0
atheists:1.6931471805599454
arromdee:1.6931471805599454
jyusenkyou.cs.jhu.edu:1.0
ken:1.0
writes:1.0
motto:2.09861228866811
originated:1.6931471805599454
star-spangled:1.0
banner:1.0
tell:1.0
something:1.0
on_coins:1.0
mccarthyite:1.0
smear:1.0
equated:1.0
atheism:1.0
communism:1.0
called:1.0
unamerican:1.0
didnt:1.0
various:1.0
coins:1.0
since:1.0
civil:1.0
war:1.0
required:1.0
currency:1.0
50s:1.0
