subject:1.0
americans:1.0
evolution:1.0
halat:2.09861228866811
pooh.bears:1.0
jim:1.6931471805599454
article:1.6931471805599454
j0=5l3:1.0
rpi.edu:1.0
johnsd2:1.0
jec322.its.rpi.edu:1.0
dan:1.6931471805599454
johnson:1.6931471805599454
writes:1.6931471805599454
143048io30436:1.0
maine.maine.edu:1.6931471805599454
io30436:1.0
dont:1.0
know:1.0
take:1.0
hand:1.0
anyway:1.0
bravo:1.0
go:1.0
ds:1.0
0:1.0
beautiful:1.6931471805599454
simply:1.0
