subject:1.0
islamic:1.0
authority:1.0
women:1.0
livesey:1.6931471805599454
solntze.wpd.sgi.com:1.0
jon:1.6931471805599454
article:1.0
1993apr3.214741.14026:1.0
ultb.isc.rit.edu:1.6931471805599454
snm6394:1.0
s.n:1.0
mozumder:1.0
writes:1.0
claim:1.0
person:1.0
committs:1.0
crime:1.6931471805599454
doesnt:1.0
believe:1.6931471805599454
god:1.0
moment:1.0
committed:1.0
least:1.0
whether:1.0
originally:1.0
believers:1.0
good:1.0
statistics:1.0
indicate:1.0
people:1.0
declared:1.0
atheism:1.0
doubtless:1.0
atheist:1.0
act:1.0
charity:1.0
temporarily:1.0
become:1.0
baptist:1.0
