keith:2.386294361119891
cco.caltech.edu:1.0
allan:1.0
schneider:1.6931471805599454
subject:1.0
political:1.0
atheists:1.0
livesey:1.6931471805599454
solntze.wpd.sgi.com:1.0
jon:1.0
writes:1.0
along:1.0
comes:1.0
mr:1.0
says:1.0
objective:2.09861228866811
moral:1.0
system:2.09861228866811
start:1.0
ask:1.0
definitions:1.0
depends:1.0
predictably:1.0
whole:1.0
thing:1.0
falls:1.6931471805599454
apart:1.6931471805599454
attempt:1.0
apply:1.0
doesnt:1.0
mean:1.0
cant:1.0
exist:1.0
means:1.0
one:1.0
implemented:1.0
