keith:2.09861228866811
cco.caltech.edu:1.0
allan:1.0
schneider:1.0
subject:1.0
political:1.0
atheists:1.0
mathew:1.6931471805599454
mantis.co.uk:1.0
writes:1.0
rape:1.0
surely:1.0
burden:1.0
guilt:1.0
solely:1.0
rapist:1.0
thrown:1.0
cage:1.0
tiger:1.6931471805599454
get:1.0
mauled:1.0
blame:1.0
