subject:1.0
maddi:2.09861228866811
madhaus:1.6931471805599454
netcom.com:1.6931471805599454
hausmann:1.6931471805599454
created:1.0
image:1.0
gaea:1.0
therefore:1.0
must:1.0
pinnacle:1.0
creation:1.0
creates:1.0
births:1.0
continues:1.0
cut:1.0
religious:1.0
crap:1.0
im:1.0
woman:1.0
thanks:1.0
sexism:1.0
started:1.0
road:1.0
atheism:1.0
centigram:1.0
communications:1.0
corp:1.0
san:1.0
jose:1.0
california:1.0
408/428-3553:1.0
kids:1.0
please:1.0
dont:1.0
try:1.0
home:1.0
remember:1.0
post:1.0
professionally:1.0
