subject:1.0
americans:1.0
evolution:1.0
lmh:2.09861228866811
juliet.caltech.edu:2.09861228866811
henling:2.09861228866811
lawrence:1.6931471805599454
article:1.6931471805599454
1apr199313404295:1.0
skyblu.ccit.arizona.edu:1.6931471805599454
lippard:1.6931471805599454
james:1.0
j:1.0
writes:1.6931471805599454
31mar199321091163:1.0
atheism:2.6094379124341005
greek:1.6931471805599454
theos:1.0
god:2.6094379124341005
belief:2.9459101490553135
agnosticism:1.6931471805599454
gnostein:1.0
know:1.0
possible:1.6931471805599454
determine:1.6931471805599454
defined:1.6931471805599454
positive:1.6931471805599454
existence:1.0
gods:1.0
thats:1.0
im:1.0
inclined:1.0
reject:1.6931471805599454
also:1.0
fairly:1.0
large:1.0
number:1.0
atheists:1.0
alt.atheism:1.0
definition:1.0
instead:1.0
holding:1.0
simply:1.0
absence:1.0
michael:1.0
martin:1.0
philosophical:1.0
justification:1.0
distinguishes:1.0
strong:1.0
mistake:1.0
get:1.0
newer:1.0
dictionary:1.0
read:1.0
follow:1.0
line:1.0
larry:1.0
shakes.caltech.edu:1.0
