subject:1.0
islamic:1.0
authority:1.0
women:1.0
bobbe:1.6931471805599454
vice.ico.tek.com:1.6931471805599454
robert:1.0
beauchaine:1.6931471805599454
article:1.0
1993apr5.024626.19942:1.0
ultb.isc.rit.edu:1.6931471805599454
snm6394:1.0
s.n:1.0
mozumder:1.0
writes:1.0
peace:1.0
bobby:1.0
get:1.0
hell:1.0
sig:1.0
1:1.0
learn:1.0
stands:1.0
2:1.0
really:1.0
mean:1.0
bob:1.0
said:1.0
queens:1.0
could:1.0
stay:1.0
blew:1.0
bronx:1.0
away:1.0
sank:1.0
manhattan:1.0
sea:1.0
