subject:1.0
gospel:1.0
dating:1.0
p00261:1.0
psilink.com:1.0
robert:1.0
knowles:1.0
date:1.0
mon:1.0
5:1.0
apr:1.0
1993:1.0
16:30:50:1.0
gmt:1.0
stilgar:1.6931471805599454
west:1.6931471805599454
next02cville.wam.umd.edu:1.6931471805599454
article:1.6931471805599454
kmr4.1422.733983061:1.0
po.cwru.edu:1.6931471805599454
kmr4:1.0
keith:1.0
ryan:1.0
writes:1.6931471805599454
1993apr5.025924.11361:1.0
wam.umd.edu:1.0
illiad:1.0
undisputed:1.0
word:1.0
god:1.0
tm:1.0
prove:1.0
wrong:2.09861228866811
dispute:1.6931471805599454
ergo:1.6931471805599454
counter-example:1.6931471805599454
proven:1.0
counter-counter-example:1.0
right:1.0
nanny-nanny-boo-boo:1.0
tbbbbbbbtttttthhhhh:1.0
8^p:1.0
looks:1.0
like:1.0
serious:1.0
case:1.0
temporary:1.0
islam:1.0
