subject:1.0
political:1.0
atheists:1.0
livesey:1.6931471805599454
solntze.wpd.sgi.com:1.0
jon:1.6931471805599454
article:1.0
1pic4linnrau:1.0
gap.caltech.edu:1.0
keith:1.6931471805599454
cco.caltech.edu:1.0
allan:1.0
schneider:1.0
writes:1.6931471805599454
bobbe:1.0
vice.ico.tek.com:1.0
robert:1.0
beauchaine:1.0
personal:1.0
objection:1.0
find:1.0
capital:1.0
punishment:1.6931471805599454
cruel:2.09861228866811
unusual:1.6931471805599454
circumstances:1.0
painless:1.0
isnt:1.0
occurred:1.0
frequently:1.0
since:1.0
dawn:1.0
time:1.0
hardly:1.0
koff:1.0
mean:1.0
long:1.0
put:1.0
sleep:1.0
first:1.0
kill:1.0
without:1.0
changes:1.0
everything:1.0
