subject:1.0
pompous:1.0
ass:1.0
livesey:1.6931471805599454
solntze.wpd.sgi.com:1.0
jon:1.6931471805599454
article:1.0
1pi9btinnqa5:1.0
gap.caltech.edu:1.0
keith:2.09861228866811
cco.caltech.edu:1.0
allan:1.0
schneider:1.0
writes:1.6931471805599454
kmr4:1.0
po.cwru.edu:1.0
ryan:1.0
people:1.0
keep:1.0
asking:1.0
questions:1.0
rarely:1.0
ever:1.0
answer:1.6931471805599454
nope:1.0
ive:1.0
answered:1.6931471805599454
question:1.6931471805599454
posed:1.0
multiple:1.0
times:1.0
fifty:1.6931471805599454
dollars:1.6931471805599454
cant:1.0
big:1.6931471805599454
bang:1.6931471805599454
theory:1.6931471805599454
recipe:1.0
cookies:1.0
please:1.0
hey:1.0
didnt:1.0
say:1.0
answers:1.0
would:1.0
make:1.0
sense:1.0
