suopanki:1.6931471805599454
stekt6.oulu.fi:1.0
heikki:1.6931471805599454
subject:1.0
visit:1.0
jehovahs:1.0
witnesses:1.0
5:1.0
apr:1.0
93:1.0
11:24:30:1.0
mst:1.0
jbrown:1.0
batman.bmd.trw.com:1.0
said:1.0
god:2.386294361119891
eternal:2.386294361119891
b:1.6931471805599454
jesus:2.386294361119891
c:1.6931471805599454
therefore:2.09861228866811
works:1.0
logically:1.0
mathematically:1.0
set:1.6931471805599454
things:1.6931471805599454
subset:1.0
belongs:1.0
everything:1.0
isnt:1.0
always:1.0
logical:1.0
mercedes:1.6931471805599454
car:1.6931471805599454
girl:1.6931471805599454
