livesey:2.386294361119891
solntze.wpd.sgi.com:1.6931471805599454
jon:2.09861228866811
subject:1.0
political:1.0
atheists:1.0
article:1.0
930404.112127.2h6.rusnews.w165w:1.0
mantis.co.uk:1.6931471805599454
mathew:1.6931471805599454
writes:1.6931471805599454
meaning:1.0
people:1.0
drive:1.0
accept:1.0
risks:2.09861228866811
contribute:1.0
tax:1.0
money:1.0
design:1.0
systems:1.6931471805599454
minimize:1.6931471805599454
eh:1.0
already:1.0
car:2.09861228866811
drivers:1.6931471805599454
dont:1.0
want:1.0
use:1.0
theyre:1.0
called:1.0
bicycles:1.0
trains:1.0
buses:1.0
poor:1.0
matthew:1.0
million:1.0
posters:1.0
call:1.0
chooses:1.0
non:1.0
owner:1.0
