bevans:1.6931471805599454
carina.unm.edu:1.6931471805599454
mathemagician:1.0
subject:1.0
alt.atheism:1.0
faq:1.6931471805599454
introduction:1.0
atheism:1.6931471805599454
addition:1.0
regarding:1.0
atheist:1.0
hospitals:1.0
recall:1.0
correctly:1.0
johns:1.0
hopkins:1.0
built:1.0
provide:1.0
medical:1.0
services:1.0
without:1.0
backing:1.0
religious:1.0
group:1.0
thus:1.0
making:1.0
hospital:1.0
dedicated:1.0
glory:1.0
weak:1.0
might:1.0
someone:1.0
check:1.0
brian:1.0
evans:1.0
bad:2.09861228866811
mood:2.09861228866811
sure:1.0
im:1.0
havent:1.0
sex:1.0
ever:1.0
virgin:1.0
mary:1.0
