naren:2.386294361119891
tekig1.pen.tek.com:1.6931471805599454
bala:1.0
subject:1.0
theists:1.0
posting:1.0
article:1.0
c4ux99.aic:1.0
ra.nrl.navy.mil:1.0
khan:1.6931471805599454
itd.itd.nrl.navy.mil:1.0
umar:1.0
writes:1.0
stuff:1.0
deleted:1.0
concordance:1.0
faq:2.386294361119891
translation:1.0
considered:1.0
authoritative:1.0
orthodox:1.0
commentary:1.0
available:1.0
one:1.6931471805599454
militant:1.0
atheists:1.6931471805599454
another:1.0
moderate:1.0
read:1.6931471805599454
resolve:1.6931471805599454
differences:1.6931471805599454
interpretation:1.6931471805599454
hmmmmmmmmmmmm:1.0
put:1.0
question:1.0
followers:1.0
religion:1.0
moslems:1.0
opinion:1.0
dont:1.0
tell:1.0
quran:1.0
soc.culture:1.0
newsgroups:1.0
zillions:1.0
different:1.0
interpretations:1.0
standard:1.0
disclaimers:1.0
apply:1.0
