keith:2.386294361119891
cco.caltech.edu:1.0
allan:1.0
schneider:1.0
subject:1.0
ignorant:1.0
seems:1.0
mam:1.0
mouse.cmhnet.org:1.0
mike:1.0
mcangus:1.0
writes:1.0
everything:2.386294361119891
wouldnt:2.09861228866811
ok:1.0
would:2.6094379124341005
start:1.0
wait:1.0
religious:1.6931471805599454
organizations:1.6931471805599454
longer:1.6931471805599454
tax-exempt:2.09861228866811
beef:1.0
could:1.0
much:1.0
right:1.0
lobby:1.0
group:1.0
asked:1.0
okay:2.09861228866811
answered:1.0
encompasses:1.0
status:1.0
well:1.0
tell:1.0
us:1.0
religions:1.0
wrong:1.0
lobbying:1.0
otherwise:1.0
attempting:1.0
influence:1.0
politics:1.0
