keith:2.6094379124341005
cco.caltech.edu:1.6931471805599454
allan:1.6931471805599454
schneider:1.6931471805599454
subject:1.0
political:1.0
atheists:1.0
dace:1.6931471805599454
shrike.und.ac.za:1.0
roy:1.0
writes:1.0
wrote:1.0
soldiers:1.0
dependent:1.6931471805599454
religion:1.6931471805599454
number:1.0
purposes:1.0
doubt:1.0
cocaine:1.6931471805599454
yet:1.0
dont:1.0
see:1.0
military:1.0
paying:1.0
coca:1.0
fields:1.0
certainly:1.0
benefits:1.6931471805599454
combat:1.0
situation:1.0
