mathew:2.6094379124341005
mantis.co.uk:1.6931471805599454
subject:1.0
political:1.0
atheists:1.6931471805599454
keith:2.09861228866811
cco.caltech.edu:1.0
allan:1.0
schneider:1.0
writes:1.6931471805599454
perhaps:1.0
shouldnt:1.0
imprision:1.0
people:1.6931471805599454
could:1.0
watch:1.0
closely:1.0
instead:1.0
cost:1.0
would:1.0
probably:1.0
similar:1.0
especially:1.0
implanted:1.0
sort:1.0
electronic:1.0
device:1.0
wait:1.0
commit:1.6931471805599454
crime:1.6931471805599454
implant:1.0
devices:1.0
potential:1.0
criminals:1.0
like:1.0
communists:1.0
sorry:1.0
dont:1.0
follow:1.0
reasoning:1.0
proposing:1.0
punish:1.0
justification:1.0
look:1.0
irony:1.0
