keith:2.09861228866811
cco.caltech.edu:1.0
allan:1.0
schneider:1.0
subject:1.0
political:1.0
atheists:1.0
mathew:1.6931471805599454
mantis.co.uk:1.0
writes:1.0
rape:1.0
surely:1.0
burden:1.0
guilt:1.0
solely:1.6931471805599454
rapist:2.386294361119891
unless:1.6931471805599454
force:1.0
someone:1.0
live:1.0
case:1.0
part:1.0
responsibility:1.0
im:1.0
sorry:1.0
cant:1.0
accept:1.0
hypnotized:1.0
something:1.0
view:1.0
responsible:1.0
actions:1.0
necessarily:1.0
especially:1.0
known:1.0
instance:1.0
intentionally:1.0
stick:1.0
finger:1.0
loaded:1.0
mousetrap:1.0
get:1.0
snapped:1.0
whose:1.0
fault:1.0
