i3150101:1.6931471805599454
dbstu1.rz.tu-bs.de:2.09861228866811
benedikt:2.09861228866811
rosenau:1.6931471805599454
subject:1.0
biblical:1.0
rape:1.0
article:1.6931471805599454
1993apr05.174537.14962:1.0
watson.ibm.com:1.6931471805599454
strom:1.6931471805599454
rob:1.0
writes:1.6931471805599454
16ba7f16c.i3150101:1.0
didnt:1.0
time:1.0
read:1.6931471805599454
rest:1.0
posting:1.0
respond:1.0
absolutely:1.0
messianic:1.6931471805599454
jew:1.0
another:1.0
mistake:1.0
sorry:1.0
alt:1.0
carefully:1.0
