mangoe:2.09861228866811
cs.umd.edu:1.6931471805599454
charley:1.0
wingate:1.6931471805599454
subject:1.0
visit:1.0
jehovahs:1.0
witnesses:1.0
good:1.0
grief:1.0
amount:1.0
energy:1.0
spent:1.0
one:1.6931471805599454
lousy:1.0
syllogism:1.0
says:1.0
volumes:1.0
true:1.0
position:1.0
reason:1.0
group:1.0
c:1.0
peace:2.09861228866811
god:1.6931471805599454
strife:1.0
closed:1.0
sod:1.0
yet:1.0
brothers:1.0
pray:1.0
thing:1.0
tove:1.0
marvlous:1.0
