subject:1.0
political:1.0
atheists:1.0
keith:2.09861228866811
cco.caltech.edu:1.0
allan:1.0
schneider:1.0
bobbe:1.0
vice.ico.tek.com:1.0
robert:1.0
beauchaine:1.0
writes:1.0
personal:1.0
objection:1.0
find:1.0
capital:1.0
punishment:1.6931471805599454
cruel:1.6931471805599454
unusual:1.6931471805599454
circumstances:1.0
painless:1.0
isnt:1.0
occurred:1.0
frequently:1.0
since:1.0
dawn:1.0
time:1.0
hardly:1.0
dont:1.0
take:1.6931471805599454
issue:1.6931471805599454
numbers:1.0
single:1.0
innocent:1.0
life:1.0
taken:1.0
one:1.6931471805599454
many:1.6931471805599454
innocents:1.0
die:1.0
due:1.0
causes:1.0
singled:1.0
accidental:1.0
false:1.0
execution:1.0
