subject:1.0
bill:2.09861228866811
conner:1.6931471805599454
kmr4:1.0
po.cwru.edu:1.0
keith:1.0
ryan:1.0
article:1.0
c4y976.mlr:1.0
darkside.osrhe.uoknor.edu:1.0
bil:1.0
okcforum.osrhe.edu:1.0
writes:1.0
could:1.6931471805599454
explain:1.6931471805599454
pertains:1.6931471805599454
position:1.6931471805599454
statement:1.6931471805599454
something:1.6931471805599454
typing:1.6931471805599454
practice:1.6931471805599454
using:1.0
name:1.0
think:1.0
relates:1.0
anything:1.0
ive:1.0
said:1.0
satan:1.0
angels:1.0
freewill:1.0
god:1.0
tells:1.0
s.n:1.0
mozumder:1.0
snm6394:1.0
ultb.isc.rit.edu:1.0
