subject:1.0
request:1.0
support:1.0
kmr4:1.0
po.cwru.edu:1.0
keith:1.0
ryan:1.0
article:1.0
1993apr5.095148.5730:1.0
sei.cmu.edu:1.6931471805599454
dpw:1.0
david:1.0
wood:1.0
writes:1.0
2:1.0
must:1.0
respond:1.0
one:1.0
articles:1.0
include:1.0
within:1.0
something:1.0
similar:1.0
following:1.0
please:1.0
answer:1.0
questions:1.0
posed:1.0
charley:1.0
challenges:1.0
agreed:1.0
satan:1.0
angels:1.0
freewill:1.0
god:1.0
tells:1.0
s.n:1.0
mozumder:1.0
snm6394:1.0
ultb.isc.rit.edu:1.0
