subject:1.0
visit:1.0
jehovahs:1.0
witnesses:1.0
good:1.0
grief:1.0
kmr4:1.0
po.cwru.edu:1.0
keith:1.0
ryan:1.0
article:1.0
66018:1.0
mimsy.umd.edu:1.0
mangoe:1.0
cs.umd.edu:1.0
charley:1.0
wingate:1.0
writes:1.0
amount:1.0
energy:1.6931471805599454
spent:1.0
one:1.0
lousy:1.0
syllogism:1.0
says:1.0
volumes:1.0
true:1.0
position:1.0
reason:1.0
group:1.0
agree:1.0
spend:1.0
much:1.0
nonexistance:1.0
god:1.6931471805599454
satan:1.0
angels:1.0
freewill:1.0
tells:1.0
s.n:1.0
mozumder:1.0
snm6394:1.0
ultb.isc.rit.edu:1.0
