subject:1.6931471805599454
contradictions:1.0
kmr4:1.0
po.cwru.edu:1.0
keith:1.0
ryan:1.0
article:1.0
c52oys.2clj:1.0
austin.ibm.com:1.6931471805599454
yoder:1.6931471805599454
stuart:1.0
r:1.0
writes:1.0
would:2.09861228866811
universe:3.3978952727983707
theists:1.0
understand:1.0
inside:2.791759469228055
outside:2.6094379124341005
two:1.0
different:1.0
places:1.0
put:1.6931471805599454
god:3.0794415416798357
subtract:1.0
ability:1.6931471805599454
interact:2.386294361119891
impose:1.0
rules:1.6931471805599454
physics:1.6931471805599454
1:2.791759469228055
2:3.0794415416798357
things:1.0
3:1.6931471805599454
therefore:1.6931471805599454
basis:1.6931471805599454
whatsoever:1.6931471805599454
seem:1.0
positive:1.0
knowledge:1.0
corrallary:1.6931471805599454
negation:1.6931471805599454
contridict:1.0
although:1.0
complete:1.0
model:1.0
physical:1.6931471805599454
governing:1.0
expect:1.0
contradictory:1.0
events:1.0
likely:1.0
destroy:1.0
fabric:1.0
modern:1.0
hand:1.0
notion:1.0
omnipotent:1.0
omniscient:1.0
infinitely:1.0
benevolent:1.0
laws:1.0
attempt:1.0
explain:1.0
away:1.0
describing:1.0
beyond:2.386294361119891
measurement:2.09861228866811
means:1.6931471805599454
measurable:2.09861228866811
effect:2.09861228866811
reality:2.09861228866811
ergo:1.0
irrelevant:1.0
measure:1.0
contradict:1.0
satan:1.0
angels:1.0
freewill:1.0
tells:1.0
s.n:1.0
mozumder:1.0
snm6394:1.0
ultb.isc.rit.edu:1.0
