bil:1.0
okcforum.osrhe.edu:1.0
bill:2.09861228866811
conner:1.6931471805599454
subject:1.0
could:1.0
explain:1.0
pertains:1.0
position:1.0
statement:1.0
something:1.0
typing:1.0
practice:1.0
using:1.0
name:1.0
think:1.0
relates:1.0
anything:1.0
ive:1.0
said:1.0
