bil:1.0
okcforum.osrhe.edu:1.0
bill:2.09861228866811
conner:1.0
subject:1.0
allah:1.0
akbar:1.0
praise:1.0
lord:1.6931471805599454
maddi:1.6931471805599454
hausmann:1.0
madhaus:1.0
netcom.com:1.0
wrote:1.0
thank:1.0
connor:1.0
returned:1.0
set:1.0
us:1.0
straight:1.0
know:1.6931471805599454
die:1.0
happy:1.0
lexus:1.0
se400:1.0
wipes:1.0
rain-slick:1.0
curve:1.0
1997:1.0
rest:1.0
best:1.0
straighten:1.0
time:1.6931471805599454
even:1.0
limited:1.0
going:1.0
flu:1.0
1994:1.0
youre:1.0
glad:1.0
visit:1.0
wont:1.0
stay:1.0
long:1.0
shopping:1.0
around:1.0
