bdunn:1.0
cco.caltech.edu:1.0
brendan:1.6931471805599454
dunn:1.0
subject:1.0
amusing:1.0
atheists:1.0
agnostics:1.0
thanks:1.0
whoever:1.0
posted:1.0
wonderful:1.0
parody:1.0
people:1.0
post:1.0
without:1.0
reading:1.0
faq:1.6931471805599454
laughing:1.0
good:1.0
5:1.0
minutes:1.0
parts:1.0
werent:1.0
mentioned:1.0
think:1.0
might:1.0
one:1.0
two:1.0
please:1.0
dont:1.0
tell:1.0
wasnt:1.0
joke:1.0
im:1.0
ready:1.0
hear:1.0
yet:1.0
