nancyo:1.0
fraser.sfu.ca:1.0
nancy:1.0
patricia:1.0
oconnor:1.0
subject:1.0
amusing:1.0
atheists:1.0
agnostics:1.0
timmbake:1.0
mcl.ucsb.edu:1.0
bake:1.0
timmons:1.0
writes:1.0
rule:1.0
4:1.0
dont:1.0
mix:1.0
apples:1.0
oranges:1.0
say:1.0
extermination:1.0
mongols:1.0
worse:1.6931471805599454
stalin:1.6931471805599454
khan:1.0
conquered:1.0
people:1.6931471805599454
unsympathetic:1.0
cause:1.0
atrocious:1.0
killed:1.0
millions:1.0
loved:1.0
worshipped:1.0
atheist:1.0
state:1.0
anyone:1.0
youre:1.0
right:1.0
david:1.0
koresh:1.0
claimed:1.0
christian:1.0
