bcash:1.0
crchh410.nosubdomain.nodomain:1.0
brian:1.6931471805599454
cash:1.0
subject:1.0
dont:1.0
beleive:1.0
either:1.0
article:1.0
1993apr13.213055.818:1.0
antioc.antioch.edu:1.6931471805599454
smauldin:1.0
writes:1.0
stopped:1.0
believing:1.0
well:1.0
long:1.0
invention:1.0
technology:1.0
god:1.0
ahhh:1.0
go:1.0
back:1.0
alt.autotheism:1.0
belong:1.0
