sieferme:1.0
stein.u.washington.edu:1.0
eric:1.0
sieferman:1.0
subject:1.0
dont:1.6931471805599454
beleive:1.0
either:1.0
article:1.0
1993apr13.213055.818:1.0
antioc.antioch.edu:1.6931471805599454
smauldin:1.0
writes:1.0
stopped:1.0
believing:1.6931471805599454
well:1.0
long:1.0
invention:1.0
technology:1.0
god:1.6931471805599454
listen:1.0
guy:1.0
hes:1.0
crank:1.0
first:1.0
business:1.0
one:1.0
true:1.0
tolerated:1.0
rest:1.0
us:1.0
gotten:1.0
completely:1.0
hand:1.0
besides:1.0
really:1.0
isnt:1.0
bad:1.0
people:1.0
stop:1.0
much:1.0
relaxing:1.0
mortals:1.0
arent:1.0
always:1.0
begging:1.0
favors:1.0
zeus:1.0
