a137490:1.6931471805599454
lehtori.cc.tut.fi:1.0
aario:1.6931471805599454
sami:1.6931471805599454
subject:1.0
genocide:1.0
caused:1.0
atheism:1.0
deletions:1.0
1993apr13.184227.1191:1.0
ultb.isc.rit.edu:1.6931471805599454
snm6394:1.0
s.n:1.0
mozumder:1.0
writes:1.0
really:1.0
dont:2.791759469228055
think:1.0
imagine:2.09861228866811
like:2.386294361119891
infinite:2.6094379124341005
first:1.0
infinity:2.386294361119891
mathematical:1.6931471805599454
concept:2.09861228866811
created:1.0
humans:1.6931471805599454
explain:1.6931471805599454
certain:2.09861228866811
things:1.6931471805599454
way:1.6931471805599454
know:2.791759469228055
actually:2.09861228866811
applies:1.6931471805599454
reality:2.386294361119891
anything:1.0
world:1.0
wouldnt:1.0
able:1.0
comprehend:1.0
programmer:1.0
would:1.0
require:1.0
memory:1.0
whatever:1.0
continuous:1.6931471805599454
based:1.6931471805599454
infinietely:1.0
small:1.0
units:1.6931471805599454
universe:1.0
continuum:1.0
another:1.0
used:1.0
call:2.09861228866811
something:1.0
beyond:1.0
numbers:1.0
endless:1.0
pretty:1.0
good:1.0
idea:1.0
man-made:1.6931471805599454
many:1.6931471805599454
concepts:1.0
evolved:1.0
time:1.0
ancient:1.0
greeks:1.0
different:1.0
understanding:1.0
allah:1.6931471805599454
infinitely:1.0
powerful:1.0
knowledgeable:1.0
etc:1.0
yet:1.6931471805599454
precicely:1.0
even:1.0
see:1.0
measure:1.0
atom:1.0
explode:1.0
cc.tut.fi:1.0
one:1.0
sunlight:1.0
comprised:1.0
atoms:1.0
stupid:2.09861228866811
minds:1.0
eros:1.6931471805599454
plan:1.0
9:1.0
outer:1.0
space:1.0
disclaimer:1.0
agree:1.0
