mvs104:1.0
psuvm.psu.edu:1.0
subject:1.0
political:1.0
atheists:1.0
article:1.0
1993apr15.150938.975:1.0
news.wesleyan.edu:1.0
ssauyet:1.0
eagle.wesleyan.edu:1.0
scott:1.0
sauyet:1.0
says:1.0
final:1.0
words:1.0
many:1.0
would:1.6931471805599454
find:1.0
appropriate:1.0
finals:1.0
got:1.0
way:1.0
keep:1.6931471805599454
fingers:1.6931471805599454
crossed:1.6931471805599454
doubt:1.0
anything:1.0
martin:1.0
schulte:1.0
