keith:2.386294361119891
cco.caltech.edu:1.0
allan:1.0
schneider:1.0
subject:1.0
political:1.0
atheists:1.0
kmr4:1.0
po.cwru.edu:1.0
ryan:1.0
writes:1.0
chimps:2.09861228866811
almost:1.0
human:1.0
mean:1.0
moral:1.0
well:1.0
must:1.6931471805599454
system:1.0
live:1.0
social:1.0
groups:1.0
laws:1.0
dictating:1.0
undesired:1.0
behavior:1.0
