jaeger:1.6931471805599454
buphy.bu.edu:1.0
gregg:1.6931471805599454
subject:1.0
yet:1.0
rushdie:1.0
islamic:1.6931471805599454
law:1.0
article:1.0
1qi3l5:1.0
jkj:1.0
fido.asd.sgi.com:1.0
livesey:1.6931471805599454
solntze.wpd.sgi.com:1.0
jon:1.6931471805599454
writes:1.0
hope:1.0
bank:1.0
something:1.0
bcci:1.0
ripped:1.0
many:1.0
small:1.0
depositors:1.0
among:1.0
muslim:1.0
community:1.0
uk:1.0
elsewhere:1.0
grow:1.0
childish:1.0
propagandist:1.0
