keith:2.386294361119891
cco.caltech.edu:1.0
allan:1.0
schneider:1.0
subject:1.0
morality:1.6931471805599454
political:1.0
atheists:1.0
kcochran:1.0
nyx.cs.du.edu:1.0
justified:1.0
ancient:1.0
cochran:1.0
writes:1.0
saying:1.6931471805599454
isnt:1.0
possible:1.0
instinctive:1.0
act:2.386294361119891
moral:1.6931471805599454
one:1.0
order:1.6931471805599454
person:1.0
must:1.6931471805599454
consider:2.09861228866811
immoral:1.6931471805599454
action:1.6931471805599454
disregard:1.0
im:1.6931471805599454
somebody:1.0
someone/something:1.0
implies:1.0
intelligence:1.0
instinct:1.0
still:1.0
sure:1.0
know:1.0
trying:1.0
say:1.0
