keith:2.09861228866811
cco.caltech.edu:1.0
allan:1.0
schneider:1.0
subject:1.0
cruel:1.6931471805599454
political:1.0
atheists:1.0
sdoe:1.0
nmsu.edu:1.0
stephen:1.0
doe:1.0
writes:1.0
course:1.0
later:1.0
time:1.0
think:1.6931471805599454
death:1.0
penalty:1.0
unusual:1.0
outlawed:1.0
present:1.0
people:1.0
dont:1.0
seem:1.0
way:1.0
fellow:1.0
speaks:1.0
objective:1.6931471805599454
natural:1.0
morality:1.0
suppose:1.0
majority:1.0
decides:1.0
slavery:1.0
ok:1.0
longer:1.0
immoral:1.0
claim:1.0
system:1.0
