healta:1.0
saturn.wwc.edu:1.0
tammy:1.6931471805599454
r:1.0
healy:1.0
subject:1.6931471805599454
note:1.6931471805599454
bobby:1.6931471805599454
article:2.09861228866811
1993apr14.190904.21222:1.0
daffy.cs.wisc.edu:1.0
mccullou:1.6931471805599454
snake2.cs.wisc.edu:1.6931471805599454
mark:2.09861228866811
mccullough:1.6931471805599454
writes:2.09861228866811
date:1.0
wed:1.0
14:1.0
apr:1.0
1993:1.0
19:09:04:1.0
gmt:1.0
1993apr14.131548.15938:1.0
monu6.cc.monash.edu.au:1.0
darice:1.6931471805599454
yoyo.cc.monash.edu.au:1.6931471805599454
fred:1.6931471805599454
rice:2.791759469228055
madhausc5ckip.21h:1.0
netcom.com:1.6931471805599454
madhaus:1.0
maddi:1.0
hausmann:1.0
much:1.0
really:1.0
know:2.09861228866811
vegetarian:2.386294361119891
diets:1.6931471805599454
problem:1.6931471805599454
b-vitamins:1.0
balancing:1.0
proteins:1.0
also:1.6931471805599454
one:2.09861228866811
vitamin:1.6931471805599454
obtained:1.0
non-animal:1.0
products:2.09861228866811
concern:1.0
vegans:1.6931471805599454
eat:1.6931471805599454
meat:1.0
dairy:1.6931471805599454
eggs:2.386294361119891
believe:1.0
b12:3.4849066497880004
supplements:2.386294361119891
available:1.0
yes:1.6931471805599454
come:1.6931471805599454
animal:1.6931471805599454
by-products:1.0
ovo-lacto:1.0
diet:1.6931471805599454
issue:1.6931471805599454
didnt:1.6931471805599454
see:1.0
original:1.0
posting:1.0
considering:1.6931471805599454
several:1.0
close:1.0
friends:1.0
devout:1.0
vegetarians:2.09861228866811
take:1.0
ones:1.0
thinking:1.0
long:1.0
time:1.0
since:1.0
read:1.0
saw:1.0
talking:1.0
special:1.0
dietary:1.0
needs:1.0
quote:1.0
full:1.0
numbers:1.0
nice:1.0
place:1.0
whole-grain:1.6931471805599454
understand:1.0
brands:1.0
australia:1.0
places:1.0
im:1.6931471805599454
sure:1.6931471805599454
get:2.09861228866811
tablets:1.0
arent:1.0
enriched:1.0
type:1.0
basically:1.0
soybeans:1.0
almost:1.0
everything:1.0
need:2.09861228866811
hadnt:1.0
heard:1.0
thought:1.0
id:1.0
contribute:1.0
different:1.0
norm:1.0
contributed:1.0
programming:1.0
thread:1.0
earlier:1.0
m^2:1.0
vegan:1.6931471805599454
taht:1.0
eats:1.0
i.e:1.0
milk:1.6931471805599454
cheese:1.0
etc:1.0
3:1.6931471805599454
years:1.6931471805599454
start:1.0
taking:1.0
found:1.0
animals:1.0
acutally:1.0
bodies:1.6931471805599454
make:1.0
think:1.0
use:1.0
2:1.0
lacto-oveo:1.0
like:1.0
still:1.0
dont:1.0
anyone:1.0
knows:1.0
please:1.0
post:1.0
nearly:1.0
contridicting:1.0
mish-mash:1.0
knowledge:1.0
ive:1.0
gleaned:1.0
