jaeger:2.386294361119891
buphy.bu.edu:1.6931471805599454
gregg:2.09861228866811
subject:1.0
inimitable:1.0
rushdie:1.0
article:1.6931471805599454
2bcc892b.21864:1.0
ics.uci.edu:1.6931471805599454
bvickers:1.0
brett:1.0
j:1.0
vickers:1.0
writes:1.6931471805599454
115290:1.0
bu.edu:1.0
well:1.6931471805599454
seeing:1.0
muslim:2.09861228866811
sort:1.0
fatwa:1.6931471805599454
issued:2.386294361119891
khomeini:2.09861228866811
would:2.09861228866811
relevant:2.386294361119891
understand:1.0
fear:1.0
persecution:1.0
share:1.0
even:1.0
however:1.0
rushdies:1.6931471805599454
behavior:1.6931471805599454
completely:1.0
excusable:1.6931471805599454
anyone:2.09861228866811
doesnt:1.0
live:1.0
iran:1.0
shouldnt:1.0
honest:1.0
learned:1.0
scholar:1.0
islam:1.0
contrary:1.0
islamic:1.6931471805599454
law:1.6931471805599454
muslims:1.0
required:1.0
respect:1.0
decides:1.0
whether:1.0
sufficiently:1.0
versed:1.0
capable:1.0
reasoning:1.0
talking:1.0
weak:1.0
sense:1.6931471805599454
excuse:1.6931471805599454
depends:1.0
mind:1.0
cares:1.0
think:1.0
inexcusable:1.0
someone:1.0
thinks:1.0
opinion:1.0
important:1.0
obviously:1.6931471805599454
dont:1.6931471805599454
care:2.09861228866811
