house:2.386294361119891
helios.usq.edu.au:1.6931471805599454
ron:1.6931471805599454
subject:1.0
thoughts:1.0
bissda:1.0
saturn.wwc.edu:1.0
dan:1.6931471805599454
lawrence:1.0
bissell:1.0
writes:1.0
first:1.0
want:1.0
start:1.0
right:2.09861228866811
say:1.0
im:1.0
christian:1.0
know:1.0
shouldnt:1.0
get:1.0
involved:1.0
bit:1.0
deleted:1.0
book:1.6931471805599454
says:1.6931471805599454
jesus:1.0
either:1.6931471805599454
liar:3.0794415416798357
crazy:2.386294361119891
modern:1.6931471805599454
day:1.6931471805599454
koresh:1.6931471805599454
actually:1.6931471805599454
said:1.6931471805599454
reasons:1.6931471805599454
wouldnt:2.386294361119891
follows:1.6931471805599454
would:2.386294361119891
die:1.6931471805599454
lie:1.6931471805599454
people:2.9459101490553135
able:1.6931471805599454
tell:1.6931471805599454
gathered:2.386294361119891
around:1.6931471805599454
kept:1.6931471805599454
many:1.6931471805599454
hearing:1.6931471805599454
seeing:1.6931471805599454
someone:2.09861228866811
healed:1.0
call:1.6931471805599454
fool:2.386294361119891
believe:1.6931471805599454
heal:1.0
niether:1.6931471805599454
lunatic:2.386294361119891
entire:1.6931471805599454
nation:1.6931471805599454
drawn:2.386294361119891
doubtful:1.6931471805599454
fact:1.6931471805599454
rediculous:1.6931471805599454
example:1.6931471805599454
anyone:1.6931471805599454
david:1.0
obviously:1.6931471805599454
logical:1.6931471805599454
see:1.6931471805599454
away:1.6931471805599454
therefore:1.6931471805599454
since:1.6931471805599454
wasnt:1.6931471805599454
must:1.6931471805599454
real:1.6931471805599454
thing:1.6931471805599454
righto:1.0
try:1.0
one:1.0
cornflakes:1.0
muhammad:1.0
mad:1.6931471805599454
mahdi:1.6931471805599454
son-in-law:1.0
made:1.0
sun:1.6931471805599454
stand:1.6931471805599454
still:1.6931471805599454
make:1.0
usq:1.0
toowoomba:1.0
australia:1.0
