bobbe:1.6931471805599454
vice.ico.tek.com:1.6931471805599454
robert:1.0
beauchaine:1.6931471805599454
subject:1.0
morality:1.0
political:1.0
atheists:1.0
article:1.0
1ql667inn54a:1.0
gap.caltech.edu:1.0
keith:1.6931471805599454
cco.caltech.edu:1.0
allan:1.0
schneider:1.0
writes:1.0
ive:1.0
saying:1.0
moral:1.0
behavior:1.6931471805599454
likely:1.0
null:1.0
smell:1.0
sig:1.0
material:1.0
bob:1.0
said:1.0
queens:1.0
could:1.0
stay:1.0
blew:1.0
bronx:1.0
away:1.0
sank:1.0
manhattan:1.0
sea:1.0
