livesey:2.386294361119891
solntze.wpd.sgi.com:1.6931471805599454
jon:2.09861228866811
subject:1.0
objective:1.0
morality:2.791759469228055
political:1.0
atheists:1.0
article:1.0
1qlf7ginn8sn:1.0
gap.caltech.edu:1.0
keith:1.6931471805599454
cco.caltech.edu:1.0
allan:1.0
schneider:1.0
writes:1.6931471805599454
another:1.6931471805599454
part:1.6931471805599454
thread:2.09861228866811
youve:1.0
telling:2.09861228866811
us:2.9459101490553135
goal:1.6931471805599454
natural:2.09861228866811
animals:1.6931471805599454
survive:1.6931471805599454
thats:1.0
right:2.6094379124341005
humans:1.6931471805599454
gone:1.6931471805599454
somewhat:1.6931471805599454
beyond:1.6931471805599454
though:1.0
perhaps:1.6931471805599454
one:1.6931471805599454
self-actualization:1.0
exactly:1.0
youre:1.0
claiming:1.0
omniscient:2.9459101490553135
definitely:2.09861228866811
say:1.0
wrong:2.386294361119891
use:1.0
criterion:1.0
long:2.09861228866811
term:1.6931471805599454
survival:1.6931471805599454
human:1.0
species:2.09861228866811
map:1.0
able:1.6931471805599454
assign:2.09861228866811
actions:2.09861228866811
suppose:1.0
told:1.0
humanity:1.0
requires:1.0
exterminate:1.0
either:1.0
terrestrial:1.0
alien:1.0
letting:1.0
give:1.0
information:1.0
original:1.6931471805599454
premise:1.0
well:1.0
premises:1.0
habit:1.0
changing:1.0
time:1.0
youd:1.0
like:1.0
review:1.0
tell:1.6931471805599454
difference:1.0
result:1.0
make:1.0
moral:1.0
type:1.6931471805599454
talking:1.6931471805599454
sense:1.0
immoral:1.0
harm:1.0
doesnt:1.0
adversely:1.0
affect:1.0
guess:1.0
im:1.0
introduced:1.0
going:1.0
implemented:1.0
