bobbe:1.6931471805599454
vice.ico.tek.com:1.6931471805599454
robert:1.0
beauchaine:1.6931471805599454
subject:1.0
2000:1.0
years:1.0
say:1.0
christian:1.0
morality:1.0
article:1.0
c5jxru.2t8:1.0
news.cso.uiuc.edu:1.0
cobb:1.6931471805599454
alexia.lis.uiuc.edu:1.0
mike:1.0
writes:1.0
base:1.0
belief:1.0
atheism:1.6931471805599454
knowledge:1.0
reasoning:1.0
couldnt:1.0
wrong:1.0
actually:1.0
based:1.0
ignorance:1.6931471805599454
existence:1.0
god:1.0
dont:1.6931471805599454
fall:1.0
atheists:1.0
believe:1.0
pride:1.0
mistake:1.0
bob:1.0
said:1.0
queens:1.0
could:1.0
stay:1.0
blew:1.0
bronx:1.0
away:1.0
sank:1.0
manhattan:1.0
sea:1.0
