keith:2.09861228866811
cco.caltech.edu:1.0
allan:1.0
schneider:1.0
subject:1.0
political:1.0
atheists:1.0
livesey:1.6931471805599454
solntze.wpd.sgi.com:1.0
jon:1.0
writes:1.0
well:1.0
chimps:1.0
must:2.386294361119891
system:1.0
live:1.0
social:1.0
groups:1.0
laws:2.09861228866811
dictating:1.0
undesired:1.0
behavior:1.0
quotation:1.0
marks:1.0
enclose:1.0
rules:1.0
even:1.0
instinctive:1.0
ones:1.6931471805599454
unwritten:1.0
etc:1.0
surely:1.0
sort:1.0
random:1.0
chance:1.0
would:1.0
lead:1.0
chimp:1.0
society:1.0
chaos:1.0
