bobbe:1.6931471805599454
vice.ico.tek.com:1.6931471805599454
robert:1.0
beauchaine:1.6931471805599454
subject:1.0
thoughts:1.0
christians:1.0
article:1.0
ofnwyg600wb699voa:1.0
andrew.cmu.edu:1.6931471805599454
pl1u:1.0
patrick:1.0
c:1.0
leger:1.0
writes:1.0
ever:1.0
hear:1.0
baptism:1.0
birth:1.0
isnt:1.0
preying:1.6931471805599454
young:2.09861228866811
dont:1.0
know:1.0
thats:1.0
praying:1.0
comes:1.0
later:1.0
bright:1.0
eyed:1.0
little:1.0
altar:1.0
boy:1.0
finds:1.0
priest:1.0
really:1.0
wears:1.0
chasible:1.0
bob:1.0
said:1.0
queens:1.0
could:1.0
stay:1.0
blew:1.0
bronx:1.0
away:1.0
sank:1.0
manhattan:1.0
sea:1.0
