bobbe:1.6931471805599454
vice.ico.tek.com:1.6931471805599454
robert:1.0
beauchaine:1.6931471805599454
subject:1.0
requests:1.0
article:1.0
healta.157.735271671:1.0
saturn.wwc.edu:1.6931471805599454
healta:1.0
tammy:1.0
r:1.0
healy:1.0
writes:1.0
bob:1.6931471805599454
youre:1.0
wanting:1.0
excuse:1.0
convert:1.0
christianity:1.0
gon:1.0
na:1.0
look:1.0
elsewhere:1.0
damn:1.0
hopes:1.0
said:1.0
queens:1.0
could:1.0
stay:1.0
blew:1.0
bronx:1.0
away:1.0
sank:1.0
manhattan:1.0
sea:1.0
