bobbe:1.6931471805599454
vice.ico.tek.com:1.6931471805599454
robert:1.0
beauchaine:1.6931471805599454
subject:1.0
amusing:1.0
atheists:1.0
agnostics:1.0
article:1.0
madhausc5rfqo.9ql:1.0
netcom.com:1.6931471805599454
madhaus:1.0
maddi:1.6931471805599454
hausmann:1.0
writes:1.0
clam:1.0
bake:1.0
timmons:1.6931471805599454
bill:1.6931471805599454
shit:1.0
stirrer:1.0
connor:1.0
sorry:1.0
got:1.0
ta:1.0
disagree:1.0
one:1.0
resemblence:1.0
nickname:1.0
prefer:1.0
half:1.0
baked:1.0
bob:1.0
said:1.0
queens:1.0
could:1.0
stay:1.0
blew:1.0
bronx:1.0
away:1.0
sank:1.0
manhattan:1.0
sea:1.0
