bobbe:1.6931471805599454
vice.ico.tek.com:1.6931471805599454
robert:1.0
beauchaine:1.6931471805599454
subject:1.0
thoughts:1.0
christians:1.0
article:1.0
sandvik-190493224221:1.0
sandvik-kent.apple.com:1.0
sandvik:1.6931471805599454
newton.apple.com:1.0
kent:1.6931471805599454
writes:1.0
know:1.0
cant:1.0
get:1.0
physical:1.0
problems:1.0
passive:1.0
christianity:1.6931471805599454
unlike:1.0
smoking:1.0
hard:1.0
avoid:1.0
today:1.0
anyway:1.0
ignore:1.0
em:1.0
right:1.0
keith:1.0
err:1.0
whadda:1.0
mean:1.0
didnt:1.0
see:1.0
smiley:1.0
bob:1.0
said:1.0
queens:1.0
could:1.0
stay:1.0
blew:1.0
bronx:1.0
away:1.0
sank:1.0
manhattan:1.0
sea:1.0
