frank:2.6094379124341005
d012s658.uucp:1.6931471805599454
odwyer:2.386294361119891
subject:1.0
societally:2.09861228866811
acceptable:2.09861228866811
behavior:2.09861228866811
article:1.6931471805599454
c5r9at.asv:1.0
news.cso.uiuc.edu:1.6931471805599454
cobb:2.386294361119891
alexia.lis.uiuc.edu:1.6931471805599454
mike:1.6931471805599454
writes:2.09861228866811
1qvabj:1.0
g1j:1.0
horus.ap.mchp.sni.de:1.0
c5qgm3.dl8:1.0
making:1.0
wrong:1.0
assumption:1.0
basis:1.6931471805599454
morals:1.6931471805599454
come:2.09861228866811
question:2.6094379124341005
came:1.0
idea:1.0
heard:1.0
whatever:1.6931471805599454
mandated:1.0
one:1.6931471805599454
aspect:1.0
morality:2.386294361119891
societal:1.6931471805599454
necessarily:1.0
crude:1.0
broad-brush:1.0
stuff:1.0
attempts:1.0
deal:1.0
necessary:2.9459101490553135
keep:1.6931471805599454
society:2.791759469228055
going:1.0
often:2.6094379124341005
little:1.6931471805599454
over-enthusiastic:1.0
individual:1.0
different:1.6931471805599454
thing:1.0
includes:1.0
mores:1.0
trouble:1.0
stronger:1.0
example:1.6931471805599454
people:2.386294361119891
vegetarian:1.0
though:1.0
eating:1.6931471805599454
meat:1.6931471805599454
may:2.09861228866811
perfectly:1.0
legal:2.09861228866811
merely:1.0
moral/ethical:1.0
1:1.0
depends:1.6931471805599454
doesnt:1.6931471805599454
help:1.0
point:1.0
irrelevant:1.0
answer:1.0
make:1.6931471805599454
rules:1.6931471805599454
thats:2.09861228866811
yet:1.0
another:1.0
dont:2.791759469228055
claim:1.0
answers:1.0
either:1.6931471805599454
think:1.0
well:1.6931471805599454
ireland:1.0
like:1.0
things:1.0
us:1.0
system:1.6931471805599454
least:1.0
principle:1.0
2:1.0
define:1.6931471805599454
comes:1.0
certain:1.0
see:1.6931471805599454
ideally:1.0
must:1.0
consensus:1.6931471805599454
imo:1.6931471805599454
3:1.0
moral:1.6931471805599454
position:1.6931471805599454
adopting:1.0
default:1.0
peoples:1.0
decisions:1.0
none:1.0
societys:1.0
business:1.0
put:1.0
jail:1.6931471805599454
condemn:1.0
societies:1.0
sometimes:1.0
hard:1.0
trick:1.0
recognise:1.0
equally:1.0
importantly:1.0
isnt:1.6931471805599454
interfering:1.0
truly:1.0
would:1.0
right:1.6931471805599454
interfere:1.6931471805599454
interference:2.09861228866811
i.e:1.0
force:1.6931471805599454
various:1.0
kinds:1.0
degrees:1.0
effective:1.0
derive:1.0
difficult:1.0
sort:1.0
liars:1.0
paradox:1.6931471805599454
freedom:2.386294361119891
possible:1.0
justification:1.0
wish:1.6931471805599454
take:1.6931471805599454
away:1.6931471805599454
shouldnt:1.0
object:1.0
taken:1.0
arise:1.0
actively:1.0
way:1.0
anyones:1.0
introduction:1.0
permissible:1.0
causes:1.0
problem:1.0
much:1.0
seem:1.0
agree:1.0
level:1.0
need:1.0
justice:1.0
even:1.0
term:1.0
guess:1.0
thus:1.0
get:1.0
situation:1.0
law:1.6931471805599454
allows:1.0
honour:1.0
forbids:1.0
ive:1.0
believe:1.0
admit:1.0
understand:1.0
statement:1.0
mean:1.0
thus-and-such:1.6931471805599454
also:1.0
seen:1.0
immoral:1.0
lets:1.0
let:1.0
im:1.0
hatching:1.0
sse.ie:1.0
hens:1.0
evelyn:1.0
conlon:1.0
