kmr4:1.0
po.cwru.edu:1.0
keith:2.09861228866811
ryan:1.0
subject:1.0
political:1.0
atheists:1.0
article:1.0
1ql0ajinn2kj:1.0
gap.caltech.edu:1.0
cco.caltech.edu:1.0
allan:1.0
schneider:1.0
writes:1.0
well:1.0
chimps:1.0
must:2.09861228866811
system:1.0
live:1.0
social:1.0
groups:1.0
laws:1.6931471805599454
dictating:1.0
undesired:1.0
behavior:1.0
whatever:1.0
promises:1.0
made:1.0
broken:1.0
john:1.0
man:1.0
without:1.0
honor:1.0
keep:1.0
given:1.0
word:1.0
