cjhs:1.0
minster.york.ac.uk:1.0
subject:1.0
free:1.0
moral:1.0
agency:1.0
saying:1.0
physical:1.0
adam:1.6931471805599454
eve:1.0
humans:1.0
direct:1.0
decendents:1.0
two:1.0
human:1.0
beings:1.0
cain:1.0
ables:1.0
wives:1.0
couldnt:1.0
sisters:1.0
e:1.0
didnt:1.0
daughters:1.6931471805599454
non-humans:1.0
genesis:1.0
5:4:1.0
days:1.0
begat:1.6931471805599454
seth:1.0
eight:1.0
hundred:1.0
years:1.0
sons:1.0
felicitations:1.0
chris:1.0
ho-stuart:1.0
