kmr4:1.0
po.cwru.edu:1.0
keith:1.0
ryan:1.0
subject:1.0
nicknames:1.0
article:1.0
16bb6b6fe.i3150101:1.0
dbstu1.rz.tu-bs.de:1.6931471805599454
i3150101:1.0
benedikt:1.0
rosenau:1.0
writes:1.6931471805599454
ssauyet:1.6931471805599454
eagle.wesleyan.edu:1.0
scott:1.6931471805599454
sauyet:1.6931471805599454
okay:1.0
anybody:1.0
hear:1.6931471805599454
eagel.wesleyan.edu:1.0
could:1.0
speak:1.0
cant:1.0
sole:1.0
intention:1.0
learning:1.0
fly:1.0
