oser:1.6931471805599454
fermi.wustl.edu:1.0
scott:1.6931471805599454
subject:1.0
studies:1.0
book:1.0
mormon:1.0
think:1.0
the_transcedental_temptation:1.0
paul:1.0
kurtz:1.0
good:1.0
section:1.0
origins:1.0
mormonism:1.0
might:1.0
want:1.0
look:1.0
