nyeda:1.6931471805599454
cnsvax.uwec.edu:1.6931471805599454
david:2.09861228866811
nye:1.6931471805599454
subject:1.0
risen:1.6931471805599454
reply:1.0
kmr4:1.0
po.cwru.edu:1.0
keith:1.0
ryan:1.0
lord:1.0
savior:1.0
keresh:1.0
seen:1.0
alive:1.0
spread:1.0
word:1.0
jeez:1.0
cant:1.0
get:1.0
anything:1.0
straight:1.0
told:1.0
wait:1.0
three:1.0
days:1.0
god:1.0
midelfort:1.0
clinic:1.0
eau:1.0
claire:1.0
wi:1.0
patently:1.0
absurd:1.0
whoever:1.0
wishes:1.0
become:1.0
philosopher:1.0
must:1.0
learn:1.0
frightened:1.0
absurdities:1.0
bertrand:1.0
russell:1.0
