mangoe:2.09861228866811
cs.umd.edu:1.6931471805599454
charley:1.0
wingate:1.6931471805599454
subject:1.0
says:1.0
apostles:1.6931471805599454
tortured:1.0
traditions:1.0
church:1.6931471805599454
hold:1.0
meaning:1.0
11:1.0
surviving:1.0
disciples:1.0
matthias:1.0
barnabas:1.0
paul:1.0
martyred:1.0
except:1.0
john:1.0
tradition:1.0
understood:1.0
read:1.0
early:1.0
writings:1.0
bible:1.0
heteroorthodox:1.0
scriptures:1.0
c:1.0
peace:2.09861228866811
god:1.6931471805599454
strife:1.0
closed:1.0
sod:1.0
yet:1.0
brothers:1.0
pray:1.0
one:1.0
thing:1.0
tove:1.0
marvlous:1.0
