mathew:2.09861228866811
mantis.co.uk:1.0
subject:1.0
koresh:1.6931471805599454
god:1.0
latest:1.0
news:1.0
seems:1.0
give:1.0
hes:1.0
finished:1.0
writing:1.0
sequel:1.0
bible:1.0
