kellyb:1.0
ccsua.ctstateu.edu:1.0
subject:1.0
bible:1.6931471805599454
quiz:1.0
article:1.6931471805599454
kmr4.1563.734805744:1.0
po.cwru.edu:1.6931471805599454
kmr4:1.0
keith:1.0
ryan:1.0
writes:1.6931471805599454
1qgbmt:1.0
c4f:1.0
usenet.ins.cwru.edu:1.0
cr866:1.0
cleveland.freenet.edu:1.0
frank:1.0
kirschner:1.0
sun:1.0
starts:1.0
orbit:1.0
earth:1.0
accept:1.0
since:1.0
atheism:1.0
mean:1.0
trashing:1.0
religions:1.0
must:1.0
god:1.0
inbreeding:1.0
son:1.0
pope:1.0
john:1.0
paul:1.0
