mcgoy:1.0
unicorn.acs.ttu.edu:1.0
david:1.0
mcgaughey:1.0
subject:1.0
pope:2.386294361119891
jewish:1.6931471805599454
west:1.0
next02cville.wam.umd.edu:1.0
stilgar:1.0
writes:1.0
always:1.0
thought:1.0
bear:1.6931471805599454
know:1.0
little:1.0
saying:1.0
shit:1.0
woods:1.0
catholic:1.0
must:1.0
connection:1.0
two:1.0
lines:1.0
