acooper:1.6931471805599454
mac.cc.macalstr.edu:1.0
turin:1.0
turambar:1.0
department:1.0
utter:1.0
misery:1.0
subject:1.0
societally:1.6931471805599454
acceptable:2.09861228866811
behavior:2.09861228866811
article:1.6931471805599454
c5s9tv.10h:1.0
news.cso.uiuc.edu:1.6931471805599454
cobb:3.0794415416798357
alexia.lis.uiuc.edu:2.386294361119891
mike:1.6931471805599454
writes:2.09861228866811
1qvh8tinnsg6:1.0
citation.ksu.ksu.edu:1.6931471805599454
yohan:1.0
jonathan:1.0
w:1.0
newton:1.0
c5qgm3.dl8:1.0
merely:1.6931471805599454
question:1.0
basis:1.6931471805599454
morality:2.386294361119891
moral/ethical:1.0
disagree:1.6931471805599454
society:3.1972245773362196
thinks:1.0
irrelevant:1.0
individual:1.0
decides:1.0
important:1.0
doesnt:2.386294361119891
seem:1.0
right:2.09861228866811
want:1.6931471805599454
kill:1.0
decide:1.0
exactly:1.0
although:1.0
may:1.0
dissapointing:1.0
answer:1.0
interplay:1.0
two:1.6931471805599454
personal:1.0
ethos:1.0
societal:1.6931471805599454
persons:1.0
self-generated/learned:1.0
set:1.0
beliefs:1.0
usually:1.6931471805599454
expressed:1.0
purely:1.0
mental/verbal:1.0
level:1.0
dont:1.0
find:1.0
expression:1.0
except:1.0
impure:1.0
sense:1.6931471805599454
bad:1.0
state:1.0
sometimes:1.6931471805599454
1:1.0
think:2.09861228866811
fairly:1.0
obvious:1.6931471805599454
really:1.6931471805599454
whatever:1.6931471805599454
particular:1.0
mandates:2.09861228866811
ok:1.6931471805599454
always:1.6931471805599454
make:2.09861228866811
standard:1.0
also:1.0
one:2.6094379124341005
feels:1.0
oneself:1.0
part:1.0
real:1.0
use:1.0
example:1.0
political:1.0
racial:1.0
gender:1.0
agree:1.6931471805599454
every:1.0
issue:1.0
2:1.0
define:1.0
generally:1.0
feel:1.0
idiotic:1.0
policy:1.0
unfortunately:1.0
admit:1.0
tied:1.0
least:1.0
loosely:1.0
feeling:1.0
intuitively:1.0
know:1.0
things:1.0
wrong:1.0
awfully:1.0
hard:1.0
defend:1.0
though:1.0
yes:1.0
perhaps:1.0
infamous:1.0
long:1.0
hurt:1.0
others:1.0
problem:1.0
saying:1.0
propound:1.0
specifically:1.0
preferred:1.0
behaviours:1.0
3:1.0
keep:1.0
legal:2.09861228866811
moral:2.09861228866811
position:1.0
thinking:1.0
might:1.0
certain:1.6931471805599454
actions:1.6931471805599454
ill:1.0
add:1.0
hearty:1.0
however:1.0
could:1.0
well:1.6931471805599454
say:1.0
still:1.6931471805599454
get:1.0
impression:1.0
truly:1.0
mac:1.0
michael:1.6931471805599454
wont:1.6931471805599454
raise:1.6931471805599454
taxes:2.09861228866811
middle:1.6931471805599454
university:1.6931471805599454
illinois:1.6931471805599454
class:1.6931471805599454
pay:1.6931471805599454
programs:1.6931471805599454
champaign-urbana:1.6931471805599454
bill:1.6931471805599454
clinton:1.6931471805599454
3rd:1.6931471805599454
debate:1.6931471805599454
new:1.0
spending:1.0
cuts:1.0
310:1.0
billion:1.0
dollar:1.0
deficits:1.0
nobody:1.0
explain:1.0
everything:1.0
anybody:1.0
g.k.chesterton:1.0
best:1.0
regards:1.0
adam:1.0
john:1.0
cooper:1.0
verily:1.0
often:1.0
laughed:1.0
weaklings:1.0
612:1.0
696-7521:1.0
thought:1.0
good:1.0
simply:1.0
macalstr.eduthey:1.0
claws:1.0
