acooper:1.6931471805599454
mac.cc.macalstr.edu:1.0
turin:1.0
turambar:1.0
department:1.0
utter:1.0
misery:1.0
subject:1.0
test:1.6931471805599454
ignore:1.0
adam:1.0
john:1.0
cooper:1.0
verily:1.0
often:1.0
laughed:1.0
weaklings:1.0
612:1.0
696-7521:1.0
thought:1.0
good:1.0
simply:1.0
macalstr.edu|they:1.0
claws:1.0
understand:1.0
one:1.0
another:1.0
fear:1.0
beyond:1.0
comprehension:1.0
gandalf:1.0
