livesey:2.386294361119891
solntze.wpd.sgi.com:1.6931471805599454
jon:2.09861228866811
subject:1.0
political:1.0
atheists:1.0
article:1.0
1qnp13inn816:1.0
gap.caltech.edu:1.0
keith:1.6931471805599454
cco.caltech.edu:1.0
allan:1.0
schneider:1.0
writes:1.6931471805599454
perhaps:1.0
chimps:1.0
failed:1.0
evolve:1.6931471805599454
cooperative:2.386294361119891
behaviour:2.6094379124341005
died:1.0
left:1.0
ones:1.0
entirely:1.0
chance:1.0
thats:1.6931471805599454
entire:1.0
point:2.09861228866811
evolution:1.0
natural:2.791759469228055
morality:2.9459101490553135
unless:1.0
course:1.0
suggested:1.0
several:1.0
times:1.0
already:1.0
renaming:1.0
going:1.6931471805599454
proclaim:1.0
every:1.6931471805599454
time:1.6931471805599454
organism:1.6931471805599454
evolves:1.6931471805599454
yes:1.6931471805599454
developed:1.6931471805599454
naturally:1.6931471805599454
actually:1.0
stronger:1.0
agreeing:1.0
call:1.0
bee:1.6931471805599454
dance:1.6931471805599454
huh:1.0
piece:1.0
