tgk:1.0
cs.toronto.edu:1.0
todd:1.6931471805599454
kelley:1.0
subject:1.6931471805599454
faith:3.833213344056216
dogma:3.5649493574615367
marshall:1.6931471805599454
csugrad.cs.vt.edu:1.6931471805599454
kevin:1.0
1r2eba:1.0
hsq:1.0
wrote:1.0
dont:2.09861228866811
necessarily:1.0
disagree:1.6931471805599454
assertion:1.0
reasoning:1.0
bad:2.791759469228055
religion:3.3978952727983707
unfortunately:1.0
never:1.0
state:1.6931471805599454
dangerous:1.6931471805599454
cause:1.0
people:1.6931471805599454
act:1.0
alone:1.0
nature:1.6931471805599454
without:1.6931471805599454
justification:2.791759469228055
mean:1.0
word:1.0
belief:2.6094379124341005
arbitrary:1.0
emotional:1.0
irrational:2.6094379124341005
example:1.6931471805599454
someone:1.6931471805599454
says:2.09861228866811
god:3.1972245773362196
exists:1.6931471805599454
know:1.6931471805599454
believe:1.6931471805599454
feel:1.0
thats:2.6094379124341005
precludes:1.0
positive:1.0
change:2.386294361119891
based:1.0
new:2.09861228866811
information:2.6094379124341005
increased:1.0
mental:1.0
faculty:1.0
christians:1.0
totally:1.6931471805599454
respect:1.0
saying:1.0
ones:1.0
christian:2.6094379124341005
make:1.6931471805599454
one:1.0
think:1.0
getting:1.0
id:1.0
rather:1.6931471805599454
hear:1.0
expand:1.0
part:1.6931471805599454
responsible:1.0
irrationality:1.0
individuals:1.0
claim:1.6931471805599454
quintessential:1.0
makes:1.6931471805599454
much:1.0
overused:1.0
context:1.0
buddism:1.0
philosophy:1.6931471805599454
live:1.0
science:2.09861228866811
philosopher:2.386294361119891
mind:1.6931471805599454
whereas:1.0
due:1.0
present:1.0
statement:1.0
general:1.0
perfectly:1.0
capable:1.6931471805599454
absolutely:1.0
changing:2.09861228866811
his/her:1.0
beliefs:3.3978952727983707
may:1.6931471805599454
would:2.9459101490553135
assert:1.0
atheists:2.09861228866811
poor:1.0
philosophers:1.6931471805599454
predisposed:1.0
course:1.0
show:1.0
unfair:1.0
bias:1.0
studying:1.0
say:1.0
noticed:1.0
tend:1.0
atheist:1.0
s/he:1.6931471805599454
tends:1.6931471805599454
called:1.0
theologian:1.0
consider:1.6931471805599454
christianity:1.6931471805599454
sacred:1.6931471805599454
special:1.0
set:1.0
sanctioned:1.0
therefore:1.0
conceive:1.0
question:1.0
existence:1.0
mistakes:1.0
comes:1.6931471805599454
play:1.6931471805599454
lord:1.0
works:1.0
mysterious:1.0
ways:1.0
used:1.0
reconcile:1.0
evidence:1.0
flawed:2.09861228866811
sure:1.0
interpretations:2.09861228866811
said:2.09861228866811
changed:1.6931471805599454
satisfy:1.0
needs:1.0
society:1.0
something:1.0
since:1.0
unflawed:1.0
even:1.0
practiced:1.0
contrast:1.0
built:1.0
defence:1.0
scientist:1.6931471805599454
holds:1.0
idea:1.0
suit:1.0
whatever:1.0
best:1.6931471805599454
available:1.6931471805599454
time:1.0
understands:1.0
current:1.0
deficient:1.0
way:1.6931471805599454
goal:1.6931471805599454
keep:1.6931471805599454
improving:1.0
reflect:1.0
currently:1.0
rational:2.09861228866811
thing:1.0
good:2.09861228866811
see:1.0
difference:1.0
views:1.6931471805599454
obtained:1.0
improve:1.0
many:1.0
scientists:1.0
complete:1.0
perfect:1.6931471805599454
understanding:1.0
everything:1.0
none:1.0
put:1.0
job:1.0
must:1.0
acquired:1.0
conflicts:1.0
please:1.6931471805599454
explain:1.0
thinking:1.0
kills:1.0
answer:1.0
waco:1.6931471805599454
easier:1.0
kill:1.0
person:1.0
doesnt:1.0
require:1.0
killing:1.0
hes:1.6931471805599454
jewish:2.09861228866811
born:1.0
parents:1.0
document:1.0
wasnt:1.0
aware:1.0
mass:1.6931471805599454
suicide:1.0
problem:1.0
jonestown:1.0
isolated:1.0
incidents:1.0
suicides:1.0
far:1.0
common:1.0
clinton:1.0
fbi:1.0
love:1.0
convince:1.0
save:1.0
us:1.0
taxpayer:1.0
lot:1.0
money:1.0
could:1.0
