jgreen:1.6931471805599454
trumpet.calpoly.edu:1.0
james:1.6931471805599454
thomas:1.6931471805599454
green:1.6931471805599454
subject:1.0
help:1.0
god:2.09861228866811
court:1.0
ive:1.0
heard:1.0
california:1.0
ask:1.0
swear:1.0
without:1.0
mention:1.0
states:1.0
actually:1.0
include:1.0
courtroom:1.0
oath:1.0
oboe.calpoly.edu:1.0
times:1.0
nations:1.0
priest:1.0
hostile:1.0
liberty:1.0
jefferson:1.0
