jgreen:1.6931471805599454
trumpet.calpoly.edu:1.0
james:1.6931471805599454
thomas:1.6931471805599454
green:1.6931471805599454
subject:1.0
logic:2.09861228866811
jesus:1.6931471805599454
dps:1.0
nasa.kodak.com:1.0
pontificated:1.0
simple:1.0
arguments:1.0
folly:1.0
read:1.0
bible:1.0
see:1.0
made:1.0
fools:1.0
tried:1.0
trick:1.0
cite:1.0
example:1.0
please:1.0
post:1.0
answer:1.0
dont:1.0
want:1.0
receive:1.0
e-mail:1.0
oboe.calpoly.edu:1.0
times:1.0
nations:1.0
priest:1.0
hostile:1.0
liberty:1.0
jefferson:1.0
