pauld:1.0
verdix.com:1.0
paul:1.0
durbin:1.0
subject:1.0
david:2.386294361119891
coresh:1.0
god:1.0
one:1.6931471805599454
morning:1.0
shows:1.0
think:1.0
today:1.0
show:1.0
koreshs:1.0
lawyer:1.0
interviewed:1.0
interview:1.0
flipped:1.0
letters:1.6931471805599454
koresh:1.6931471805599454
wrote:1.0
written:1.0
hebrew:1.0
near:1.0
bottom:1.0
page:1.0
adonai:1.0
anyone:1.0
else:1.0
see:1.0
could:1.0
mean:1.0
writing:1.0
