william.vaughan:1.0
uuserv.cc.utah.edu:1.0
william:1.0
daniel:1.0
vaughan:1.0
subject:1.6931471805599454
silly:1.6931471805599454
question:1.6931471805599454
x-tianity:1.6931471805599454
article:1.6931471805599454
pww-120493020107:1.0
spac-at1-59.rice.edu:1.0
pww:1.6931471805599454
spacsun.rice.edu:1.6931471805599454
peter:1.6931471805599454
walker:1.6931471805599454
writes:1.0
date:1.0
mon:1.0
12:1.0
apr:1.0
1993:1.0
07:06:33:1.0
gmt:1.0
1qaqi1inngje:1.0
gap.caltech.edu:1.0
werdna:1.0
cco.caltech.edu:1.0
andrew:1.0
tong:1.0
wrote:1.0
