jsn104:1.0
psuvm.psu.edu:1.0
subject:1.0
go:1.6931471805599454
hell:1.6931471805599454
blashephemers:1.0
believing:1.0
god:1.0
prepared:1.0
eternal:1.0
damnation:1.0
