healta:1.6931471805599454
saturn.wwc.edu:2.09861228866811
tammy:2.09861228866811
r:1.6931471805599454
healy:1.6931471805599454
subject:1.6931471805599454
islam:1.6931471805599454
clearer:1.6931471805599454
view:1.6931471805599454
article:1.6931471805599454
16bafc876.i3150101:1.0
dbstu1.rz.tu-bs.de:2.09861228866811
i3150101:1.6931471805599454
benedikt:2.09861228866811
rosenau:1.6931471805599454
writes:1.6931471805599454
date:1.0
tue:1.0
13:1.0
apr:1.0
1993:1.0
13:15:18:1.0
gmt:1.0
healta.60.734567658:1.0
sorry:1.0
generally:1.0
accepted:1.6931471805599454
rise:1.0
inquisition:1.0
reason:1.0
torture:1.0
introduced:1.0
outside:1.0
romanic:1.0
countries:1.0
end:1.0
middle:1.0
ages:1.0
words:1.0
holy:1.6931471805599454
mother:1.0
church:2.09861228866811
lead:1.6931471805599454
infallibly:1.0
ghost:1.0
spread:1.0
roman:1.0
catholic:1.0
claims:1.0
infallable:1.0
pope:2.09861228866811
thats:1.0
rc:1.0
done:1.0
many:1.0
wicked:1.0
things:1.0
xtians:1.0
non-believers:1.0
alike:1.0
rationale:1.0
speaking:1.0
ex:1.0
cathedra:1.0
infallible:1.0
based:1.0
claim:1.0
dogma:1.0
jesuitic:1.0
origin:1.0
mid:1.0
last:1.0
century:1.0
youre:1.0
right:1.0
thanks:1.0
enlightening:1.0
