healta:1.0
saturn.wwc.edu:1.0
tammy:1.6931471805599454
r:1.0
healy:1.0
subject:1.0
getting:1.0
point:1.0
a.a:1.0
readers:1.0
asked:1.0
several:1.0
post:1.6931471805599454
list:1.6931471805599454
sda:1.0
churchs:1.0
27:1.0
fundamental:1.0
beliefs:1.0
warn:1.0
long:1.0
however:1.0
ill:1.0
sunday:1.0
sabbath:1.0
coming:1.0
soon:1.0
wont:1.0
reading:1.0
saturday:1.0
dont:1.0
time:1.0
would:1.6931471805599454
greatly:1.0
appreciate:1.0
keep:1.0
touch:1.0
whats:1.0
going:1.0
hope:1.6931471805599454
reastful:1.0
relaxing:1.0
weekend:1.0
best:1.0
one:1.0
far:1.0
