johnchad:1.6931471805599454
triton.unm.edu:1.6931471805599454
jchadwic:1.0
subject:1.0
another:1.0
request:1.0
darwin:1.6931471805599454
fish:1.6931471805599454
hello:1.0
gang:1.0
notes:1.0
recently:1.0
asking:1.0
obtain:1.0
question:1.0
seen:1.0
answer:1.0
net:1.6931471805599454
anyone:1.0
contact:1.0
please:1.0
post:1.0
email:1.0
thanks:1.0
john:1.0
chadwick:1.0
