sandvik:2.09861228866811
newton.apple.com:1.6931471805599454
kent:1.6931471805599454
subject:1.0
objective:1.6931471805599454
morality:2.09861228866811
political:1.0
atheists:1.0
article:1.0
1qlf7ginn8sn:1.0
gap.caltech.edu:1.0
keith:1.6931471805599454
cco.caltech.edu:1.0
allan:1.0
schneider:1.0
wrote:1.0
type:1.0
talking:1.0
natural:1.0
sense:1.0
immoral:1.0
harm:1.0
another:1.0
species:1.0
long:1.0
doesnt:1.0
adversely:1.0
affect:1.0
guess:1.0
hehehe:1.0
say:1.0
somehere:1.0
tells:1.0
case:1.0
dont:1.0
know:1.0
rules:1.0
transcendental:1.0
game:1.0
systems:1.0
cheers:1.0
alink:1.0
ksand:1.0
private:1.0
activities:1.0
net:1.0
