decay:1.0
cbnewsj.cb.att.com:1.0
dean.kaflowitz:1.0
subject:1.0
free:1.0
moral:1.0
agency:1.0
article:1.0
kmr4.1696.735588167:1.0
po.cwru.edu:1.6931471805599454
kmr4:1.0
keith:1.0
ryan:1.0
writes:1.0
34mand:1.0
35mdeep:1.0
thoughts:1.0
0m:2.09861228866811
32mby:1.0
jack:1.0
handey:1.0
36mif:1.0
go:1.0
parachuting:1.0
parachute:1.0
doesnt:1.0
open:1.0
friends:1.0
watching:1.0
fall:1.6931471805599454
think:1.0
funny:1.0
gag:1.0
would:1.0
pretend:1.0
swimming:1.0
opens:1.0
gravity:1.0
good:1.0
idea:1.0
law:1.0
dean:1.0
kaflowitz:1.0
