livesey:2.386294361119891
solntze.wpd.sgi.com:1.6931471805599454
jon:2.386294361119891
subject:1.0
societally:1.0
acceptable:1.0
behavior:1.0
article:1.6931471805599454
c5ws1s.7ns:1.0
news.cso.uiuc.edu:1.6931471805599454
cobb:2.386294361119891
alexia.lis.uiuc.edu:1.6931471805599454
mike:1.6931471805599454
writes:2.09861228866811
1r4ioh:1.0
44t:1.0
fido.asd.sgi.com:1.0
c5qgm3.dl8:1.0
doesnt:1.6931471805599454
seem:1.0
right:2.386294361119891
want:2.386294361119891
kill:2.09861228866811
decide:1.0
sounds:1.0
though:1.0
confused:1.0
think:2.6094379124341005
morally:1.0
mean:1.6931471805599454
would:1.0
idea:1.0
still:1.0
apply:1.0
said:1.6931471805599454
ok:1.6931471805599454
decided:1.6931471805599454
automatically:1.0
translate:2.386294361119891
way:1.6931471805599454
reply:1.0
means:1.0
