livesey:2.386294361119891
solntze.wpd.sgi.com:1.6931471805599454
jon:2.09861228866811
subject:1.0
yet:1.0
rushdie:1.0
islamic:3.302585092994046
law:1.0
article:1.6931471805599454
116533:1.0
bu.edu:1.0
jaeger:1.6931471805599454
buphy.bu.edu:1.0
gregg:1.0
writes:1.6931471805599454
1r2idi:1.0
6e1:1.0
fido.asd.sgi.com:1.0
saying:1.0
bank:2.9459101490553135
something:1.6931471805599454
bcci:2.791759469228055
would:2.09861228866811
care:1.0
explain:1.0
said:2.386294361119891
hope:1.0
called:1.0
childish:1.0
propagandist:1.0
yes:1.0
sure:1.0
obvious:1.0
reason:1.6931471805599454
anyone:1.0
make:1.0
jump:1.0
associating:1.0
banking:1.0
muslim:1.0
ownership:1.0
case:2.09861228866811
hoped:2.09861228866811
one:1.6931471805599454
generalize:1.0
given:1.0
banks:1.0
stereotype:1.0
x:1.0
bad:1.6931471805599454
therefore:1.0
xs:1.0
next:1.0
think:1.0
know:1.0
bosnia:1.0
tap:1.0
