i3150101:1.0
dbstu1.rz.tu-bs.de:1.0
benedikt:1.6931471805599454
rosenau:1.0
subject:1.0
amusing:1.0
atheists:1.0
agnostics:1.0
article:1.0
1r10jcinnt1g:1.0
lynx.unm.edu:1.0
cfaehl:1.0
vesta.unm.edu:1.0
chris:1.0
faehl:1.0
writes:1.0
correction:1.0
hard:1.0
atheism:1.6931471805599454
faith:1.6931471805599454
yes:1.0
like:1.0
weak:1.0
