mathew:2.09861228866811
mantis.co.uk:1.0
subject:1.0
strong:1.6931471805599454
weak:1.0
atheism:1.0
acooper:1.0
mac.cc.macalstr.edu:1.0
turin:1.0
turambar:1.0
department:1.0
utter:1.0
misery:1.0
writes:1.0
faq:1.0
ever:1.0
got:1.0
modified:1.0
re-define:1.0
atheists:1.0
assert:1.6931471805599454
nonexistence:1.6931471805599454
god:1.6931471805599454
believe:1.0
word:1.0
yes:1.0
