kax:1.6931471805599454
cs.nott.ac.uk:1.6931471805599454
kevin:1.6931471805599454
anthoney:1.6931471805599454
subject:1.0
christian:1.0
morality:1.0
article:1.0
4949:1.0
eastman.uucp:1.0
dps:1.0
nasa.kodak.com:1.0
writes:1.0
fact:1.0
god:1.6931471805599454
could:1.6931471805599454
cause:1.0
believe:1.6931471805599454
anything:1.6931471805599454
wants:1.0
think:1.0
minute:1.0
would:1.0
rather:1.0
someone:1.0
love:2.386294361119891
made:1.0
wanted:1.0
theres:1.0
difference:1.0
believing:1.0
existence:1.0
entity:1.6931471805599454
loving:1.0
show:1.0
directly:1.0
exists:1.0
id:1.0
still:1.0
free:1.0
choice:1.0
whether:1.0
doesnt:1.0
dont:1.0
read:1.0
sig:1.0
files:1.0
