darice:1.6931471805599454
yoyo.cc.monash.edu.au:1.6931471805599454
fred:1.6931471805599454
rice:1.6931471805599454
subject:1.0
islam:2.9459101490553135
sufism:2.6094379124341005
move:1.0
discussions:1.0
short:1.0
reply:1.0
kent:1.0
sandviks:1.0
post:1.0
remarking:1.0
strange:1.6931471805599454
somehow:1.0
related:1.0
seem:1.0
quite:1.0
different:1.0
one:1.6931471805599454
really:1.0
understands:1.0
associated:1.0
fact:1.0
general:1.0
seen:1.0
inner:1.0
dimension:1.0
roots:1.0
word:1.0
submission:2.09861228866811
denotes:1.0
god:2.09861228866811
complete:1.0
imaginable:1.0
annihilating:1.0
oneself:1.0
sufi:2.09861228866811
path:1.6931471805599454
read:1.0
lot:1.0
recently:1.0
discussing:1.0
number:1.0
things:1.0
others:1.0
