halat:2.386294361119891
pooh.bears:1.0
jim:1.6931471805599454
subject:1.0
free:1.0
moral:1.0
agency:1.0
article:1.6931471805599454
kmr4.1696.735588167:1.0
po.cwru.edu:1.6931471805599454
kmr4:1.0
keith:1.0
ryan:1.0
writes:1.6931471805599454
1r98voinnr9q:1.0
lynx.unm.edu:1.0
cfaehl:1.0
vesta.unm.edu:1.0
chris:1.0
faehl:1.0
myth:1.6931471805599454
refer:1.0
convoluted:1.0
counterfeit:1.6931471805599454
athiests:1.6931471805599454
created:1.0
make:1.6931471805599454
religion:1.6931471805599454
appear:1.6931471805599454
absurd:1.6931471805599454
dont:1.0
need:1.6931471805599454
read:1.0
friendly:1.0
christian:1.0
bill:1.0
conners:1.0
posts:1.0
bear.com:1.0
bear-stearns:1.0
whatever:1.0
doesnt:1.0
kill:1.0
serve:1.0
annoy:1.0
nyc:1.0
speak:1.0
