darice:2.386294361119891
yoyo.cc.monash.edu.au:2.386294361119891
fred:2.386294361119891
rice:2.386294361119891
subject:1.0
genocide:1.0
caused:1.0
atheism:1.0
1993apr19.140316.14872:1.0
cs.nott.ac.uk:1.0
eczcaw:1.0
mips.nott.ac.uk:1.0
a.wainwright:1.0
writes:1.6931471805599454
article:1.0
1993apr19.112706.26911:1.0
monu6.cc.monash.edu.au:1.0
great:2.09861228866811
respect:2.09861228866811
love:1.0
particular:1.0
person:1.6931471805599454
equal:1.0
form:1.0
theism:1.0
hmm:1.0
jesus:2.09861228866811
sure:1.0
could:1.0
yet:1.0
atheist:1.0
necessarily:1.0
mean:1.0
one:1.0
follow:1.0
christian:1.0
muslim:1.0
interpretation:1.0
life:1.0
