arromdee:2.386294361119891
jyusenkyou.cs.jhu.edu:1.6931471805599454
ken:1.6931471805599454
subject:1.0
alt.atheism:1.0
faq:1.6931471805599454
constructing:1.0
logical:1.6931471805599454
argument:1.6931471805599454
heres:1.0
suggestion:1.0
dont:1.0
think:1.0
covered:1.0
though:1.0
fallacy:1.0
probably:1.0
better:1.0
name:1.0
one:1.6931471805599454
used:1.0
mathew:1.0
inconsistency:1.6931471805599454
counterexample:1.0
occurs:1.0
party:1.6931471805599454
points:1.0
source:2.386294361119891
information:1.0
takes:1.0
stand:1.6931471805599454
inconsistent:1.0
b:2.386294361119891
two:1.6931471805599454
variations:1.0
either:1.0
mutually-agreed-on:1.0
premise:1.0
else:1.0
elsewhere:1.0
second:2.09861228866811
fallaciously:1.0
responds:1.0
saying:1.0
see:1.0
really:1.0
say:1.0
right:1.0
reply:1.0
refute:1.0
allegation:1.0
show:1.0
says:2.09861228866811
example:1.6931471805599454
first:1.6931471805599454
type:1.6931471805599454
koran:1.6931471805599454
unbelievers:1.6931471805599454
treated:1.6931471805599454
ways:1.0
agree:1.0
immoral:1.0
clearly:1.6931471805599454
passage:1.0
way:1.0
biblical:1.0
creation:1.6931471805599454
stories:1.0
youre:1.0
wrong:1.0
since:1.0
bible:1.0
describes:1.0
description:1.0
day:1.6931471805599454
christmas:1.6931471805599454
truelove:1.6931471805599454
served:1.6931471805599454
leftover:1.6931471805599454
turkey:2.386294361119891
casserole:1.0
made:1.0
days:1.0
3-4:1.0
deleted:1.0
flaming:1.0
wings:1.0
pizza:1.0
hut:1.0
commercial:1.0
m*tlu/a*gic:1.0
bait:1.0
