keith:2.6094379124341005
cco.caltech.edu:1.0
allan:1.0
schneider:1.0
subject:1.0
relativist:1.0
9051467f:1.0
levels.unisa.edu.au:1.0
desert:1.0
brat:1.0
writes:1.0
start:1.6931471805599454
wafffling:1.0
different:1.0
human:1.0
maul:1.0
someone:1.0
thrown:1.0
cage:1.0
speak:1.0
youd:1.0
better:1.0
posting:1.0
tome:1.0
decent:1.0
evidence:1.0
retract:1.0
think:1.0
absolute:1.6931471805599454
morality:1.6931471805599454
blurb:1.0
weeks:1.0
ago:1.0
claim:1.0
objective:1.0
one:1.0
