keith:2.09861228866811
cco.caltech.edu:1.0
allan:1.0
schneider:1.0
subject:1.0
political:1.0
atheists:1.0
livesey:1.6931471805599454
solntze.wpd.sgi.com:1.0
jon:1.0
writes:1.0
perhaps:1.0
chimps:1.0
failed:1.0
evolve:1.6931471805599454
cooperative:1.6931471805599454
behaviour:2.09861228866811
died:1.0
left:1.0
ones:1.0
entirely:1.0
chance:1.0
thats:1.0
entire:1.0
point:1.0
going:1.0
proclaim:1.0
natural:2.09861228866811
morality:2.386294361119891
every:1.0
time:1.0
organism:1.0
evolves:1.0
yes:1.0
developed:1.0
naturally:1.0
bee:1.0
dance:1.0
huh:1.0
