keith:2.09861228866811
cco.caltech.edu:1.0
allan:1.0
schneider:1.0
subject:1.0
objective:2.09861228866811
morality:2.386294361119891
political:1.0
atheists:1.0
sandvik:1.6931471805599454
newton.apple.com:1.0
kent:1.0
writes:1.0
type:1.0
talking:2.09861228866811
natural:1.0
sense:1.0
immoral:1.0
harm:1.0
another:1.0
species:1.0
long:1.0
doesnt:1.0
adversely:1.0
affect:1.0
guess:1.0
hehehe:1.0
say:1.0
somehere:1.0
tells:1.0
case:1.0
dont:1.0
know:1.0
rules:1.0
transcendental:1.0
game:1.0
systems:1.0
system:1.0
goal:1.0
brand:1.0
