dekorte:1.6931471805599454
dirac.scri.fsu.edu:1.0
stephen:1.0
l:1.0
subject:1.0
genocide:1.6931471805599454
caused:1.6931471805599454
theism:1.6931471805599454
evidence:1.6931471805599454
saw:1.0
3:1.0
hour:1.0
show:1.0
pbs:1.0
day:1.0
history:1.0
jews:2.09861228866811
appearently:1.0
cursades:1.0
religious:1.0
war:1.0
agianst:1.0
muslilams:1.6931471805599454
holy:1.0
land:1.0
sparked:1.0
widespread:1.0
persecution:1.0
europe:1.0
among:1.0
supporters:1.0
persiecution:1.0
none:1.0
martin:1.0
luther:1.0
vatican:1.0
later:1.0
hitler:1.0
would:1.0
use:1.0
luthers:1.0
writings:1.0
justify:1.0
treatment:1.0
sd:1.0
