kmr4:1.0
po.cwru.edu:1.0
keith:1.0
ryan:1.0
subject:1.0
inimitable:1.0
rushdie:1.0
article:1.0
115686:1.0
bu.edu:1.0
jaeger:1.6931471805599454
buphy.bu.edu:1.0
gregg:1.0
writes:1.0
say:1.0
religious:1.0
law:1.0
applies:1.6931471805599454
categorized:1.0
belonging:1.0
religion:1.0
event:1.0
judged:1.0
categorizing:1.0
id:1.0
cheat:1.0
hillary:1.0
john:1.0
laws:1.0
local:1.0
gop:1.0
reprehensitive:1.0
extolling:1.0
traditional:1.0
family:1.0
values:1.0
