subject:1.0
strong:1.6931471805599454
weak:1.0
atheism:1.0
ssauyet:1.0
eagle.wesleyan.edu:1.0
scott:1.6931471805599454
sauyet:1.0
930421.122032.2c0.rusnews.w165w:1.0
mantis.co.uk:1.0
mathew:2.09861228866811
writes:1.0
faq:1.0
ever:1.0
got:1.0
modified:1.0
re-define:1.0
atheists:1.0
assert:1.6931471805599454
nonexistence:1.6931471805599454
god:1.6931471805599454
believe:1.0
word:1.0
yes:1.0
could:1.0
let:1.0
us:1.0
know:1.0
happened:1.0
see:1.0
version:1.0
up-to-date:1.0
possible:1.0
try:1.0
re-save:1.0
faqs:1.0
otherwise:1.0
ignore:1.0
regular:1.0
postings:1.0
wouldnt:1.0
generally:1.0
notice:1.0
change:1.0
like:1.0
stay:1.0
current:1.0
thanks:1.0
