darice:1.6931471805599454
yoyo.cc.monash.edu.au:1.6931471805599454
fred:1.6931471805599454
rice:1.6931471805599454
subject:1.0
yet:1.0
rushdie:1.0
islamic:1.6931471805599454
law:1.0
received:1.0
new:1.0
information:1.0
regarding:1.0
issue:1.0
bcci:1.6931471805599454
whether:1.0
bank:1.0
etc:1.0
post:1.0
heading:1.0
look:1.0
