livesey:1.6931471805599454
solntze.wpd.sgi.com:1.0
jon:1.6931471805599454
subject:1.0
societally:1.6931471805599454
acceptable:1.6931471805599454
behavior:2.09861228866811
article:1.6931471805599454
c5s9tv.10h:1.0
news.cso.uiuc.edu:1.6931471805599454
cobb:2.386294361119891
alexia.lis.uiuc.edu:1.6931471805599454
mike:1.6931471805599454
writes:2.09861228866811
1qvh8tinnsg6:1.0
citation.ksu.ksu.edu:1.6931471805599454
yohan:1.0
jonathan:1.0
w:1.0
newton:1.0
c5qgm3.dl8:1.0
merely:1.0
question:1.0
basis:1.0
morality:1.0
moral/ethical:1.0
disagree:1.0
society:1.0
thinks:1.0
irrelevant:1.0
individual:1.0
decides:1.0
important:1.0
doesnt:1.0
seem:1.0
right:1.6931471805599454
want:1.6931471805599454
kill:1.0
decide:1.0
sounds:1.0
though:1.0
confused:1.0
think:1.0
morally:1.0
