cmtan:2.09861228866811
iss.nus.sg:2.09861228866811
tan:2.09861228866811
chade:2.09861228866811
meng:2.09861228866811
dan:1.0
subject:1.0
christianity:1.6931471805599454
logic:3.0794415416798357
xtian:2.09861228866811
morality:1.0
article:1.0
4949:1.0
eastman.uucp:1.0
dps:1.0
nasa.kodak.com:1.0
writes:1.0
simple:1.0
arguments:1.0
folly:1.0
read:1.0
bible:1.0
see:1.6931471805599454
jesus:1.0
made:1.0
fools:1.0
tried:1.0
trick:1.0
rely:1.0
simply:1.0
reason:1.6931471805599454
never:2.09861228866811
know:2.09861228866811
heard:1.0
arguement:1.6931471805599454
friend:1.0
similar:1.0
higher:2.09861228866811
athiest:1.0
like:1.0
u:1.6931471805599454
able:1.0
understand:1.6931471805599454
atheist:1.0
low:1.0
thru:1.0
faith:1.6931471805599454
god:1.0
asked:1.0
answer:1.0
dont:1.0
posting:1.0
highlights:1.0
one:2.09861228866811
worst:1.0
things:1.0
xtainity:2.386294361119891
abundantly:1.0
clear:1.0
atheists:1.0
xtains:1.6931471805599454
believe:1.0
illogical:1.0
irrational:1.6931471805599454
tactics:1.0
therefore:1.0
disregard:1.0
rationality:1.6931471805599454
altogether:1.0
silly:1.0
excuses:1.0
ones:1.0
trust:1.0
science:1.6931471805599454
invented:1.0
man:2.09861228866811
goes:1.0
show:1.0
weakness:1.0
religion:1.0
country:1.0
still:1.0
rapidly:1.0
growing:1.0
try:1.0
convert:1.0
people:1.0
appealing:1.0
brains:1.0
senses:1.0
would:2.09861228866811
fruitless:1.0
act:1.0
given:1.0
nature:1.0
wait:1.0
person:1.6931471805599454
distress:1.0
comfort:1.0
him/her:1.0
addict:1.0
emotional:1.0
opium:1.0
life:1.0
met:1.0
converted:1.0
coz:1.0
reasonable:1.0
place:1.0
unenlightened:1.6931471805599454
wise:1.6931471805599454
tells:1.6931471805599454
wife:1.6931471805599454
understands:1.6931471805599454
singapore:1.6931471805599454
fool:1.6931471805599454
tries:1.6931471805599454
prove:1.6931471805599454
