marshall:2.386294361119891
csugrad.cs.vt.edu:1.6931471805599454
kevin:1.6931471805599454
subject:1.0
thoughts:1.0
christians:1.0
bil:1.0
okcforum.osrhe.edu:1.0
bill:1.6931471805599454
conner:1.0
writes:1.0
robert:1.0
beauchine:1.0
wrote:1.0
rb:2.09861228866811
thats:1.0
praying:1.0
young:1.6931471805599454
preying:1.0
comes:1.0
later:1.0
bright:1.0
eyed:1.0
little:1.0
altar:1.0
boy:1.0
finds:1.0
priest:1.0
really:1.0
wears:1.0
chasible:1.0
statement:1.0
atheist:1.6931471805599454
cause:1.6931471805599454
way:1.6931471805599454
surely:1.6931471805599454
intended:1.6931471805599454
wit:1.6931471805599454
referring:1.0
computer:1.0
science:1.0
department:1.0
virginia:1.6931471805599454
tech:1.0
blacksburg:1.0
703:1.0
232-6529:1.0
