decay:1.0
cbnewsj.cb.att.com:1.0
dean.kaflowitz:1.0
subject:1.0
thoughts:1.0
article:1.6931471805599454
1993apr26.000410.18114:1.0
daffy.cs.wisc.edu:1.0
mccullou:1.0
snake2.cs.wisc.edu:1.0
mark:1.0
mccullough:1.0
writes:1.6931471805599454
c62b52.lkz:1.0
blaze.cs.jhu.edu:1.0
arromdee:1.6931471805599454
jyusenkyou.cs.jhu.edu:1.0
ken:1.0
think:1.0
lot:1.0
agonizing:1.0
ways:1.0
get:1.0
killed:1.0
fatal:1.0
cancer:1.0
instance:1.0
anyone:1.0
else:1.0
maybe:1.0
make:1.0
list:1.0
dying:1.0
blood:1.0
clot:1.0
bad:1.0
place:1.0
kidney:1.0
stones:1.0
complete:1.0
blockage:1.0
