decay:1.0
cbnewsj.cb.att.com:1.0
dean.kaflowitz:1.0
subject:1.6931471805599454
go:2.09861228866811
hell:2.6094379124341005
article:2.09861228866811
healta.176.735768613:1.0
saturn.wwc.edu:1.6931471805599454
healta:1.0
tammy:1.6931471805599454
r:1.0
healy:1.0
writes:2.386294361119891
1993apr25.020546.22426:1.0
mnemosyne.cs.du.edu:1.0
kcochran:1.6931471805599454
nyx.cs.du.edu:1.6931471805599454
keith:2.09861228866811
justified:1.6931471805599454
ancient:1.6931471805599454
cochran:1.6931471805599454
date:1.0
sun:1.0
25:1.0
apr:1.0
93:1.0
02:05:46:1.0
gmt:1.0
8473:1.0
pharaoh.cyborg.bt.co.uk:1.6931471805599454
martin:1.6931471805599454
gorman:1.0
jsn104:1.0
psuvm.psu.edu:1.0
blashephemers:1.0
believing:1.0
god:1.6931471805599454
prepared:1.0
eternal:1.0
damnation:1.0
oh:1.0
fuck:1.0
actually:1.0
think:1.0
hes:1.0
confused:1.0
im:1.6931471805599454
going:1.0
gay:1.0
becuase:1.0
dont:1.0
believe:1.0
wonder:1.0
means:1.0
cant:1.6931471805599454
come:1.6931471805599454
deans:1.0
picnic:1.0
course:1.0
said:1.0
a.a:1.0
posters:1.0
invited:1.0
didnt:1.0
put:1.0
homosexual:1.0
clause:1.0
bring:1.6931471805599454
munchies:1.0
join:1.0
party:1.0
imagine:1.0
dean:1.6931471805599454
objecting:1.0
either:1.0
knowing:1.0
expect:1.0
leather:1.6931471805599454
accessories:1.0
better:1.0
oil:1.0
well:1.0
cracks:1.0
dries:1.0
kaflowitz:1.0
