i3150101:1.0
dbstu1.rz.tu-bs.de:1.0
benedikt:1.6931471805599454
rosenau:1.0
subject:1.0
inimitable:1.0
rushdie:1.0
article:1.0
1993apr16.211458.1:1.0
eagle.wesleyan.edu:1.6931471805599454
kmagnacca:1.0
writes:1.0
deletion:1.0
nope:1.0
germany:2.09861228866811
extremely:1.0
restrictive:1.0
citizenship:1.0
laws:1.0
ethnic:1.0
germans:1.0
lived:1.0
russia:1.0
100:1.0
years:1.0
automatically:1.0
become:1.0
citizens:1.0
move:1.0
turks:1.0
third:1.0
generation:1.0
cant:1.0
thats:1.0
wrong:1.0
