vdp:2.09861228866811
mayo.edu:2.09861228866811
vinayak:2.386294361119891
dutt:2.09861228866811
subject:1.0
islamic:1.6931471805599454
banks:1.0
slavery:1.0
article:1.0
28833:1.0
monu6.cc.monash.edu.au:1.0
darice:1.0
yoyo.cc.monash.edu.au:1.0
fred:1.0
rice:1.0
writes:1.6931471805599454
1993apr14.143121.26376:1.0
bmw.mayo.edu:1.0
instead:1.6931471805599454
calling:1.6931471805599454
interest:2.386294361119891
deposits:1.0
call:2.09861228866811
returns:1.0
investements:1.0
loans:1.0
investing:1.0
business:1.0
words:1.0
floating:1.0
stocks:2.09861228866811
company:1.0
different:1.6931471805599454
return:2.386294361119891
investment:2.09861228866811
one:1.0
thing:1.6931471805599454
greater:1.0
risk:2.386294361119891
set:1.0
i.e:1.0
amount:1.0
money:2.09861228866811
make:1.6931471805599454
go:1.0
might:1.0
even:1.0
lose:1.0
difference:1.0
loss:1.0
shared:1.0
investor:2.386294361119891
rather:1.0
practically:1.0
taken:1.0
borrower:1.6931471805599454
borrows:1.0
bank:2.09861228866811
wish:1.0
banker:1.0
well:1.0
choice:1.0
relabeling:2.09861228866811
free:1.6931471805599454
explained:1.0
also:1.6931471805599454
still:2.09861228866811
taking:1.6931471805599454
dividend:1.0
ofcourse:1.0
banking:1.0
called:1.0
usual:1.0
getting:1.0
back:1.0
heard:1.0
junk:1.0
bonds:1.0
e-mail:1.0
standard:1.0
disclaimers:1.0
apply:1.0
