mathew:2.09861228866811
mantis.co.uk:1.0
subject:1.0
cults:1.0
vs:1.0
religions:1.0
mangoe:1.0
cs.umd.edu:1.0
charley:1.6931471805599454
wingate:1.0
writes:1.0
media:1.0
religion:1.0
cult:1.0
relative:1.0
connotations:1.0
government:1.0
terrorist:1.0
group:1.0
yes:1.0
form:1.0
anarchist:1.0
true:1.0
words:1.0
spoken:1.0
jest:1.0
