sjs28257:1.6931471805599454
uxa.cso.uiuc.edu:1.6931471805599454
steve:1.6931471805599454
stelter:1.6931471805599454
subject:1.0
mottos:1.0
replace:1.0
dog:1.0
trust:1.6931471805599454
pepke:1.6931471805599454
dirac.scri.fsu.edu:1.0
eric:1.0
writes:1.0
mammon:1.0
hey:1.0
piece:1.0
paper:1.0
spend:1.0
quickly:1.0
god:1.0
john:1.0
carpenters:1.0
live:1.0
natch:1.0
lurking:1.0
horror:1.0
