mandtbacka:1.0
finabo.abo.fi:1.0
mats:1.0
andtbacka:1.0
subject:1.0
go:1.0
hell:1.0
93106.155002jsn104:1.0
psuvm.psu.edu:1.6931471805599454
jsn104:1.0
writes:1.0
cares:1.0
fellow:1.0
wrote:1.0
anyway:1.0
mean:1.0
came:1.0
psuvm:1.0
could:1.0
possibly:1.0
importance:1.0
disperse:1.0
smileys:1.0
longer:1.0
offended:1.0
disclaimer:1.0
great:1.0
young:1.0
insane:1.0
