livesey:1.6931471805599454
solntze.wpd.sgi.com:1.0
jon:1.6931471805599454
subject:1.0
fake:1.0
god:1.0
holy:1.0
lies:1.0
article:1.0
1993apr22.130421.113279:1.0
zeus.calpoly.edu:1.0
dmcaloon:1.0
tuba.calpoly.edu:1.0
david:1.0
mcaloon:1.0
writes:1.0
remember:1.0
einstien:1.0
said:1.6931471805599454
imagination:1.6931471805599454
greater:1.0
knowledge:1.6931471805599454
einstein:1.0
lunch:1.0
tien:1.0
fu:1.0
castro:1.0
street:1.0
yesterday:1.0
handed:1.0
fortune:1.0
cookie:1.0
wings:1.0
feet:1.0
