kmr4:1.0
po.cwru.edu:1.0
keith:1.0
ryan:1.0
subject:1.0
inimitable:1.0
rushdie:1.0
anecdote:1.0
islam:2.09861228866811
article:1.0
115847:1.0
bu.edu:1.0
jaeger:1.6931471805599454
buphy.bu.edu:1.0
gregg:1.0
writes:1.0
well:1.0
1984:1.0
one:2.386294361119891
allowed:1.0
leave:1.6931471805599454
domain:1.0
authority:1.0
free:1.0
regards:1.0
islamic:1.0
law:1.0
curse:1.0
consider:1.0
leaving:1.0
way:1.0
seems:1.0
death:1.0
id:1.0
cheat:1.0
hillary:1.0
john:1.0
laws:1.0
local:1.0
gop:1.0
reprehensitive:1.0
extolling:1.0
traditional:1.0
family:1.0
values:1.0
