forgach:1.6931471805599454
noao.edu:1.0
suzanne:1.0
subject:1.0
2000:1.0
years:1.0
say:1.0
christian:1.0
morality:1.0
article:1.0
kmr4.1587.734911207:1.0
po.cwru.edu:1.6931471805599454
kmr4:1.0
keith:1.0
ryan:1.0
writes:1.0
sun:1.0
starts:1.0
orbit:1.6931471805599454
earth:1.0
accept:1.0
bible:1.0
forget:1.0
two:1.0
spinning:1.0
skaters:1.0
around:1.0
