livesey:1.6931471805599454
solntze.wpd.sgi.com:1.0
jon:1.6931471805599454
subject:1.0
free:1.0
moral:1.0
agency:1.0
article:1.6931471805599454
c5v09t.1dq:1.0
darkside.osrhe.uoknor.edu:1.6931471805599454
bil:1.6931471805599454
okcforum.osrhe.edu:1.6931471805599454
bill:2.386294361119891
conner:2.386294361119891
writes:1.6931471805599454
okay:1.0
humans:1.0
direct:1.0
descendents:1.0
bunch:1.0
hopeful:1.0
monsters:1.0
human:1.0
race:1.0
didnt:1.0
evolve:1.0
one:1.0
set:1.0
parents:1.0
thousands:1.0
really:1.0
base:1.0
atheist:1.0
c5v0zp.1dq:1.0
truly:1.0
brilliant:1.0
rebuttal:1.0
apparently:1.0
opinion:1.0
ridicule:1.0
suitable:1.0
substitute:1.0
reason:1.0
youll:1.0
find:1.0
plenty:1.0
company:1.0
a.a:1.0
meet:1.0
