christen:1.0
astro.ocis.temple.edu:1.0
carl:1.0
christensen:1.0
subject:1.0
books:1.6931471805599454
stuff:1.0
hard:1.0
find:1.6931471805599454
atheist:1.0
deleted:1.0
perhaps:1.0
infiltration:1.0
fundies:1.0
onto:1.0
school:1.0
boards:1.0
city:1.0
councils:1.0
etc:1.0
something:1.0
cant:1.0
alternative:1.0
media:1.0
