madhaus:1.6931471805599454
netcom.com:1.6931471805599454
maddi:1.6931471805599454
hausmann:1.6931471805599454
subject:1.0
nicknames:1.6931471805599454
cmtan:1.0
iss.nus.sg:1.0
tan:1.6931471805599454
chade:1.6931471805599454
meng:1.6931471805599454
dan:1.0
writes:1.0
somebody:1.0
forgotten:1.0
nickname:1.6931471805599454
chinese:1.0
front:1.0
unenlightened:1.6931471805599454
one:1.0
thought:1.0
centigram:1.0
communications:1.0
corp:1.0
san:1.0
jose:1.0
california:1.0
408/428-3553:1.0
kids:1.0
please:1.0
dont:1.0
try:1.0
home:1.0
remember:1.0
post:1.0
professionally:1.0
