mangoe:2.09861228866811
cs.umd.edu:1.6931471805599454
charley:1.0
wingate:1.6931471805599454
subject:1.0
cults:1.0
vs:1.0
religions:1.0
media:1.0
religion:1.0
cult:1.0
relative:1.0
connotations:1.0
government:1.0
terrorist:1.0
group:1.0
c:1.0
peace:2.09861228866811
god:1.6931471805599454
strife:1.0
closed:1.0
sod:1.0
yet:1.0
brothers:1.0
pray:1.0
one:1.0
thing:1.0
tove:1.0
marvlous:1.0
