alan.olsen:1.0
p17.f40.n105.z1.fidonet.org:1.0
alan:1.6931471805599454
olsen:1.0
subject:1.0
2000:1.0
years:1.0
say:1.0
christian:1.0
morality:1.0
mc:2.09861228866811
theory:1.6931471805599454
creationism:1.6931471805599454
theistic:1.0
view:1.0
many:1.6931471805599454
others:1.0
stated:1.0
genesis:1.0
1:1.0
beginning:1.0
god:2.791759469228055
created:1.6931471805599454
heavens:1.0
earth:2.6094379124341005
order:1.0
creation:1.6931471805599454
accept:1.0
story:1.6931471805599454
one:1.0
places:1.0
bible:1.6931471805599454
contradicts:1.0
following:1.0
example:1.0
gen:2.386294361119891
1:25:1.0
made:1.0
beast:1.6931471805599454
kind:2.09861228866811
cattle:1.6931471805599454
every:2.6094379124341005
thing:1.6931471805599454
creepeth:1.6931471805599454
upon:1.6931471805599454
saw:1.0
good:1.6931471805599454
1:26:1.0
said:1.6931471805599454
let:1.6931471805599454
us:1.0
make:1.6931471805599454
man:1.6931471805599454
image:1.0
likeness:1.0
dominion:1.0
fish:1.0
sea:1.0
fowl:1.6931471805599454
air:1.6931471805599454
creeping:1.0
2:18:1.0
lord:1.6931471805599454
alone:1.0
help:1.0
meet:1.0
2:19:1.0
ground:1.0
formed:1.0
field:1.0
brought:1.0
unto:1.0
adam:1.6931471805599454
see:1.0
would:1.0
call:1.0
whatsoever:1.0
called:1.0
living:1.0
creature:1.0
name:1.0
thereof:1.0
even:1.0
agree:1.0
things:1.0
believe:1.0
