i3150101:1.0
dbstu1.rz.tu-bs.de:1.0
benedikt:1.6931471805599454
rosenau:1.0
subject:1.0
wholly:1.0
babble:1.0
free:1.0
moral:1.0
agency:1.0
article:1.0
2944159064.5.p00261:1.0
psilink.com:1.6931471805599454
robert:1.0
knowles:1.0
p00261:1.0
writes:1.0
deletion:1.0
course:1.0
also:1.0
book:1.0
subgenius:1.0
whole:1.0
collection:1.0
writings:1.0
well:1.0
someone:1.0
know:1.0
ftp:1.0
site:1.0
